22  111.329	2.382579e+00	1.397466e-01	7.970033e-01	3.093176e+00	1.014495e+00	8.585289e-02	1.446803e+00	5.965964e-02	4.472635e+00	8.134942e+00	1.007514e+00	1.075905e+01	7.427230e-01	2.459958e-01	2.203292e+00	7.951365e-01	1.045176e+00	7.970119e+01	1.346099e+02	2.572580e-01	1.633402e-01	1.583475e+03	
11  111.377	2.382579e+00	1.397466e-01	7.970033e-01	3.093176e+00	1.014495e+00	8.585289e-02	1.446803e+00	5.965964e-02	4.472635e+00	8.134942e+00	1.006618e+00	1.075905e+01	7.427230e-01	2.459958e-01	2.203292e+00	7.951365e-01	1.045176e+00	7.970119e+01	1.346099e+02	2.572580e-01	1.633402e-01	1.583475e+03	
11  111.986	2.382579e+00	1.397466e-01	7.970033e-01	3.093176e+00	1.014495e+00	8.585289e-02	1.446803e+00	5.965964e-02	4.472635e+00	8.134942e+00	1.005290e+00	1.075905e+01	7.427230e-01	2.459958e-01	2.203292e+00	7.951365e-01	1.045176e+00	7.970119e+01	1.346099e+02	2.572580e-01	1.633402e-01	1.583475e+03	
11  111.379	2.382579e+00	1.397466e-01	7.970033e-01	3.093176e+00	1.014495e+00	8.585289e-02	1.446803e+00	5.965964e-02	4.472635e+00	8.134942e+00	1.006612e+00	1.075905e+01	7.427230e-01	2.459958e-01	2.203292e+00	7.951365e-01	1.045176e+00	7.970119e+01	1.346099e+02	2.572580e-01	1.633402e-01	1.583475e+03	
11  111.381	2.382579e+00	1.397466e-01	7.970033e-01	3.093176e+00	1.014495e+00	8.585289e-02	1.446803e+00	5.965964e-02	4.472635e+00	8.134942e+00	1.006603e+00	1.075905e+01	7.427230e-01	2.459958e-01	2.203292e+00	7.951365e-01	1.045176e+00	7.970119e+01	1.346099e+02	2.572580e-01	1.633402e-01	1.583475e+03	
11  111.589	2.382579e+00	1.397466e-01	7.970033e-01	3.093176e+00	1.014495e+00	8.585289e-02	1.446803e+00	5.965964e-02	4.472635e+00	8.134942e+00	1.005986e+00	1.075905e+01	7.427230e-01	2.459958e-01	2.203292e+00	7.951365e-01	1.045176e+00	7.970119e+01	1.346099e+02	2.572580e-01	1.633402e-01	1.583475e+03	
33  112.96	2.382579e+00	1.397466e-01	7.970033e-01	3.093176e+00	1.014495e+00	8.585289e-02	1.446803e+00	5.965964e-02	4.472635e+00	8.134942e+00	1.004211e+00	1.075905e+01	7.427230e-01	2.459958e-01	2.203292e+00	7.951365e-01	1.045176e+00	7.970119e+01	1.346099e+02	2.572580e-01	1.633402e-01	1.583475e+03	
10  111.45	2.382579e+00	1.397466e-01	7.970033e-01	3.093176e+00	1.014495e+00	8.585289e-02	1.446803e+00	5.965964e-02	4.472635e+00	8.134942e+00	1.008083e+00	1.075905e+01	7.427230e-01	2.459958e-01	2.203292e+00	7.951365e-01	1.045176e+00	7.970119e+01	1.346099e+02	2.572580e-01	1.633402e-01	1.583475e+03	
3  112.593	2.382816e+00	1.404548e-01	7.815405e-01	3.102685e+00	1.005444e+00	8.630336e-02	1.358211e+00	5.944401e-02	4.568803e+00	9.460876e+00	1.008717e+00	1.078788e+01	7.317654e-01	2.460009e-01	2.226306e+00	7.992554e-01	1.044337e+00	7.812466e+01	1.348249e+02	2.680445e-01	1.547141e-01	1.614062e+03	
4  109.855	2.382047e+00	1.393017e-01	7.817163e-01	3.092311e+00	1.003613e+00	8.749945e-02	1.341702e+00	3.727494e-02	4.559648e+00	1.063992e+01	1.006161e+00	1.085816e+01	7.342645e-01	2.460000e-01	2.204295e+00	8.134564e-01	1.043679e+00	7.815251e+01	1.351213e+02	2.654516e-01	1.530745e-01	1.403826e+03	
4  109.064	2.388637e+00	1.388754e-01	7.784010e-01	3.101224e+00	1.000742e+00	8.783291e-02	1.297818e+00	5.004166e-02	4.588133e+00	9.497730e+00	1.007364e+00	1.085650e+01	7.321512e-01	2.460267e-01	2.223083e+00	8.046896e-01	1.043674e+00	7.780656e+01	1.353573e+02	2.673299e-01	1.487446e-01	1.682583e+03	
34  109.021	2.375083e+00	1.391095e-01	7.698271e-01	3.113014e+00	9.947495e-01	8.846587e-02	1.243096e+00	4.534985e-02	4.681039e+00	1.021488e+01	1.010501e+00	1.093919e+01	7.261949e-01	2.459805e-01	2.250462e+00	8.172445e-01	1.043635e+00	7.694020e+01	1.356876e+02	2.730479e-01	1.432429e-01	1.890156e+03	
22  109.075	2.375083e+00	1.391095e-01	7.698271e-01	3.113014e+00	9.947495e-01	8.846587e-02	1.243096e+00	4.534985e-02	4.681039e+00	1.021488e+01	1.010183e+00	1.093919e+01	7.261949e-01	2.459805e-01	2.250462e+00	8.172445e-01	1.043635e+00	7.694020e+01	1.356876e+02	2.730479e-01	1.432429e-01	1.890156e+03	
11  109.03	2.375083e+00	1.391095e-01	7.698271e-01	3.113014e+00	9.947495e-01	8.846587e-02	1.243096e+00	4.534985e-02	4.681039e+00	1.021488e+01	1.010430e+00	1.093919e+01	7.261949e-01	2.459805e-01	2.250462e+00	8.172445e-01	1.043635e+00	7.694020e+01	1.356876e+02	2.730479e-01	1.432429e-01	1.890156e+03	
11  109.217	2.375083e+00	1.391095e-01	7.698271e-01	3.113014e+00	9.947495e-01	8.846587e-02	1.243096e+00	4.534985e-02	4.681039e+00	1.021488e+01	1.009733e+00	1.093919e+01	7.261949e-01	2.459805e-01	2.250462e+00	8.172445e-01	1.043635e+00	7.694020e+01	1.356876e+02	2.730479e-01	1.432429e-01	1.890156e+03	
11  109.195	2.375083e+00	1.391095e-01	7.698271e-01	3.113014e+00	9.947495e-01	8.846587e-02	1.243096e+00	4.534985e-02	4.681039e+00	1.021488e+01	1.009791e+00	1.093919e+01	7.261949e-01	2.459805e-01	2.250462e+00	8.172445e-01	1.043635e+00	7.694020e+01	1.356876e+02	2.730479e-01	1.432429e-01	1.890156e+03	
11  109.004	2.375083e+00	1.391095e-01	7.698271e-01	3.113014e+00	9.947495e-01	8.846587e-02	1.243096e+00	4.534985e-02	4.681039e+00	1.021488e+01	1.010718e+00	1.093919e+01	7.261949e-01	2.459805e-01	2.250462e+00	8.172445e-01	1.043635e+00	7.694020e+01	1.356876e+02	2.730479e-01	1.432429e-01	1.890156e+03	
18  109.029	2.375083e+00	1.391095e-01	7.698271e-01	3.113014e+00	9.947495e-01	8.846587e-02	1.243096e+00	4.534985e-02	4.681039e+00	1.021488e+01	1.010438e+00	1.093919e+01	7.261949e-01	2.459805e-01	2.250462e+00	8.172445e-01	1.043635e+00	7.694020e+01	1.356876e+02	2.730479e-01	1.432429e-01	1.890156e+03	
15  109.811	2.371855e+00	1.339701e-01	7.713418e-01	3.097818e+00	9.882923e-01	8.333677e-02	1.116343e+00	1.659514e-02	4.572501e+00	9.843733e+00	1.011980e+00	1.038526e+01	7.355062e-01	2.459674e-01	2.216642e+00	8.280915e-01	1.043040e+00	7.711655e+01	1.373275e+02	2.633580e-01	1.303759e-01	1.577372e+03	
22  109.637	2.371855e+00	1.339701e-01	7.713418e-01	3.097818e+00	9.882923e-01	8.333677e-02	1.116343e+00	1.659514e-02	4.572501e+00	9.843733e+00	1.015241e+00	1.038526e+01	7.355062e-01	2.459674e-01	2.216642e+00	8.280915e-01	1.043040e+00	7.711655e+01	1.373275e+02	2.633580e-01	1.303759e-01	1.577372e+03	
11  110.604	2.371855e+00	1.339701e-01	7.713418e-01	3.097818e+00	9.882923e-01	8.333677e-02	1.116343e+00	1.659514e-02	4.572501e+00	9.843733e+00	1.016519e+00	1.038526e+01	7.355062e-01	2.459674e-01	2.216642e+00	8.280915e-01	1.043040e+00	7.711655e+01	1.373275e+02	2.633580e-01	1.303759e-01	1.577372e+03	
4  109.287	2.371855e+00	1.339701e-01	7.713418e-01	3.097818e+00	9.882923e-01	8.333677e-02	1.116343e+00	1.659514e-02	4.572501e+00	9.843733e+00	1.013248e+00	1.038526e+01	7.355062e-01	2.459674e-01	2.216642e+00	8.280915e-01	1.043040e+00	7.711655e+01	1.373275e+02	2.633580e-01	1.303759e-01	1.577372e+03	
40  108.67	2.379125e+00	1.309997e-01	7.824361e-01	3.087897e+00	9.926054e-01	7.865470e-02	1.096600e+00	2.190673e-02	4.498111e+00	7.708663e+00	1.014242e+00	9.902688e+00	7.467659e-01	2.459938e-01	2.193469e+00	8.121200e-01	1.043659e+00	7.823212e+01	1.380040e+02	2.518549e-01	1.284803e-01	1.773167e+03	
55  108.463	2.379125e+00	1.309997e-01	7.824361e-01	3.087897e+00	9.926054e-01	7.865470e-02	1.096600e+00	2.190673e-02	4.498111e+00	7.708663e+00	1.016580e+00	9.902688e+00	7.467659e-01	2.459938e-01	2.193469e+00	8.121200e-01	1.043659e+00	7.823212e+01	1.380040e+02	2.518549e-01	1.284803e-01	1.773167e+03	
33  108.952	2.379125e+00	1.309997e-01	7.824361e-01	3.087897e+00	9.926054e-01	7.865470e-02	1.096600e+00	2.190673e-02	4.498111e+00	7.708663e+00	1.017550e+00	9.902688e+00	7.467659e-01	2.459938e-01	2.193469e+00	8.121200e-01	1.043659e+00	7.823212e+01	1.380040e+02	2.518549e-01	1.284803e-01	1.773167e+03	
33  108.573	2.379125e+00	1.309997e-01	7.824361e-01	3.087897e+00	9.926054e-01	7.865470e-02	1.096600e+00	2.190673e-02	4.498111e+00	7.708663e+00	1.016867e+00	9.902688e+00	7.467659e-01	2.459938e-01	2.193469e+00	8.121200e-01	1.043659e+00	7.823212e+01	1.380040e+02	2.518549e-01	1.284803e-01	1.773167e+03	
11  108.312	2.379125e+00	1.309997e-01	7.824361e-01	3.087897e+00	9.926054e-01	7.865470e-02	1.096600e+00	2.190673e-02	4.498111e+00	7.708663e+00	1.015537e+00	9.902688e+00	7.467659e-01	2.459938e-01	2.193469e+00	8.121200e-01	1.043659e+00	7.823212e+01	1.380040e+02	2.518549e-01	1.284803e-01	1.773167e+03	
22  108.314	2.379125e+00	1.309997e-01	7.824361e-01	3.087897e+00	9.926054e-01	7.865470e-02	1.096600e+00	2.190673e-02	4.498111e+00	7.708663e+00	1.015508e+00	9.902688e+00	7.467659e-01	2.459938e-01	2.193469e+00	8.121200e-01	1.043659e+00	7.823212e+01	1.380040e+02	2.518549e-01	1.284803e-01	1.773167e+03	
22  108.648	2.379125e+00	1.309997e-01	7.824361e-01	3.087897e+00	9.926054e-01	7.865470e-02	1.096600e+00	2.190673e-02	4.498111e+00	7.708663e+00	1.017029e+00	9.902688e+00	7.467659e-01	2.459938e-01	2.193469e+00	8.121200e-01	1.043659e+00	7.823212e+01	1.380040e+02	2.518549e-01	1.284803e-01	1.773167e+03	
7  108.36	2.379125e+00	1.309997e-01	7.824361e-01	3.087897e+00	9.926054e-01	7.865470e-02	1.096600e+00	2.190673e-02	4.498111e+00	7.708663e+00	1.016182e+00	9.902688e+00	7.467659e-01	2.459938e-01	2.193469e+00	8.121200e-01	1.043659e+00	7.823212e+01	1.380040e+02	2.518549e-01	1.284803e-01	1.773167e+03	
4  107.774	2.363562e+00	1.331545e-01	7.689361e-01	3.087935e+00	9.780967e-01	7.748126e-02	1.079767e+00	1.353559e-02	4.645035e+00	9.148913e+00	1.015353e+00	9.867702e+00	7.349874e-01	2.459382e-01	2.194768e+00	8.252189e-01	1.043078e+00	7.686713e+01	1.377594e+02	2.636544e-01	1.265624e-01	1.990297e+03	
44  108.235	2.363562e+00	1.331545e-01	7.689361e-01	3.087935e+00	9.780967e-01	7.748126e-02	1.079767e+00	1.353559e-02	4.645035e+00	9.148913e+00	1.016515e+00	9.867702e+00	7.349874e-01	2.459382e-01	2.194768e+00	8.252189e-01	1.043078e+00	7.686713e+01	1.377594e+02	2.636544e-01	1.265624e-01	1.990297e+03	
11  108.285	2.363562e+00	1.331545e-01	7.689361e-01	3.087935e+00	9.780967e-01	7.748126e-02	1.079767e+00	1.353559e-02	4.645035e+00	9.148913e+00	1.016596e+00	9.867702e+00	7.349874e-01	2.459382e-01	2.194768e+00	8.252189e-01	1.043078e+00	7.686713e+01	1.377594e+02	2.636544e-01	1.265624e-01	1.990297e+03	
22  107.816	2.363562e+00	1.331545e-01	7.689361e-01	3.087935e+00	9.780967e-01	7.748126e-02	1.079767e+00	1.353559e-02	4.645035e+00	9.148913e+00	1.014130e+00	9.867702e+00	7.349874e-01	2.459382e-01	2.194768e+00	8.252189e-01	1.043078e+00	7.686713e+01	1.377594e+02	2.636544e-01	1.265624e-01	1.990297e+03	
22  107.754	2.363562e+00	1.331545e-01	7.689361e-01	3.087935e+00	9.780967e-01	7.748126e-02	1.079767e+00	1.353559e-02	4.645035e+00	9.148913e+00	1.015236e+00	9.867702e+00	7.349874e-01	2.459382e-01	2.194768e+00	8.252189e-01	1.043078e+00	7.686713e+01	1.377594e+02	2.636544e-01	1.265624e-01	1.990297e+03	
22  107.857	2.363562e+00	1.331545e-01	7.689361e-01	3.087935e+00	9.780967e-01	7.748126e-02	1.079767e+00	1.353559e-02	4.645035e+00	9.148913e+00	1.013986e+00	9.867702e+00	7.349874e-01	2.459382e-01	2.194768e+00	8.252189e-01	1.043078e+00	7.686713e+01	1.377594e+02	2.636544e-01	1.265624e-01	1.990297e+03	
33  108.605	2.363562e+00	1.331545e-01	7.689361e-01	3.087935e+00	9.780967e-01	7.748126e-02	1.079767e+00	1.353559e-02	4.645035e+00	9.148913e+00	1.012630e+00	9.867702e+00	7.349874e-01	2.459382e-01	2.194768e+00	8.252189e-01	1.043078e+00	7.686713e+01	1.377594e+02	2.636544e-01	1.265624e-01	1.990297e+03	
33  107.776	2.363562e+00	1.331545e-01	7.689361e-01	3.087935e+00	9.780967e-01	7.748126e-02	1.079767e+00	1.353559e-02	4.645035e+00	9.148913e+00	1.015364e+00	9.867702e+00	7.349874e-01	2.459382e-01	2.194768e+00	8.252189e-01	1.043078e+00	7.686713e+01	1.377594e+02	2.636544e-01	1.265624e-01	1.990297e+03	
22  107.869	2.363562e+00	1.331545e-01	7.689361e-01	3.087935e+00	9.780967e-01	7.748126e-02	1.079767e+00	1.353559e-02	4.645035e+00	9.148913e+00	1.015728e+00	9.867702e+00	7.349874e-01	2.459382e-01	2.194768e+00	8.252189e-01	1.043078e+00	7.686713e+01	1.377594e+02	2.636544e-01	1.265624e-01	1.990297e+03	
11  107.781	2.363562e+00	1.331545e-01	7.689361e-01	3.087935e+00	9.780967e-01	7.748126e-02	1.079767e+00	1.353559e-02	4.645035e+00	9.148913e+00	1.014290e+00	9.867702e+00	7.349874e-01	2.459382e-01	2.194768e+00	8.252189e-01	1.043078e+00	7.686713e+01	1.377594e+02	2.636544e-01	1.265624e-01	1.990297e+03	
66  107.934	2.363562e+00	1.331545e-01	7.689361e-01	3.087935e+00	9.780967e-01	7.748126e-02	1.079767e+00	1.353559e-02	4.645035e+00	9.148913e+00	1.013763e+00	9.867702e+00	7.349874e-01	2.459382e-01	2.194768e+00	8.252189e-01	1.043078e+00	7.686713e+01	1.377594e+02	2.636544e-01	1.265624e-01	1.990297e+03	
12  107.736	2.363562e+00	1.331545e-01	7.689361e-01	3.087935e+00	9.780967e-01	7.748126e-02	1.079767e+00	1.353559e-02	4.645035e+00	9.148913e+00	1.014623e+00	9.867702e+00	7.349874e-01	2.459382e-01	2.194768e+00	8.252189e-01	1.043078e+00	7.686713e+01	1.377594e+02	2.636544e-01	1.265624e-01	1.990297e+03	
43  107.774	2.398491e+00	1.300995e-01	7.848780e-01	3.060456e+00	9.905433e-01	7.359260e-02	1.094113e+00	1.567406e-02	4.455185e+00	8.561489e+00	1.009361e+00	9.382768e+00	7.499623e-01	2.460684e-01	2.135070e+00	8.012213e-01	1.042870e+00	7.846541e+01	1.380029e+02	2.487809e-01	1.280127e-01	1.438799e+03	
11  107.873	2.398491e+00	1.300995e-01	7.848780e-01	3.060456e+00	9.905433e-01	7.359260e-02	1.094113e+00	1.567406e-02	4.455185e+00	8.561489e+00	1.007933e+00	9.382768e+00	7.499623e-01	2.460684e-01	2.135070e+00	8.012213e-01	1.042870e+00	7.846541e+01	1.380029e+02	2.487809e-01	1.280127e-01	1.438799e+03	
22  107.852	2.398491e+00	1.300995e-01	7.848780e-01	3.060456e+00	9.905433e-01	7.359260e-02	1.094113e+00	1.567406e-02	4.455185e+00	8.561489e+00	1.009681e+00	9.382768e+00	7.499623e-01	2.460684e-01	2.135070e+00	8.012213e-01	1.042870e+00	7.846541e+01	1.380029e+02	2.487809e-01	1.280127e-01	1.438799e+03	
22  107.988	2.398491e+00	1.300995e-01	7.848780e-01	3.060456e+00	9.905433e-01	7.359260e-02	1.094113e+00	1.567406e-02	4.455185e+00	8.561489e+00	1.007636e+00	9.382768e+00	7.499623e-01	2.460684e-01	2.135070e+00	8.012213e-01	1.042870e+00	7.846541e+01	1.380029e+02	2.487809e-01	1.280127e-01	1.438799e+03	
1  108.836	2.398491e+00	1.300995e-01	7.848780e-01	3.060456e+00	9.905433e-01	7.359260e-02	1.094113e+00	1.567406e-02	4.455185e+00	8.561489e+00	1.006367e+00	9.382768e+00	7.499623e-01	2.460684e-01	2.135070e+00	8.012213e-01	1.042870e+00	7.846541e+01	1.380029e+02	2.487809e-01	1.280127e-01	1.438799e+03	
3  111.155	2.389016e+00	1.313250e-01	7.793265e-01	3.067390e+00	9.853792e-01	7.540416e-02	1.104421e+00	1.085532e-02	4.517197e+00	8.446138e+00	1.007439e+00	9.587510e+00	7.443575e-01	2.460333e-01	2.149708e+00	8.129073e-01	1.042564e+00	7.790894e+01	1.377954e+02	2.543277e-01	1.290657e-01	1.667815e+03	
1  110.867	2.376365e+00	1.358584e-01	7.584568e-01	3.075629e+00	9.792922e-01	6.838390e-02	1.051476e+00	3.283649e-02	4.638936e+00	8.565762e+00	1.008560e+00	9.058653e+00	7.225018e-01	2.459845e-01	2.168302e+00	8.088935e-01	1.043389e+00	7.580785e+01	1.371482e+02	2.766566e-01	1.235259e-01	2.111615e+03	
27  110.278	2.393703e+00	1.329552e-01	7.723430e-01	3.096864e+00	9.845983e-01	8.091182e-02	1.066945e+00	2.834595e-02	4.493363e+00	9.901642e+00	1.010929e+00	1.009663e+01	7.377642e-01	2.460518e-01	2.215132e+00	8.078705e-01	1.043186e+00	7.720313e+01	1.375145e+02	2.612987e-01	1.252502e-01	1.312285e+03	
11  110.413	2.393703e+00	1.329552e-01	7.723430e-01	3.096864e+00	9.845983e-01	8.091182e-02	1.066945e+00	2.834595e-02	4.493363e+00	9.901642e+00	1.012383e+00	1.009663e+01	7.377642e-01	2.460518e-01	2.215132e+00	8.078705e-01	1.043186e+00	7.720313e+01	1.375145e+02	2.612987e-01	1.252502e-01	1.312285e+03	
37  110.238	2.393703e+00	1.329552e-01	7.723430e-01	3.096864e+00	9.845983e-01	8.091182e-02	1.066945e+00	2.834595e-02	4.493363e+00	9.901642e+00	1.011388e+00	1.009663e+01	7.377642e-01	2.460518e-01	2.215132e+00	8.078705e-01	1.043186e+00	7.720313e+01	1.375145e+02	2.612987e-01	1.252502e-01	1.312285e+03	
4  108.212	2.350475e+00	1.366734e-01	7.531784e-01	3.075290e+00	9.664722e-01	7.085971e-02	1.058749e+00	1.961155e-02	4.661433e+00	1.007571e+01	1.007215e+00	9.356997e+00	7.183921e-01	2.458854e-01	2.169129e+00	8.208716e-01	1.043161e+00	7.525965e+01	1.371724e+02	2.808665e-01	1.242093e-01	1.815555e+03	
3  108.105	2.337458e+00	1.398935e-01	7.408512e-01	3.092737e+00	9.634024e-01	7.647758e-02	1.068381e+00	3.144525e-02	4.673671e+00	9.441629e+00	1.006044e+00	9.984583e+00	7.030938e-01	2.458322e-01	2.206661e+00	8.233820e-01	1.042875e+00	7.401081e+01	1.365719e+02	2.964543e-01	1.253745e-01	1.994161e+03	
11  108.921	2.337458e+00	1.398935e-01	7.408512e-01	3.092737e+00	9.634024e-01	7.647758e-02	1.068381e+00	3.144525e-02	4.673671e+00	9.441629e+00	1.004185e+00	9.984583e+00	7.030938e-01	2.458322e-01	2.206661e+00	8.233820e-01	1.042875e+00	7.401081e+01	1.365719e+02	2.964543e-01	1.253745e-01	1.994161e+03	
11  108.337	2.337458e+00	1.398935e-01	7.408512e-01	3.092737e+00	9.634024e-01	7.647758e-02	1.068381e+00	3.144525e-02	4.673671e+00	9.441629e+00	1.005155e+00	9.984583e+00	7.030938e-01	2.458322e-01	2.206661e+00	8.233820e-01	1.042875e+00	7.401081e+01	1.365719e+02	2.964543e-01	1.253745e-01	1.994161e+03	
11  108.101	2.337458e+00	1.398935e-01	7.408512e-01	3.092737e+00	9.634024e-01	7.647758e-02	1.068381e+00	3.144525e-02	4.673671e+00	9.441629e+00	1.006087e+00	9.984583e+00	7.030938e-01	2.458322e-01	2.206661e+00	8.233820e-01	1.042875e+00	7.401081e+01	1.365719e+02	2.964543e-01	1.253745e-01	1.994161e+03	
25  108.364	2.337458e+00	1.398935e-01	7.408512e-01	3.092737e+00	9.634024e-01	7.647758e-02	1.068381e+00	3.144525e-02	4.673671e+00	9.441629e+00	1.005093e+00	9.984583e+00	7.030938e-01	2.458322e-01	2.206661e+00	8.233820e-01	1.042875e+00	7.401081e+01	1.365719e+02	2.964543e-01	1.253745e-01	1.994161e+03	
8  108.434	2.346307e+00	1.414570e-01	7.489550e-01	3.108367e+00	9.739531e-01	8.283483e-02	1.154748e+00	4.831260e-02	4.635943e+00	8.562609e+00	1.005795e+00	1.058618e+01	7.062120e-01	2.458649e-01	2.239595e+00	8.178703e-01	1.043669e+00	7.483334e+01	1.358109e+02	2.933849e-01	1.344080e-01	2.067069e+03	
11  108.313	2.346307e+00	1.414570e-01	7.489550e-01	3.108367e+00	9.739531e-01	8.283483e-02	1.154748e+00	4.831260e-02	4.635943e+00	8.562609e+00	1.006183e+00	1.058618e+01	7.062120e-01	2.458649e-01	2.239595e+00	8.178703e-01	1.043669e+00	7.483334e+01	1.358109e+02	2.933849e-01	1.344080e-01	2.067069e+03	
44  108.679	2.346307e+00	1.414570e-01	7.489550e-01	3.108367e+00	9.739531e-01	8.283483e-02	1.154748e+00	4.831260e-02	4.635943e+00	8.562609e+00	1.005283e+00	1.058618e+01	7.062120e-01	2.458649e-01	2.239595e+00	8.178703e-01	1.043669e+00	7.483334e+01	1.358109e+02	2.933849e-01	1.344080e-01	2.067069e+03	
11  109.999	2.346307e+00	1.414570e-01	7.489550e-01	3.108367e+00	9.739531e-01	8.283483e-02	1.154748e+00	4.831260e-02	4.635943e+00	8.562609e+00	1.003737e+00	1.058618e+01	7.062120e-01	2.458649e-01	2.239595e+00	8.178703e-01	1.043669e+00	7.483334e+01	1.358109e+02	2.933849e-01	1.344080e-01	2.067069e+03	
11  109.625	2.346307e+00	1.414570e-01	7.489550e-01	3.108367e+00	9.739531e-01	8.283483e-02	1.154748e+00	4.831260e-02	4.635943e+00	8.562609e+00	1.004084e+00	1.058618e+01	7.062120e-01	2.458649e-01	2.239595e+00	8.178703e-01	1.043669e+00	7.483334e+01	1.358109e+02	2.933849e-01	1.344080e-01	2.067069e+03	
15  108.835	2.346307e+00	1.414570e-01	7.489550e-01	3.108367e+00	9.739531e-01	8.283483e-02	1.154748e+00	4.831260e-02	4.635943e+00	8.562609e+00	1.005027e+00	1.058618e+01	7.062120e-01	2.458649e-01	2.239595e+00	8.178703e-01	1.043669e+00	7.483334e+01	1.358109e+02	2.933849e-01	1.344080e-01	2.067069e+03	
18  106.061	2.339157e+00	1.405430e-01	7.428627e-01	3.077807e+00	9.704229e-01	7.810501e-02	1.090587e+00	3.073480e-02	4.572591e+00	8.303665e+00	9.985278e-01	1.015408e+01	7.030311e-01	2.458288e-01	2.172488e+00	8.213049e-01	1.043339e+00	7.423233e+01	1.362958e+02	2.967267e-01	1.278125e-01	1.853700e+03	
22  106.068	2.339157e+00	1.405430e-01	7.428627e-01	3.077807e+00	9.704229e-01	7.810501e-02	1.090587e+00	3.073480e-02	4.572591e+00	8.303665e+00	9.985820e-01	1.015408e+01	7.030311e-01	2.458288e-01	2.172488e+00	8.213049e-01	1.043339e+00	7.423233e+01	1.362958e+02	2.967267e-01	1.278125e-01	1.853700e+03	
121  106.217	2.339157e+00	1.405430e-01	7.428627e-01	3.077807e+00	9.704229e-01	7.810501e-02	1.090587e+00	3.073480e-02	4.572591e+00	8.303665e+00	9.972483e-01	1.015408e+01	7.030311e-01	2.458288e-01	2.172488e+00	8.213049e-01	1.043339e+00	7.423233e+01	1.362958e+02	2.967267e-01	1.278125e-01	1.853700e+03	
22  106.524	2.339157e+00	1.405430e-01	7.428627e-01	3.077807e+00	9.704229e-01	7.810501e-02	1.090587e+00	3.073480e-02	4.572591e+00	8.303665e+00	9.966007e-01	1.015408e+01	7.030311e-01	2.458288e-01	2.172488e+00	8.213049e-01	1.043339e+00	7.423233e+01	1.362958e+02	2.967267e-01	1.278125e-01	1.853700e+03	
11  107.232	2.339157e+00	1.405430e-01	7.428627e-01	3.077807e+00	9.704229e-01	7.810501e-02	1.090587e+00	3.073480e-02	4.572591e+00	8.303665e+00	1.000769e+00	1.015408e+01	7.030311e-01	2.458288e-01	2.172488e+00	8.213049e-01	1.043339e+00	7.423233e+01	1.362958e+02	2.967267e-01	1.278125e-01	1.853700e+03	
10  107.771	2.339157e+00	1.405430e-01	7.428627e-01	3.077807e+00	9.704229e-01	7.810501e-02	1.090587e+00	3.073480e-02	4.572591e+00	8.303665e+00	1.001298e+00	1.015408e+01	7.030311e-01	2.458288e-01	2.172488e+00	8.213049e-01	1.043339e+00	7.423233e+01	1.362958e+02	2.967267e-01	1.278125e-01	1.853700e+03	
9  108.088	2.388505e+00	1.441810e-01	7.576838e-01	3.036985e+00	9.810202e-01	5.742166e-02	1.266778e+00	5.126626e-02	4.690292e+00	7.234179e+00	9.999894e-01	8.140626e+00	7.068852e-01	2.460216e-01	2.085169e+00	7.991217e-01	1.043943e+00	7.575687e+01	1.343950e+02	2.934448e-01	1.449946e-01	2.852804e+03	
16  108.225	2.388505e+00	1.441810e-01	7.576838e-01	3.036985e+00	9.810202e-01	5.742166e-02	1.266778e+00	5.126626e-02	4.690292e+00	7.234179e+00	1.001924e+00	8.140626e+00	7.068852e-01	2.460216e-01	2.085169e+00	7.991217e-01	1.043943e+00	7.575687e+01	1.343950e+02	2.934448e-01	1.449946e-01	2.852804e+03	
6  107.802	2.365696e+00	1.431343e-01	7.482076e-01	3.043495e+00	9.732530e-01	6.010429e-02	1.166208e+00	3.000902e-02	4.764542e+00	8.569427e+00	1.002229e+00	8.421673e+00	7.025081e-01	2.459359e-01	2.099601e+00	8.207787e-01	1.044142e+00	7.478566e+01	1.352183e+02	2.975517e-01	1.348948e-01	2.739925e+03	
12  107.72	2.365696e+00	1.431343e-01	7.482076e-01	3.043495e+00	9.732530e-01	6.010429e-02	1.166208e+00	3.000902e-02	4.764542e+00	8.569427e+00	1.001853e+00	8.421673e+00	7.025081e-01	2.459359e-01	2.099601e+00	8.207787e-01	1.044142e+00	7.478566e+01	1.352183e+02	2.975517e-01	1.348948e-01	2.739925e+03	
54  108.585	2.379151e+00	1.469220e-01	7.545921e-01	3.064817e+00	9.798994e-01	6.833515e-02	1.302010e+00	5.233735e-02	4.787602e+00	8.345325e+00	1.002028e+00	9.287239e+00	7.005365e-01	2.459903e-01	2.144640e+00	8.171340e-01	1.044725e+00	7.542538e+01	1.338111e+02	2.996819e-01	1.483209e-01	2.964457e+03	
22  110.067	2.379151e+00	1.469220e-01	7.545921e-01	3.064817e+00	9.798994e-01	6.833515e-02	1.302010e+00	5.233735e-02	4.787602e+00	8.345325e+00	9.994401e-01	9.287239e+00	7.005365e-01	2.459903e-01	2.144640e+00	8.171340e-01	1.044725e+00	7.542538e+01	1.338111e+02	2.996819e-01	1.483209e-01	2.964457e+03	
22  109.899	2.379151e+00	1.469220e-01	7.545921e-01	3.064817e+00	9.798994e-01	6.833515e-02	1.302010e+00	5.233735e-02	4.787602e+00	8.345325e+00	9.996054e-01	9.287239e+00	7.005365e-01	2.459903e-01	2.144640e+00	8.171340e-01	1.044725e+00	7.542538e+01	1.338111e+02	2.996819e-01	1.483209e-01	2.964457e+03	
14  108.649	2.379151e+00	1.469220e-01	7.545921e-01	3.064817e+00	9.798994e-01	6.833515e-02	1.302010e+00	5.233735e-02	4.787602e+00	8.345325e+00	1.002949e+00	9.287239e+00	7.005365e-01	2.459903e-01	2.144640e+00	8.171340e-01	1.044725e+00	7.542538e+01	1.338111e+02	2.996819e-01	1.483209e-01	2.964457e+03	
17  107.135	2.378736e+00	1.421900e-01	7.615088e-01	3.033100e+00	9.752268e-01	6.059253e-02	1.233779e+00	3.596928e-02	4.704858e+00	8.506037e+00	9.999424e-01	8.427896e+00	7.142713e-01	2.459837e-01	2.077744e+00	8.052822e-01	1.044527e+00	7.610355e+01	1.349974e+02	2.858337e-01	1.417459e-01	2.408608e+03	
13  108.305	2.394238e+00	1.417904e-01	7.622289e-01	3.065203e+00	9.860710e-01	6.904593e-02	1.225525e+00	5.515700e-02	4.591683e+00	7.236515e+00	1.005630e+00	9.214157e+00	7.144073e-01	2.460453e-01	2.144781e+00	7.986317e-01	1.044120e+00	7.618895e+01	1.349859e+02	2.853834e-01	1.411359e-01	2.307410e+03	
16  107.496	2.394238e+00	1.417904e-01	7.622289e-01	3.065203e+00	9.860710e-01	6.904593e-02	1.225525e+00	5.515700e-02	4.591683e+00	7.236515e+00	1.004942e+00	9.214157e+00	7.144073e-01	2.460453e-01	2.144781e+00	7.986317e-01	1.044120e+00	7.618895e+01	1.349859e+02	2.853834e-01	1.411359e-01	2.307410e+03	
6  108.926	2.391241e+00	1.453247e-01	7.620353e-01	3.063472e+00	9.824103e-01	7.159179e-02	1.387124e+00	5.749818e-02	4.778951e+00	7.531288e+00	1.004160e+00	9.553244e+00	7.080577e-01	2.460443e-01	2.140018e+00	8.048694e-01	1.042404e+00	7.620301e+01	1.337316e+02	2.917799e-01	1.566077e-01	3.349846e+03	
11  109.006	2.391241e+00	1.453247e-01	7.620353e-01	3.063472e+00	9.824103e-01	7.159179e-02	1.387124e+00	5.749818e-02	4.778951e+00	7.531288e+00	1.003080e+00	9.553244e+00	7.080577e-01	2.460443e-01	2.140018e+00	8.048694e-01	1.042404e+00	7.620301e+01	1.337316e+02	2.917799e-01	1.566077e-01	3.349846e+03	
5  110.422	2.391241e+00	1.453247e-01	7.620353e-01	3.063472e+00	9.824103e-01	7.159179e-02	1.387124e+00	5.749818e-02	4.778951e+00	7.531288e+00	1.006729e+00	9.553244e+00	7.080577e-01	2.460443e-01	2.140018e+00	8.048694e-01	1.042404e+00	7.620301e+01	1.337316e+02	2.917799e-01	1.566077e-01	3.349846e+03	
6  110.391	2.393559e+00	1.401877e-01	7.702793e-01	3.078966e+00	9.817276e-01	8.209652e-02	1.307825e+00	3.927610e-02	4.592615e+00	5.899898e+00	1.008442e+00	1.038423e+01	7.221802e-01	2.460504e-01	2.170478e+00	8.139355e-01	1.042362e+00	7.703871e+01	1.350437e+02	2.769322e-01	1.493769e-01	2.956195e+03	
33  107.344	2.393559e+00	1.401877e-01	7.702793e-01	3.078966e+00	9.817276e-01	8.209652e-02	1.307825e+00	3.927610e-02	4.592615e+00	5.899898e+00	1.005269e+00	1.038423e+01	7.221802e-01	2.460504e-01	2.170478e+00	8.139355e-01	1.042362e+00	7.703871e+01	1.350437e+02	2.769322e-01	1.493769e-01	2.956195e+03	
33  107.136	2.393559e+00	1.401877e-01	7.702793e-01	3.078966e+00	9.817276e-01	8.209652e-02	1.307825e+00	3.927610e-02	4.592615e+00	5.899898e+00	1.004018e+00	1.038423e+01	7.221802e-01	2.460504e-01	2.170478e+00	8.139355e-01	1.042362e+00	7.703871e+01	1.350437e+02	2.769322e-01	1.493769e-01	2.956195e+03	
22  107.485	2.393559e+00	1.401877e-01	7.702793e-01	3.078966e+00	9.817276e-01	8.209652e-02	1.307825e+00	3.927610e-02	4.592615e+00	5.899898e+00	1.002792e+00	1.038423e+01	7.221802e-01	2.460504e-01	2.170478e+00	8.139355e-01	1.042362e+00	7.703871e+01	1.350437e+02	2.769322e-01	1.493769e-01	2.956195e+03	
22  107.192	2.393559e+00	1.401877e-01	7.702793e-01	3.078966e+00	9.817276e-01	8.209652e-02	1.307825e+00	3.927610e-02	4.592615e+00	5.899898e+00	1.004758e+00	1.038423e+01	7.221802e-01	2.460504e-01	2.170478e+00	8.139355e-01	1.042362e+00	7.703871e+01	1.350437e+02	2.769322e-01	1.493769e-01	2.956195e+03	
11  108.207	2.393559e+00	1.401877e-01	7.702793e-01	3.078966e+00	9.817276e-01	8.209652e-02	1.307825e+00	3.927610e-02	4.592615e+00	5.899898e+00	1.001756e+00	1.038423e+01	7.221802e-01	2.460504e-01	2.170478e+00	8.139355e-01	1.042362e+00	7.703871e+01	1.350437e+02	2.769322e-01	1.493769e-01	2.956195e+03	
9  107.236	2.393559e+00	1.401877e-01	7.702793e-01	3.078966e+00	9.817276e-01	8.209652e-02	1.307825e+00	3.927610e-02	4.592615e+00	5.899898e+00	1.003428e+00	1.038423e+01	7.221802e-01	2.460504e-01	2.170478e+00	8.139355e-01	1.042362e+00	7.703871e+01	1.350437e+02	2.769322e-01	1.493769e-01	2.956195e+03	
11  107.552	2.384714e+00	1.382220e-01	7.680670e-01	3.049557e+00	9.848363e-01	6.977593e-02	1.248051e+00	3.828357e-02	4.548124e+00	6.301679e+00	1.002206e+00	9.240649e+00	7.243161e-01	2.460102e-01	2.109668e+00	7.979974e-01	1.041998e+00	7.679649e+01	1.357505e+02	2.750605e-01	1.434654e-01	2.491337e+03	
2  106.611	2.370386e+00	1.403696e-01	7.597061e-01	3.048630e+00	9.866138e-01	6.777765e-02	1.244822e+00	4.226282e-02	4.503264e+00	5.341848e+00	1.000941e+00	9.133533e+00	7.142499e-01	2.459513e-01	2.107360e+00	8.032746e-01	1.042201e+00	7.598618e+01	1.354381e+02	2.854108e-01	1.431268e-01	2.692832e+03	
22  108.694	2.370386e+00	1.403696e-01	7.597061e-01	3.048630e+00	9.866138e-01	6.777765e-02	1.244822e+00	4.226282e-02	4.503264e+00	5.341848e+00	1.004675e+00	9.133533e+00	7.142499e-01	2.459513e-01	2.107360e+00	8.032746e-01	1.042201e+00	7.598618e+01	1.354381e+02	2.854108e-01	1.431268e-01	2.692832e+03	
11  106.64	2.370386e+00	1.403696e-01	7.597061e-01	3.048630e+00	9.866138e-01	6.777765e-02	1.244822e+00	4.226282e-02	4.503264e+00	5.341848e+00	1.001776e+00	9.133533e+00	7.142499e-01	2.459513e-01	2.107360e+00	8.032746e-01	1.042201e+00	7.598618e+01	1.354381e+02	2.854108e-01	1.431268e-01	2.692832e+03	
11  106.604	2.370386e+00	1.403696e-01	7.597061e-01	3.048630e+00	9.866138e-01	6.777765e-02	1.244822e+00	4.226282e-02	4.503264e+00	5.341848e+00	1.001519e+00	9.133533e+00	7.142499e-01	2.459513e-01	2.107360e+00	8.032746e-01	1.042201e+00	7.598618e+01	1.354381e+02	2.854108e-01	1.431268e-01	2.692832e+03	
11  106.945	2.370386e+00	1.403696e-01	7.597061e-01	3.048630e+00	9.866138e-01	6.777765e-02	1.244822e+00	4.226282e-02	4.503264e+00	5.341848e+00	9.998723e-01	9.133533e+00	7.142499e-01	2.459513e-01	2.107360e+00	8.032746e-01	1.042201e+00	7.598618e+01	1.354381e+02	2.854108e-01	1.431268e-01	2.692832e+03	
19  106.832	2.370386e+00	1.403696e-01	7.597061e-01	3.048630e+00	9.866138e-01	6.777765e-02	1.244822e+00	4.226282e-02	4.503264e+00	5.341848e+00	1.002412e+00	9.133533e+00	7.142499e-01	2.459513e-01	2.107360e+00	8.032746e-01	1.042201e+00	7.598618e+01	1.354381e+02	2.854108e-01	1.431268e-01	2.692832e+03	
3  107.97	2.356358e+00	1.407915e-01	7.688097e-01	3.020656e+00	9.842461e-01	5.741557e-02	1.356644e+00	3.697870e-02	4.532793e+00	4.668750e+00	1.002763e+00	8.170434e+00	7.202362e-01	2.458963e-01	2.048107e+00	7.988321e-01	1.042057e+00	7.691853e+01	1.350259e+02	2.801584e-01	1.539556e-01	3.261515e+03	
11  108.726	2.356358e+00	1.407915e-01	7.688097e-01	3.020656e+00	9.842461e-01	5.741557e-02	1.356644e+00	3.697870e-02	4.532793e+00	4.668750e+00	1.004672e+00	8.170434e+00	7.202362e-01	2.458963e-01	2.048107e+00	7.988321e-01	1.042057e+00	7.691853e+01	1.350259e+02	2.801584e-01	1.539556e-01	3.261515e+03	
11  108.132	2.356358e+00	1.407915e-01	7.688097e-01	3.020656e+00	9.842461e-01	5.741557e-02	1.356644e+00	3.697870e-02	4.532793e+00	4.668750e+00	1.003587e+00	8.170434e+00	7.202362e-01	2.458963e-01	2.048107e+00	7.988321e-01	1.042057e+00	7.691853e+01	1.350259e+02	2.801584e-01	1.539556e-01	3.261515e+03	
11  108.969	2.356358e+00	1.407915e-01	7.688097e-01	3.020656e+00	9.842461e-01	5.741557e-02	1.356644e+00	3.697870e-02	4.532793e+00	4.668750e+00	1.000288e+00	8.170434e+00	7.202362e-01	2.458963e-01	2.048107e+00	7.988321e-01	1.042057e+00	7.691853e+01	1.350259e+02	2.801584e-01	1.539556e-01	3.261515e+03	
22  108.13	2.356358e+00	1.407915e-01	7.688097e-01	3.020656e+00	9.842461e-01	5.741557e-02	1.356644e+00	3.697870e-02	4.532793e+00	4.668750e+00	1.003581e+00	8.170434e+00	7.202362e-01	2.458963e-01	2.048107e+00	7.988321e-01	1.042057e+00	7.691853e+01	1.350259e+02	2.801584e-01	1.539556e-01	3.261515e+03	
44  108.04	2.356358e+00	1.407915e-01	7.688097e-01	3.020656e+00	9.842461e-01	5.741557e-02	1.356644e+00	3.697870e-02	4.532793e+00	4.668750e+00	1.001993e+00	8.170434e+00	7.202362e-01	2.458963e-01	2.048107e+00	7.988321e-01	1.042057e+00	7.691853e+01	1.350259e+02	2.801584e-01	1.539556e-01	3.261515e+03	
22  109.427	2.356358e+00	1.407915e-01	7.688097e-01	3.020656e+00	9.842461e-01	5.741557e-02	1.356644e+00	3.697870e-02	4.532793e+00	4.668750e+00	9.998040e-01	8.170434e+00	7.202362e-01	2.458963e-01	2.048107e+00	7.988321e-01	1.042057e+00	7.691853e+01	1.350259e+02	2.801584e-01	1.539556e-01	3.261515e+03	
11  107.968	2.356358e+00	1.407915e-01	7.688097e-01	3.020656e+00	9.842461e-01	5.741557e-02	1.356644e+00	3.697870e-02	4.532793e+00	4.668750e+00	1.002537e+00	8.170434e+00	7.202362e-01	2.458963e-01	2.048107e+00	7.988321e-01	1.042057e+00	7.691853e+01	1.350259e+02	2.801584e-01	1.539556e-01	3.261515e+03	
11  108.823	2.356358e+00	1.407915e-01	7.688097e-01	3.020656e+00	9.842461e-01	5.741557e-02	1.356644e+00	3.697870e-02	4.532793e+00	4.668750e+00	1.004799e+00	8.170434e+00	7.202362e-01	2.458963e-01	2.048107e+00	7.988321e-01	1.042057e+00	7.691853e+01	1.350259e+02	2.801584e-01	1.539556e-01	3.261515e+03	
11  109.417	2.356358e+00	1.407915e-01	7.688097e-01	3.020656e+00	9.842461e-01	5.741557e-02	1.356644e+00	3.697870e-02	4.532793e+00	4.668750e+00	9.998131e-01	8.170434e+00	7.202362e-01	2.458963e-01	2.048107e+00	7.988321e-01	1.042057e+00	7.691853e+01	1.350259e+02	2.801584e-01	1.539556e-01	3.261515e+03	
22  108.433	2.356358e+00	1.407915e-01	7.688097e-01	3.020656e+00	9.842461e-01	5.741557e-02	1.356644e+00	3.697870e-02	4.532793e+00	4.668750e+00	1.004230e+00	8.170434e+00	7.202362e-01	2.458963e-01	2.048107e+00	7.988321e-01	1.042057e+00	7.691853e+01	1.350259e+02	2.801584e-01	1.539556e-01	3.261515e+03	
11  108.635	2.356358e+00	1.407915e-01	7.688097e-01	3.020656e+00	9.842461e-01	5.741557e-02	1.356644e+00	3.697870e-02	4.532793e+00	4.668750e+00	1.004547e+00	8.170434e+00	7.202362e-01	2.458963e-01	2.048107e+00	7.988321e-01	1.042057e+00	7.691853e+01	1.350259e+02	2.801584e-01	1.539556e-01	3.261515e+03	
11  108.562	2.356358e+00	1.407915e-01	7.688097e-01	3.020656e+00	9.842461e-01	5.741557e-02	1.356644e+00	3.697870e-02	4.532793e+00	4.668750e+00	1.004439e+00	8.170434e+00	7.202362e-01	2.458963e-01	2.048107e+00	7.988321e-01	1.042057e+00	7.691853e+01	1.350259e+02	2.801584e-01	1.539556e-01	3.261515e+03	
22  108.239	2.356358e+00	1.407915e-01	7.688097e-01	3.020656e+00	9.842461e-01	5.741557e-02	1.356644e+00	3.697870e-02	4.532793e+00	4.668750e+00	1.003856e+00	8.170434e+00	7.202362e-01	2.458963e-01	2.048107e+00	7.988321e-01	1.042057e+00	7.691853e+01	1.350259e+02	2.801584e-01	1.539556e-01	3.261515e+03	
33  108.023	2.356358e+00	1.407915e-01	7.688097e-01	3.020656e+00	9.842461e-01	5.741557e-02	1.356644e+00	3.697870e-02	4.532793e+00	4.668750e+00	1.002071e+00	8.170434e+00	7.202362e-01	2.458963e-01	2.048107e+00	7.988321e-01	1.042057e+00	7.691853e+01	1.350259e+02	2.801584e-01	1.539556e-01	3.261515e+03	
11  108.87	2.356358e+00	1.407915e-01	7.688097e-01	3.020656e+00	9.842461e-01	5.741557e-02	1.356644e+00	3.697870e-02	4.532793e+00	4.668750e+00	1.000405e+00	8.170434e+00	7.202362e-01	2.458963e-01	2.048107e+00	7.988321e-01	1.042057e+00	7.691853e+01	1.350259e+02	2.801584e-01	1.539556e-01	3.261515e+03	
11  108.431	2.356358e+00	1.407915e-01	7.688097e-01	3.020656e+00	9.842461e-01	5.741557e-02	1.356644e+00	3.697870e-02	4.532793e+00	4.668750e+00	1.001034e+00	8.170434e+00	7.202362e-01	2.458963e-01	2.048107e+00	7.988321e-01	1.042057e+00	7.691853e+01	1.350259e+02	2.801584e-01	1.539556e-01	3.261515e+03	
11  108.16	2.356358e+00	1.407915e-01	7.688097e-01	3.020656e+00	9.842461e-01	5.741557e-02	1.356644e+00	3.697870e-02	4.532793e+00	4.668750e+00	1.003663e+00	8.170434e+00	7.202362e-01	2.458963e-01	2.048107e+00	7.988321e-01	1.042057e+00	7.691853e+01	1.350259e+02	2.801584e-01	1.539556e-01	3.261515e+03	
11  108.354	2.356358e+00	1.407915e-01	7.688097e-01	3.020656e+00	9.842461e-01	5.741557e-02	1.356644e+00	3.697870e-02	4.532793e+00	4.668750e+00	1.001172e+00	8.170434e+00	7.202362e-01	2.458963e-01	2.048107e+00	7.988321e-01	1.042057e+00	7.691853e+01	1.350259e+02	2.801584e-01	1.539556e-01	3.261515e+03	
11  111.3	2.356358e+00	1.407915e-01	7.688097e-01	3.020656e+00	9.842461e-01	5.741557e-02	1.356644e+00	3.697870e-02	4.532793e+00	4.668750e+00	9.983727e-01	8.170434e+00	7.202362e-01	2.458963e-01	2.048107e+00	7.988321e-01	1.042057e+00	7.691853e+01	1.350259e+02	2.801584e-01	1.539556e-01	3.261515e+03	
11  108.61	2.356358e+00	1.407915e-01	7.688097e-01	3.020656e+00	9.842461e-01	5.741557e-02	1.356644e+00	3.697870e-02	4.532793e+00	4.668750e+00	1.000751e+00	8.170434e+00	7.202362e-01	2.458963e-01	2.048107e+00	7.988321e-01	1.042057e+00	7.691853e+01	1.350259e+02	2.801584e-01	1.539556e-01	3.261515e+03	
22  109.343	2.356358e+00	1.407915e-01	7.688097e-01	3.020656e+00	9.842461e-01	5.741557e-02	1.356644e+00	3.697870e-02	4.532793e+00	4.668750e+00	9.998852e-01	8.170434e+00	7.202362e-01	2.458963e-01	2.048107e+00	7.988321e-01	1.042057e+00	7.691853e+01	1.350259e+02	2.801584e-01	1.539556e-01	3.261515e+03	
11  108.054	2.356358e+00	1.407915e-01	7.688097e-01	3.020656e+00	9.842461e-01	5.741557e-02	1.356644e+00	3.697870e-02	4.532793e+00	4.668750e+00	1.003325e+00	8.170434e+00	7.202362e-01	2.458963e-01	2.048107e+00	7.988321e-01	1.042057e+00	7.691853e+01	1.350259e+02	2.801584e-01	1.539556e-01	3.261515e+03	
33  107.99	2.356358e+00	1.407915e-01	7.688097e-01	3.020656e+00	9.842461e-01	5.741557e-02	1.356644e+00	3.697870e-02	4.532793e+00	4.668750e+00	1.002992e+00	8.170434e+00	7.202362e-01	2.458963e-01	2.048107e+00	7.988321e-01	1.042057e+00	7.691853e+01	1.350259e+02	2.801584e-01	1.539556e-01	3.261515e+03	
11  108.331	2.356358e+00	1.407915e-01	7.688097e-01	3.020656e+00	9.842461e-01	5.741557e-02	1.356644e+00	3.697870e-02	4.532793e+00	4.668750e+00	1.001215e+00	8.170434e+00	7.202362e-01	2.458963e-01	2.048107e+00	7.988321e-01	1.042057e+00	7.691853e+01	1.350259e+02	2.801584e-01	1.539556e-01	3.261515e+03	
11  108.015	2.356358e+00	1.407915e-01	7.688097e-01	3.020656e+00	9.842461e-01	5.741557e-02	1.356644e+00	3.697870e-02	4.532793e+00	4.668750e+00	1.003147e+00	8.170434e+00	7.202362e-01	2.458963e-01	2.048107e+00	7.988321e-01	1.042057e+00	7.691853e+01	1.350259e+02	2.801584e-01	1.539556e-01	3.261515e+03	
11  108.322	2.356358e+00	1.407915e-01	7.688097e-01	3.020656e+00	9.842461e-01	5.741557e-02	1.356644e+00	3.697870e-02	4.532793e+00	4.668750e+00	1.004024e+00	8.170434e+00	7.202362e-01	2.458963e-01	2.048107e+00	7.988321e-01	1.042057e+00	7.691853e+01	1.350259e+02	2.801584e-01	1.539556e-01	3.261515e+03	
88  108.71	2.356358e+00	1.407915e-01	7.688097e-01	3.020656e+00	9.842461e-01	5.741557e-02	1.356644e+00	3.697870e-02	4.532793e+00	4.668750e+00	1.004653e+00	8.170434e+00	7.202362e-01	2.458963e-01	2.048107e+00	7.988321e-01	1.042057e+00	7.691853e+01	1.350259e+02	2.801584e-01	1.539556e-01	3.261515e+03	
4  108.005	2.356358e+00	1.407915e-01	7.688097e-01	3.020656e+00	9.842461e-01	5.741557e-02	1.356644e+00	3.697870e-02	4.532793e+00	4.668750e+00	1.003093e+00	8.170434e+00	7.202362e-01	2.458963e-01	2.048107e+00	7.988321e-01	1.042057e+00	7.691853e+01	1.350259e+02	2.801584e-01	1.539556e-01	3.261515e+03	
20  106.641	2.370924e+00	1.416054e-01	7.715410e-01	3.013569e+00	9.868572e-01	5.426619e-02	1.379111e+00	4.479985e-02	4.564230e+00	5.029451e+00	1.001627e+00	7.836032e+00	7.208387e-01	2.459512e-01	2.034150e+00	7.902706e-01	1.042464e+00	7.718897e+01	1.346296e+02	2.798239e-01	1.560868e-01	3.240181e+03	
35  106.731	2.366850e+00	1.428152e-01	7.650951e-01	3.024017e+00	9.954548e-01	5.319629e-02	1.332825e+00	6.099516e-02	4.620625e+00	6.116910e+00	1.003235e+00	7.752716e+00	7.143770e-01	2.459339e-01	2.057214e+00	7.853656e-01	1.043341e+00	7.654388e+01	1.346192e+02	2.861995e-01	1.516592e-01	2.983297e+03	
7  107.328	2.339349e+00	1.456212e-01	7.432348e-01	3.044004e+00	9.872827e-01	5.613170e-02	1.252823e+00	6.670786e-02	4.768438e+00	7.791802e+00	1.003917e+00	8.141389e+00	6.934501e-01	2.458317e-01	2.100465e+00	7.961609e-01	1.043067e+00	7.434378e+01	1.346625e+02	3.068732e-01	1.436954e-01	3.151150e+03	
17  107.317	2.339349e+00	1.456212e-01	7.432348e-01	3.044004e+00	9.872827e-01	5.613170e-02	1.252823e+00	6.670786e-02	4.768438e+00	7.791802e+00	1.005422e+00	8.141389e+00	6.934501e-01	2.458317e-01	2.100465e+00	7.961609e-01	1.043067e+00	7.434378e+01	1.346625e+02	3.068732e-01	1.436954e-01	3.151150e+03	
35  108.761	2.354905e+00	1.462315e-01	7.499163e-01	3.044249e+00	9.880251e-01	5.815314e-02	1.318976e+00	6.910999e-02	4.697599e+00	5.782819e+00	1.004481e+00	8.354491e+00	6.965411e-01	2.458957e-01	2.099198e+00	7.975308e-01	1.042868e+00	7.506693e+01	1.341201e+02	3.038949e-01	1.501968e-01	3.807166e+03	
22  106.954	2.348234e+00	1.469176e-01	7.381951e-01	3.037822e+00	9.728552e-01	5.494059e-02	1.256900e+00	6.010788e-02	4.752971e+00	7.252365e+00	1.002392e+00	8.015778e+00	6.866324e-01	2.458690e-01	2.087167e+00	7.978352e-01	1.042391e+00	7.383261e+01	1.342913e+02	3.139281e-01	1.440955e-01	3.289643e+03	
3  109.765	2.389592e+00	1.434330e-01	7.551329e-01	3.025396e+00	9.835777e-01	5.670814e-02	1.268598e+00	4.266781e-02	4.692236e+00	5.857848e+00	1.000701e+00	8.065844e+00	7.054676e-01	2.460272e-01	2.059194e+00	8.037137e-01	1.042422e+00	7.555915e+01	1.345299e+02	2.948262e-01	1.451250e-01	3.683830e+03	
11  109.871	2.389592e+00	1.434330e-01	7.551329e-01	3.025396e+00	9.835777e-01	5.670814e-02	1.268598e+00	4.266781e-02	4.692236e+00	5.857848e+00	9.996438e-01	8.065844e+00	7.054676e-01	2.460272e-01	2.059194e+00	8.037137e-01	1.042422e+00	7.555915e+01	1.345299e+02	2.948262e-01	1.451250e-01	3.683830e+03	
22  109.891	2.389592e+00	1.434330e-01	7.551329e-01	3.025396e+00	9.835777e-01	5.670814e-02	1.268598e+00	4.266781e-02	4.692236e+00	5.857848e+00	9.995786e-01	8.065844e+00	7.054676e-01	2.460272e-01	2.059194e+00	8.037137e-01	1.042422e+00	7.555915e+01	1.345299e+02	2.948262e-01	1.451250e-01	3.683830e+03	
21  111.55	2.389592e+00	1.434330e-01	7.551329e-01	3.025396e+00	9.835777e-01	5.670814e-02	1.268598e+00	4.266781e-02	4.692236e+00	5.857848e+00	9.973216e-01	8.065844e+00	7.054676e-01	2.460272e-01	2.059194e+00	8.037137e-01	1.042422e+00	7.555915e+01	1.345299e+02	2.948262e-01	1.451250e-01	3.683830e+03	
1  107.494	2.375058e+00	1.461953e-01	7.521748e-01	3.024594e+00	9.824255e-01	5.655000e-02	1.318227e+00	5.326214e-02	4.720339e+00	7.387570e+00	9.948272e-01	8.116395e+00	6.992778e-01	2.459658e-01	2.059394e+00	7.977142e-01	1.043073e+00	7.521597e+01	1.339115e+02	3.014047e-01	1.500028e-01	2.960889e+03	
44  107.498	2.375058e+00	1.461953e-01	7.521748e-01	3.024594e+00	9.824255e-01	5.655000e-02	1.318227e+00	5.326214e-02	4.720339e+00	7.387570e+00	9.978676e-01	8.116395e+00	6.992778e-01	2.459658e-01	2.059394e+00	7.977142e-01	1.043073e+00	7.521597e+01	1.339115e+02	3.014047e-01	1.500028e-01	2.960889e+03	
22  107.916	2.375058e+00	1.461953e-01	7.521748e-01	3.024594e+00	9.824255e-01	5.655000e-02	1.318227e+00	5.326214e-02	4.720339e+00	7.387570e+00	9.984914e-01	8.116395e+00	6.992778e-01	2.459658e-01	2.059394e+00	7.977142e-01	1.043073e+00	7.521597e+01	1.339115e+02	3.014047e-01	1.500028e-01	2.960889e+03	
12  107.718	2.375058e+00	1.461953e-01	7.521748e-01	3.024594e+00	9.824255e-01	5.655000e-02	1.318227e+00	5.326214e-02	4.720339e+00	7.387570e+00	9.982205e-01	8.116395e+00	6.992778e-01	2.459658e-01	2.059394e+00	7.977142e-01	1.043073e+00	7.521597e+01	1.339115e+02	3.014047e-01	1.500028e-01	2.960889e+03	
32  108.635	2.372767e+00	1.476115e-01	7.466424e-01	3.018098e+00	9.817627e-01	5.135899e-02	1.297390e+00	6.022541e-02	4.833343e+00	7.864617e+00	9.969263e-01	7.602449e+00	6.928096e-01	2.459586e-01	2.046799e+00	7.953544e-01	1.043457e+00	7.469553e+01	1.337537e+02	3.080810e-01	1.477772e-01	3.561802e+03	
11  110.985	2.372767e+00	1.476115e-01	7.466424e-01	3.018098e+00	9.817627e-01	5.135899e-02	1.297390e+00	6.022541e-02	4.833343e+00	7.864617e+00	1.001095e+00	7.602449e+00	6.928096e-01	2.459586e-01	2.046799e+00	7.953544e-01	1.043457e+00	7.469553e+01	1.337537e+02	3.080810e-01	1.477772e-01	3.561802e+03	
9  108.654	2.372767e+00	1.476115e-01	7.466424e-01	3.018098e+00	9.817627e-01	5.135899e-02	1.297390e+00	6.022541e-02	4.833343e+00	7.864617e+00	9.980626e-01	7.602449e+00	6.928096e-01	2.459586e-01	2.046799e+00	7.953544e-01	1.043457e+00	7.469553e+01	1.337537e+02	3.080810e-01	1.477772e-01	3.561802e+03	
2  109.686	2.415878e+00	1.431684e-01	7.729011e-01	2.996856e+00	9.914691e-01	4.988730e-02	1.376189e+00	5.119359e-02	4.588667e+00	4.974143e+00	9.976383e-01	7.318605e+00	7.187369e-01	2.461169e-01	2.000988e+00	7.821032e-01	1.043067e+00	7.732905e+01	1.338859e+02	2.823253e-01	1.556254e-01	3.443085e+03	
8  109.307	2.415878e+00	1.431684e-01	7.729011e-01	2.996856e+00	9.914691e-01	4.988730e-02	1.376189e+00	5.119359e-02	4.588667e+00	4.974143e+00	9.970475e-01	7.318605e+00	7.187369e-01	2.461169e-01	2.000988e+00	7.821032e-01	1.043067e+00	7.732905e+01	1.338859e+02	2.823253e-01	1.556254e-01	3.443085e+03	
14  108.794	2.388349e+00	1.441111e-01	7.671828e-01	3.020271e+00	9.905106e-01	5.193448e-02	1.363586e+00	6.348617e-02	4.554584e+00	3.898394e+00	1.002992e+00	7.612994e+00	7.125983e-01	2.460211e-01	2.048083e+00	7.870327e-01	1.043369e+00	7.681348e+01	1.340138e+02	2.883399e-01	1.545067e-01	4.016204e+03	
22  108.785	2.388349e+00	1.441111e-01	7.671828e-01	3.020271e+00	9.905106e-01	5.193448e-02	1.363586e+00	6.348617e-02	4.554584e+00	3.898394e+00	1.003564e+00	7.612994e+00	7.125983e-01	2.460211e-01	2.048083e+00	7.870327e-01	1.043369e+00	7.681348e+01	1.340138e+02	2.883399e-01	1.545067e-01	4.016204e+03	
11  108.779	2.388349e+00	1.441111e-01	7.671828e-01	3.020271e+00	9.905106e-01	5.193448e-02	1.363586e+00	6.348617e-02	4.554584e+00	3.898394e+00	1.003444e+00	7.612994e+00	7.125983e-01	2.460211e-01	2.048083e+00	7.870327e-01	1.043369e+00	7.681348e+01	1.340138e+02	2.883399e-01	1.545067e-01	4.016204e+03	
2  108.918	2.388349e+00	1.441111e-01	7.671828e-01	3.020271e+00	9.905106e-01	5.193448e-02	1.363586e+00	6.348617e-02	4.554584e+00	3.898394e+00	1.002431e+00	7.612994e+00	7.125983e-01	2.460211e-01	2.048083e+00	7.870327e-01	1.043369e+00	7.681348e+01	1.340138e+02	2.883399e-01	1.545067e-01	4.016204e+03	
9  108.554	2.350548e+00	1.471933e-01	7.501382e-01	3.023623e+00	9.774380e-01	5.114016e-02	1.347952e+00	5.581219e-02	4.624429e+00	4.518612e+00	1.001709e+00	7.648699e+00	6.948271e-01	2.458752e-01	2.055344e+00	8.019359e-01	1.042959e+00	7.510598e+01	1.338153e+02	3.064111e-01	1.530167e-01	4.071993e+03	
22  108.823	2.350548e+00	1.471933e-01	7.501382e-01	3.023623e+00	9.774380e-01	5.114016e-02	1.347952e+00	5.581219e-02	4.624429e+00	4.518612e+00	1.003656e+00	7.648699e+00	6.948271e-01	2.458752e-01	2.055344e+00	8.019359e-01	1.042959e+00	7.510598e+01	1.338153e+02	3.064111e-01	1.530167e-01	4.071993e+03	
22  108.971	2.350548e+00	1.471933e-01	7.501382e-01	3.023623e+00	9.774380e-01	5.114016e-02	1.347952e+00	5.581219e-02	4.624429e+00	4.518612e+00	1.003931e+00	7.648699e+00	6.948271e-01	2.458752e-01	2.055344e+00	8.019359e-01	1.042959e+00	7.510598e+01	1.338153e+02	3.064111e-01	1.530167e-01	4.071993e+03	
33  109.038	2.350548e+00	1.471933e-01	7.501382e-01	3.023623e+00	9.774380e-01	5.114016e-02	1.347952e+00	5.581219e-02	4.624429e+00	4.518612e+00	1.004042e+00	7.648699e+00	6.948271e-01	2.458752e-01	2.055344e+00	8.019359e-01	1.042959e+00	7.510598e+01	1.338153e+02	3.064111e-01	1.530167e-01	4.071993e+03	
6  109.187	2.350548e+00	1.471933e-01	7.501382e-01	3.023623e+00	9.774380e-01	5.114016e-02	1.347952e+00	5.581219e-02	4.624429e+00	4.518612e+00	1.004269e+00	7.648699e+00	6.948271e-01	2.458752e-01	2.055344e+00	8.019359e-01	1.042959e+00	7.510598e+01	1.338153e+02	3.064111e-01	1.530167e-01	4.071993e+03	
16  109.296	2.376107e+00	1.435145e-01	7.680517e-01	3.011028e+00	9.844346e-01	4.692336e-02	1.345151e+00	5.308779e-02	4.642765e+00	5.801401e+00	1.005990e+00	7.081886e+00	7.154407e-01	2.459693e-01	2.030288e+00	7.870250e-01	1.044109e+00	7.683835e+01	1.343252e+02	2.856997e-01	1.527732e-01	3.284076e+03	
11  107.664	2.376107e+00	1.435145e-01	7.680517e-01	3.011028e+00	9.844346e-01	4.692336e-02	1.345151e+00	5.308779e-02	4.642765e+00	5.801401e+00	1.001175e+00	7.081886e+00	7.154407e-01	2.459693e-01	2.030288e+00	7.870250e-01	1.044109e+00	7.683835e+01	1.343252e+02	2.856997e-01	1.527732e-01	3.284076e+03	
11  107.419	2.376107e+00	1.435145e-01	7.680517e-01	3.011028e+00	9.844346e-01	4.692336e-02	1.345151e+00	5.308779e-02	4.642765e+00	5.801401e+00	1.003534e+00	7.081886e+00	7.154407e-01	2.459693e-01	2.030288e+00	7.870250e-01	1.044109e+00	7.683835e+01	1.343252e+02	2.856997e-01	1.527732e-01	3.284076e+03	
13  108.825	2.376107e+00	1.435145e-01	7.680517e-01	3.011028e+00	9.844346e-01	4.692336e-02	1.345151e+00	5.308779e-02	4.642765e+00	5.801401e+00	1.005571e+00	7.081886e+00	7.154407e-01	2.459693e-01	2.030288e+00	7.870250e-01	1.044109e+00	7.683835e+01	1.343252e+02	2.856997e-01	1.527732e-01	3.284076e+03	
21  111.078	2.382105e+00	1.472197e-01	7.652781e-01	3.005042e+00	9.807191e-01	4.769745e-02	1.435451e+00	5.510611e-02	4.709090e+00	5.387301e+00	1.000860e+00	7.223775e+00	7.069661e-01	2.459925e-01	2.017771e+00	7.928622e-01	1.043677e+00	7.660381e+01	1.331760e+02	2.948813e-01	1.612400e-01	4.090766e+03	
10  113.678	2.384755e+00	1.455228e-01	7.793030e-01	3.021822e+00	9.698835e-01	6.717109e-02	1.541280e+00	2.887288e-02	4.559305e+00	3.728240e+00	9.981498e-01	9.157425e+00	7.191918e-01	2.460071e-01	2.047457e+00	8.155818e-01	1.042864e+00	7.799323e+01	1.330747e+02	2.817255e-01	1.711248e-01	4.144148e+03	
11  114.095	2.384755e+00	1.455228e-01	7.793030e-01	3.021822e+00	9.698835e-01	6.717109e-02	1.541280e+00	2.887288e-02	4.559305e+00	3.728240e+00	9.985282e-01	9.157425e+00	7.191918e-01	2.460071e-01	2.047457e+00	8.155818e-01	1.042864e+00	7.799323e+01	1.330747e+02	2.817255e-01	1.711248e-01	4.144148e+03	
11  112.197	2.384755e+00	1.455228e-01	7.793030e-01	3.021822e+00	9.698835e-01	6.717109e-02	1.541280e+00	2.887288e-02	4.559305e+00	3.728240e+00	9.955118e-01	9.157425e+00	7.191918e-01	2.460071e-01	2.047457e+00	8.155818e-01	1.042864e+00	7.799323e+01	1.330747e+02	2.817255e-01	1.711248e-01	4.144148e+03	
24  112.471	2.384755e+00	1.455228e-01	7.793030e-01	3.021822e+00	9.698835e-01	6.717109e-02	1.541280e+00	2.887288e-02	4.559305e+00	3.728240e+00	9.965354e-01	9.157425e+00	7.191918e-01	2.460071e-01	2.047457e+00	8.155818e-01	1.042864e+00	7.799323e+01	1.330747e+02	2.817255e-01	1.711248e-01	4.144148e+03	
9  111.633	2.399596e+00	1.429467e-01	7.784051e-01	3.015599e+00	9.690119e-01	6.356959e-02	1.446517e+00	1.806414e-02	4.587736e+00	4.760766e+00	9.976269e-01	8.712732e+00	7.232080e-01	2.460640e-01	2.036717e+00	8.149003e-01	1.042749e+00	7.784987e+01	1.338173e+02	2.774188e-01	1.622542e-01	3.573670e+03	
11  110.796	2.399596e+00	1.429467e-01	7.784051e-01	3.015599e+00	9.690119e-01	6.356959e-02	1.446517e+00	1.806414e-02	4.587736e+00	4.760766e+00	9.955362e-01	8.712732e+00	7.232080e-01	2.460640e-01	2.036717e+00	8.149003e-01	1.042749e+00	7.784987e+01	1.338173e+02	2.774188e-01	1.622542e-01	3.573670e+03	
22  110.799	2.399596e+00	1.429467e-01	7.784051e-01	3.015599e+00	9.690119e-01	6.356959e-02	1.446517e+00	1.806414e-02	4.587736e+00	4.760766e+00	9.953453e-01	8.712732e+00	7.232080e-01	2.460640e-01	2.036717e+00	8.149003e-01	1.042749e+00	7.784987e+01	1.338173e+02	2.774188e-01	1.622542e-01	3.573670e+03	
7  111.925	2.399596e+00	1.429467e-01	7.784051e-01	3.015599e+00	9.690119e-01	6.356959e-02	1.446517e+00	1.806414e-02	4.587736e+00	4.760766e+00	9.930106e-01	8.712732e+00	7.232080e-01	2.460640e-01	2.036717e+00	8.149003e-01	1.042749e+00	7.784987e+01	1.338173e+02	2.774188e-01	1.622542e-01	3.573670e+03	
4  110.329	2.379583e+00	1.442422e-01	7.696973e-01	3.009814e+00	9.573980e-01	6.014899e-02	1.411469e+00	2.121302e-02	4.589366e+00	4.874648e+00	9.900333e-01	8.437654e+00	7.152574e-01	2.459857e-01	2.025671e+00	8.106201e-01	1.043195e+00	7.696194e+01	1.338618e+02	2.855679e-01	1.589275e-01	3.470299e+03	
22  109.744	2.379583e+00	1.442422e-01	7.696973e-01	3.009814e+00	9.573980e-01	6.014899e-02	1.411469e+00	2.121302e-02	4.589366e+00	4.874648e+00	9.914784e-01	8.437654e+00	7.152574e-01	2.459857e-01	2.025671e+00	8.106201e-01	1.043195e+00	7.696194e+01	1.338618e+02	2.855679e-01	1.589275e-01	3.470299e+03	
11  109.753	2.379583e+00	1.442422e-01	7.696973e-01	3.009814e+00	9.573980e-01	6.014899e-02	1.411469e+00	2.121302e-02	4.589366e+00	4.874648e+00	9.922838e-01	8.437654e+00	7.152574e-01	2.459857e-01	2.025671e+00	8.106201e-01	1.043195e+00	7.696194e+01	1.338618e+02	2.855679e-01	1.589275e-01	3.470299e+03	
33  109.721	2.379583e+00	1.442422e-01	7.696973e-01	3.009814e+00	9.573980e-01	6.014899e-02	1.411469e+00	2.121302e-02	4.589366e+00	4.874648e+00	9.919389e-01	8.437654e+00	7.152574e-01	2.459857e-01	2.025671e+00	8.106201e-01	1.043195e+00	7.696194e+01	1.338618e+02	2.855679e-01	1.589275e-01	3.470299e+03	
11  110.044	2.379583e+00	1.442422e-01	7.696973e-01	3.009814e+00	9.573980e-01	6.014899e-02	1.411469e+00	2.121302e-02	4.589366e+00	4.874648e+00	9.931831e-01	8.437654e+00	7.152574e-01	2.459857e-01	2.025671e+00	8.106201e-01	1.043195e+00	7.696194e+01	1.338618e+02	2.855679e-01	1.589275e-01	3.470299e+03	
12  109.719	2.379583e+00	1.442422e-01	7.696973e-01	3.009814e+00	9.573980e-01	6.014899e-02	1.411469e+00	2.121302e-02	4.589366e+00	4.874648e+00	9.918722e-01	8.437654e+00	7.152574e-01	2.459857e-01	2.025671e+00	8.106201e-01	1.043195e+00	7.696194e+01	1.338618e+02	2.855679e-01	1.589275e-01	3.470299e+03	
43  108.572	2.393271e+00	1.460388e-01	7.712614e-01	3.013565e+00	9.578506e-01	5.573184e-02	1.454673e+00	4.418603e-02	4.438455e+00	2.952298e+00	9.941445e-01	7.999348e+00	7.124760e-01	2.460384e-01	2.032924e+00	7.951431e-01	1.043418e+00	7.716381e+01	1.331967e+02	2.889059e-01	1.630339e-01	3.774152e+03	
11  109.009	2.393271e+00	1.460388e-01	7.712614e-01	3.013565e+00	9.578506e-01	5.573184e-02	1.454673e+00	4.418603e-02	4.438455e+00	2.952298e+00	9.925865e-01	7.999348e+00	7.124760e-01	2.460384e-01	2.032924e+00	7.951431e-01	1.043418e+00	7.716381e+01	1.331967e+02	2.889059e-01	1.630339e-01	3.774152e+03	
22  109.018	2.393271e+00	1.460388e-01	7.712614e-01	3.013565e+00	9.578506e-01	5.573184e-02	1.454673e+00	4.418603e-02	4.438455e+00	2.952298e+00	9.956861e-01	7.999348e+00	7.124760e-01	2.460384e-01	2.032924e+00	7.951431e-01	1.043418e+00	7.716381e+01	1.331967e+02	2.889059e-01	1.630339e-01	3.774152e+03	
11  108.847	2.393271e+00	1.460388e-01	7.712614e-01	3.013565e+00	9.578506e-01	5.573184e-02	1.454673e+00	4.418603e-02	4.438455e+00	2.952298e+00	9.953504e-01	7.999348e+00	7.124760e-01	2.460384e-01	2.032924e+00	7.951431e-01	1.043418e+00	7.716381e+01	1.331967e+02	2.889059e-01	1.630339e-01	3.774152e+03	
44  109.629	2.393271e+00	1.460388e-01	7.712614e-01	3.013565e+00	9.578506e-01	5.573184e-02	1.454673e+00	4.418603e-02	4.438455e+00	2.952298e+00	9.965297e-01	7.999348e+00	7.124760e-01	2.460384e-01	2.032924e+00	7.951431e-01	1.043418e+00	7.716381e+01	1.331967e+02	2.889059e-01	1.630339e-01	3.774152e+03	
11  109.901	2.393271e+00	1.460388e-01	7.712614e-01	3.013565e+00	9.578506e-01	5.573184e-02	1.454673e+00	4.418603e-02	4.438455e+00	2.952298e+00	9.968227e-01	7.999348e+00	7.124760e-01	2.460384e-01	2.032924e+00	7.951431e-01	1.043418e+00	7.716381e+01	1.331967e+02	2.889059e-01	1.630339e-01	3.774152e+03	
40  108.817	2.393271e+00	1.460388e-01	7.712614e-01	3.013565e+00	9.578506e-01	5.573184e-02	1.454673e+00	4.418603e-02	4.438455e+00	2.952298e+00	9.929685e-01	7.999348e+00	7.124760e-01	2.460384e-01	2.032924e+00	7.951431e-01	1.043418e+00	7.716381e+01	1.331967e+02	2.889059e-01	1.630339e-01	3.774152e+03	
6  110.008	2.330970e+00	1.447351e-01	7.577617e-01	3.025587e+00	9.602734e-01	5.663938e-02	1.339604e+00	3.759936e-02	4.544241e+00	5.225060e+00	9.970306e-01	8.205538e+00	7.060285e-01	2.457942e-01	2.059335e+00	8.053744e-01	1.043884e+00	7.576601e+01	1.344979e+02	2.948149e-01	1.522743e-01	2.914131e+03	
19  110.471	2.332177e+00	1.394604e-01	7.597492e-01	3.073902e+00	9.669494e-01	8.076236e-02	1.174658e+00	3.194267e-02	4.388085e+00	5.187157e+00	9.977329e-01	1.040543e+01	7.167872e-01	2.457994e-01	2.161181e+00	8.168695e-01	1.044638e+00	7.595699e+01	1.362533e+02	2.827602e-01	1.364792e-01	2.121578e+03	
1  108.365	2.341772e+00	1.414172e-01	7.515487e-01	3.087422e+00	9.655851e-01	8.443060e-02	1.176493e+00	3.369239e-02	4.596652e+00	7.885925e+00	9.991494e-01	1.074336e+01	7.081011e-01	2.458424e-01	2.192102e+00	8.222310e-01	1.043859e+00	7.509785e+01	1.357533e+02	2.915366e-01	1.366675e-01	2.073405e+03	
11  109.925	2.341772e+00	1.414172e-01	7.515487e-01	3.087422e+00	9.655851e-01	8.443060e-02	1.176493e+00	3.369239e-02	4.596652e+00	7.885925e+00	9.945848e-01	1.074336e+01	7.081011e-01	2.458424e-01	2.192102e+00	8.222310e-01	1.043859e+00	7.509785e+01	1.357533e+02	2.915366e-01	1.366675e-01	2.073405e+03	
3  109.555	2.341772e+00	1.414172e-01	7.515487e-01	3.087422e+00	9.655851e-01	8.443060e-02	1.176493e+00	3.369239e-02	4.596652e+00	7.885925e+00	9.949114e-01	1.074336e+01	7.081011e-01	2.458424e-01	2.192102e+00	8.222310e-01	1.043859e+00	7.509785e+01	1.357533e+02	2.915366e-01	1.366675e-01	2.073405e+03	
41  110.105	2.369644e+00	1.436276e-01	7.585862e-01	3.082357e+00	9.729960e-01	7.635447e-02	1.275537e+00	4.504884e-02	4.686087e+00	8.052454e+00	9.996105e-01	9.993342e+00	7.092422e-01	2.459563e-01	2.181511e+00	8.168929e-01	1.043962e+00	7.580621e+01	1.346658e+02	2.905430e-01	1.461434e-01	2.477341e+03	
26  108.571	2.369644e+00	1.436276e-01	7.585862e-01	3.082357e+00	9.729960e-01	7.635447e-02	1.275537e+00	4.504884e-02	4.686087e+00	8.052454e+00	1.000785e+00	9.993342e+00	7.092422e-01	2.459563e-01	2.181511e+00	8.168929e-01	1.043962e+00	7.580621e+01	1.346658e+02	2.905430e-01	1.461434e-01	2.477341e+03	
7  109.603	2.375842e+00	1.416729e-01	7.592153e-01	3.090308e+00	9.710966e-01	7.908600e-02	1.216046e+00	3.740156e-02	4.705732e+00	9.369823e+00	1.002724e+00	1.016501e+01	7.138122e-01	2.459846e-01	2.200518e+00	8.204575e-01	1.043958e+00	7.584690e+01	1.352408e+02	2.857836e-01	1.402503e-01	2.160262e+03	
7  109.016	2.375842e+00	1.416729e-01	7.592153e-01	3.090308e+00	9.710966e-01	7.908600e-02	1.216046e+00	3.740156e-02	4.705732e+00	9.369823e+00	1.003687e+00	1.016501e+01	7.138122e-01	2.459846e-01	2.200518e+00	8.204575e-01	1.043958e+00	7.584690e+01	1.352408e+02	2.857836e-01	1.402503e-01	2.160262e+03	
4  108.247	2.354609e+00	1.367860e-01	7.544250e-01	3.085565e+00	9.707786e-01	7.853667e-02	1.055917e+00	5.026277e-03	4.658770e+00	1.139089e+01	1.005874e+00	1.004264e+01	7.196217e-01	2.459022e-01	2.192589e+00	8.435999e-01	1.043477e+00	7.540379e+01	1.371084e+02	2.795789e-01	1.238362e-01	1.593361e+03	
11  107.186	2.354609e+00	1.367860e-01	7.544250e-01	3.085565e+00	9.707786e-01	7.853667e-02	1.055917e+00	5.026277e-03	4.658770e+00	1.139089e+01	1.009766e+00	1.004264e+01	7.196217e-01	2.459022e-01	2.192589e+00	8.435999e-01	1.043477e+00	7.540379e+01	1.371084e+02	2.795789e-01	1.238362e-01	1.593361e+03	
33  107.616	2.354609e+00	1.367860e-01	7.544250e-01	3.085565e+00	9.707786e-01	7.853667e-02	1.055917e+00	5.026277e-03	4.658770e+00	1.139089e+01	1.006620e+00	1.004264e+01	7.196217e-01	2.459022e-01	2.192589e+00	8.435999e-01	1.043477e+00	7.540379e+01	1.371084e+02	2.795789e-01	1.238362e-01	1.593361e+03	
66  106.942	2.354609e+00	1.367860e-01	7.544250e-01	3.085565e+00	9.707786e-01	7.853667e-02	1.055917e+00	5.026277e-03	4.658770e+00	1.139089e+01	1.008834e+00	1.004264e+01	7.196217e-01	2.459022e-01	2.192589e+00	8.435999e-01	1.043477e+00	7.540379e+01	1.371084e+02	2.795789e-01	1.238362e-01	1.593361e+03	
33  108.241	2.354609e+00	1.367860e-01	7.544250e-01	3.085565e+00	9.707786e-01	7.853667e-02	1.055917e+00	5.026277e-03	4.658770e+00	1.139089e+01	1.005880e+00	1.004264e+01	7.196217e-01	2.459022e-01	2.192589e+00	8.435999e-01	1.043477e+00	7.540379e+01	1.371084e+02	2.795789e-01	1.238362e-01	1.593361e+03	
55  107.772	2.354609e+00	1.367860e-01	7.544250e-01	3.085565e+00	9.707786e-01	7.853667e-02	1.055917e+00	5.026277e-03	4.658770e+00	1.139089e+01	1.006413e+00	1.004264e+01	7.196217e-01	2.459022e-01	2.192589e+00	8.435999e-01	1.043477e+00	7.540379e+01	1.371084e+02	2.795789e-01	1.238362e-01	1.593361e+03	
11  106.941	2.354609e+00	1.367860e-01	7.544250e-01	3.085565e+00	9.707786e-01	7.853667e-02	1.055917e+00	5.026277e-03	4.658770e+00	1.139089e+01	1.008829e+00	1.004264e+01	7.196217e-01	2.459022e-01	2.192589e+00	8.435999e-01	1.043477e+00	7.540379e+01	1.371084e+02	2.795789e-01	1.238362e-01	1.593361e+03	
77  106.975	2.354609e+00	1.367860e-01	7.544250e-01	3.085565e+00	9.707786e-01	7.853667e-02	1.055917e+00	5.026277e-03	4.658770e+00	1.139089e+01	1.009077e+00	1.004264e+01	7.196217e-01	2.459022e-01	2.192589e+00	8.435999e-01	1.043477e+00	7.540379e+01	1.371084e+02	2.795789e-01	1.238362e-01	1.593361e+03	
29  106.968	2.354609e+00	1.367860e-01	7.544250e-01	3.085565e+00	9.707786e-01	7.853667e-02	1.055917e+00	5.026277e-03	4.658770e+00	1.139089e+01	1.009037e+00	1.004264e+01	7.196217e-01	2.459022e-01	2.192589e+00	8.435999e-01	1.043477e+00	7.540379e+01	1.371084e+02	2.795789e-01	1.238362e-01	1.593361e+03	
4  105.965	2.362390e+00	1.386718e-01	7.509577e-01	3.078899e+00	9.743546e-01	7.292967e-02	1.064240e+00	2.166705e-02	4.702337e+00	1.114658e+01	1.007730e+00	9.548189e+00	7.137750e-01	2.459313e-01	2.177975e+00	8.286936e-01	1.043917e+00	7.503865e+01	1.365957e+02	2.857433e-01	1.246173e-01	1.777457e+03	
22  105.713	2.362390e+00	1.386718e-01	7.509577e-01	3.078899e+00	9.743546e-01	7.292967e-02	1.064240e+00	2.166705e-02	4.702337e+00	1.114658e+01	1.006679e+00	9.548189e+00	7.137750e-01	2.459313e-01	2.177975e+00	8.286936e-01	1.043917e+00	7.503865e+01	1.365957e+02	2.857433e-01	1.246173e-01	1.777457e+03	
9  106.434	2.362390e+00	1.386718e-01	7.509577e-01	3.078899e+00	9.743546e-01	7.292967e-02	1.064240e+00	2.166705e-02	4.702337e+00	1.114658e+01	1.008546e+00	9.548189e+00	7.137750e-01	2.459313e-01	2.177975e+00	8.286936e-01	1.043917e+00	7.503865e+01	1.365957e+02	2.857433e-01	1.246173e-01	1.777457e+03	
10  107.289	2.358751e+00	1.347362e-01	7.587719e-01	3.076465e+00	9.821005e-01	7.070384e-02	1.024859e+00	2.011654e-02	4.641291e+00	9.513201e+00	1.012781e+00	9.290505e+00	7.254254e-01	2.459134e-01	2.170560e+00	8.218511e-01	1.043718e+00	7.584555e+01	1.376662e+02	2.737311e-01	1.207405e-01	1.876735e+03	
3  107.541	2.359850e+00	1.361522e-01	7.513239e-01	3.086499e+00	9.756560e-01	7.752203e-02	1.008025e+00	3.079705e-03	4.662878e+00	1.155013e+01	1.010846e+00	9.919571e+00	7.183381e-01	2.459223e-01	2.194610e+00	8.474914e-01	1.043372e+00	7.510418e+01	1.374006e+02	2.809063e-01	1.187380e-01	1.596087e+03	
33  107.776	2.359850e+00	1.361522e-01	7.513239e-01	3.086499e+00	9.756560e-01	7.752203e-02	1.008025e+00	3.079705e-03	4.662878e+00	1.155013e+01	1.011528e+00	9.919571e+00	7.183381e-01	2.459223e-01	2.194610e+00	8.474914e-01	1.043372e+00	7.510418e+01	1.374006e+02	2.809063e-01	1.187380e-01	1.596087e+03	
23  107.594	2.359850e+00	1.361522e-01	7.513239e-01	3.086499e+00	9.756560e-01	7.752203e-02	1.008025e+00	3.079705e-03	4.662878e+00	1.155013e+01	1.009392e+00	9.919571e+00	7.183381e-01	2.459223e-01	2.194610e+00	8.474914e-01	1.043372e+00	7.510418e+01	1.374006e+02	2.809063e-01	1.187380e-01	1.596087e+03	
43  108.494	2.346987e+00	1.372627e-01	7.442456e-01	3.086991e+00	9.726731e-01	8.052091e-02	9.827585e-01	2.019535e-03	4.549205e+00	1.140602e+01	1.004951e+00	1.025714e+01	7.108240e-01	2.458654e-01	2.195151e+00	8.511498e-01	1.043546e+00	7.439648e+01	1.373453e+02	2.887446e-01	1.162219e-01	1.254345e+03	
132  108.627	2.346987e+00	1.372627e-01	7.442456e-01	3.086991e+00	9.726731e-01	8.052091e-02	9.827585e-01	2.019535e-03	4.549205e+00	1.140602e+01	1.004118e+00	1.025714e+01	7.108240e-01	2.458654e-01	2.195151e+00	8.511498e-01	1.043546e+00	7.439648e+01	1.373453e+02	2.887446e-01	1.162219e-01	1.254345e+03	
33  109.13	2.346987e+00	1.372627e-01	7.442456e-01	3.086991e+00	9.726731e-01	8.052091e-02	9.827585e-01	2.019535e-03	4.549205e+00	1.140602e+01	1.003103e+00	1.025714e+01	7.108240e-01	2.458654e-01	2.195151e+00	8.511498e-01	1.043546e+00	7.439648e+01	1.373453e+02	2.887446e-01	1.162219e-01	1.254345e+03	
13  108.525	2.346987e+00	1.372627e-01	7.442456e-01	3.086991e+00	9.726731e-01	8.052091e-02	9.827585e-01	2.019535e-03	4.549205e+00	1.140602e+01	1.005395e+00	1.025714e+01	7.108240e-01	2.458654e-01	2.195151e+00	8.511498e-01	1.043546e+00	7.439648e+01	1.373453e+02	2.887446e-01	1.162219e-01	1.254345e+03	
7  106.393	2.355923e+00	1.336085e-01	7.489948e-01	3.065782e+00	9.766145e-01	7.350443e-02	9.027797e-01	5.151128e-03	4.369737e+00	8.323037e+00	1.002685e+00	9.541138e+00	7.195997e-01	2.458935e-01	2.146896e+00	8.306763e-01	1.043762e+00	7.487078e+01	1.384060e+02	2.799460e-01	1.078568e-01	1.217021e+03	
8  105.666	2.329969e+00	1.367308e-01	7.405209e-01	3.079884e+00	9.806948e-01	7.665344e-02	9.233223e-01	2.131589e-02	4.382536e+00	7.635754e+00	1.002188e+00	9.968097e+00	7.078564e-01	2.457857e-01	2.176940e+00	8.291364e-01	1.044540e+00	7.402869e+01	1.378768e+02	2.919926e-01	1.103163e-01	1.365072e+03	
5  104.226	2.323365e+00	1.361384e-01	7.245300e-01	3.059003e+00	9.887588e-01	6.196185e-02	7.676181e-01	3.806742e-02	4.390554e+00	7.467236e+00	1.000784e+00	8.571474e+00	6.956123e-01	2.457543e-01	2.131461e+00	8.088947e-01	1.044676e+00	7.243178e+01	1.387267e+02	3.044226e-01	9.333457e-02	1.428028e+03	
12  105.616	2.323365e+00	1.361384e-01	7.245300e-01	3.059003e+00	9.887588e-01	6.196185e-02	7.676181e-01	3.806742e-02	4.390554e+00	7.467236e+00	1.002631e+00	8.571474e+00	6.956123e-01	2.457543e-01	2.131461e+00	8.088947e-01	1.044676e+00	7.243178e+01	1.387267e+02	3.044226e-01	9.333457e-02	1.428028e+03	
2  106.876	2.289233e+00	1.352886e-01	7.056565e-01	3.054722e+00	9.683284e-01	6.688361e-02	6.330350e-01	1.741357e-02	4.440734e+00	7.450526e+00	9.884587e-01	9.105972e+00	6.813281e-01	2.456127e-01	2.123263e+00	8.265749e-01	1.043824e+00	7.055067e+01	1.398339e+02	3.187409e-01	7.833354e-02	1.609298e+03	
22  106.002	2.289233e+00	1.352886e-01	7.056565e-01	3.054722e+00	9.683284e-01	6.688361e-02	6.330350e-01	1.741357e-02	4.440734e+00	7.450526e+00	9.890876e-01	9.105972e+00	6.813281e-01	2.456127e-01	2.123263e+00	8.265749e-01	1.043824e+00	7.055067e+01	1.398339e+02	3.187409e-01	7.833354e-02	1.609298e+03	
11  104.368	2.289233e+00	1.352886e-01	7.056565e-01	3.054722e+00	9.683284e-01	6.688361e-02	6.330350e-01	1.741357e-02	4.440734e+00	7.450526e+00	9.941772e-01	9.105972e+00	6.813281e-01	2.456127e-01	2.123263e+00	8.265749e-01	1.043824e+00	7.055067e+01	1.398339e+02	3.187409e-01	7.833354e-02	1.609298e+03	
11  105.275	2.289233e+00	1.352886e-01	7.056565e-01	3.054722e+00	9.683284e-01	6.688361e-02	6.330350e-01	1.741357e-02	4.440734e+00	7.450526e+00	9.897168e-01	9.105972e+00	6.813281e-01	2.456127e-01	2.123263e+00	8.265749e-01	1.043824e+00	7.055067e+01	1.398339e+02	3.187409e-01	7.833354e-02	1.609298e+03	
11  106.537	2.289233e+00	1.352886e-01	7.056565e-01	3.054722e+00	9.683284e-01	6.688361e-02	6.330350e-01	1.741357e-02	4.440734e+00	7.450526e+00	9.886901e-01	9.105972e+00	6.813281e-01	2.456127e-01	2.123263e+00	8.265749e-01	1.043824e+00	7.055067e+01	1.398339e+02	3.187409e-01	7.833354e-02	1.609298e+03	
22  104.716	2.289233e+00	1.352886e-01	7.056565e-01	3.054722e+00	9.683284e-01	6.688361e-02	6.330350e-01	1.741357e-02	4.440734e+00	7.450526e+00	9.946727e-01	9.105972e+00	6.813281e-01	2.456127e-01	2.123263e+00	8.265749e-01	1.043824e+00	7.055067e+01	1.398339e+02	3.187409e-01	7.833354e-02	1.609298e+03	
11  104.135	2.289233e+00	1.352886e-01	7.056565e-01	3.054722e+00	9.683284e-01	6.688361e-02	6.330350e-01	1.741357e-02	4.440734e+00	7.450526e+00	9.937452e-01	9.105972e+00	6.813281e-01	2.456127e-01	2.123263e+00	8.265749e-01	1.043824e+00	7.055067e+01	1.398339e+02	3.187409e-01	7.833354e-02	1.609298e+03	
22  104.092	2.289233e+00	1.352886e-01	7.056565e-01	3.054722e+00	9.683284e-01	6.688361e-02	6.330350e-01	1.741357e-02	4.440734e+00	7.450526e+00	9.913353e-01	9.105972e+00	6.813281e-01	2.456127e-01	2.123263e+00	8.265749e-01	1.043824e+00	7.055067e+01	1.398339e+02	3.187409e-01	7.833354e-02	1.609298e+03	
22  103.945	2.289233e+00	1.352886e-01	7.056565e-01	3.054722e+00	9.683284e-01	6.688361e-02	6.330350e-01	1.741357e-02	4.440734e+00	7.450526e+00	9.932317e-01	9.105972e+00	6.813281e-01	2.456127e-01	2.123263e+00	8.265749e-01	1.043824e+00	7.055067e+01	1.398339e+02	3.187409e-01	7.833354e-02	1.609298e+03	
22  105.4	2.289233e+00	1.352886e-01	7.056565e-01	3.054722e+00	9.683284e-01	6.688361e-02	6.330350e-01	1.741357e-02	4.440734e+00	7.450526e+00	9.954078e-01	9.105972e+00	6.813281e-01	2.456127e-01	2.123263e+00	8.265749e-01	1.043824e+00	7.055067e+01	1.398339e+02	3.187409e-01	7.833354e-02	1.609298e+03	
11  103.846	2.289233e+00	1.352886e-01	7.056565e-01	3.054722e+00	9.683284e-01	6.688361e-02	6.330350e-01	1.741357e-02	4.440734e+00	7.450526e+00	9.926176e-01	9.105972e+00	6.813281e-01	2.456127e-01	2.123263e+00	8.265749e-01	1.043824e+00	7.055067e+01	1.398339e+02	3.187409e-01	7.833354e-02	1.609298e+03	
11  104.049	2.289233e+00	1.352886e-01	7.056565e-01	3.054722e+00	9.683284e-01	6.688361e-02	6.330350e-01	1.741357e-02	4.440734e+00	7.450526e+00	9.914346e-01	9.105972e+00	6.813281e-01	2.456127e-01	2.123263e+00	8.265749e-01	1.043824e+00	7.055067e+01	1.398339e+02	3.187409e-01	7.833354e-02	1.609298e+03	
11  103.978	2.289233e+00	1.352886e-01	7.056565e-01	3.054722e+00	9.683284e-01	6.688361e-02	6.330350e-01	1.741357e-02	4.440734e+00	7.450526e+00	9.916311e-01	9.105972e+00	6.813281e-01	2.456127e-01	2.123263e+00	8.265749e-01	1.043824e+00	7.055067e+01	1.398339e+02	3.187409e-01	7.833354e-02	1.609298e+03	
11  106.223	2.289233e+00	1.352886e-01	7.056565e-01	3.054722e+00	9.683284e-01	6.688361e-02	6.330350e-01	1.741357e-02	4.440734e+00	7.450526e+00	9.889177e-01	9.105972e+00	6.813281e-01	2.456127e-01	2.123263e+00	8.265749e-01	1.043824e+00	7.055067e+01	1.398339e+02	3.187409e-01	7.833354e-02	1.609298e+03	
22  104.911	2.289233e+00	1.352886e-01	7.056565e-01	3.054722e+00	9.683284e-01	6.688361e-02	6.330350e-01	1.741357e-02	4.440734e+00	7.450526e+00	9.900937e-01	9.105972e+00	6.813281e-01	2.456127e-01	2.123263e+00	8.265749e-01	1.043824e+00	7.055067e+01	1.398339e+02	3.187409e-01	7.833354e-02	1.609298e+03	
11  105.296	2.289233e+00	1.352886e-01	7.056565e-01	3.054722e+00	9.683284e-01	6.688361e-02	6.330350e-01	1.741357e-02	4.440734e+00	7.450526e+00	9.896971e-01	9.105972e+00	6.813281e-01	2.456127e-01	2.123263e+00	8.265749e-01	1.043824e+00	7.055067e+01	1.398339e+02	3.187409e-01	7.833354e-02	1.609298e+03	
2  104.957	2.289233e+00	1.352886e-01	7.056565e-01	3.054722e+00	9.683284e-01	6.688361e-02	6.330350e-01	1.741357e-02	4.440734e+00	7.450526e+00	9.900421e-01	9.105972e+00	6.813281e-01	2.456127e-01	2.123263e+00	8.265749e-01	1.043824e+00	7.055067e+01	1.398339e+02	3.187409e-01	7.833354e-02	1.609298e+03	
