8  103.822	2.273171e+00	1.211838e-01	7.069022e-01	3.080710e+00	9.711512e-01	7.948080e-02	3.123422e-01	8.769949e-02	4.718707e+00	1.001461e+00	1.002499e+01	7.106527e-01	2.455407e-01	2.177210e+00	8.205836e-01	1.041143e+00	7.069550e+01	1.448701e+02	2.892896e-01	4.010637e-02	-6.153137e-14	
1  106.146	2.265457e+00	1.216230e-01	7.083604e-01	3.069507e+00	9.702537e-01	7.707477e-02	3.549080e-01	9.131858e-02	4.750186e+00	9.982197e-01	9.842426e+00	7.110783e-01	2.455088e-01	2.152944e+00	8.160001e-01	1.040796e+00	7.084273e+01	1.446372e+02	2.888481e-01	4.526766e-02	-1.787841e-14	
3  102.958	2.269782e+00	1.207223e-01	7.171715e-01	3.052330e+00	9.715708e-01	6.511559e-02	3.471255e-01	1.066226e-01	4.740021e+00	1.002263e+00	8.712225e+00	7.199316e-01	2.455267e-01	2.116324e+00	8.078189e-01	1.042540e+00	7.171609e+01	1.448644e+02	2.800485e-01	4.448009e-02	-4.750192e-14	
2  104.639	2.264423e+00	1.208861e-01	7.185076e-01	3.055019e+00	9.674400e-01	6.984628e-02	3.543861e-01	1.190628e-01	4.714777e+00	9.987982e-01	9.175605e+00	7.207128e-01	2.455063e-01	2.121951e+00	8.085046e-01	1.042989e+00	7.184713e+01	1.448480e+02	2.793060e-01	4.533166e-02	-1.510810e-13	
5  104.431	2.264423e+00	1.208861e-01	7.185076e-01	3.055019e+00	9.674400e-01	6.984628e-02	3.543861e-01	1.190628e-01	4.714777e+00	1.000897e+00	9.175605e+00	7.207128e-01	2.455063e-01	2.121951e+00	8.085046e-01	1.042989e+00	7.184713e+01	1.448480e+02	2.793060e-01	4.533166e-02	-1.510810e-13	
3  105.408	2.278816e+00	1.186471e-01	7.230744e-01	3.031928e+00	9.726202e-01	6.119339e-02	3.049371e-01	1.211354e-01	4.642350e+00	1.000752e+00	8.276588e+00	7.282791e-01	2.455654e-01	2.073657e+00	7.941019e-01	1.043228e+00	7.230656e+01	1.455015e+02	2.717406e-01	3.928185e-02	-6.061867e-14	
1  104.628	2.275830e+00	1.183211e-01	7.189273e-01	3.015371e+00	9.753557e-01	5.175276e-02	2.766353e-01	1.132679e-01	4.619828e+00	1.002478e+00	7.339104e+00	7.258179e-01	2.455513e-01	2.039779e+00	7.878872e-01	1.042740e+00	7.189342e+01	1.457494e+02	2.741362e-01	3.579257e-02	8.083880e-15	
1  103.86	2.262909e+00	1.192747e-01	7.117140e-01	3.012349e+00	9.752030e-01	5.021163e-02	2.826578e-01	9.912457e-02	4.606578e+00	1.001804e+00	7.221641e+00	7.185280e-01	2.454975e-01	2.033585e+00	7.895986e-01	1.041815e+00	7.116902e+01	1.456131e+02	2.814063e-01	3.648250e-02	2.766550e-14	
10  103.258	2.262909e+00	1.192747e-01	7.117140e-01	3.012349e+00	9.752030e-01	5.021163e-02	2.826578e-01	9.912457e-02	4.606578e+00	1.000946e+00	7.221641e+00	7.185280e-01	2.454975e-01	2.033585e+00	7.895986e-01	1.041815e+00	7.116902e+01	1.456131e+02	2.814063e-01	3.648250e-02	2.766550e-14	
9  102.904	2.262909e+00	1.192747e-01	7.117140e-01	3.012349e+00	9.752030e-01	5.021163e-02	2.826578e-01	9.912457e-02	4.606578e+00	1.000002e+00	7.221641e+00	7.185280e-01	2.454975e-01	2.033585e+00	7.895986e-01	1.041815e+00	7.116902e+01	1.456131e+02	2.814063e-01	3.648250e-02	2.766550e-14	
1  103.66	2.244129e+00	1.210940e-01	7.111850e-01	3.011120e+00	9.715737e-01	4.920357e-02	3.467436e-01	1.025019e-01	4.580666e+00	9.985901e-01	7.184048e+00	7.148511e-01	2.454201e-01	2.031167e+00	7.931566e-01	1.041914e+00	7.111491e+01	1.450426e+02	2.850959e-01	4.437388e-02	1.321211e-14	
1  103.61	2.244129e+00	1.210940e-01	7.111850e-01	3.011120e+00	9.715737e-01	4.920357e-02	3.467436e-01	1.025019e-01	4.580666e+00	9.987081e-01	7.184048e+00	7.148511e-01	2.454201e-01	2.031167e+00	7.931566e-01	1.041914e+00	7.111491e+01	1.450426e+02	2.850959e-01	4.437388e-02	1.321211e-14	
7  101.982	2.248640e+00	1.219730e-01	7.005372e-01	3.009599e+00	9.678835e-01	4.483094e-02	2.856190e-01	9.921707e-02	4.521637e+00	1.000631e+00	6.710108e+00	7.042181e-01	2.454384e-01	2.028024e+00	7.957819e-01	1.041700e+00	7.005163e+01	1.450623e+02	2.957161e-01	3.684176e-02	3.534853e-14	
2  101.996	2.246888e+00	1.231645e-01	7.007846e-01	3.002508e+00	9.672147e-01	4.051574e-02	3.235531e-01	1.260996e-01	4.466296e+00	1.000055e+00	6.247313e+00	7.020177e-01	2.454316e-01	2.013785e+00	7.957432e-01	1.041772e+00	7.007689e+01	1.445979e+02	2.978981e-01	4.153759e-02	3.176928e-15	
1  102.467	2.246888e+00	1.231645e-01	7.007846e-01	3.002508e+00	9.672147e-01	4.051574e-02	3.235531e-01	1.260996e-01	4.466296e+00	9.988426e-01	6.247313e+00	7.020177e-01	2.454316e-01	2.013785e+00	7.957432e-01	1.041772e+00	7.007689e+01	1.445979e+02	2.978981e-01	4.153759e-02	3.176928e-15	
19  101.385	2.255002e+00	1.226880e-01	7.015344e-01	3.029849e+00	9.678893e-01	5.068210e-02	2.809791e-01	1.315968e-01	4.452882e+00	1.002359e+00	7.335002e+00	7.034804e-01	2.454640e-01	2.069533e+00	8.070285e-01	1.042719e+00	7.015205e+01	1.448363e+02	2.964425e-01	3.640461e-02	2.787597e-14	
6  101.454	2.255002e+00	1.226880e-01	7.015344e-01	3.029849e+00	9.678893e-01	5.068210e-02	2.809791e-01	1.315968e-01	4.452882e+00	1.001854e+00	7.335002e+00	7.034804e-01	2.454640e-01	2.069533e+00	8.070285e-01	1.042719e+00	7.015205e+01	1.448363e+02	2.964425e-01	3.640461e-02	2.787597e-14	
1  103.838	2.254605e+00	1.218479e-01	6.997344e-01	3.032620e+00	9.690379e-01	5.277210e-02	2.921962e-01	1.151418e-01	4.397825e+00	1.002213e+00	7.538610e+00	7.037160e-01	2.454624e-01	2.075035e+00	8.038390e-01	1.040943e+00	6.997716e+01	1.450017e+02	2.962504e-01	3.755099e-02	3.045797e-14	
2  103.228	2.260037e+00	1.216696e-01	7.082960e-01	3.000863e+00	9.713648e-01	3.926578e-02	2.888685e-01	8.929504e-02	4.385152e+00	1.000339e+00	6.059714e+00	7.110163e-01	2.454850e-01	2.010671e+00	7.932097e-01	1.043223e+00	7.083697e+01	1.449987e+02	2.888422e-01	3.734604e-02	-6.927475e-14	
2  104.154	2.251594e+00	1.222805e-01	7.051332e-01	3.003231e+00	9.710533e-01	3.855864e-02	2.781431e-01	1.086303e-01	4.432961e+00	1.001590e+00	5.999266e+00	7.072875e-01	2.454494e-01	2.015533e+00	7.970238e-01	1.043536e+00	7.052421e+01	1.449855e+02	2.925272e-01	3.604364e-02	-1.088805e-13	
9  103.867	2.251218e+00	1.226310e-01	7.032025e-01	3.000207e+00	9.692080e-01	3.894223e-02	2.744189e-01	1.142867e-01	4.411865e+00	9.993514e-01	6.050357e+00	7.049518e-01	2.454486e-01	2.009438e+00	7.964409e-01	1.043471e+00	7.032931e+01	1.449194e+02	2.948965e-01	3.558323e-02	-6.972626e-14	
2  103.904	2.251218e+00	1.226310e-01	7.032025e-01	3.000207e+00	9.692080e-01	3.894223e-02	2.744189e-01	1.142867e-01	4.411865e+00	1.000029e+00	6.050357e+00	7.049518e-01	2.454486e-01	2.009438e+00	7.964409e-01	1.043471e+00	7.032931e+01	1.449194e+02	2.948965e-01	3.558323e-02	-6.972626e-14	
4  101.822	2.263096e+00	1.207068e-01	7.016329e-01	3.008325e+00	9.764930e-01	4.701084e-02	2.328919e-01	1.089756e-01	4.403672e+00	9.987391e-01	6.896327e+00	7.074209e-01	2.454975e-01	2.025434e+00	7.950208e-01	1.042103e+00	7.016473e+01	1.454842e+02	2.925043e-01	3.031259e-02	2.956987e-14	
1  102.374	2.249283e+00	1.213394e-01	7.012635e-01	3.015928e+00	9.766374e-01	4.812505e-02	2.763959e-01	1.065858e-01	4.345686e+00	1.000859e+00	7.053439e+00	7.061294e-01	2.454401e-01	2.040778e+00	7.990192e-01	1.041542e+00	7.012728e+01	1.452657e+02	2.938150e-01	3.569103e-02	-4.841164e-14	
3  101.595	2.254862e+00	1.213653e-01	7.021049e-01	3.028755e+00	9.763499e-01	5.221526e-02	2.712032e-01	1.118177e-01	4.328893e+00	1.002765e+00	7.472917e+00	7.067027e-01	2.454626e-01	2.067151e+00	8.043469e-01	1.041841e+00	7.020998e+01	1.452238e+02	2.932472e-01	3.512049e-02	-2.007932e-14	
8  101.676	2.254862e+00	1.213653e-01	7.021049e-01	3.028755e+00	9.763499e-01	5.221526e-02	2.712032e-01	1.118177e-01	4.328893e+00	1.002158e+00	7.472917e+00	7.067027e-01	2.454626e-01	2.067151e+00	8.043469e-01	1.041841e+00	7.020998e+01	1.452238e+02	2.932472e-01	3.512049e-02	-2.007932e-14	
12  102.101	2.263226e+00	1.208885e-01	6.999279e-01	3.009130e+00	9.797230e-01	4.429904e-02	2.249982e-01	1.268604e-01	4.258488e+00	1.001035e+00	6.603304e+00	7.056238e-01	2.454972e-01	2.027102e+00	7.971554e-01	1.042063e+00	6.999824e+01	1.454758e+02	2.942918e-01	2.928866e-02	-5.794391e-14	
20  102.218	2.263226e+00	1.208885e-01	6.999279e-01	3.009130e+00	9.797230e-01	4.429904e-02	2.249982e-01	1.268604e-01	4.258488e+00	1.001397e+00	6.603304e+00	7.056238e-01	2.454972e-01	2.027102e+00	7.971554e-01	1.042063e+00	6.999824e+01	1.454758e+02	2.942918e-01	2.928866e-02	-5.794391e-14	
7  102.361	2.263226e+00	1.208885e-01	6.999279e-01	3.009130e+00	9.797230e-01	4.429904e-02	2.249982e-01	1.268604e-01	4.258488e+00	1.001713e+00	6.603304e+00	7.056238e-01	2.454972e-01	2.027102e+00	7.971554e-01	1.042063e+00	6.999824e+01	1.454758e+02	2.942918e-01	2.928866e-02	-5.794391e-14	
2  102.977	2.252597e+00	1.208925e-01	6.957186e-01	3.031450e+00	9.813770e-01	5.484858e-02	1.963230e-01	1.242729e-01	4.320039e+00	1.002647e+00	7.737329e+00	7.022674e-01	2.454522e-01	2.072654e+00	8.078743e-01	1.042104e+00	6.957532e+01	1.457316e+02	2.976967e-01	2.566179e-02	-5.344823e-14	
1  103.21	2.268177e+00	1.192891e-01	7.046829e-01	3.016979e+00	9.831782e-01	4.992447e-02	2.255219e-01	1.408238e-01	4.293162e+00	1.002030e+00	7.174779e+00	7.127282e-01	2.455172e-01	2.042943e+00	7.952814e-01	1.041603e+00	7.047005e+01	1.458364e+02	2.872072e-01	2.929985e-02	-1.051337e-13	
1  103.126	2.268177e+00	1.192891e-01	7.046829e-01	3.016979e+00	9.831782e-01	4.992447e-02	2.255219e-01	1.408238e-01	4.293162e+00	9.998588e-01	7.174779e+00	7.127282e-01	2.455172e-01	2.042943e+00	7.952814e-01	1.041603e+00	7.047005e+01	1.458364e+02	2.872072e-01	2.929985e-02	-1.051337e-13	
2  103.353	2.266197e+00	1.192493e-01	7.021205e-01	3.011810e+00	9.832668e-01	4.586203e-02	2.060921e-01	1.594243e-01	4.372462e+00	1.001307e+00	6.745645e+00	7.107396e-01	2.455088e-01	2.032448e+00	7.937091e-01	1.041533e+00	7.021597e+01	1.459640e+02	2.891891e-01	2.681878e-02	-1.708671e-13	
3  102.934	2.272083e+00	1.199479e-01	6.968476e-01	3.015543e+00	9.808348e-01	4.840149e-02	1.822555e-01	1.446487e-01	4.346714e+00	9.995942e-01	7.010984e+00	7.047685e-01	2.455337e-01	2.039929e+00	7.971547e-01	1.041397e+00	6.968472e+01	1.458349e+02	2.951461e-01	2.376374e-02	-9.545163e-14	
11  103.881	2.275584e+00	1.212105e-01	6.898368e-01	3.018367e+00	9.811852e-01	4.582228e-02	1.558619e-01	1.333259e-01	4.346196e+00	1.001811e+00	6.741786e+00	6.960003e-01	2.455479e-01	2.045712e+00	8.033030e-01	1.041479e+00	6.898532e+01	1.456018e+02	3.039093e-01	2.033550e-02	-1.213789e-13	
2  106.572	2.270783e+00	1.213847e-01	6.864639e-01	3.010139e+00	9.783847e-01	4.108609e-02	1.664866e-01	1.236549e-01	4.379452e+00	1.002087e+00	6.224538e+00	6.927394e-01	2.455297e-01	2.028634e+00	7.987006e-01	1.040419e+00	6.865008e+01	1.455629e+02	3.071744e-01	2.147486e-02	-3.100544e-13	
3  102.44	2.283622e+00	1.224080e-01	6.929498e-01	3.015252e+00	9.763400e-01	4.229834e-02	1.917425e-01	1.256036e-01	4.307253e+00	1.001715e+00	6.357754e+00	6.960580e-01	2.455814e-01	2.039648e+00	8.038560e-01	1.042196e+00	6.929594e+01	1.450258e+02	3.038009e-01	2.509515e-02	5.487427e-14	
2  103.7	2.280893e+00	1.222345e-01	6.914010e-01	3.021651e+00	9.787280e-01	4.634468e-02	1.604298e-01	9.951876e-02	4.431250e+00	1.001393e+00	6.803734e+00	6.950657e-01	2.455689e-01	2.052698e+00	8.080117e-01	1.042711e+00	6.914596e+01	1.452506e+02	3.047836e-01	2.109278e-02	1.181204e-13	
4  106.536	2.269640e+00	1.238696e-01	6.827845e-01	3.035747e+00	9.746753e-01	4.995392e-02	1.273384e-01	8.047422e-02	4.393804e+00	1.002704e+00	7.234608e+00	6.839563e-01	2.455219e-01	2.081776e+00	8.196179e-01	1.043291e+00	6.829027e+01	1.451112e+02	3.158320e-01	1.688301e-02	2.540736e-13	
5  104.329	2.268040e+00	1.232283e-01	6.780405e-01	3.045428e+00	9.756250e-01	5.602064e-02	1.231305e-01	8.011472e-02	4.395897e+00	1.002383e+00	7.846810e+00	6.811763e-01	2.455167e-01	2.101519e+00	8.202208e-01	1.041412e+00	6.780318e+01	1.453228e+02	3.187350e-01	1.611311e-02	-3.921799e-14	
1  102.922	2.257506e+00	1.251945e-01	6.779061e-01	3.058453e+00	9.716996e-01	6.105462e-02	1.892898e-01	8.774252e-02	4.364708e+00	1.001553e+00	8.410341e+00	6.770253e-01	2.454741e-01	2.129035e+00	8.292700e-01	1.041398e+00	6.778905e+01	1.446171e+02	3.229086e-01	2.464267e-02	-2.259314e-14	
6  101.648	2.267773e+00	1.240848e-01	6.895100e-01	3.051384e+00	9.734361e-01	6.163502e-02	2.240564e-01	8.564764e-02	4.334786e+00	9.988909e-01	8.433334e+00	6.898679e-01	2.455163e-01	2.114193e+00	8.228014e-01	1.042231e+00	6.894548e+01	1.446174e+02	3.100478e-01	2.920990e-02	5.972124e-14	
4  101.588	2.267773e+00	1.240848e-01	6.895100e-01	3.051384e+00	9.734361e-01	6.163502e-02	2.240564e-01	8.564764e-02	4.334786e+00	9.999000e-01	8.433334e+00	6.898679e-01	2.455163e-01	2.114193e+00	8.228014e-01	1.042231e+00	6.894548e+01	1.446174e+02	3.100478e-01	2.920990e-02	5.972124e-14	
1  103.445	2.277706e+00	1.241396e-01	6.885132e-01	3.055881e+00	9.724555e-01	6.184323e-02	2.467279e-01	7.767555e-02	4.388960e+00	1.001358e+00	8.422834e+00	6.886712e-01	2.455583e-01	2.123633e+00	8.223735e-01	1.040950e+00	6.884593e+01	1.443932e+02	3.112491e-01	3.187129e-02	-1.015086e-13	
1  102.266	2.276683e+00	1.244679e-01	6.908727e-01	3.062203e+00	9.725615e-01	6.884367e-02	2.340735e-01	5.483382e-02	4.412962e+00	9.975468e-01	9.111491e+00	6.901011e-01	2.455535e-01	2.137139e+00	8.277963e-01	1.042436e+00	6.907928e+01	1.443770e+02	3.098055e-01	3.050236e-02	3.680587e-14	
3  102.007	2.280961e+00	1.247128e-01	6.914407e-01	3.044521e+00	9.689638e-01	5.941197e-02	2.373725e-01	3.907185e-02	4.349530e+00	9.974318e-01	8.195943e+00	6.900024e-01	2.455713e-01	2.099777e+00	8.200756e-01	1.042624e+00	6.913836e+01	1.442559e+02	3.098852e-01	3.096471e-02	1.253154e-13	
2  101.852	2.274779e+00	1.253464e-01	6.884865e-01	3.046697e+00	9.668736e-01	6.196551e-02	2.472559e-01	3.606667e-02	4.394370e+00	9.954032e-01	8.473055e+00	6.861847e-01	2.455460e-01	2.104223e+00	8.219603e-01	1.042232e+00	6.884281e+01	1.441165e+02	3.137196e-01	3.219659e-02	8.322224e-14	
6  101.921	2.251068e+00	1.266653e-01	6.830529e-01	3.041475e+00	9.642758e-01	5.818324e-02	2.518598e-01	4.317756e-02	4.451358e+00	9.954472e-01	8.180315e+00	6.788276e-01	2.454476e-01	2.093236e+00	8.240994e-01	1.042448e+00	6.830346e+01	1.440194e+02	3.210978e-01	3.278972e-02	1.422487e-13	
3  103.673	2.258552e+00	1.266188e-01	6.745101e-01	3.025682e+00	9.648046e-01	5.025563e-02	2.132202e-01	4.260799e-02	4.422509e+00	9.953965e-01	7.320237e+00	6.707714e-01	2.454789e-01	2.060088e+00	8.170710e-01	1.040994e+00	6.745777e+01	1.441351e+02	3.290925e-01	2.766459e-02	5.163960e-14	
6  103.664	2.258552e+00	1.266188e-01	6.745101e-01	3.025682e+00	9.648046e-01	5.025563e-02	2.132202e-01	4.260799e-02	4.422509e+00	9.949955e-01	7.320237e+00	6.707714e-01	2.454789e-01	2.060088e+00	8.170710e-01	1.040994e+00	6.745777e+01	1.441351e+02	3.290925e-01	2.766459e-02	5.163960e-14	
3  103.769	2.259079e+00	1.268821e-01	6.844334e-01	2.997087e+00	9.671354e-01	3.893882e-02	2.620226e-01	7.156701e-02	4.454106e+00	9.922174e-01	6.084249e+00	6.794431e-01	2.454825e-01	2.002764e+00	8.071393e-01	1.042516e+00	6.845795e+01	1.438320e+02	3.204299e-01	3.399670e-02	1.953200e-13	
1  103.874	2.261311e+00	1.271822e-01	6.826408e-01	2.990082e+00	9.642989e-01	3.271459e-02	2.844929e-01	7.630344e-02	4.455107e+00	9.940844e-01	5.330624e+00	6.771565e-01	2.454929e-01	1.988692e+00	8.027861e-01	1.041478e+00	6.826828e+01	1.436262e+02	3.227060e-01	3.669139e-02	2.060607e-14	
1  103.108	2.261311e+00	1.271822e-01	6.826408e-01	2.990082e+00	9.642989e-01	3.271459e-02	2.844929e-01	7.630344e-02	4.455107e+00	9.958581e-01	5.330624e+00	6.771565e-01	2.454929e-01	1.988692e+00	8.027861e-01	1.041478e+00	6.826828e+01	1.436262e+02	3.227060e-01	3.669139e-02	2.060607e-14	
3  103.869	2.265256e+00	1.264827e-01	6.867833e-01	2.979316e+00	9.670611e-01	3.251830e-02	2.764684e-01	6.745767e-02	4.362319e+00	9.920335e-01	5.297428e+00	6.823690e-01	2.455093e-01	1.967567e+00	7.978951e-01	1.042156e+00	6.869144e+01	1.437962e+02	3.175014e-01	3.573634e-02	9.016693e-14	
7  103.359	2.263934e+00	1.262880e-01	6.878197e-01	2.983231e+00	9.634911e-01	3.335917e-02	2.724429e-01	8.513504e-02	4.431763e+00	9.929871e-01	5.404553e+00	6.837281e-01	2.455032e-01	1.975457e+00	7.981643e-01	1.042433e+00	6.878990e+01	1.438772e+02	3.161377e-01	3.535022e-02	1.066223e-13	
1  102.456	2.260883e+00	1.265043e-01	6.842731e-01	3.013115e+00	9.663102e-01	4.712705e-02	2.787859e-01	9.085644e-02	4.460073e+00	9.941046e-01	6.988853e+00	6.801801e-01	2.454896e-01	2.034651e+00	8.107603e-01	1.041483e+00	6.843092e+01	1.438285e+02	3.197069e-01	3.599316e-02	1.148574e-13	
3  103.318	2.266366e+00	1.260803e-01	6.820803e-01	3.021736e+00	9.662692e-01	5.062324e-02	2.558885e-01	8.377399e-02	4.470725e+00	9.951460e-01	7.339955e+00	6.789557e-01	2.455118e-01	2.052092e+00	8.129392e-01	1.041036e+00	6.821072e+01	1.439835e+02	3.209089e-01	3.306376e-02	4.185140e-14	
2  105.356	2.265524e+00	1.263443e-01	6.778035e-01	3.014329e+00	9.663564e-01	4.775901e-02	2.386596e-01	6.927987e-02	4.422077e+00	9.941382e-01	7.030697e+00	6.743965e-01	2.455086e-01	2.036725e+00	8.109263e-01	1.040648e+00	6.778911e+01	1.440100e+02	3.254300e-01	3.077441e-02	-2.234653e-14	
1  104.23	2.267299e+00	1.256940e-01	6.821574e-01	3.026072e+00	9.664878e-01	5.247515e-02	2.560851e-01	6.420034e-02	4.393228e+00	9.958359e-01	7.522866e+00	6.798340e-01	2.455156e-01	2.060910e+00	8.131821e-01	1.040639e+00	6.821859e+01	1.440688e+02	3.200224e-01	3.299718e-02	-3.257506e-14	
2  101.49	2.252837e+00	1.266804e-01	6.866712e-01	3.027226e+00	9.620440e-01	5.203294e-02	3.096000e-01	6.728479e-02	4.371597e+00	9.957019e-01	7.538744e+00	6.821797e-01	2.454556e-01	2.063651e+00	8.152138e-01	1.041544e+00	6.866384e+01	1.437239e+02	3.177474e-01	3.986733e-02	9.902492e-14	
10  101.351	2.252837e+00	1.266804e-01	6.866712e-01	3.027226e+00	9.620440e-01	5.203294e-02	3.096000e-01	6.728479e-02	4.371597e+00	9.968438e-01	7.538744e+00	6.821797e-01	2.454556e-01	2.063651e+00	8.152138e-01	1.041544e+00	6.866384e+01	1.437239e+02	3.177474e-01	3.986733e-02	9.902492e-14	
1  101.342	2.252837e+00	1.266804e-01	6.866712e-01	3.027226e+00	9.620440e-01	5.203294e-02	3.096000e-01	6.728479e-02	4.371597e+00	9.967233e-01	7.538744e+00	6.821797e-01	2.454556e-01	2.063651e+00	8.152138e-01	1.041544e+00	6.866384e+01	1.437239e+02	3.177474e-01	3.986733e-02	9.902492e-14	
1  101.021	2.251708e+00	1.264868e-01	6.914885e-01	3.038344e+00	9.649971e-01	5.792853e-02	3.361151e-01	7.880359e-02	4.355243e+00	9.968878e-01	8.150837e+00	6.869878e-01	2.454511e-01	2.086742e+00	8.197184e-01	1.041897e+00	6.914223e+01	1.436606e+02	3.129627e-01	4.316394e-02	8.779019e-14	
8  101.744	2.253642e+00	1.258905e-01	6.876864e-01	3.031168e+00	9.670574e-01	5.442782e-02	3.022437e-01	6.903041e-02	4.397157e+00	9.975761e-01	7.770424e+00	6.847670e-01	2.454590e-01	2.071681e+00	8.158465e-01	1.041272e+00	6.876589e+01	1.439474e+02	3.151644e-01	3.887017e-02	6.734319e-14	
2  101.76	2.253642e+00	1.258905e-01	6.876864e-01	3.031168e+00	9.670574e-01	5.442782e-02	3.022437e-01	6.903041e-02	4.397157e+00	9.970531e-01	7.770424e+00	6.847670e-01	2.454590e-01	2.071681e+00	8.158465e-01	1.041272e+00	6.876589e+01	1.439474e+02	3.151644e-01	3.887017e-02	6.734319e-14	
6  102.116	2.244588e+00	1.265628e-01	6.944192e-01	3.029586e+00	9.682222e-01	5.519507e-02	3.432219e-01	8.623182e-02	4.397388e+00	9.952470e-01	7.896309e+00	6.895173e-01	2.454220e-01	2.068699e+00	8.182865e-01	1.042778e+00	6.944070e+01	1.436852e+02	3.104361e-01	4.408585e-02	1.272738e-13	
2  102.93	2.243106e+00	1.268484e-01	6.914959e-01	3.024296e+00	9.698865e-01	5.485893e-02	3.640640e-01	7.002082e-02	4.359886e+00	9.930262e-01	7.860043e+00	6.864142e-01	2.454163e-01	2.057468e+00	8.159393e-01	1.041566e+00	6.914889e+01	1.435348e+02	3.135479e-01	4.643844e-02	1.161302e-13	
5  102.44	2.243106e+00	1.268484e-01	6.914959e-01	3.024296e+00	9.698865e-01	5.485893e-02	3.640640e-01	7.002082e-02	4.359886e+00	9.938212e-01	7.860043e+00	6.864142e-01	2.454163e-01	2.057468e+00	8.159393e-01	1.041566e+00	6.914889e+01	1.435348e+02	3.135479e-01	4.643844e-02	1.161302e-13	
5  102.361	2.240100e+00	1.273898e-01	6.893452e-01	3.007348e+00	9.694126e-01	4.520811e-02	3.443512e-01	5.278685e-02	4.346452e+00	9.943670e-01	6.844634e+00	6.833055e-01	2.454044e-01	2.023205e+00	8.117994e-01	1.042217e+00	6.894248e+01	1.435240e+02	3.166345e-01	4.409796e-02	1.389064e-13	
4  102.796	2.240100e+00	1.273898e-01	6.893452e-01	3.007348e+00	9.694126e-01	4.520811e-02	3.443512e-01	5.278685e-02	4.346452e+00	9.964532e-01	6.844634e+00	6.833055e-01	2.454044e-01	2.023205e+00	8.117994e-01	1.042217e+00	6.894248e+01	1.435240e+02	3.166345e-01	4.409796e-02	1.389064e-13	
2  103.492	2.239736e+00	1.270800e-01	6.928439e-01	3.007408e+00	9.673588e-01	4.207325e-02	3.425675e-01	4.301258e-02	4.279081e+00	9.994974e-01	6.494054e+00	6.870318e-01	2.454023e-01	2.023739e+00	8.110272e-01	1.042995e+00	6.929080e+01	1.436102e+02	3.128505e-01	4.401267e-02	8.728728e-14	
1  103.27	2.224276e+00	1.275875e-01	6.825106e-01	3.021790e+00	9.639193e-01	4.600406e-02	3.016080e-01	2.986371e-02	4.298777e+00	1.002006e+00	6.967704e+00	6.768126e-01	2.453371e-01	2.052835e+00	8.182616e-01	1.042271e+00	6.825145e+01	1.438432e+02	3.230950e-01	3.896581e-02	1.001313e-13	
1  104.025	2.216355e+00	1.279503e-01	6.809845e-01	3.023000e+00	9.634424e-01	4.949629e-02	3.015899e-01	1.705831e-02	4.285712e+00	9.991543e-01	7.376752e+00	6.747581e-01	2.453040e-01	2.055178e+00	8.200978e-01	1.042396e+00	6.810047e+01	1.438392e+02	3.251860e-01	3.895632e-02	1.168944e-13	
1  103.093	2.221104e+00	1.276450e-01	6.825394e-01	3.046286e+00	9.655740e-01	6.095718e-02	3.381395e-01	1.234766e-02	4.342454e+00	9.996793e-01	8.541910e+00	6.769326e-01	2.453234e-01	2.103118e+00	8.271695e-01	1.041204e+00	6.825098e+01	1.436943e+02	3.230539e-01	4.323519e-02	3.635734e-14	
1  103.966	2.205874e+00	1.287044e-01	6.810366e-01	3.053726e+00	9.620192e-01	6.498697e-02	3.359993e-01	1.754312e-03	4.333096e+00	9.983472e-01	9.016760e+00	6.734414e-01	2.452599e-01	2.119068e+00	8.340011e-01	1.042290e+00	6.809676e+01	1.436047e+02	3.265480e-01	4.318738e-02	1.021549e-14	
13  103.246	2.205874e+00	1.287044e-01	6.810366e-01	3.053726e+00	9.620192e-01	6.498697e-02	3.359993e-01	1.754312e-03	4.333096e+00	9.965746e-01	9.016760e+00	6.734414e-01	2.452599e-01	2.119068e+00	8.340011e-01	1.042290e+00	6.809676e+01	1.436047e+02	3.265480e-01	4.318738e-02	1.021549e-14	
1  102.776	2.208466e+00	1.292797e-01	6.834960e-01	3.044607e+00	9.606423e-01	5.687679e-02	3.715739e-01	2.255350e-02	4.293467e+00	9.990160e-01	8.201012e+00	6.744488e-01	2.452711e-01	2.100104e+00	8.305212e-01	1.042328e+00	6.834003e+01	1.432737e+02	3.254885e-01	4.756617e-02	1.736283e-14	
7  102.954	2.198885e+00	1.284741e-01	6.800797e-01	3.047154e+00	9.602805e-01	5.953586e-02	3.455327e-01	1.390255e-02	4.363721e+00	9.988258e-01	8.476325e+00	6.731935e-01	2.452300e-01	2.105279e+00	8.293861e-01	1.041661e+00	6.799931e+01	1.436935e+02	3.267916e-01	4.427639e-02	4.540011e-15	
9  102.606	2.207202e+00	1.284504e-01	6.835416e-01	3.031537e+00	9.588740e-01	5.211889e-02	3.474314e-01	6.001363e-03	4.330558e+00	9.981840e-01	7.690960e+00	6.762701e-01	2.452653e-01	2.072932e+00	8.227591e-01	1.042359e+00	6.834482e+01	1.436019e+02	3.236755e-01	4.462147e-02	2.386905e-14	
10  102.626	2.207202e+00	1.284504e-01	6.835416e-01	3.031537e+00	9.588740e-01	5.211889e-02	3.474314e-01	6.001363e-03	4.330558e+00	9.985390e-01	7.690960e+00	6.762701e-01	2.452653e-01	2.072932e+00	8.227591e-01	1.042359e+00	6.834482e+01	1.436019e+02	3.236755e-01	4.462147e-02	2.386905e-14	
4  102.659	2.207202e+00	1.284504e-01	6.835416e-01	3.031537e+00	9.588740e-01	5.211889e-02	3.474314e-01	6.001363e-03	4.330558e+00	9.976771e-01	7.690960e+00	6.762701e-01	2.452653e-01	2.072932e+00	8.227591e-01	1.042359e+00	6.834482e+01	1.436019e+02	3.236755e-01	4.462147e-02	2.386905e-14	
6  102.756	2.210914e+00	1.295168e-01	6.814450e-01	3.030603e+00	9.588638e-01	5.209795e-02	3.733245e-01	4.648652e-04	4.291085e+00	9.960401e-01	7.691687e+00	6.720095e-01	2.452811e-01	2.070746e+00	8.242779e-01	1.041841e+00	6.813721e+01	1.431816e+02	3.279453e-01	4.769313e-02	6.847792e-14	
10  102.358	2.210914e+00	1.295168e-01	6.814450e-01	3.030603e+00	9.588638e-01	5.209795e-02	3.733245e-01	4.648652e-04	4.291085e+00	9.972859e-01	7.691687e+00	6.720095e-01	2.452811e-01	2.070746e+00	8.242779e-01	1.041841e+00	6.813721e+01	1.431816e+02	3.279453e-01	4.769313e-02	6.847792e-14	
20  102.349	2.210914e+00	1.295168e-01	6.814450e-01	3.030603e+00	9.588638e-01	5.209795e-02	3.733245e-01	4.648652e-04	4.291085e+00	9.975781e-01	7.691687e+00	6.720095e-01	2.452811e-01	2.070746e+00	8.242779e-01	1.041841e+00	6.813721e+01	1.431816e+02	3.279453e-01	4.769313e-02	6.847792e-14	
8  102.534	2.210914e+00	1.295168e-01	6.814450e-01	3.030603e+00	9.588638e-01	5.209795e-02	3.733245e-01	4.648652e-04	4.291085e+00	9.985394e-01	7.691687e+00	6.720095e-01	2.452811e-01	2.070746e+00	8.242779e-01	1.041841e+00	6.813721e+01	1.431816e+02	3.279453e-01	4.769313e-02	6.847792e-14	
2  102.416	2.221234e+00	1.291096e-01	6.851665e-01	3.057719e+00	9.570102e-01	6.282069e-02	3.802652e-01	8.427939e-03	4.312256e+00	1.001106e+00	8.767014e+00	6.761863e-01	2.453238e-01	2.127645e+00	8.333001e-01	1.042012e+00	6.850545e+01	1.431381e+02	3.237734e-01	4.855356e-02	-2.100840e-14	
10  102.447	2.221234e+00	1.291096e-01	6.851665e-01	3.057719e+00	9.570102e-01	6.282069e-02	3.802652e-01	8.427939e-03	4.312256e+00	9.992369e-01	8.767014e+00	6.761863e-01	2.453238e-01	2.127645e+00	8.333001e-01	1.042012e+00	6.850545e+01	1.431381e+02	3.237734e-01	4.855356e-02	-2.100840e-14	
10  103.249	2.221234e+00	1.291096e-01	6.851665e-01	3.057719e+00	9.570102e-01	6.282069e-02	3.802652e-01	8.427939e-03	4.312256e+00	9.979128e-01	8.767014e+00	6.761863e-01	2.453238e-01	2.127645e+00	8.333001e-01	1.042012e+00	6.850545e+01	1.431381e+02	3.237734e-01	4.855356e-02	-2.100840e-14	
8  102.279	2.221234e+00	1.291096e-01	6.851665e-01	3.057719e+00	9.570102e-01	6.282069e-02	3.802652e-01	8.427939e-03	4.312256e+00	1.000388e+00	8.767014e+00	6.761863e-01	2.453238e-01	2.127645e+00	8.333001e-01	1.042012e+00	6.850545e+01	1.431381e+02	3.237734e-01	4.855356e-02	-2.100840e-14	
1  102.003	2.226851e+00	1.276266e-01	6.884736e-01	3.059451e+00	9.608658e-01	6.472961e-02	3.713647e-01	2.781009e-02	4.353675e+00	1.001201e+00	8.908850e+00	6.823303e-01	2.453472e-01	2.131305e+00	8.303834e-01	1.041654e+00	6.883882e+01	1.434808e+02	3.176419e-01	4.742066e-02	-1.157336e-14	
5  103.068	2.227045e+00	1.273542e-01	6.953267e-01	3.060956e+00	9.570396e-01	6.457089e-02	4.101849e-01	5.652948e-02	4.363570e+00	1.001994e+00	8.895200e+00	6.890490e-01	2.453484e-01	2.134720e+00	8.282179e-01	1.042077e+00	6.952336e+01	1.433679e+02	3.109287e-01	5.210880e-02	-7.568598e-14	
6  102.559	2.239172e+00	1.266830e-01	6.897916e-01	3.051812e+00	9.643748e-01	6.269752e-02	3.637398e-01	5.095293e-02	4.409429e+00	1.000574e+00	8.653731e+00	6.853098e-01	2.453986e-01	2.114921e+00	8.245714e-01	1.041015e+00	6.897546e+01	1.436174e+02	3.146587e-01	4.637607e-02	8.066744e-15	
3  102.559	2.239172e+00	1.266830e-01	6.897916e-01	3.051812e+00	9.643748e-01	6.269752e-02	3.637398e-01	5.095293e-02	4.409429e+00	1.000145e+00	8.653731e+00	6.853098e-01	2.453986e-01	2.114921e+00	8.245714e-01	1.041015e+00	6.897546e+01	1.436174e+02	3.146587e-01	4.637607e-02	8.066744e-15	
1  102.656	2.233555e+00	1.253050e-01	6.884299e-01	3.053125e+00	9.660737e-01	6.494075e-02	3.113949e-01	5.114076e-02	4.399397e+00	1.000456e+00	8.861559e+00	6.870872e-01	2.453746e-01	2.117696e+00	8.230075e-01	1.041131e+00	6.883875e+01	1.442637e+02	3.128926e-01	3.997310e-02	-7.266552e-15	
6  101.74	2.235296e+00	1.257181e-01	6.920020e-01	3.058438e+00	9.679415e-01	6.750885e-02	3.343495e-01	6.195081e-02	4.388831e+00	1.000202e+00	9.118989e+00	6.893851e-01	2.453825e-01	2.129099e+00	8.270168e-01	1.041774e+00	6.919237e+01	1.440338e+02	3.105907e-01	4.292173e-02	-1.288131e-14	
10  103.201	2.235296e+00	1.257181e-01	6.920020e-01	3.058438e+00	9.679415e-01	6.750885e-02	3.343495e-01	6.195081e-02	4.388831e+00	1.002293e+00	9.118989e+00	6.893851e-01	2.453825e-01	2.129099e+00	8.270168e-01	1.041774e+00	6.919237e+01	1.440338e+02	3.105907e-01	4.292173e-02	-1.288131e-14	
11  104.361	2.235296e+00	1.257181e-01	6.920020e-01	3.058438e+00	9.679415e-01	6.750885e-02	3.343495e-01	6.195081e-02	4.388831e+00	1.003226e+00	9.118989e+00	6.893851e-01	2.453825e-01	2.129099e+00	8.270168e-01	1.041774e+00	6.919237e+01	1.440338e+02	3.105907e-01	4.292173e-02	-1.288131e-14	
7  105.629	2.236108e+00	1.235177e-01	6.994490e-01	3.059618e+00	9.754453e-01	7.356075e-02	3.302474e-01	5.695277e-02	4.373332e+00	1.001217e+00	9.641642e+00	7.004333e-01	2.453860e-01	2.131642e+00	8.228441e-01	1.041811e+00	6.994025e+01	1.445928e+02	2.995614e-01	4.238670e-02	-2.327226e-14	
2  105.295	2.250684e+00	1.233613e-01	7.066683e-01	3.066069e+00	9.710343e-01	7.573015e-02	3.461248e-01	4.276087e-02	4.389216e+00	1.001600e+00	9.802863e+00	7.065319e-01	2.454474e-01	2.145464e+00	8.234046e-01	1.042806e+00	7.065795e+01	1.444017e+02	2.934412e-01	4.446478e-02	-7.432029e-14	
3  103.619	2.250684e+00	1.233613e-01	7.066683e-01	3.066069e+00	9.710343e-01	7.573015e-02	3.461248e-01	4.276087e-02	4.389216e+00	1.000162e+00	9.802863e+00	7.065319e-01	2.454474e-01	2.145464e+00	8.234046e-01	1.042806e+00	7.065795e+01	1.444017e+02	2.934412e-01	4.446478e-02	-7.432029e-14	
1  103.993	2.245409e+00	1.220999e-01	7.085420e-01	3.053572e+00	9.737619e-01	7.206015e-02	3.358828e-01	5.891430e-02	4.363664e+00	9.995387e-01	9.451960e+00	7.107078e-01	2.454253e-01	2.118924e+00	8.151481e-01	1.042532e+00	7.084712e+01	1.448243e+02	2.892874e-01	4.317611e-02	-2.175123e-14	
5  105.932	2.251817e+00	1.221643e-01	7.041224e-01	3.067866e+00	9.778873e-01	7.797500e-02	3.469217e-01	5.840838e-02	4.348208e+00	1.000758e+00	9.966950e+00	7.067986e-01	2.454509e-01	2.149261e+00	8.204259e-01	1.040774e+00	7.041413e+01	1.446894e+02	2.931503e-01	4.426521e-02	-5.696267e-14	
1  105.027	2.258574e+00	1.205612e-01	7.096568e-01	3.043595e+00	9.814974e-01	6.925063e-02	3.177744e-01	6.343848e-02	4.295449e+00	9.995251e-01	9.121596e+00	7.143888e-01	2.454791e-01	2.097873e+00	8.074042e-01	1.041504e+00	7.096202e+01	1.451625e+02	2.855810e-01	4.078401e-02	1.496449e-14	
1  104.473	2.258574e+00	1.205612e-01	7.096568e-01	3.043595e+00	9.814974e-01	6.925063e-02	3.177744e-01	6.343848e-02	4.295449e+00	9.988959e-01	9.121596e+00	7.143888e-01	2.454791e-01	2.097873e+00	8.074042e-01	1.041504e+00	7.096202e+01	1.451625e+02	2.855810e-01	4.078401e-02	1.496449e-14	
9  103.632	2.281131e+00	1.195260e-01	7.172430e-01	3.038746e+00	9.838665e-01	6.621879e-02	3.136802e-01	6.908135e-02	4.317775e+00	1.000186e+00	8.765565e+00	7.220090e-01	2.455721e-01	2.087855e+00	8.023198e-01	1.042130e+00	7.171999e+01	1.452052e+02	2.779535e-01	4.038315e-02	3.794208e-14	
1  103.008	2.281131e+00	1.195260e-01	7.172430e-01	3.038746e+00	9.838665e-01	6.621879e-02	3.136802e-01	6.908135e-02	4.317775e+00	9.993365e-01	8.765565e+00	7.220090e-01	2.455721e-01	2.087855e+00	8.023198e-01	1.042130e+00	7.171999e+01	1.452052e+02	2.779535e-01	4.038315e-02	3.794208e-14	
4  102.893	2.289717e+00	1.200570e-01	7.241614e-01	3.033457e+00	9.825851e-01	6.260275e-02	3.515644e-01	6.748973e-02	4.265702e+00	9.993344e-01	8.412073e+00	7.261653e-01	2.456076e-01	2.076832e+00	8.010436e-01	1.043162e+00	7.241769e+01	1.447958e+02	2.738023e-01	4.507303e-02	4.348792e-14	
4  103.308	2.314515e+00	1.186261e-01	7.267536e-01	3.044277e+00	9.846165e-01	6.867501e-02	3.192730e-01	8.462884e-02	4.322268e+00	9.997919e-01	8.895107e+00	7.303376e-01	2.457098e-01	2.099477e+00	8.005309e-01	1.042816e+00	7.267010e+01	1.450526e+02	2.696112e-01	4.113326e-02	6.829574e-14	
6  102.966	2.311235e+00	1.186321e-01	7.261718e-01	3.040400e+00	9.840029e-01	6.703316e-02	3.315132e-01	7.217836e-02	4.318860e+00	9.995514e-01	8.755646e+00	7.299380e-01	2.456968e-01	2.091416e+00	7.981781e-01	1.042325e+00	7.261039e+01	1.450264e+02	2.699948e-01	4.263128e-02	5.773306e-14	
6  105.032	2.323857e+00	1.172355e-01	7.316914e-01	3.037450e+00	9.846161e-01	7.102999e-02	3.337529e-01	5.337453e-02	4.359989e+00	9.958051e-01	9.065712e+00	7.362603e-01	2.457508e-01	2.085529e+00	7.912219e-01	1.041988e+00	7.315915e+01	1.452366e+02	2.636181e-01	4.291404e-02	9.580702e-14	
2  104.962	2.337375e+00	1.180136e-01	7.345378e-01	3.052575e+00	9.805847e-01	7.699011e-02	3.681149e-01	5.307497e-02	4.397394e+00	9.957364e-01	9.578473e+00	7.366117e-01	2.458081e-01	2.117318e+00	7.972128e-01	1.042100e+00	7.344637e+01	1.447287e+02	2.632666e-01	4.715795e-02	2.423227e-14	
7  105.157	2.347955e+00	1.183153e-01	7.336219e-01	3.060543e+00	9.783709e-01	7.835577e-02	3.397054e-01	5.512524e-02	4.388729e+00	9.973333e-01	9.668991e+00	7.352581e-01	2.458516e-01	2.134099e+00	8.017657e-01	1.042845e+00	7.335482e+01	1.446826e+02	2.646705e-01	4.369889e-02	-4.364178e-14	
2  106.919	2.347955e+00	1.183153e-01	7.336219e-01	3.060543e+00	9.783709e-01	7.835577e-02	3.397054e-01	5.512524e-02	4.388729e+00	9.994900e-01	9.668991e+00	7.352581e-01	2.458516e-01	2.134099e+00	8.017657e-01	1.042845e+00	7.335482e+01	1.446826e+02	2.646705e-01	4.369889e-02	-4.364178e-14	
6  106.758	2.340542e+00	1.190865e-01	7.276840e-01	3.054588e+00	9.744614e-01	7.531953e-02	3.329027e-01	6.049670e-02	4.347097e+00	9.985871e-01	9.441200e+00	7.295786e-01	2.458219e-01	2.121606e+00	8.011760e-01	1.042406e+00	7.276136e+01	1.445938e+02	2.703254e-01	4.289891e-02	-1.008861e-13	
2  107.024	2.324573e+00	1.200503e-01	7.225333e-01	3.052686e+00	9.701297e-01	7.327904e-02	3.220028e-01	2.575031e-02	4.379702e+00	9.985916e-01	9.317658e+00	7.242062e-01	2.457564e-01	2.117370e+00	8.037632e-01	1.042748e+00	7.224696e+01	1.445732e+02	2.757604e-01	4.153082e-02	-1.252361e-13	
8  105.799	2.324573e+00	1.200503e-01	7.225333e-01	3.052686e+00	9.701297e-01	7.327904e-02	3.220028e-01	2.575031e-02	4.379702e+00	9.975872e-01	9.317658e+00	7.242062e-01	2.457564e-01	2.117370e+00	8.037632e-01	1.042748e+00	7.224696e+01	1.445732e+02	2.757604e-01	4.153082e-02	-1.252361e-13	
2  105.725	2.306185e+00	1.207268e-01	7.216197e-01	3.035718e+00	9.689771e-01	6.488759e-02	3.975534e-01	3.900622e-02	4.430453e+00	9.971668e-01	8.616429e+00	7.224677e-01	2.456802e-01	2.081836e+00	7.962793e-01	1.041143e+00	7.216321e+01	1.442234e+02	2.774120e-01	5.055476e-02	-3.246218e-14	
1  105.782	2.306185e+00	1.207268e-01	7.216197e-01	3.035718e+00	9.689771e-01	6.488759e-02	3.975534e-01	3.900622e-02	4.430453e+00	9.964761e-01	8.616429e+00	7.224677e-01	2.456802e-01	2.081836e+00	7.962793e-01	1.041143e+00	7.216321e+01	1.442234e+02	2.774120e-01	5.055476e-02	-3.246218e-14	
3  103.335	2.291048e+00	1.215026e-01	7.185725e-01	3.031304e+00	9.677071e-01	6.378463e-02	3.735378e-01	4.681533e-02	4.439285e+00	9.949259e-01	8.556896e+00	7.189829e-01	2.456174e-01	2.072573e+00	7.990364e-01	1.042298e+00	7.184954e+01	1.443115e+02	2.810091e-01	4.776002e-02	-3.553182e-15	
1  103.574	2.278996e+00	1.219790e-01	7.183113e-01	3.024368e+00	9.679132e-01	6.110218e-02	4.056561e-01	6.255872e-02	4.397727e+00	9.940325e-01	8.336977e+00	7.180644e-01	2.455672e-01	2.058261e+00	7.972452e-01	1.041967e+00	7.182281e+01	1.441650e+02	2.819132e-01	5.159447e-02	5.254000e-14	
2  103.779	2.279893e+00	1.210107e-01	7.203199e-01	3.026811e+00	9.716441e-01	6.341801e-02	3.649324e-01	8.039000e-02	4.372499e+00	9.943580e-01	8.536056e+00	7.215080e-01	2.455708e-01	2.063244e+00	7.979695e-01	1.042871e+00	7.202537e+01	1.445968e+02	2.785198e-01	4.672430e-02	3.778934e-14	
10  103.514	2.262121e+00	1.217933e-01	7.185247e-01	3.035820e+00	9.720203e-01	6.648831e-02	4.119391e-01	8.534376e-02	4.440505e+00	9.952972e-01	8.887596e+00	7.189419e-01	2.454963e-01	2.081853e+00	8.030482e-01	1.042075e+00	7.184373e+01	1.443622e+02	2.810452e-01	5.235162e-02	5.348697e-14	
3  103.716	2.258006e+00	1.237386e-01	7.139336e-01	3.048598e+00	9.700185e-01	7.123429e-02	4.456371e-01	8.442131e-02	4.449783e+00	9.946371e-01	9.380354e+00	7.115794e-01	2.454788e-01	2.108488e+00	8.131064e-01	1.041762e+00	7.138528e+01	1.437612e+02	2.883900e-01	5.639126e-02	3.824905e-14	
4  104.909	2.258006e+00	1.237386e-01	7.139336e-01	3.048598e+00	9.700185e-01	7.123429e-02	4.456371e-01	8.442131e-02	4.449783e+00	9.932880e-01	9.380354e+00	7.115794e-01	2.454788e-01	2.108488e+00	8.131064e-01	1.041762e+00	7.138528e+01	1.437612e+02	2.883900e-01	5.639126e-02	3.824905e-14	
2  104.262	2.255555e+00	1.234688e-01	7.143311e-01	3.046638e+00	9.707322e-01	7.000262e-02	4.356886e-01	9.414021e-02	4.503206e+00	9.939285e-01	9.266669e+00	7.124846e-01	2.454686e-01	2.104375e+00	8.122118e-01	1.041994e+00	7.142400e+01	1.439018e+02	2.874970e-01	5.522066e-02	2.775863e-14	
4  103.974	2.250821e+00	1.240861e-01	7.082207e-01	3.048475e+00	9.685716e-01	7.047912e-02	4.163244e-01	8.282353e-02	4.567820e+00	9.936082e-01	9.333248e+00	7.063525e-01	2.454485e-01	2.108158e+00	8.147938e-01	1.041651e+00	7.081337e+01	1.438880e+02	2.936215e-01	5.286144e-02	3.717020e-14	
1  103.117	2.250821e+00	1.240861e-01	7.082207e-01	3.048475e+00	9.685716e-01	7.047912e-02	4.163244e-01	8.282353e-02	4.567820e+00	9.952007e-01	9.333248e+00	7.063525e-01	2.454485e-01	2.108158e+00	8.147938e-01	1.041651e+00	7.081337e+01	1.438880e+02	2.936215e-01	5.286144e-02	3.717020e-14	
2  104.905	2.260780e+00	1.241622e-01	7.033832e-01	3.050756e+00	9.676840e-01	7.511743e-02	3.876217e-01	7.556147e-02	4.559029e+00	9.916125e-01	9.729642e+00	7.019149e-01	2.454896e-01	2.112874e+00	8.156643e-01	1.041033e+00	7.033598e+01	1.438931e+02	2.979934e-01	4.933903e-02	4.597306e-14	
3  103.804	2.279731e+00	1.232504e-01	7.049963e-01	3.061775e+00	9.688096e-01	7.934465e-02	3.277010e-01	1.106871e-01	4.556403e+00	9.933549e-01	1.004297e+01	7.047679e-01	2.455687e-01	2.136397e+00	8.192929e-01	1.042051e+00	7.049342e+01	1.442054e+02	2.951806e-01	4.224253e-02	-2.346188e-15	
2  105.474	2.299301e+00	1.220214e-01	7.043139e-01	3.073876e+00	9.689130e-01	8.209313e-02	2.921952e-01	1.130012e-01	4.532315e+00	9.971690e-01	1.019994e+01	7.062528e-01	2.456498e-01	2.162606e+00	8.196763e-01	1.041259e+00	7.043060e+01	1.444707e+02	2.935986e-01	3.778287e-02	-1.473524e-13	
2  104.021	2.286776e+00	1.229591e-01	7.023767e-01	3.062697e+00	9.679099e-01	7.498227e-02	3.166246e-01	1.422333e-01	4.512787e+00	9.977948e-01	9.622984e+00	7.030147e-01	2.455974e-01	2.138395e+00	8.177073e-01	1.041180e+00	7.023547e+01	1.442525e+02	2.968726e-01	4.074481e-02	-1.054540e-13	
6  103.408	2.286776e+00	1.229591e-01	7.023767e-01	3.062697e+00	9.679099e-01	7.498227e-02	3.166246e-01	1.422333e-01	4.512787e+00	9.965919e-01	9.622984e+00	7.030147e-01	2.455974e-01	2.138395e+00	8.177073e-01	1.041180e+00	7.023547e+01	1.442525e+02	2.968726e-01	4.074481e-02	-1.054540e-13	
10  103.995	2.293536e+00	1.224180e-01	7.023788e-01	3.074929e+00	9.684324e-01	8.258775e-02	2.797508e-01	1.327053e-01	4.562040e+00	9.956760e-01	1.026837e+01	7.039730e-01	2.456256e-01	2.164795e+00	8.222539e-01	1.041683e+00	7.023357e+01	1.444929e+02	2.959135e-01	3.629934e-02	-1.154609e-13	
1  102.776	2.283631e+00	1.227164e-01	7.030754e-01	3.053350e+00	9.670467e-01	7.167239e-02	2.952615e-01	1.385595e-01	4.548325e+00	9.956291e-01	9.327035e+00	7.041746e-01	2.455846e-01	2.118511e+00	8.141686e-01	1.041937e+00	7.030000e+01	1.444526e+02	2.957655e-01	3.821197e-02	-4.663877e-14	
3  102.744	2.290710e+00	1.220697e-01	7.031069e-01	3.056833e+00	9.677056e-01	6.950788e-02	2.753143e-01	1.389881e-01	4.507711e+00	9.997416e-01	9.094441e+00	7.053726e-01	2.456136e-01	2.125941e+00	8.137341e-01	1.041762e+00	7.030440e+01	1.446344e+02	2.945532e-01	3.567973e-02	-7.632710e-14	
2  103.006	2.290710e+00	1.220697e-01	7.031069e-01	3.056833e+00	9.677056e-01	6.950788e-02	2.753143e-01	1.389881e-01	4.507711e+00	1.000045e+00	9.094441e+00	7.053726e-01	2.456136e-01	2.125941e+00	8.137341e-01	1.041762e+00	7.030440e+01	1.446344e+02	2.945532e-01	3.567973e-02	-7.632710e-14	
2  102.984	2.282726e+00	1.234606e-01	7.035983e-01	3.056506e+00	9.620423e-01	6.863225e-02	3.393841e-01	1.347002e-01	4.478332e+00	9.989363e-01	9.065016e+00	7.031162e-01	2.455813e-01	2.125253e+00	8.146412e-01	1.041390e+00	7.036131e+01	1.440628e+02	2.968336e-01	4.349434e-02	-9.789169e-14	
3  103.214	2.273655e+00	1.250474e-01	6.982327e-01	3.055228e+00	9.569756e-01	6.299756e-02	3.531069e-01	1.383199e-01	4.485820e+00	1.001589e+00	8.578395e+00	6.954587e-01	2.455433e-01	2.122507e+00	8.175610e-01	1.041239e+00	6.983142e+01	1.436982e+02	3.045265e-01	4.506047e-02	-6.590858e-14	
3  103.69	2.262801e+00	1.250203e-01	6.987289e-01	3.050497e+00	9.571909e-01	5.976656e-02	3.130262e-01	1.251047e-01	4.503265e+00	1.002702e+00	8.289088e+00	6.960927e-01	2.454980e-01	2.112463e+00	8.186482e-01	1.042988e+00	6.986825e+01	1.440198e+02	3.038839e-01	4.029664e-02	-9.929464e-14	
3  103.921	2.262801e+00	1.250203e-01	6.987289e-01	3.050497e+00	9.571909e-01	5.976656e-02	3.130262e-01	1.251047e-01	4.503265e+00	1.003009e+00	8.289088e+00	6.960927e-01	2.454980e-01	2.112463e+00	8.186482e-01	1.042988e+00	6.986825e+01	1.440198e+02	3.038839e-01	4.029664e-02	-9.929464e-14	
1  103.697	2.245428e+00	1.252939e-01	6.985066e-01	3.044199e+00	9.569776e-01	5.573480e-02	3.346526e-01	1.283269e-01	4.463804e+00	1.003947e+00	7.929602e+00	6.956653e-01	2.454254e-01	2.099354e+00	8.169268e-01	1.042947e+00	6.984573e+01	1.440355e+02	3.042968e-01	4.294235e-02	-8.133948e-14	
5  102.853	2.245075e+00	1.250815e-01	6.904001e-01	3.041434e+00	9.566459e-01	5.230533e-02	2.896925e-01	1.233101e-01	4.486344e+00	1.006018e+00	7.563813e+00	6.889994e-01	2.454230e-01	2.093591e+00	8.153512e-01	1.041896e+00	6.904047e+01	1.442978e+02	3.109725e-01	3.734558e-02	5.706437e-14	
1  102.937	2.254678e+00	1.245653e-01	6.991122e-01	3.047721e+00	9.568645e-01	5.646299e-02	3.301530e-01	1.285835e-01	4.548076e+00	1.005416e+00	7.967830e+00	6.975565e-01	2.454641e-01	2.106759e+00	8.151336e-01	1.042285e+00	6.991245e+01	1.441357e+02	3.024406e-01	4.229822e-02	-1.515746e-14	
13  103.104	2.254678e+00	1.245653e-01	6.991122e-01	3.047721e+00	9.568645e-01	5.646299e-02	3.301530e-01	1.285835e-01	4.548076e+00	1.005694e+00	7.967830e+00	6.975565e-01	2.454641e-01	2.106759e+00	8.151336e-01	1.042285e+00	6.991245e+01	1.441357e+02	3.024406e-01	4.229822e-02	-1.515746e-14	
1  104.898	2.233853e+00	1.251238e-01	6.993589e-01	3.020758e+00	9.556935e-01	4.263784e-02	3.475262e-01	1.059733e-01	4.566865e+00	1.005867e+00	6.545891e+00	6.969153e-01	2.453771e-01	2.051152e+00	8.065458e-01	1.042908e+00	6.993417e+01	1.441413e+02	3.029761e-01	4.445492e-02	-7.610508e-14	
1  104.934	2.243619e+00	1.249784e-01	6.981364e-01	3.017850e+00	9.566487e-01	4.115176e-02	3.802297e-01	9.761097e-02	4.547180e+00	1.005888e+00	6.351200e+00	6.960670e-01	2.454179e-01	2.044920e+00	8.022937e-01	1.041041e+00	6.982442e+01	1.439121e+02	3.039035e-01	4.820367e-02	1.161918e-13	
8  104.837	2.230074e+00	1.264081e-01	6.950767e-01	3.022239e+00	9.545817e-01	4.284161e-02	4.040441e-01	8.314999e-02	4.533111e+00	1.004985e+00	6.588166e+00	6.906812e-01	2.453610e-01	2.053988e+00	8.078821e-01	1.041177e+00	6.951308e+01	1.435944e+02	3.092864e-01	5.113327e-02	9.552241e-14	
4  105.564	2.240341e+00	1.249681e-01	7.053210e-01	3.024303e+00	9.579974e-01	4.841882e-02	3.727669e-01	8.278056e-02	4.479434e+00	1.002416e+00	7.171418e+00	7.022120e-01	2.454050e-01	2.058207e+00	8.077078e-01	1.043447e+00	7.052805e+01	1.439959e+02	2.977194e-01	4.755804e-02	-1.595207e-13	
1  104.039	2.239174e+00	1.250631e-01	6.992076e-01	3.035308e+00	9.567080e-01	5.151190e-02	3.862415e-01	1.010747e-01	4.516530e+00	1.004414e+00	7.499723e+00	6.969397e-01	2.453990e-01	2.080843e+00	8.098559e-01	1.041360e+00	6.992601e+01	1.439127e+02	3.030646e-01	4.901349e-02	8.338913e-14	
5  104.047	2.237203e+00	1.238152e-01	6.976146e-01	3.038048e+00	9.602114e-01	5.275296e-02	3.407191e-01	1.116768e-01	4.583690e+00	1.006202e+00	7.609726e+00	6.981892e-01	2.453903e-01	2.086492e+00	8.092359e-01	1.041197e+00	6.976768e+01	1.444605e+02	3.018111e-01	4.348437e-02	7.884204e-14	
3  103.394	2.242339e+00	1.237530e-01	7.025554e-01	3.038013e+00	9.631692e-01	5.255653e-02	3.682366e-01	1.118237e-01	4.551357e+00	1.006549e+00	7.578327e+00	7.024649e-01	2.454120e-01	2.086475e+00	8.092443e-01	1.041503e+00	7.025971e+01	1.442927e+02	2.975194e-01	4.693161e-02	6.880872e-14	
3  102.482	2.233679e+00	1.245294e-01	7.020969e-01	3.050302e+00	9.642678e-01	6.182242e-02	3.770250e-01	1.077242e-01	4.574793e+00	1.003182e+00	8.553269e+00	7.006652e-01	2.453761e-01	2.112174e+00	8.177721e-01	1.042109e+00	7.020227e+01	1.441501e+02	2.993107e-01	4.813865e-02	-4.020147e-14	
5  103.437	2.240249e+00	1.249231e-01	7.004202e-01	3.042706e+00	9.637690e-01	6.173073e-02	3.405867e-01	1.241404e-01	4.583326e+00	9.991935e-01	8.539699e+00	6.982149e-01	2.454040e-01	2.096075e+00	8.174552e-01	1.043064e+00	7.003271e+01	1.441537e+02	3.017712e-01	4.378931e-02	-6.227419e-14	
6  102.385	2.237827e+00	1.246460e-01	6.993047e-01	3.061958e+00	9.653627e-01	7.179890e-02	3.491126e-01	1.228164e-01	4.522132e+00	9.992618e-01	9.502519e+00	6.979439e-01	2.453936e-01	2.136704e+00	8.240628e-01	1.042241e+00	6.992034e+01	1.442036e+02	3.020413e-01	4.479557e-02	-6.498024e-14	
2  102.184	2.237827e+00	1.246460e-01	6.993047e-01	3.061958e+00	9.653627e-01	7.179890e-02	3.491126e-01	1.228164e-01	4.522132e+00	9.986306e-01	9.502519e+00	6.979439e-01	2.453936e-01	2.136704e+00	8.240628e-01	1.042241e+00	6.992034e+01	1.442036e+02	3.020413e-01	4.479557e-02	-6.498024e-14	
1  102.018	2.235468e+00	1.247363e-01	6.975206e-01	3.054933e+00	9.640839e-01	6.732980e-02	3.425807e-01	1.189548e-01	4.499702e+00	9.993636e-01	9.087572e+00	6.962606e-01	2.453835e-01	2.121785e+00	8.212043e-01	1.042100e+00	6.974222e+01	1.442379e+02	3.037292e-01	4.396966e-02	-4.073456e-14	
11  102.363	2.239657e+00	1.244319e-01	6.921345e-01	3.047890e+00	9.617932e-01	6.375531e-02	2.984173e-01	1.156326e-01	4.510421e+00	9.994464e-01	8.721970e+00	6.920874e-01	2.454003e-01	2.106824e+00	8.172400e-01	1.041597e+00	6.920677e+01	1.444761e+02	3.079020e-01	3.846202e-02	5.263835e-16	
5  102.285	2.239068e+00	1.239083e-01	6.959797e-01	3.050580e+00	9.636308e-01	6.309705e-02	2.964669e-01	1.126683e-01	4.523371e+00	1.001992e+00	8.651789e+00	6.965438e-01	2.453981e-01	2.112630e+00	8.178666e-01	1.042260e+00	6.958971e+01	1.446259e+02	3.034409e-01	3.829816e-02	-3.447347e-14	
1  102.847	2.247297e+00	1.233164e-01	6.946316e-01	3.044690e+00	9.648541e-01	6.126418e-02	2.932647e-01	1.067355e-01	4.534639e+00	1.001513e+00	8.435408e+00	6.964564e-01	2.454321e-01	2.100107e+00	8.127154e-01	1.041148e+00	6.946049e+01	1.446996e+02	3.035176e-01	3.773506e-02	1.357421e-14	
1  102.68	2.247297e+00	1.233164e-01	6.946316e-01	3.044690e+00	9.648541e-01	6.126418e-02	2.932647e-01	1.067355e-01	4.534639e+00	1.001229e+00	8.435408e+00	6.964564e-01	2.454321e-01	2.100107e+00	8.127154e-01	1.041148e+00	6.946049e+01	1.446996e+02	3.035176e-01	3.773506e-02	1.357421e-14	
4  102.774	2.254679e+00	1.229992e-01	6.965137e-01	3.037224e+00	9.658996e-01	6.040918e-02	2.585825e-01	9.740563e-02	4.665350e+00	9.988613e-01	8.332297e+00	6.985644e-01	2.454633e-01	2.084576e+00	8.107175e-01	1.042343e+00	6.964334e+01	1.448683e+02	3.014206e-01	3.362473e-02	4.096888e-14	
1  102.95	2.243720e+00	1.238784e-01	6.914321e-01	3.038481e+00	9.617803e-01	5.915724e-02	2.545307e-01	9.391708e-02	4.652042e+00	9.995630e-01	8.250079e+00	6.925005e-01	2.454173e-01	2.087184e+00	8.132070e-01	1.042195e+00	6.913514e+01	1.447831e+02	3.074901e-01	3.309734e-02	2.436824e-14	
4  102.912	2.242293e+00	1.238120e-01	6.896236e-01	3.040393e+00	9.627900e-01	6.093494e-02	2.512610e-01	1.127633e-01	4.599534e+00	9.990055e-01	8.425685e+00	6.910889e-01	2.454111e-01	2.091080e+00	8.138477e-01	1.041751e+00	6.895527e+01	1.448288e+02	3.088962e-01	3.263567e-02	3.060922e-14	
1  103.384	2.242293e+00	1.238120e-01	6.896236e-01	3.040393e+00	9.627900e-01	6.093494e-02	2.512610e-01	1.127633e-01	4.599534e+00	9.994181e-01	8.425685e+00	6.910889e-01	2.454111e-01	2.091080e+00	8.138477e-01	1.041751e+00	6.895527e+01	1.448288e+02	3.088962e-01	3.263567e-02	3.060922e-14	
9  102.102	2.253708e+00	1.241424e-01	6.953529e-01	3.058604e+00	9.623201e-01	6.686935e-02	3.016171e-01	1.362743e-01	4.553903e+00	1.001601e+00	8.981216e+00	6.952434e-01	2.454593e-01	2.129565e+00	8.203427e-01	1.041749e+00	6.953032e+01	1.443828e+02	3.047349e-01	3.887619e-02	-4.656389e-14	
1  101.9	2.253708e+00	1.241424e-01	6.953529e-01	3.058604e+00	9.623201e-01	6.686935e-02	3.016171e-01	1.362743e-01	4.553903e+00	1.001279e+00	8.981216e+00	6.952434e-01	2.454593e-01	2.129565e+00	8.203427e-01	1.041749e+00	6.953032e+01	1.443828e+02	3.047349e-01	3.887619e-02	-4.656389e-14	
12  102.368	2.255081e+00	1.245215e-01	7.009625e-01	3.046049e+00	9.619982e-01	6.176252e-02	3.282825e-01	1.425129e-01	4.521485e+00	9.997618e-01	8.497410e+00	6.992428e-01	2.454658e-01	2.103073e+00	8.164897e-01	1.042827e+00	7.008788e+01	1.441530e+02	3.007438e-01	4.224851e-02	-5.272143e-14	
4  102.156	2.242924e+00	1.245000e-01	7.007382e-01	3.055058e+00	9.630846e-01	6.466597e-02	3.656276e-01	1.232397e-01	4.561465e+00	1.001628e+00	8.806948e+00	6.993892e-01	2.454147e-01	2.122133e+00	8.189526e-01	1.041818e+00	7.006844e+01	1.441096e+02	3.005991e-01	4.671074e-02	-2.512410e-14	
12  102.138	2.245753e+00	1.243226e-01	7.016681e-01	3.039797e+00	9.629497e-01	5.914297e-02	3.405848e-01	1.124027e-01	4.507379e+00	9.998355e-01	8.257195e+00	7.004399e-01	2.454269e-01	2.090055e+00	8.134723e-01	1.042669e+00	7.015807e+01	1.442438e+02	2.995479e-01	4.374211e-02	-2.759844e-14	
1  101.533	2.253577e+00	1.247814e-01	6.983577e-01	3.042273e+00	9.613898e-01	5.992403e-02	3.318352e-01	1.107468e-01	4.498173e+00	9.994305e-01	8.322737e+00	6.965230e-01	2.454593e-01	2.095161e+00	8.150687e-01	1.042261e+00	6.982764e+01	1.440849e+02	3.034636e-01	4.265356e-02	3.568828e-15	
7  101.459	2.253577e+00	1.247814e-01	6.983577e-01	3.042273e+00	9.613898e-01	5.992403e-02	3.318352e-01	1.107468e-01	4.498173e+00	9.979148e-01	8.322737e+00	6.965230e-01	2.454593e-01	2.095161e+00	8.150687e-01	1.042261e+00	6.982764e+01	1.440849e+02	3.034636e-01	4.265356e-02	3.568828e-15	
3  103.211	2.255827e+00	1.243342e-01	7.090788e-01	3.038075e+00	9.657003e-01	5.983242e-02	4.067784e-01	1.077456e-01	4.482574e+00	9.968757e-01	8.303952e+00	7.064915e-01	2.454694e-01	2.086471e+00	8.111194e-01	1.042333e+00	7.089944e+01	1.438217e+02	2.934958e-01	5.175537e-02	9.540096e-15	
4  102.551	2.255827e+00	1.243342e-01	7.090788e-01	3.038075e+00	9.657003e-01	5.983242e-02	4.067784e-01	1.077456e-01	4.482574e+00	9.976245e-01	8.303952e+00	7.064915e-01	2.454694e-01	2.086471e+00	8.111194e-01	1.042333e+00	7.089944e+01	1.438217e+02	2.934958e-01	5.175537e-02	9.540096e-15	
3  101.525	2.249289e+00	1.230596e-01	7.039658e-01	3.028077e+00	9.700273e-01	5.744760e-02	3.273824e-01	9.642880e-02	4.438058e+00	9.971465e-01	8.053860e+00	7.048924e-01	2.454414e-01	2.065716e+00	8.068314e-01	1.042390e+00	7.039011e+01	1.445827e+02	2.950923e-01	4.212243e-02	5.732030e-14	
2  101.533	2.239407e+00	1.239116e-01	6.986363e-01	3.031234e+00	9.679247e-01	5.798806e-02	3.284507e-01	9.903616e-02	4.428677e+00	9.972508e-01	8.144056e+00	6.988326e-01	2.454000e-01	2.072161e+00	8.102068e-01	1.041953e+00	6.985593e+01	1.444690e+02	3.011525e-01	4.221077e-02	5.853362e-14	
1  101.794	2.239120e+00	1.239004e-01	6.973488e-01	3.028764e+00	9.674114e-01	5.745373e-02	3.040642e-01	9.135400e-02	4.487978e+00	9.965930e-01	8.092010e+00	6.977182e-01	2.453989e-01	2.067077e+00	8.100985e-01	1.042395e+00	6.972820e+01	1.445909e+02	3.022763e-01	3.925811e-02	6.717704e-14	
6  101.692	2.239120e+00	1.239004e-01	6.973488e-01	3.028764e+00	9.674114e-01	5.745373e-02	3.040642e-01	9.135400e-02	4.487978e+00	9.950941e-01	8.092010e+00	6.977182e-01	2.453989e-01	2.067077e+00	8.100985e-01	1.042395e+00	6.972820e+01	1.445909e+02	3.022763e-01	3.925811e-02	6.717704e-14	
4  102.096	2.246682e+00	1.235499e-01	6.994692e-01	3.033785e+00	9.691624e-01	6.152801e-02	2.965975e-01	7.194306e-02	4.330267e+00	9.939974e-01	8.474514e+00	7.001126e-01	2.454304e-01	2.077423e+00	8.117326e-01	1.042696e+00	6.994195e+01	1.446334e+02	2.998934e-01	3.835855e-02	7.333830e-14	
10  102.263	2.246682e+00	1.235499e-01	6.994692e-01	3.033785e+00	9.691624e-01	6.152801e-02	2.965975e-01	7.194306e-02	4.330267e+00	9.952570e-01	8.474514e+00	7.001126e-01	2.454304e-01	2.077423e+00	8.117326e-01	1.042696e+00	6.994195e+01	1.446334e+02	2.998934e-01	3.835855e-02	7.333830e-14	
2  102.092	2.246682e+00	1.235499e-01	6.994692e-01	3.033785e+00	9.691624e-01	6.152801e-02	2.965975e-01	7.194306e-02	4.330267e+00	9.944663e-01	8.474514e+00	7.001126e-01	2.454304e-01	2.077423e+00	8.117326e-01	1.042696e+00	6.994195e+01	1.446334e+02	2.998934e-01	3.835855e-02	7.333830e-14	
4  102.176	2.247197e+00	1.245069e-01	6.927426e-01	3.022631e+00	9.687237e-01	5.620620e-02	3.046019e-01	6.809532e-02	4.386014e+00	9.931749e-01	7.948578e+00	6.923124e-01	2.454325e-01	2.054147e+00	8.088567e-01	1.041444e+00	6.927077e+01	1.443490e+02	3.076443e-01	3.917240e-02	1.105361e-13	
4  101.867	2.249728e+00	1.259084e-01	6.875935e-01	3.040419e+00	9.664893e-01	6.279370e-02	2.887975e-01	7.633002e-02	4.435580e+00	9.935057e-01	8.627221e+00	6.847295e-01	2.454425e-01	2.090881e+00	8.205113e-01	1.041819e+00	6.875604e+01	1.440468e+02	3.152329e-01	3.730240e-02	9.633601e-14	
5  101.945	2.249728e+00	1.259084e-01	6.875935e-01	3.040419e+00	9.664893e-01	6.279370e-02	2.887975e-01	7.633002e-02	4.435580e+00	9.927435e-01	8.627221e+00	6.847295e-01	2.454425e-01	2.090881e+00	8.205113e-01	1.041819e+00	6.875604e+01	1.440468e+02	3.152329e-01	3.730240e-02	9.633601e-14	
1  104.344	2.252563e+00	1.259268e-01	6.802100e-01	3.028833e+00	9.674617e-01	5.603125e-02	2.573269e-01	8.614879e-02	4.414666e+00	9.936267e-01	7.926476e+00	6.778333e-01	2.454541e-01	2.066413e+00	8.158441e-01	1.040660e+00	6.802576e+01	1.441633e+02	3.220592e-01	3.309639e-02	8.299947e-16	
4  104.221	2.256789e+00	1.269539e-01	6.800321e-01	3.065409e+00	9.626274e-01	6.976642e-02	2.827679e-01	6.481131e-02	4.476736e+00	9.961192e-01	9.285021e+00	6.753569e-01	2.454712e-01	2.143615e+00	8.317473e-01	1.040661e+00	6.800706e+01	1.437372e+02	3.245474e-01	3.635497e-02	-1.365989e-13	
1  104.07	2.256789e+00	1.269539e-01	6.800321e-01	3.065409e+00	9.626274e-01	6.976642e-02	2.827679e-01	6.481131e-02	4.476736e+00	9.972459e-01	9.285021e+00	6.753569e-01	2.454712e-01	2.143615e+00	8.317473e-01	1.040661e+00	6.800706e+01	1.437372e+02	3.245474e-01	3.635497e-02	-1.365989e-13	
2  103.743	2.243324e+00	1.290074e-01	6.776898e-01	3.047171e+00	9.549208e-01	5.864968e-02	2.726003e-01	6.004655e-02	4.472343e+00	9.965845e-01	8.292193e+00	6.688091e-01	2.454149e-01	2.105201e+00	8.306067e-01	1.042694e+00	6.776614e+01	1.434304e+02	3.311078e-01	3.547022e-02	6.526075e-14	
7  102.431	2.237201e+00	1.286686e-01	6.731906e-01	3.053749e+00	9.560784e-01	6.047704e-02	2.678424e-01	4.585282e-02	4.569249e+00	9.985191e-01	8.468992e+00	6.654037e-01	2.453892e-01	2.118881e+00	8.317929e-01	1.041374e+00	6.731944e+01	1.435949e+02	3.345266e-01	3.466534e-02	1.320280e-14	
5  102.711	2.237201e+00	1.286686e-01	6.731906e-01	3.053749e+00	9.560784e-01	6.047704e-02	2.678424e-01	4.585282e-02	4.569249e+00	9.991305e-01	8.468992e+00	6.654037e-01	2.453892e-01	2.118881e+00	8.317929e-01	1.041374e+00	6.731944e+01	1.435949e+02	3.345266e-01	3.466534e-02	1.320280e-14	
1  103.803	2.233798e+00	1.284693e-01	6.776277e-01	3.023631e+00	9.573119e-01	4.752595e-02	2.636285e-01	3.155389e-02	4.555198e+00	9.976481e-01	7.132680e+00	6.700513e-01	2.453758e-01	2.056535e+00	8.206487e-01	1.042713e+00	6.776448e+01	1.437047e+02	3.298405e-01	3.435032e-02	1.557142e-13	
4  102.598	2.245967e+00	1.271223e-01	6.822680e-01	3.042151e+00	9.604720e-01	5.704017e-02	2.616238e-01	4.425281e-02	4.597716e+00	9.987923e-01	8.085561e+00	6.771939e-01	2.454264e-01	2.094726e+00	8.245462e-01	1.042482e+00	6.822236e+01	1.439149e+02	3.227319e-01	3.404194e-02	1.059342e-13	
1  101.819	2.245967e+00	1.271223e-01	6.822680e-01	3.042151e+00	9.604720e-01	5.704017e-02	2.616238e-01	4.425281e-02	4.597716e+00	9.971718e-01	8.085561e+00	6.771939e-01	2.454264e-01	2.094726e+00	8.245462e-01	1.042482e+00	6.822236e+01	1.439149e+02	3.227319e-01	3.404194e-02	1.059342e-13	
3  101.91	2.245971e+00	1.260523e-01	6.909136e-01	3.025899e+00	9.649283e-01	5.178990e-02	2.946552e-01	3.944653e-02	4.595100e+00	9.960899e-01	7.527733e+00	6.873785e-01	2.454272e-01	2.061171e+00	8.154317e-01	1.042833e+00	6.908935e+01	1.440255e+02	3.125559e-01	3.814080e-02	1.276275e-13	
2  101.641	2.244261e+00	1.260122e-01	6.918139e-01	3.021488e+00	9.651388e-01	4.989275e-02	3.334758e-01	4.163434e-02	4.586472e+00	9.959176e-01	7.324318e+00	6.883847e-01	2.454205e-01	2.052014e+00	8.116669e-01	1.041806e+00	6.917599e+01	1.438703e+02	3.115612e-01	4.281262e-02	1.004171e-13	
4  101.978	2.250596e+00	1.251092e-01	6.955692e-01	3.036896e+00	9.673255e-01	5.643972e-02	3.409238e-01	4.410425e-02	4.519808e+00	9.979395e-01	7.977309e+00	6.935003e-01	2.454465e-01	2.083814e+00	8.150810e-01	1.041562e+00	6.955019e+01	1.439925e+02	3.064581e-01	4.369449e-02	6.003007e-14	
1  102.007	2.250596e+00	1.251092e-01	6.955692e-01	3.036896e+00	9.673255e-01	5.643972e-02	3.409238e-01	4.410425e-02	4.519808e+00	9.979037e-01	7.977309e+00	6.935003e-01	2.454465e-01	2.083814e+00	8.150810e-01	1.041562e+00	6.955019e+01	1.439925e+02	3.064581e-01	4.369449e-02	6.003007e-14	
1  101.172	2.243825e+00	1.252341e-01	6.938609e-01	3.026213e+00	9.665685e-01	5.048828e-02	3.072710e-01	3.167168e-02	4.549183e+00	9.984438e-01	7.379422e+00	6.917898e-01	2.454182e-01	2.061905e+00	8.129296e-01	1.042505e+00	6.938158e+01	1.441917e+02	3.081411e-01	3.967001e-02	8.658059e-14	
4  101.288	2.256083e+00	1.250277e-01	6.962106e-01	3.025537e+00	9.631635e-01	4.933358e-02	3.081849e-01	4.300629e-02	4.585740e+00	9.988124e-01	7.228024e+00	6.940409e-01	2.454694e-01	2.060563e+00	8.105278e-01	1.042616e+00	6.961581e+01	1.441081e+02	3.058870e-01	3.978004e-02	8.564927e-14	
2  104.578	2.239537e+00	1.266899e-01	6.945133e-01	3.030795e+00	9.660903e-01	5.002435e-02	3.256981e-01	3.850682e-02	4.578299e+00	9.994571e-01	7.366324e+00	6.892627e-01	2.454004e-01	2.071520e+00	8.200068e-01	1.043656e+00	6.945321e+01	1.437895e+02	3.105712e-01	4.198302e-02	4.191734e-14	
6  102.072	2.242372e+00	1.271660e-01	6.894339e-01	3.041231e+00	9.688215e-01	5.496640e-02	3.269178e-01	4.455776e-02	4.555053e+00	9.993457e-01	7.882262e+00	6.837797e-01	2.454126e-01	2.092969e+00	8.254387e-01	1.042538e+00	6.893938e+01	1.436361e+02	3.161283e-01	4.207062e-02	1.131013e-13	
1  102.165	2.237654e+00	1.259905e-01	6.933232e-01	3.039502e+00	9.712240e-01	5.706611e-02	3.260358e-01	3.999747e-02	4.513633e+00	9.982284e-01	8.091238e+00	6.898583e-01	2.453928e-01	2.089362e+00	8.221049e-01	1.042650e+00	6.932942e+01	1.439811e+02	3.100777e-01	4.196730e-02	6.354451e-14	
1  102.278	2.234818e+00	1.259134e-01	6.927346e-01	3.049888e+00	9.708313e-01	5.974771e-02	3.388532e-01	4.056365e-02	4.501177e+00	1.000621e+00	8.363017e+00	6.896018e-01	2.453808e-01	2.111165e+00	8.251941e-01	1.042047e+00	6.926659e+01	1.439728e+02	3.103487e-01	4.351159e-02	5.204231e-15	
4  101.805	2.246213e+00	1.236736e-01	6.955459e-01	3.052470e+00	9.746782e-01	6.335975e-02	2.967779e-01	2.697575e-02	4.431471e+00	1.000933e+00	8.648643e+00	6.965466e-01	2.454274e-01	2.116514e+00	8.206190e-01	1.041690e+00	6.954868e+01	1.446100e+02	3.034271e-01	3.825956e-02	-3.674142e-14	
2  101.705	2.246213e+00	1.236736e-01	6.955459e-01	3.052470e+00	9.746782e-01	6.335975e-02	2.967779e-01	2.697575e-02	4.431471e+00	1.002449e+00	8.648643e+00	6.965466e-01	2.454274e-01	2.116514e+00	8.206190e-01	1.041690e+00	6.954868e+01	1.446100e+02	3.034271e-01	3.825956e-02	-3.674142e-14	
3  102.961	2.237146e+00	1.246993e-01	6.866886e-01	3.057002e+00	9.737579e-01	6.170656e-02	2.704812e-01	1.785535e-02	4.347082e+00	1.005064e+00	8.521282e+00	6.866851e-01	2.453897e-01	2.126067e+00	8.262184e-01	1.041279e+00	6.866642e+01	1.445782e+02	3.133081e-01	3.490029e-02	-7.654354e-14	
2  102.156	2.253633e+00	1.247298e-01	6.933027e-01	3.064614e+00	9.710650e-01	6.348410e-02	2.746413e-01	1.774711e-02	4.367181e+00	1.006225e+00	8.661140e+00	6.921412e-01	2.454580e-01	2.142543e+00	8.291791e-01	1.042666e+00	6.932265e+01	1.443656e+02	3.077492e-01	3.561896e-02	-3.503636e-15	
3  101.935	2.243436e+00	1.257232e-01	6.966313e-01	3.061132e+00	9.684669e-01	6.388935e-02	3.368891e-01	3.053964e-02	4.397872e+00	1.003258e+00	8.750488e+00	6.932328e-01	2.454165e-01	2.135080e+00	8.289285e-01	1.042821e+00	6.965405e+01	1.439347e+02	3.066689e-01	4.333775e-02	-3.605783e-14	
2  101.977	2.243436e+00	1.257232e-01	6.966313e-01	3.061132e+00	9.684669e-01	6.388935e-02	3.368891e-01	3.053964e-02	4.397872e+00	1.003885e+00	8.750488e+00	6.932328e-01	2.454165e-01	2.135080e+00	8.289285e-01	1.042821e+00	6.965405e+01	1.439347e+02	3.066689e-01	4.333775e-02	-3.605783e-14	
2  103.03	2.240313e+00	1.261404e-01	6.927156e-01	3.067077e+00	9.652238e-01	6.729206e-02	3.102532e-01	2.434555e-02	4.348753e+00	1.002850e+00	9.097945e+00	6.889062e-01	2.454034e-01	2.147714e+00	8.327718e-01	1.043075e+00	6.926177e+01	1.439888e+02	3.109923e-01	4.007602e-02	-7.861331e-14	
4  105.873	2.257919e+00	1.250222e-01	6.969665e-01	3.074294e+00	9.623096e-01	7.082604e-02	3.765807e-01	3.208128e-02	4.397025e+00	1.003415e+00	9.354552e+00	6.947215e-01	2.454771e-01	2.163225e+00	8.262779e-01	1.040476e+00	6.971284e+01	1.437650e+02	3.052584e-01	4.777797e-02	-4.868880e-14	
1  102.289	2.260196e+00	1.258695e-01	6.998667e-01	3.059561e+00	9.588194e-01	6.445010e-02	3.853840e-01	4.541173e-02	4.338518e+00	1.001277e+00	8.768992e+00	6.954771e-01	2.454872e-01	2.131677e+00	8.226892e-01	1.041827e+00	6.998467e+01	1.434920e+02	3.045127e-01	4.906591e-02	-3.313199e-14	
1  102.146	2.252641e+00	1.261483e-01	6.985085e-01	3.071722e+00	9.606975e-01	6.802700e-02	3.793783e-01	5.357888e-02	4.338875e+00	1.003590e+00	9.134198e+00	6.938565e-01	2.454556e-01	2.157770e+00	8.299416e-01	1.042119e+00	6.984620e+01	1.435324e+02	3.061056e-01	4.838417e-02	-6.380938e-14	
8  102.034	2.252641e+00	1.261483e-01	6.985085e-01	3.071722e+00	9.606975e-01	6.802700e-02	3.793783e-01	5.357888e-02	4.338875e+00	1.004061e+00	9.134198e+00	6.938565e-01	2.454556e-01	2.157770e+00	8.299416e-01	1.042119e+00	6.984620e+01	1.435324e+02	3.061056e-01	4.838417e-02	-6.380938e-14	
2  103.352	2.269773e+00	1.256803e-01	7.011746e-01	3.089003e+00	9.635361e-01	7.715406e-02	3.972670e-01	2.905202e-02	4.301826e+00	1.003905e+00	9.923262e+00	6.967949e-01	2.455274e-01	2.195405e+00	8.346783e-01	1.041353e+00	7.012287e+01	1.433795e+02	3.031642e-01	5.048033e-02	-8.285418e-14	
1  103.44	2.269773e+00	1.256803e-01	7.011746e-01	3.089003e+00	9.635361e-01	7.715406e-02	3.972670e-01	2.905202e-02	4.301826e+00	1.006617e+00	9.923262e+00	6.967949e-01	2.455274e-01	2.195405e+00	8.346783e-01	1.041353e+00	7.012287e+01	1.433795e+02	3.031642e-01	5.048033e-02	-8.285418e-14	
1  103.063	2.266319e+00	1.258316e-01	7.058155e-01	3.076140e+00	9.612579e-01	6.971465e-02	4.097312e-01	1.846191e-02	4.282987e+00	1.007282e+00	9.253245e+00	7.005127e-01	2.455134e-01	2.167294e+00	8.298867e-01	1.042527e+00	7.057830e+01	1.433262e+02	2.994434e-01	5.201853e-02	-9.655804e-14	
1  103.837	2.269143e+00	1.256537e-01	7.066804e-01	3.087380e+00	9.629694e-01	7.223421e-02	4.050021e-01	2.140013e-02	4.305393e+00	1.010349e+00	9.472484e+00	7.015226e-01	2.455252e-01	2.191831e+00	8.347150e-01	1.042678e+00	7.066700e+01	1.433618e+02	2.983975e-01	5.143239e-02	-1.054879e-13	
5  104.061	2.276787e+00	1.250236e-01	7.046354e-01	3.097373e+00	9.644652e-01	7.788607e-02	3.945569e-01	1.422310e-02	4.331350e+00	1.010347e+00	9.954299e+00	7.009251e-01	2.455571e-01	2.213965e+00	8.362892e-01	1.041584e+00	7.047358e+01	1.434814e+02	2.990413e-01	5.012041e-02	-6.819516e-14	
2  104.939	2.288109e+00	1.230914e-01	7.100774e-01	3.103751e+00	9.690689e-01	8.203191e-02	3.740696e-01	4.765734e-02	4.318881e+00	1.011632e+00	1.025035e+01	7.091334e-01	2.456038e-01	2.228139e+00	8.339865e-01	1.041551e+00	7.102207e+01	1.439387e+02	2.908275e-01	4.764821e-02	-5.940832e-14	
4  104.255	2.288109e+00	1.230914e-01	7.100774e-01	3.103751e+00	9.690689e-01	8.203191e-02	3.740696e-01	4.765734e-02	4.318881e+00	1.010317e+00	1.025035e+01	7.091334e-01	2.456038e-01	2.228139e+00	8.339865e-01	1.041551e+00	7.102207e+01	1.439387e+02	2.908275e-01	4.764821e-02	-5.940832e-14	
2  106.017	2.276968e+00	1.229008e-01	7.036962e-01	3.112437e+00	9.657235e-01	8.469926e-02	3.332815e-01	2.975595e-02	4.297113e+00	1.012036e+00	1.050838e+01	7.044188e-01	2.455577e-01	2.247623e+00	8.371789e-01	1.041180e+00	7.039666e+01	1.442963e+02	2.955574e-01	4.254226e-02	-6.547868e-14	
3  107.137	2.284341e+00	1.211563e-01	7.082694e-01	3.119161e+00	9.667206e-01	8.736928e-02	2.857341e-01	4.441333e-02	4.327434e+00	1.014416e+00	1.067502e+01	7.115980e-01	2.455886e-01	2.262578e+00	8.361135e-01	1.042109e+00	7.085000e+01	1.448874e+02	2.883403e-01	3.668340e-02	-1.019549e-13	
1  107.222	2.292805e+00	1.206888e-01	7.103141e-01	3.109178e+00	9.655595e-01	8.372085e-02	2.825722e-01	6.991052e-02	4.364220e+00	1.013394e+00	1.032632e+01	7.140132e-01	2.456243e-01	2.240063e+00	8.296019e-01	1.042091e+00	7.105592e+01	1.449301e+02	2.859587e-01	3.624982e-02	-1.033764e-13	
2  106.747	2.292805e+00	1.206888e-01	7.103141e-01	3.109178e+00	9.655595e-01	8.372085e-02	2.825722e-01	6.991052e-02	4.364220e+00	1.013012e+00	1.032632e+01	7.140132e-01	2.456243e-01	2.240063e+00	8.296019e-01	1.042091e+00	7.105592e+01	1.449301e+02	2.859587e-01	3.624982e-02	-1.033764e-13	
1  106.227	2.286453e+00	1.214905e-01	7.118073e-01	3.101398e+00	9.664468e-01	7.878489e-02	3.419614e-01	6.315596e-02	4.370307e+00	1.013349e+00	9.931720e+00	7.137625e-01	2.455975e-01	2.222839e+00	8.274927e-01	1.041510e+00	7.121358e+01	1.445123e+02	2.862512e-01	4.355364e-02	-4.890561e-15	
5  105.938	2.299838e+00	1.223058e-01	7.093753e-01	3.084751e+00	9.639341e-01	6.683088e-02	3.203327e-01	5.004983e-02	4.330893e+00	1.015248e+00	8.816565e+00	7.098384e-01	2.456528e-01	2.186241e+00	8.232325e-01	1.042038e+00	7.096247e+01	1.442638e+02	2.901790e-01	4.087026e-02	4.710630e-14	
2  106.513	2.302219e+00	1.224326e-01	7.074859e-01	3.071459e+00	9.638889e-01	5.816773e-02	3.029027e-01	3.946177e-02	4.431170e+00	1.016895e+00	7.975354e+00	7.079560e-01	2.456619e-01	2.157493e+00	8.187467e-01	1.042154e+00	7.077209e+01	1.442880e+02	2.920450e-01	3.872210e-02	1.694784e-13	
7  106.052	2.302219e+00	1.224326e-01	7.074859e-01	3.071459e+00	9.638889e-01	5.816773e-02	3.029027e-01	3.946177e-02	4.431170e+00	1.016365e+00	7.975354e+00	7.079560e-01	2.456619e-01	2.157493e+00	8.187467e-01	1.042154e+00	7.077209e+01	1.442880e+02	2.920450e-01	3.872210e-02	1.694784e-13	
3  106.629	2.307692e+00	1.229515e-01	7.094831e-01	3.076247e+00	9.625912e-01	6.143401e-02	3.513584e-01	4.288830e-02	4.421404e+00	1.014767e+00	8.298008e+00	7.084296e-01	2.456861e-01	2.167883e+00	8.198168e-01	1.041469e+00	7.098331e+01	1.438688e+02	2.916374e-01	4.459469e-02	1.464337e-13	
4  106.7	2.307692e+00	1.229515e-01	7.094831e-01	3.076247e+00	9.625912e-01	6.143401e-02	3.513584e-01	4.288830e-02	4.421404e+00	1.013405e+00	8.298008e+00	7.084296e-01	2.456861e-01	2.167883e+00	8.198168e-01	1.041469e+00	7.098331e+01	1.438688e+02	2.916374e-01	4.459469e-02	1.464337e-13	
2  107.988	2.307263e+00	1.241976e-01	6.976803e-01	3.079666e+00	9.608780e-01	6.096533e-02	3.095172e-01	2.085591e-02	4.461902e+00	1.013919e+00	8.264577e+00	6.958269e-01	2.456845e-01	2.175446e+00	8.255458e-01	1.040743e+00	6.980276e+01	1.437544e+02	3.042276e-01	3.939977e-02	6.882027e-14	
3  107.849	2.331111e+00	1.226822e-01	7.074326e-01	3.101482e+00	9.639160e-01	7.082794e-02	2.925697e-01	2.700385e-02	4.454758e+00	1.016114e+00	9.105421e+00	7.066546e-01	2.457835e-01	2.223421e+00	8.309351e-01	1.041959e+00	7.076988e+01	1.439613e+02	2.933458e-01	3.732393e-02	-1.192465e-15	
4  109.727	2.331165e+00	1.223821e-01	7.151041e-01	3.089156e+00	9.632984e-01	6.505825e-02	3.615271e-01	2.742539e-03	4.508045e+00	1.016038e+00	8.575585e+00	7.135469e-01	2.457847e-01	2.196133e+00	8.221359e-01	1.041517e+00	7.156065e+01	1.437129e+02	2.865660e-01	4.567908e-02	1.665965e-13	
1  107.877	2.330717e+00	1.225842e-01	7.198638e-01	3.095209e+00	9.626147e-01	7.156005e-02	3.643785e-01	4.772067e-03	4.527695e+00	1.012611e+00	9.176363e+00	7.170126e-01	2.457826e-01	2.208896e+00	8.262501e-01	1.043028e+00	7.201337e+01	1.436616e+02	2.829915e-01	4.606976e-02	-7.839315e-14	
6  109.055	2.314168e+00	1.232746e-01	7.206977e-01	3.087295e+00	9.615469e-01	6.796888e-02	3.850616e-01	4.548064e-03	4.460863e+00	1.011879e+00	8.897248e+00	7.166780e-01	2.457134e-01	2.191183e+00	8.257287e-01	1.043733e+00	7.209246e+01	1.435738e+02	2.832683e-01	4.853636e-02	-1.442611e-13	
2  108.987	2.314168e+00	1.232746e-01	7.206977e-01	3.087295e+00	9.615469e-01	6.796888e-02	3.850616e-01	4.548064e-03	4.460863e+00	1.012089e+00	8.897248e+00	7.166780e-01	2.457134e-01	2.191183e+00	8.257287e-01	1.043733e+00	7.209246e+01	1.435738e+02	2.832683e-01	4.853636e-02	-1.442611e-13	
1  105.953	2.302133e+00	1.235373e-01	7.195320e-01	3.075154e+00	9.631865e-01	6.602474e-02	4.062020e-01	1.020536e-02	4.477491e+00	1.008513e+00	8.762011e+00	7.155744e-01	2.456629e-01	2.164953e+00	8.216708e-01	1.043281e+00	7.196552e+01	1.435355e+02	2.843951e-01	5.133838e-02	-9.384640e-14	
7  105.396	2.301873e+00	1.248702e-01	7.138455e-01	3.081269e+00	9.622127e-01	6.719399e-02	4.244413e-01	8.444524e-03	4.472071e+00	1.008725e+00	8.899953e+00	7.083616e-01	2.456621e-01	2.178534e+00	8.271582e-01	1.042407e+00	7.139802e+01	1.431170e+02	2.916328e-01	5.359188e-02	3.281608e-15	
10  104.745	2.301873e+00	1.248702e-01	7.138455e-01	3.081269e+00	9.622127e-01	6.719399e-02	4.244413e-01	8.444524e-03	4.472071e+00	1.009682e+00	8.899953e+00	7.083616e-01	2.456621e-01	2.178534e+00	8.271582e-01	1.042407e+00	7.139802e+01	1.431170e+02	2.916328e-01	5.359188e-02	3.281608e-15	
2  104.828	2.301873e+00	1.248702e-01	7.138455e-01	3.081269e+00	9.622127e-01	6.719399e-02	4.244413e-01	8.444524e-03	4.472071e+00	1.009529e+00	8.899953e+00	7.083616e-01	2.456621e-01	2.178534e+00	8.271582e-01	1.042407e+00	7.139802e+01	1.431170e+02	2.916328e-01	5.359188e-02	3.281608e-15	
2  105.186	2.299939e+00	1.254460e-01	7.138627e-01	3.075827e+00	9.599693e-01	6.503548e-02	4.416371e-01	3.496602e-03	4.496018e+00	1.008270e+00	8.713347e+00	7.072753e-01	2.456545e-01	2.166693e+00	8.257304e-01	1.042475e+00	7.139985e+01	1.429171e+02	2.927326e-01	5.562638e-02	-9.393319e-15	
3  106.043	2.318122e+00	1.253451e-01	7.113867e-01	3.079735e+00	9.585459e-01	6.441227e-02	3.890651e-01	4.468344e-04	4.538490e+00	1.010138e+00	8.598285e+00	7.049671e-01	2.457300e-01	2.175176e+00	8.277245e-01	1.042927e+00	7.115161e+01	1.429922e+02	2.950060e-01	4.921467e-02	-4.240833e-14	
1  105.294	2.303129e+00	1.256183e-01	7.106345e-01	3.063492e+00	9.567607e-01	5.820090e-02	4.244713e-01	8.915241e-03	4.493156e+00	1.008356e+00	8.044279e+00	7.041758e-01	2.456679e-01	2.140269e+00	8.203260e-01	1.042209e+00	7.108311e+01	1.429172e+02	2.958614e-01	5.351576e-02	5.424321e-14	
2  104.958	2.296633e+00	1.252037e-01	7.065223e-01	3.049483e+00	9.590006e-01	5.545591e-02	4.128235e-01	4.676723e-03	4.559761e+00	1.005294e+00	7.780203e+00	7.017301e-01	2.456401e-01	2.110512e+00	8.137251e-01	1.041168e+00	7.066970e+01	1.431377e+02	2.982809e-01	5.220512e-02	6.631464e-14	
5  104.503	2.296633e+00	1.252037e-01	7.065223e-01	3.049483e+00	9.590006e-01	5.545591e-02	4.128235e-01	4.676723e-03	4.559761e+00	1.006835e+00	7.780203e+00	7.017301e-01	2.456401e-01	2.110512e+00	8.137251e-01	1.041168e+00	7.066970e+01	1.431377e+02	2.982809e-01	5.220512e-02	6.631464e-14	
5  103.135	2.293664e+00	1.241567e-01	7.103339e-01	3.042816e+00	9.604385e-01	5.395965e-02	3.772278e-01	2.425187e-03	4.538511e+00	1.006485e+00	7.618926e+00	7.071004e-01	2.456273e-01	2.096444e+00	8.102323e-01	1.042477e+00	7.103780e+01	1.436010e+02	2.928883e-01	4.801355e-02	3.895201e-14	
1  103.619	2.293664e+00	1.241567e-01	7.103339e-01	3.042816e+00	9.604385e-01	5.395965e-02	3.772278e-01	2.425187e-03	4.538511e+00	1.007216e+00	7.618926e+00	7.071004e-01	2.456273e-01	2.096444e+00	8.102323e-01	1.042477e+00	7.103780e+01	1.436010e+02	2.928883e-01	4.801355e-02	3.895201e-14	
16  103.517	2.288636e+00	1.241966e-01	7.073018e-01	3.049502e+00	9.640753e-01	5.468821e-02	3.841887e-01	1.139419e-02	4.563472e+00	1.009974e+00	7.700409e+00	7.046087e-01	2.456057e-01	2.110542e+00	8.134737e-01	1.041541e+00	7.073925e+01	1.436093e+02	2.953832e-01	4.883956e-02	1.202099e-13	
3  104.654	2.293236e+00	1.239656e-01	7.132199e-01	3.052119e+00	9.619925e-01	5.523979e-02	3.827098e-01	2.416064e-02	4.490627e+00	1.010615e+00	7.740649e+00	7.098413e-01	2.456251e-01	2.115955e+00	8.141211e-01	1.042942e+00	7.133025e+01	1.436292e+02	2.901213e-01	4.861172e-02	4.450865e-14	
1  103.875	2.293236e+00	1.239656e-01	7.132199e-01	3.052119e+00	9.619925e-01	5.523979e-02	3.827098e-01	2.416064e-02	4.490627e+00	1.009022e+00	7.740649e+00	7.098413e-01	2.456251e-01	2.115955e+00	8.141211e-01	1.042942e+00	7.133025e+01	1.436292e+02	2.901213e-01	4.861172e-02	4.450865e-14	
