7  103.235	2.253877e+00	1.244839e-01	7.196897e-01	3.024443e+00	9.710158e-01	5.172796e-02	4.906544e-01	4.973953e-02	2.092301e+00	1.002217e+00	7.485985e+00	7.148711e-01	2.454599e-01	2.058351e+00	8.058845e-01	1.042785e+00	7.196569e+01	1.434142e+02	2.850452e-01	6.175314e-02	-9.142608e-15	
4  104.473	2.233547e+00	1.268595e-01	7.089162e-01	3.024336e+00	9.579533e-01	5.164638e-02	5.014417e-01	1.670264e-01	2.027696e+00	9.994877e-01	7.566410e+00	7.016736e-01	2.453755e-01	2.058265e+00	8.093697e-01	1.042303e+00	7.087827e+01	1.430009e+02	2.983021e-01	6.289303e-02	-2.956018e-15	
2  103.78	2.234729e+00	1.289668e-01	7.106604e-01	3.031937e+00	9.652737e-01	5.931956e-02	5.602054e-01	3.622755e-01	2.182420e+00	9.960510e-01	8.394526e+00	6.989610e-01	2.453816e-01	2.073744e+00	8.204468e-01	1.042946e+00	7.105396e+01	1.422112e+02	3.010125e-01	6.992641e-02	-1.842305e-14	
1  102.86	2.232601e+00	1.266139e-01	7.057635e-01	3.008016e+00	9.729508e-01	4.350963e-02	4.634642e-01	6.553343e-01	2.723266e+00	1.000477e+00	6.665607e+00	6.995181e-01	2.453723e-01	2.025071e+00	8.081052e-01	1.042446e+00	7.057885e+01	1.432390e+02	3.003785e-01	5.859719e-02	-1.017313e-13	
4  104.821	2.241978e+00	1.261847e-01	7.144269e-01	2.967482e+00	9.772055e-01	3.317285e-02	5.243843e-01	7.052771e-01	3.606992e+00	9.938762e-01	5.428946e+00	7.073102e-01	2.454149e-01	1.944696e+00	7.897319e-01	1.042233e+00	7.145615e+01	1.429578e+02	2.926054e-01	6.552755e-02	-2.645835e-13	
1  105.606	2.242307e+00	1.302249e-01	7.136712e-01	2.951048e+00	9.736401e-01	2.210974e-02	6.575117e-01	8.713670e-01	3.147436e+00	9.957291e-01	4.042704e+00	6.987687e-01	2.454187e-01	1.912656e+00	7.904078e-01	1.041694e+00	7.136652e+01	1.413904e+02	3.011598e-01	8.079516e-02	-4.813060e-13	
1  103.605	2.240855e+00	1.283481e-01	7.140066e-01	3.020311e+00	9.691601e-01	5.596827e-02	6.037358e-01	7.176682e-01	2.721429e+00	9.963757e-01	8.019130e+00	7.029067e-01	2.454071e-01	2.049773e+00	8.124959e-01	1.041717e+00	7.139201e+01	1.420957e+02	2.970423e-01	7.489061e-02	6.833151e-14	
1  103.442	2.240855e+00	1.283481e-01	7.140066e-01	3.020311e+00	9.691601e-01	5.596827e-02	6.037358e-01	7.176682e-01	2.721429e+00	9.975820e-01	8.019130e+00	7.029067e-01	2.454071e-01	2.049773e+00	8.124959e-01	1.041717e+00	7.139201e+01	1.420957e+02	2.970423e-01	7.489061e-02	6.833151e-14	
3  104.458	2.267849e+00	1.330714e-01	7.370902e-01	3.020535e+00	9.759832e-01	6.389410e-02	9.034258e-01	5.747729e-01	3.379505e+00	9.934063e-01	8.848640e+00	7.120520e-01	2.455222e-01	2.050240e+00	8.211274e-01	1.042507e+00	7.370966e+01	1.394066e+02	2.879187e-01	1.080770e-01	1.529999e-13	
1  105.26	2.269562e+00	1.328476e-01	7.443617e-01	3.004493e+00	9.764195e-01	5.816795e-02	9.602379e-01	5.644867e-01	3.530239e+00	9.930419e-01	8.268462e+00	7.179553e-01	2.455295e-01	2.017839e+00	8.123662e-01	1.042475e+00	7.443448e+01	1.391973e+02	2.819941e-01	1.141069e-01	1.660653e-13	
1  104.129	2.297779e+00	1.296746e-01	7.517589e-01	3.014233e+00	9.826252e-01	6.290999e-02	8.782442e-01	7.872989e-01	3.997951e+00	9.939993e-01	8.620253e+00	7.286481e-01	2.456450e-01	2.037462e+00	8.102624e-01	1.043228e+00	7.518199e+01	1.399873e+02	2.713528e-01	1.053631e-01	9.169057e-14	
2  103.904	2.277297e+00	1.297167e-01	7.464289e-01	3.019133e+00	9.786838e-01	6.025542e-02	8.663153e-01	8.523833e-01	3.632416e+00	9.984733e-01	8.406684e+00	7.250814e-01	2.455599e-01	2.047517e+00	8.117140e-01	1.042738e+00	7.463856e+01	1.402372e+02	2.748545e-01	1.042081e-01	1.648143e-14	
3  103.885	2.336546e+00	1.300295e-01	7.676679e-01	3.078518e+00	9.846841e-01	8.976902e-02	9.920008e-01	8.326742e-01	3.836395e+00	1.000612e+00	1.096917e+01	7.386023e-01	2.458020e-01	2.172325e+00	8.337189e-01	1.043276e+00	7.676964e+01	1.390221e+02	2.613297e-01	1.175854e-01	-1.138300e-13	
2  103.138	2.346959e+00	1.289097e-01	7.654154e-01	3.042975e+00	9.849372e-01	7.276887e-02	9.518373e-01	8.161027e-01	3.776909e+00	1.000020e+00	9.423409e+00	7.387028e-01	2.458443e-01	2.096765e+00	8.155385e-01	1.042543e+00	7.653889e+01	1.393465e+02	2.612070e-01	1.134344e-01	-5.171821e-15	
5  104.193	2.353103e+00	1.264278e-01	7.710717e-01	3.027214e+00	9.932864e-01	6.810431e-02	9.151687e-01	5.061420e-01	4.291615e+00	9.991979e-01	8.935290e+00	7.465369e-01	2.458675e-01	2.064093e+00	8.044022e-01	1.042591e+00	7.710320e+01	1.400155e+02	2.533469e-01	1.094974e-01	3.616661e-14	
1  105.397	2.342116e+00	1.263358e-01	7.704600e-01	3.072544e+00	9.916242e-01	9.172578e-02	9.232112e-01	2.540203e-01	4.261158e+00	9.986787e-01	1.103521e+01	7.464601e-01	2.458235e-01	2.159731e+00	8.218974e-01	1.042362e+00	7.705120e+01	1.401089e+02	2.533995e-01	1.104054e-01	4.859045e-14	
1  105.784	2.395894e+00	1.262218e-01	7.892887e-01	3.030572e+00	9.958253e-01	7.557028e-02	1.018109e+00	5.482313e-01	3.755606e+00	9.960087e-01	9.512336e+00	7.575916e-01	2.460401e-01	2.071370e+00	8.011947e-01	1.042883e+00	7.891912e+01	1.391848e+02	2.422532e-01	1.203825e-01	-9.062887e-15	
3  106.851	2.395894e+00	1.262218e-01	7.892887e-01	3.030572e+00	9.958253e-01	7.557028e-02	1.018109e+00	5.482313e-01	3.755606e+00	9.986412e-01	9.512336e+00	7.575916e-01	2.460401e-01	2.071370e+00	8.011947e-01	1.042883e+00	7.891912e+01	1.391848e+02	2.422532e-01	1.203825e-01	-9.062887e-15	
14  105.973	2.344622e+00	1.217363e-01	7.461235e-01	3.002645e+00	9.907082e-01	5.420497e-02	5.404717e-01	1.131322e-01	2.821541e+00	9.978518e-01	7.511612e+00	7.379802e-01	2.458320e-01	2.014133e+00	7.895428e-01	1.043324e+00	7.462367e+01	1.429055e+02	2.619431e-01	6.749802e-02	1.333401e-13	
7  104.907	2.331559e+00	1.226592e-01	7.317434e-01	3.032548e+00	9.790478e-01	6.147528e-02	4.533612e-01	1.417686e-01	3.122895e+00	1.000689e+00	8.258164e+00	7.261561e-01	2.457806e-01	2.074971e+00	8.041234e-01	1.043484e+00	7.317461e+01	1.432231e+02	2.737876e-01	5.732552e-02	8.764490e-14	
4  105.948	2.342954e+00	1.298957e-01	7.259121e-01	3.066542e+00	9.632914e-01	7.534743e-02	6.411590e-01	2.132919e-01	3.034467e+00	9.996056e-01	9.669402e+00	7.077469e-01	2.458309e-01	2.146740e+00	8.303647e-01	1.042602e+00	7.258797e+01	1.405161e+02	2.922089e-01	7.931902e-02	-2.331905e-13	
2  104.504	2.331789e+00	1.325488e-01	7.309079e-01	3.016428e+00	9.650909e-01	5.292470e-02	7.711096e-01	1.679718e-01	3.896393e+00	9.983526e-01	7.583573e+00	7.070404e-01	2.457851e-01	2.041746e+00	8.156702e-01	1.042712e+00	7.308854e+01	1.394502e+02	2.929295e-01	9.383658e-02	4.504025e-14	
3  103.29	2.331789e+00	1.325488e-01	7.309079e-01	3.016428e+00	9.650909e-01	5.292470e-02	7.711096e-01	1.679718e-01	3.896393e+00	9.963473e-01	7.583573e+00	7.070404e-01	2.457851e-01	2.041746e+00	8.156702e-01	1.042712e+00	7.308854e+01	1.394502e+02	2.929295e-01	9.383658e-02	4.504025e-14	
1  102.954	2.322441e+00	1.261663e-01	7.296000e-01	3.012550e+00	9.709369e-01	5.593682e-02	5.758279e-01	1.382923e-01	4.067655e+00	9.940181e-01	7.804671e+00	7.180861e-01	2.457466e-01	2.034105e+00	8.014619e-01	1.042642e+00	7.295714e+01	1.419021e+02	2.818720e-01	7.180291e-02	6.309003e-14	
8  105.17	2.329891e+00	1.314013e-01	7.442396e-01	3.022689e+00	9.735611e-01	6.552161e-02	8.261225e-01	2.427065e-02	3.415680e+00	9.909587e-01	8.827163e+00	7.195197e-01	2.457771e-01	2.054485e+00	8.167623e-01	1.043602e+00	7.443008e+01	1.395088e+02	2.805445e-01	9.968153e-02	9.672083e-14	
2  106.077	2.292906e+00	1.265878e-01	7.202187e-01	3.072809e+00	9.659826e-01	8.203148e-02	4.971405e-01	1.943052e-01	3.082902e+00	9.950028e-01	1.033123e+01	7.104040e-01	2.456245e-01	2.159785e+00	8.301057e-01	1.043773e+00	7.201587e+01	1.424706e+02	2.896065e-01	6.256294e-02	-1.792788e-13	
3  105.367	2.299511e+00	1.262534e-01	7.073162e-01	3.070868e+00	9.721049e-01	7.852366e-02	3.798099e-01	3.081530e-01	2.901880e+00	9.952585e-01	9.987392e+00	7.002995e-01	2.456488e-01	2.155733e+00	8.330873e-01	1.043476e+00	7.072860e+01	1.430130e+02	2.996288e-01	4.854570e-02	5.097687e-14	
3  104.072	2.308816e+00	1.261950e-01	7.242112e-01	3.059348e+00	9.803419e-01	7.731852e-02	5.184856e-01	8.834697e-02	3.408087e+00	9.953521e-01	9.857645e+00	7.140903e-01	2.456879e-01	2.131124e+00	8.265022e-01	1.043397e+00	7.242181e+01	1.422933e+02	2.858789e-01	6.498516e-02	1.155615e-13	
3  104.063	2.308816e+00	1.261950e-01	7.242112e-01	3.059348e+00	9.803419e-01	7.731852e-02	5.184856e-01	8.834697e-02	3.408087e+00	9.935375e-01	9.857645e+00	7.140903e-01	2.456879e-01	2.131124e+00	8.265022e-01	1.043397e+00	7.242181e+01	1.422933e+02	2.858789e-01	6.498516e-02	1.155615e-13	
1  104.326	2.331933e+00	1.277961e-01	7.271817e-01	3.045794e+00	9.739272e-01	6.863440e-02	5.711599e-01	2.664256e-01	4.357586e+00	9.938832e-01	9.035450e+00	7.129564e-01	2.457842e-01	2.102493e+00	8.217166e-01	1.043476e+00	7.271481e+01	1.414396e+02	2.870022e-01	7.118601e-02	6.435588e-14	
1  104.589	2.285122e+00	1.209796e-01	7.163766e-01	3.088394e+00	9.772176e-01	8.600676e-02	3.020291e-01	3.336588e-01	4.977824e+00	9.985687e-01	1.055446e+01	7.184119e-01	2.455899e-01	2.193645e+00	8.270496e-01	1.043694e+00	7.163261e+01	1.448461e+02	2.815022e-01	3.902744e-02	-1.475397e-13	
2  106.171	2.330290e+00	1.215715e-01	7.407324e-01	3.135306e+00	9.852002e-01	1.092543e-01	4.884542e-01	2.557524e-01	4.709899e+00	1.002652e+00	1.236678e+01	7.348697e-01	2.457762e-01	2.298944e+00	8.438352e-01	1.043745e+00	7.407143e+01	1.433436e+02	2.649727e-01	6.138404e-02	-6.705969e-14	
1  105.368	2.350617e+00	1.196238e-01	7.457383e-01	3.104108e+00	9.865158e-01	9.341338e-02	4.633000e-01	4.042740e-01	4.641073e+00	1.003959e+00	1.096429e+01	7.414764e-01	2.458589e-01	2.228296e+00	8.235012e-01	1.043408e+00	7.457674e+01	1.437332e+02	2.584424e-01	5.845521e-02	2.337955e-14	
4  104.264	2.310662e+00	1.219668e-01	7.221089e-01	3.092526e+00	9.670451e-01	8.211129e-02	3.842572e-01	4.408476e-01	4.668095e+00	1.003702e+00	1.017215e+01	7.205009e-01	2.456990e-01	2.202906e+00	8.245497e-01	1.042899e+00	7.221861e+01	1.439379e+02	2.794660e-01	4.891336e-02	-1.995221e-13	
3  102.278	2.292915e+00	1.249450e-01	7.062353e-01	3.100539e+00	9.701277e-01	8.531781e-02	3.705990e-01	3.570791e-01	4.407514e+00	1.002036e+00	1.057028e+01	7.021258e-01	2.456232e-01	2.220950e+00	8.399740e-01	1.042339e+00	7.061582e+01	1.434398e+02	2.977698e-01	4.744690e-02	-1.384445e-13	
5  102.003	2.308599e+00	1.289392e-01	7.233046e-01	3.054885e+00	9.762728e-01	6.412985e-02	6.204286e-01	4.624797e-01	4.390890e+00	1.003285e+00	8.683490e+00	7.081257e-01	2.456883e-01	2.121749e+00	8.287139e-01	1.042548e+00	7.231913e+01	1.411787e+02	2.917935e-01	7.688350e-02	7.709451e-14	
5  102.362	2.308599e+00	1.289392e-01	7.233046e-01	3.054885e+00	9.762728e-01	6.412985e-02	6.204286e-01	4.624797e-01	4.390890e+00	1.006095e+00	8.683490e+00	7.081257e-01	2.456883e-01	2.121749e+00	8.287139e-01	1.042548e+00	7.231913e+01	1.411787e+02	2.917935e-01	7.688350e-02	7.709451e-14	
1  104.999	2.365943e+00	1.364692e-01	7.615403e-01	2.977632e+00	9.818904e-01	3.812995e-02	1.128828e+00	3.644002e-01	3.979848e+00	9.995682e-01	5.970484e+00	7.227509e-01	2.459230e-01	1.964102e+00	8.067344e-01	1.042748e+00	7.615692e+01	1.367381e+02	2.772071e-01	1.315027e-01	9.397790e-14	
1  105.604	2.370973e+00	1.356995e-01	7.571856e-01	3.026944e+00	9.820675e-01	5.154447e-02	1.080435e+00	4.846614e-01	3.807411e+00	1.009297e+00	7.415710e+00	7.207232e-01	2.459436e-01	2.063367e+00	8.252079e-01	1.042181e+00	7.570826e+01	1.370537e+02	2.792317e-01	1.267232e-01	1.354054e-13	
1  104.591	2.331803e+00	1.285175e-01	7.322788e-01	3.031255e+00	9.806185e-01	5.194304e-02	6.944039e-01	3.128430e-01	4.914557e+00	1.008909e+00	7.412543e+00	7.155203e-01	2.457838e-01	2.072325e+00	8.153510e-01	1.041614e+00	7.321937e+01	1.407160e+02	2.844179e-01	8.526789e-02	3.653690e-14	
2  102.578	2.313679e+00	1.245661e-01	7.170734e-01	3.042059e+00	9.765316e-01	6.218866e-02	4.511233e-01	1.685876e-01	4.329309e+00	1.002088e+00	8.401649e+00	7.114257e-01	2.457083e-01	2.094809e+00	8.131005e-01	1.041821e+00	7.169794e+01	1.429480e+02	2.884764e-01	5.709670e-02	1.738481e-14	
3  102.19	2.313679e+00	1.245661e-01	7.170734e-01	3.042059e+00	9.765316e-01	6.218866e-02	4.511233e-01	1.685876e-01	4.329309e+00	1.001413e+00	8.401649e+00	7.114257e-01	2.457083e-01	2.094809e+00	8.131005e-01	1.041821e+00	7.169794e+01	1.429480e+02	2.884764e-01	5.709670e-02	1.738481e-14	
1  104.177	2.313360e+00	1.242096e-01	7.137111e-01	3.035383e+00	9.795772e-01	5.737226e-02	4.310542e-01	1.473599e-03	3.932659e+00	1.003046e+00	7.921678e+00	7.093665e-01	2.457065e-01	2.080789e+00	8.102333e-01	1.041166e+00	7.136275e+01	1.431360e+02	2.905200e-01	5.456895e-02	-5.192608e-14	
2  104.664	2.300146e+00	1.215263e-01	7.068304e-01	3.059526e+00	9.881869e-01	6.723899e-02	2.801552e-01	6.900689e-02	3.868707e+00	1.004805e+00	8.850988e+00	7.093295e-01	2.456485e-01	2.131681e+00	8.191474e-01	1.041856e+00	7.067321e+01	1.446598e+02	2.906182e-01	3.609812e-02	-1.342334e-13	
1  103.971	2.320983e+00	1.256185e-01	7.046785e-01	3.048275e+00	9.769452e-01	5.772235e-02	3.609482e-01	1.804395e-01	4.540237e+00	1.004672e+00	7.953662e+00	6.988531e-01	2.457373e-01	2.107924e+00	8.217905e-01	1.042140e+00	7.045282e+01	1.430298e+02	3.010008e-01	4.612697e-02	7.859617e-14	
1  103.233	2.335754e+00	1.337692e-01	7.325917e-01	3.037437e+00	9.741735e-01	5.583272e-02	8.353683e-01	3.054540e-01	4.672716e+00	1.005005e+00	7.887598e+00	7.059577e-01	2.458018e-01	2.085034e+00	8.288073e-01	1.042201e+00	7.324629e+01	1.388534e+02	2.939697e-01	1.008113e-01	1.213472e-13	
1  103.431	2.270157e+00	1.324559e-01	6.969460e-01	3.038698e+00	9.526729e-01	5.558419e-02	5.546671e-01	5.878657e-01	4.155984e+00	9.994075e-01	7.977061e+00	6.792664e-01	2.455284e-01	2.087437e+00	8.274610e-01	1.041638e+00	6.969300e+01	1.410346e+02	3.206707e-01	6.930380e-02	-5.318113e-14	
11  102.736	2.285006e+00	1.296798e-01	6.953590e-01	3.055249e+00	9.580344e-01	6.112728e-02	4.375526e-01	8.781465e-01	4.964995e+00	1.001864e+00	8.447202e+00	6.831661e-01	2.455903e-01	2.122281e+00	8.304186e-01	1.041909e+00	6.953178e+01	1.420657e+02	3.167467e-01	5.550297e-02	-5.468913e-14	
17  103.66	2.285006e+00	1.296798e-01	6.953590e-01	3.055249e+00	9.580344e-01	6.112728e-02	4.375526e-01	8.781465e-01	4.964995e+00	1.003041e+00	8.447202e+00	6.831661e-01	2.455903e-01	2.122281e+00	8.304186e-01	1.041909e+00	6.953178e+01	1.420657e+02	3.167467e-01	5.550297e-02	-5.468913e-14	
3  103.378	2.255567e+00	1.255518e-01	6.766867e-01	3.039536e+00	9.546438e-01	5.227359e-02	1.861327e-01	6.918296e-01	4.814880e+00	1.001933e+00	7.534285e+00	6.751504e-01	2.454651e-01	2.089396e+00	8.175665e-01	1.041563e+00	6.767294e+01	1.445586e+02	3.247615e-01	2.445288e-02	4.329160e-15	
5  102.472	2.255567e+00	1.255518e-01	6.766867e-01	3.039536e+00	9.546438e-01	5.227359e-02	1.861327e-01	6.918296e-01	4.814880e+00	9.966424e-01	7.534285e+00	6.751504e-01	2.454651e-01	2.089396e+00	8.175665e-01	1.041563e+00	6.767294e+01	1.445586e+02	3.247615e-01	2.445288e-02	4.329160e-15	
1  103.274	2.297411e+00	1.279265e-01	7.050458e-01	3.020565e+00	9.630594e-01	5.098281e-02	4.620131e-01	8.921324e-01	4.740345e+00	9.939333e-01	7.362458e+00	6.951092e-01	2.456421e-01	2.050176e+00	8.112500e-01	1.041840e+00	7.050175e+01	1.422480e+02	3.047892e-01	5.846981e-02	2.319701e-14	
4  102.906	2.286488e+00	1.278978e-01	6.942225e-01	3.038439e+00	9.601693e-01	5.064392e-02	3.727733e-01	9.869430e-01	3.837210e+00	9.999421e-01	7.339136e+00	6.857650e-01	2.455952e-01	2.087170e+00	8.203611e-01	1.041934e+00	6.941945e+01	1.427764e+02	3.141253e-01	4.764931e-02	8.268319e-14	
10  102.325	2.286488e+00	1.278978e-01	6.942225e-01	3.038439e+00	9.601693e-01	5.064392e-02	3.727733e-01	9.869430e-01	3.837210e+00	1.000722e+00	7.339136e+00	6.857650e-01	2.455952e-01	2.087170e+00	8.203611e-01	1.041934e+00	6.941945e+01	1.427764e+02	3.141253e-01	4.764931e-02	8.268319e-14	
2  101.918	2.286488e+00	1.278978e-01	6.942225e-01	3.038439e+00	9.601693e-01	5.064392e-02	3.727733e-01	9.869430e-01	3.837210e+00	1.001653e+00	7.339136e+00	6.857650e-01	2.455952e-01	2.087170e+00	8.203611e-01	1.041934e+00	6.941945e+01	1.427764e+02	3.141253e-01	4.764931e-02	8.268319e-14	
5  102.06	2.275550e+00	1.274419e-01	6.893492e-01	3.072079e+00	9.621555e-01	6.582914e-02	3.300938e-01	9.694563e-01	4.432938e+00	1.002969e+00	8.879230e+00	6.824837e-01	2.455500e-01	2.158392e+00	8.348702e-01	1.041779e+00	6.893090e+01	1.432011e+02	3.174216e-01	4.239105e-02	-6.647073e-14	
2  102.412	2.279968e+00	1.308480e-01	7.002107e-01	3.016142e+00	9.655471e-01	4.120886e-02	5.160916e-01	7.774136e-01	4.245395e+00	1.001471e+00	6.364525e+00	6.852261e-01	2.455707e-01	2.041239e+00	8.185759e-01	1.042012e+00	7.001669e+01	1.414821e+02	3.146472e-01	6.481566e-02	9.794123e-14	
2  103.07	2.240261e+00	1.304830e-01	6.860318e-01	2.982498e+00	9.567098e-01	2.389772e-02	4.106146e-01	7.426175e-01	4.002747e+00	9.994915e-01	4.285562e+00	6.736289e-01	2.454058e-01	1.974245e+00	8.052315e-01	1.042101e+00	6.859255e+01	1.424612e+02	3.262066e-01	5.231684e-02	-4.037172e-14	
1  103.595	2.266827e+00	1.309999e-01	6.987137e-01	3.002975e+00	9.572437e-01	3.411486e-02	4.903437e-01	8.773047e-01	3.982010e+00	1.000290e+00	5.562646e+00	6.837028e-01	2.455152e-01	2.015001e+00	8.129769e-01	1.042929e+00	6.986587e+01	1.416991e+02	3.161106e-01	6.185810e-02	2.835244e-14	
2  104.501	2.372882e+00	1.306672e-01	7.633607e-01	3.029265e+00	9.783362e-01	5.464640e-02	9.363511e-01	6.106188e-01	4.070231e+00	1.004897e+00	7.649175e+00	7.339222e-01	2.459501e-01	2.067847e+00	8.137833e-01	1.043499e+00	7.633833e+01	1.387542e+02	2.660593e-01	1.115042e-01	9.517111e-14	
1  104.542	2.343911e+00	1.269233e-01	7.410331e-01	3.053777e+00	9.742742e-01	6.063353e-02	6.543359e-01	3.088434e-01	3.244652e+00	1.007119e+00	8.223417e+00	7.249709e-01	2.458322e-01	2.119212e+00	8.193105e-01	1.043468e+00	7.410529e+01	1.411418e+02	2.749668e-01	8.053347e-02	1.020685e-13	
1  106.158	2.345236e+00	1.257440e-01	7.484524e-01	3.060183e+00	9.801116e-01	6.575448e-02	6.598652e-01	7.378786e-01	4.357804e+00	1.007212e+00	8.682799e+00	7.325032e-01	2.458361e-01	2.132494e+00	8.202387e-01	1.044144e+00	7.485133e+01	1.413869e+02	2.673932e-01	8.110406e-02	-5.243719e-15	
5  106.995	2.300059e+00	1.172962e-01	7.073499e-01	3.065171e+00	9.661001e-01	6.403854e-02	9.805166e-02	4.057768e-01	4.423367e+00	1.004523e+00	8.445324e+00	7.182611e-01	2.456511e-01	2.143436e+00	8.063672e-01	1.043818e+00	7.074870e+01	1.466428e+02	2.816869e-01	1.289178e-02	-2.091289e-13	
3  106.882	2.339569e+00	1.189807e-01	7.394424e-01	3.048252e+00	9.707139e-01	6.227315e-02	4.089718e-01	1.792407e-01	4.715976e+00	1.004454e+00	8.254244e+00	7.385194e-01	2.458182e-01	2.107550e+00	7.951517e-01	1.043082e+00	7.396230e+01	1.442703e+02	2.615257e-01	5.172173e-02	-7.584319e-14	
2  105.594	2.347085e+00	1.184090e-01	7.231226e-01	3.059575e+00	9.713731e-01	6.551587e-02	2.479601e-01	4.563711e-01	4.308148e+00	1.003127e+00	8.511362e+00	7.274069e-01	2.458469e-01	2.131877e+00	8.025711e-01	1.043118e+00	7.231704e+01	1.451072e+02	2.725440e-01	3.212316e-02	-1.058199e-13	
4  106.449	2.302880e+00	1.185322e-01	6.954966e-01	3.073653e+00	9.607585e-01	6.191645e-02	4.881282e-02	2.112605e-01	3.960312e+00	1.007260e+00	8.254770e+00	7.058162e-01	2.456625e-01	2.162063e+00	8.134996e-01	1.043309e+00	6.956662e+01	1.465228e+02	2.940986e-01	6.365485e-03	-1.522906e-13	
3  106.579	2.302880e+00	1.185322e-01	6.954966e-01	3.073653e+00	9.607585e-01	6.191645e-02	4.881282e-02	2.112605e-01	3.960312e+00	1.006766e+00	8.254770e+00	7.058162e-01	2.456625e-01	2.162063e+00	8.134996e-01	1.043309e+00	6.956662e+01	1.465228e+02	2.940986e-01	6.365485e-03	-1.522906e-13	
4  107.064	2.314030e+00	1.268677e-01	7.191836e-01	3.096555e+00	9.630638e-01	7.523137e-02	4.843805e-01	6.525031e-01	4.266806e+00	1.008035e+00	9.648470e+00	7.084923e-01	2.457124e-01	2.211727e+00	8.393635e-01	1.043634e+00	7.192044e+01	1.422306e+02	2.913949e-01	6.073968e-02	-1.836918e-13	
3  104.022	2.308968e+00	1.248637e-01	7.238989e-01	3.074970e+00	9.717865e-01	6.875953e-02	4.790619e-01	7.257739e-01	3.008408e+00	1.007146e+00	9.032998e+00	7.163825e-01	2.456881e-01	2.164649e+00	8.266167e-01	1.043277e+00	7.238952e+01	1.427950e+02	2.835181e-01	6.027987e-02	-1.629367e-14	
1  103.755	2.308968e+00	1.248637e-01	7.238989e-01	3.074970e+00	9.717865e-01	6.875953e-02	4.790619e-01	7.257739e-01	3.008408e+00	1.009886e+00	9.032998e+00	7.163825e-01	2.456881e-01	2.164649e+00	8.266167e-01	1.043277e+00	7.238952e+01	1.427950e+02	2.835181e-01	6.027987e-02	-1.629367e-14	
5  103.46	2.295721e+00	1.223419e-01	7.241199e-01	3.030663e+00	9.751397e-01	5.119242e-02	4.103263e-01	9.684928e-01	2.434708e+00	1.007182e+00	7.299132e+00	7.216727e-01	2.456309e-01	2.071057e+00	8.037260e-01	1.043412e+00	7.241670e+01	1.438771e+02	2.782092e-01	5.210105e-02	-1.950562e-15	
5  103.271	2.312441e+00	1.259278e-01	7.270024e-01	3.031371e+00	9.753073e-01	5.226106e-02	5.264720e-01	7.048234e-01	2.457303e+00	1.005486e+00	7.434967e+00	7.167177e-01	2.457009e-01	2.072448e+00	8.122903e-01	1.043574e+00	7.270085e+01	1.422799e+02	2.831619e-01	6.589314e-02	1.076661e-13	
3  102.902	2.299788e+00	1.274942e-01	7.248499e-01	3.021024e+00	9.742443e-01	4.604444e-02	5.735770e-01	8.480525e-01	2.774298e+00	1.006399e+00	6.828165e+00	7.122706e-01	2.456495e-01	2.051258e+00	8.118478e-01	1.043331e+00	7.248535e+01	1.418185e+02	2.875926e-01	7.143514e-02	9.128452e-14	
2  103.884	2.260133e+00	1.285317e-01	6.976039e-01	3.023138e+00	9.623774e-01	3.647019e-02	4.161891e-01	5.362912e-01	3.592036e+00	1.010599e+00	5.814757e+00	6.878331e-01	2.454866e-01	2.056214e+00	8.175273e-01	1.042824e+00	6.975893e+01	1.426935e+02	3.119360e-01	5.297577e-02	1.672244e-13	
6  105.594	2.262275e+00	1.302179e-01	7.011308e-01	2.971371e+00	9.641332e-01	1.052421e-02	4.917843e-01	5.074393e-01	3.951194e+00	1.011016e+00	2.379493e+00	6.875490e-01	2.454995e-01	1.951452e+00	8.002551e-01	1.042967e+00	7.007310e+01	1.419340e+02	3.123560e-01	6.213351e-02	8.019403e-13	
3  107.165	2.231720e+00	1.271407e-01	7.112278e-01	2.990671e+00	9.706031e-01	2.361812e-02	5.137034e-01	7.428359e-01	4.584484e+00	1.012978e+00	4.238923e+00	7.030476e-01	2.453697e-01	1.990755e+00	8.012614e-01	1.042918e+00	7.112171e+01	1.428951e+02	2.966489e-01	6.469017e-02	-3.071711e-13	
1  104.014	2.228861e+00	1.256793e-01	6.881519e-01	2.970392e+00	9.625476e-01	1.331424e-02	2.823348e-01	6.519994e-01	4.298920e+00	1.007967e+00	2.781759e+00	6.859151e-01	2.453585e-01	1.950022e+00	7.919548e-01	1.042554e+00	6.878967e+01	1.443662e+02	3.139718e-01	3.662072e-02	3.381744e-13	
12  105.847	2.216679e+00	1.318980e-01	6.782273e-01	2.993863e+00	9.542639e-01	1.761574e-02	4.134298e-01	4.165596e-01	4.209392e+00	1.011388e+00	3.457973e+00	6.633933e-01	2.453096e-01	1.997039e+00	8.135019e-01	1.041742e+00	6.780093e+01	1.423669e+02	3.364305e-01	5.273207e-02	1.976680e-13	
2  106.237	2.205311e+00	1.308948e-01	6.769484e-01	2.987215e+00	9.492983e-01	1.434220e-02	3.806601e-01	6.487143e-01	4.327210e+00	1.011312e+00	2.997197e+00	6.645000e-01	2.452604e-01	1.983760e+00	8.075879e-01	1.041790e+00	6.766457e+01	1.428855e+02	3.353013e-01	4.869529e-02	2.982795e-13	
2  106.148	2.205311e+00	1.308948e-01	6.769484e-01	2.987215e+00	9.492983e-01	1.434220e-02	3.806601e-01	6.487143e-01	4.327210e+00	1.009374e+00	2.997197e+00	6.645000e-01	2.452604e-01	1.983760e+00	8.075879e-01	1.041790e+00	6.766457e+01	1.428855e+02	3.353013e-01	4.869529e-02	2.982795e-13	
8  105.726	2.171290e+00	1.277946e-01	6.631560e-01	2.964192e+00	9.447482e-01	1.082879e-02	2.101066e-01	9.054912e-01	4.032863e+00	1.001439e+00	2.480251e+00	6.583201e-01	2.451145e-01	1.938082e+00	7.928669e-01	1.041281e+00	6.627394e+01	1.448264e+02	3.415640e-01	2.713666e-02	1.688644e-13	
7  105.696	2.171290e+00	1.277946e-01	6.631560e-01	2.964192e+00	9.447482e-01	1.082879e-02	2.101066e-01	9.054912e-01	4.032863e+00	1.001864e+00	2.480251e+00	6.583201e-01	2.451145e-01	1.938082e+00	7.928669e-01	1.041281e+00	6.627394e+01	1.448264e+02	3.415640e-01	2.713666e-02	1.688644e-13	
3  105.415	2.189470e+00	1.299155e-01	6.704599e-01	2.999861e+00	9.538006e-01	3.088838e-02	3.399601e-01	9.723299e-01	3.388640e+00	1.001834e+00	5.250770e+00	6.607561e-01	2.451901e-01	2.008571e+00	8.117629e-01	1.040696e+00	6.704503e+01	1.434748e+02	3.391362e-01	4.340561e-02	-2.739821e-13	
7  105.508	2.189470e+00	1.299155e-01	6.704599e-01	2.999861e+00	9.538006e-01	3.088838e-02	3.399601e-01	9.723299e-01	3.388640e+00	1.001234e+00	5.250770e+00	6.607561e-01	2.451901e-01	2.008571e+00	8.117629e-01	1.040696e+00	6.704503e+01	1.434748e+02	3.391362e-01	4.340561e-02	-2.739821e-13	
2  106.051	2.182149e+00	1.308347e-01	6.730323e-01	3.014755e+00	9.485348e-01	4.026950e-02	3.905227e-01	5.394672e-01	2.531966e+00	9.992669e-01	6.436477e+00	6.614575e-01	2.451564e-01	2.038692e+00	8.180034e-01	1.040880e+00	6.729534e+01	1.430916e+02	3.384465e-01	4.956900e-02	-1.317702e-13	
3  106.548	2.206291e+00	1.330149e-01	6.958747e-01	3.039714e+00	9.515274e-01	6.248725e-02	6.082209e-01	6.505829e-01	2.652939e+00	9.934695e-01	8.860514e+00	6.782864e-01	2.452598e-01	2.089684e+00	8.301560e-01	1.041882e+00	6.956799e+01	1.413390e+02	3.216994e-01	7.538142e-02	-7.829331e-14	
2  105.7	2.226988e+00	1.345776e-01	6.995651e-01	3.080250e+00	9.539823e-01	7.554353e-02	6.499186e-01	4.442017e-01	2.834339e+00	9.989593e-01	1.010869e+01	6.780068e-01	2.453491e-01	2.176050e+00	8.513851e-01	1.042510e+00	6.993929e+01	1.405787e+02	3.219301e-01	8.024821e-02	-2.038881e-13	
6  106.596	2.210787e+00	1.332103e-01	7.075141e-01	3.071403e+00	9.656167e-01	7.648928e-02	7.093282e-01	1.599493e-01	2.370066e+00	9.986600e-01	1.020765e+01	6.883062e-01	2.452829e-01	2.157150e+00	8.459917e-01	1.042030e+00	7.073676e+01	1.408003e+02	3.116144e-01	8.691426e-02	-4.823282e-14	
1  106.623	2.210787e+00	1.332103e-01	7.075141e-01	3.071403e+00	9.656167e-01	7.648928e-02	7.093282e-01	1.599493e-01	2.370066e+00	9.986057e-01	1.020765e+01	6.883062e-01	2.452829e-01	2.157150e+00	8.459917e-01	1.042030e+00	7.073676e+01	1.408003e+02	3.116144e-01	8.691426e-02	-4.823282e-14	
1  105.655	2.189982e+00	1.266637e-01	6.811052e-01	3.098739e+00	9.690048e-01	8.462813e-02	2.963471e-01	2.291878e-01	3.836580e+00	1.000285e+00	1.086219e+01	6.782156e-01	2.451933e-01	2.217148e+00	8.502864e-01	1.042037e+00	6.811279e+01	1.444588e+02	3.217590e-01	3.838236e-02	-2.381168e-13	
7  105.479	2.185722e+00	1.283922e-01	6.598369e-01	3.070713e+00	9.655117e-01	6.005118e-02	1.836788e-01	5.113441e-01	4.061611e+00	1.005208e+00	8.544208e+00	6.534093e-01	2.451758e-01	2.155822e+00	8.449017e-01	1.041359e+00	6.600169e+01	1.446251e+02	3.466195e-01	2.408615e-02	-5.589574e-14	
1  103.94	2.181606e+00	1.278861e-01	6.514714e-01	3.042748e+00	9.601607e-01	5.001535e-02	1.022309e-01	6.214799e-01	4.322765e+00	9.997027e-01	7.483985e+00	6.459845e-01	2.451561e-01	2.096016e+00	8.319651e-01	1.041219e+00	6.517310e+01	1.451851e+02	3.540151e-01	1.360369e-02	5.974174e-14	
1  103.938	2.181606e+00	1.278861e-01	6.514714e-01	3.042748e+00	9.601607e-01	5.001535e-02	1.022309e-01	6.214799e-01	4.322765e+00	9.999597e-01	7.483985e+00	6.459845e-01	2.451561e-01	2.096016e+00	8.319651e-01	1.041219e+00	6.517310e+01	1.451851e+02	3.540151e-01	1.360369e-02	5.974174e-14	
1  104.062	2.204945e+00	1.292716e-01	6.577799e-01	3.024692e+00	9.567374e-01	3.694002e-02	1.854427e-01	4.902502e-01	4.334452e+00	1.003487e+00	5.954486e+00	6.488897e-01	2.452560e-01	2.058941e+00	8.245408e-01	1.041028e+00	6.579619e+01	1.441866e+02	3.510026e-01	2.431231e-02	5.446523e-14	
5  103.874	2.187701e+00	1.253774e-01	6.529555e-01	3.008219e+00	9.601562e-01	3.025410e-02	4.525152e-02	2.328537e-01	3.493064e+00	1.003042e+00	5.109360e+00	6.531522e-01	2.451823e-01	2.025449e+00	8.114074e-01	1.040941e+00	6.531796e+01	1.460340e+02	3.468025e-01	6.052025e-03	-7.411391e-14	
2  104.669	2.235418e+00	1.291585e-01	6.798581e-01	3.008622e+00	9.682142e-01	3.457585e-02	3.501598e-01	2.723174e-01	4.289976e+00	1.003161e+00	5.623794e+00	6.707244e-01	2.453870e-01	2.025879e+00	8.162538e-01	1.041121e+00	6.799277e+01	1.431189e+02	3.292091e-01	4.470658e-02	-9.604990e-14	
1  104.498	2.226135e+00	1.270593e-01	6.743877e-01	2.997977e+00	9.626847e-01	2.929835e-02	2.611168e-01	3.926309e-01	4.705428e+00	1.002745e+00	4.951641e+00	6.702132e-01	2.453467e-01	2.004448e+00	8.061118e-01	1.040654e+00	6.744452e+01	1.441497e+02	3.297350e-01	3.362127e-02	-1.411289e-13	
4  104.711	2.226135e+00	1.270593e-01	6.743877e-01	2.997977e+00	9.626847e-01	2.929835e-02	2.611168e-01	3.926309e-01	4.705428e+00	1.004510e+00	4.951641e+00	6.702132e-01	2.453467e-01	2.004448e+00	8.061118e-01	1.040654e+00	6.744452e+01	1.441497e+02	3.297350e-01	3.362127e-02	-1.411289e-13	
2  104.215	2.241706e+00	1.262637e-01	6.707063e-01	3.023114e+00	9.609181e-01	3.959545e-02	1.951746e-01	3.483100e-01	4.714895e+00	1.005126e+00	6.159926e+00	6.680725e-01	2.454093e-01	2.055321e+00	8.143943e-01	1.040567e+00	6.708188e+01	1.444890e+02	3.318515e-01	2.533584e-02	8.353963e-15	
1  103.495	2.255821e+00	1.278012e-01	6.907940e-01	3.036691e+00	9.549397e-01	4.755818e-02	3.910541e-01	4.279177e-01	4.563494e+00	1.006503e+00	7.070840e+00	6.834475e-01	2.454687e-01	2.083663e+00	8.175555e-01	1.041062e+00	6.908907e+01	1.430337e+02	3.165217e-01	4.967940e-02	1.020663e-13	
13  102.919	2.249375e+00	1.244088e-01	6.858659e-01	3.027071e+00	9.550279e-01	4.062057e-02	2.388801e-01	1.730116e-01	4.407110e+00	1.007791e+00	6.260627e+00	6.861801e-01	2.454407e-01	2.064029e+00	8.077891e-01	1.041483e+00	6.859808e+01	1.446581e+02	3.137654e-01	3.089431e-02	1.558594e-13	
2  102.91	2.249375e+00	1.244088e-01	6.858659e-01	3.027071e+00	9.550279e-01	4.062057e-02	2.388801e-01	1.730116e-01	4.407110e+00	1.007769e+00	6.260627e+00	6.861801e-01	2.454407e-01	2.064029e+00	8.077891e-01	1.041483e+00	6.859808e+01	1.446581e+02	3.137654e-01	3.089431e-02	1.558594e-13	
2  102.951	2.271649e+00	1.209323e-01	6.970090e-01	3.084149e+00	9.622473e-01	7.190467e-02	1.836543e-01	1.764236e-01	3.983431e+00	1.007255e+00	9.332603e+00	7.029078e-01	2.455338e-01	2.184750e+00	8.232400e-01	1.042439e+00	6.970955e+01	1.455719e+02	2.970573e-01	2.395090e-02	-1.595467e-13	
6  104.132	2.306515e+00	1.259852e-01	7.240461e-01	3.048001e+00	9.627490e-01	5.549684e-02	5.511855e-01	4.789622e-01	3.714646e+00	1.009655e+00	7.786537e+00	7.143896e-01	2.456808e-01	2.107376e+00	8.133135e-01	1.042125e+00	7.242100e+01	1.422133e+02	2.856339e-01	6.866921e-02	9.901151e-14	
7  104.053	2.306515e+00	1.259852e-01	7.240461e-01	3.048001e+00	9.627490e-01	5.549684e-02	5.511855e-01	4.789622e-01	3.714646e+00	1.008946e+00	7.786537e+00	7.143896e-01	2.456808e-01	2.107376e+00	8.133135e-01	1.042125e+00	7.242100e+01	1.422133e+02	2.856339e-01	6.866921e-02	9.901151e-14	
3  102.329	2.287776e+00	1.173017e-01	6.941199e-01	3.065830e+00	9.670770e-01	6.730001e-02	4.928417e-02	3.645457e-01	4.297346e+00	1.002966e+00	8.790841e+00	7.076807e-01	2.455996e-01	2.145228e+00	8.074815e-01	1.041974e+00	6.941449e+01	1.470075e+02	2.922769e-01	6.638676e-03	-1.392774e-13	
4  102.495	2.287776e+00	1.173017e-01	6.941199e-01	3.065830e+00	9.670770e-01	6.730001e-02	4.928417e-02	3.645457e-01	4.297346e+00	1.003355e+00	8.790841e+00	7.076807e-01	2.455996e-01	2.145228e+00	8.074815e-01	1.041974e+00	6.941449e+01	1.470075e+02	2.922769e-01	6.638676e-03	-1.392774e-13	
6  101.5	2.267917e+00	1.197321e-01	6.962231e-01	3.020973e+00	9.698076e-01	4.420253e-02	1.489291e-01	3.862839e-01	4.947511e+00	1.004767e+00	6.563484e+00	7.047935e-01	2.455163e-01	2.051401e+00	7.970173e-01	1.042252e+00	6.962476e+01	1.460928e+02	2.951048e-01	1.968285e-02	1.705140e-14	
1  102.053	2.267917e+00	1.197321e-01	6.962231e-01	3.020973e+00	9.698076e-01	4.420253e-02	1.489291e-01	3.862839e-01	4.947511e+00	1.001581e+00	6.563484e+00	7.047935e-01	2.455163e-01	2.051401e+00	7.970173e-01	1.042252e+00	6.962476e+01	1.460928e+02	2.951048e-01	1.968285e-02	1.705140e-14	
8  101.202	2.245306e+00	1.218557e-01	6.802993e-01	3.032634e+00	9.610233e-01	4.849914e-02	9.737465e-02	7.383544e-01	4.082858e+00	9.993148e-01	7.100838e+00	6.866737e-01	2.454211e-01	2.075355e+00	8.082857e-01	1.042172e+00	6.803336e+01	1.460432e+02	3.132418e-01	1.306574e-02	3.622696e-14	
1  103.722	2.310861e+00	1.265110e-01	7.253073e-01	3.001491e+00	9.660319e-01	4.179444e-02	5.701579e-01	8.450960e-01	3.702274e+00	9.978928e-01	6.335085e+00	7.143053e-01	2.456982e-01	2.011761e+00	7.968826e-01	1.042283e+00	7.253114e+01	1.419532e+02	2.856213e-01	7.106835e-02	1.487285e-14	
2  102.515	2.310861e+00	1.265110e-01	7.253073e-01	3.001491e+00	9.660319e-01	4.179444e-02	5.701579e-01	8.450960e-01	3.702274e+00	1.000359e+00	6.335085e+00	7.143053e-01	2.456982e-01	2.011761e+00	7.968826e-01	1.042283e+00	7.253114e+01	1.419532e+02	2.856213e-01	7.106835e-02	1.487285e-14	
7  102.23	2.262109e+00	1.243291e-01	6.970008e-01	2.972835e+00	9.651527e-01	2.171600e-02	3.077519e-01	7.896580e-01	3.874616e+00	1.002050e+00	3.905162e+00	6.960562e-01	2.454960e-01	1.954949e+00	7.871961e-01	1.041999e+00	6.968961e+01	1.442138e+02	3.038428e-01	3.960845e-02	1.440048e-14	
1  101.983	2.278159e+00	1.212423e-01	6.856679e-01	3.023805e+00	9.722887e-01	4.523900e-02	9.918326e-02	7.460062e-01	3.947723e+00	1.001847e+00	6.669314e+00	6.921720e-01	2.455572e-01	2.057174e+00	8.048964e-01	1.042177e+00	6.856770e+01	1.458346e+02	3.076708e-01	1.327095e-02	4.365817e-14	
16  102.158	2.278159e+00	1.212423e-01	6.856679e-01	3.023805e+00	9.722887e-01	4.523900e-02	9.918326e-02	7.460062e-01	3.947723e+00	1.002265e+00	6.669314e+00	6.921720e-01	2.455572e-01	2.057174e+00	8.048964e-01	1.042177e+00	6.856770e+01	1.458346e+02	3.076708e-01	1.327095e-02	4.365817e-14	
3  102.595	2.254630e+00	1.204525e-01	6.768097e-01	3.044747e+00	9.757987e-01	5.345770e-02	1.899757e-02	5.883679e-01	3.871003e+00	1.003857e+00	7.569635e+00	6.862943e-01	2.454579e-01	2.100499e+00	8.149096e-01	1.042140e+00	6.768620e+01	1.466933e+02	3.136083e-01	2.699107e-03	-5.001910e-14	
1  101.523	2.258940e+00	1.219564e-01	6.915799e-01	3.045624e+00	9.750380e-01	5.465239e-02	1.823456e-01	8.467341e-01	3.419430e+00	1.005714e+00	7.715747e+00	6.963301e-01	2.454774e-01	2.102365e+00	8.155231e-01	1.042317e+00	6.915829e+01	1.454563e+02	3.035750e-01	2.396205e-02	-2.760738e-14	
8  101.325	2.258940e+00	1.219564e-01	6.915799e-01	3.045624e+00	9.750380e-01	5.465239e-02	1.823456e-01	8.467341e-01	3.419430e+00	1.004802e+00	7.715747e+00	6.963301e-01	2.454774e-01	2.102365e+00	8.155231e-01	1.042317e+00	6.915829e+01	1.454563e+02	3.035750e-01	2.396205e-02	-2.760738e-14	
6  101.924	2.212400e+00	1.262421e-01	6.796201e-01	3.047668e+00	9.620364e-01	5.228296e-02	2.578181e-01	6.218054e-01	4.269704e+00	1.005283e+00	7.646348e+00	6.772254e-01	2.452855e-01	2.106822e+00	8.253255e-01	1.041868e+00	6.796276e+01	1.445138e+02	3.227026e-01	3.354642e-02	-4.903227e-15	
3  101.763	2.208226e+00	1.222833e-01	6.645700e-01	3.067017e+00	9.593628e-01	6.109108e-02	3.599898e-02	7.305225e-01	3.784948e+00	1.004410e+00	8.475815e+00	6.716961e-01	2.452637e-01	2.147625e+00	8.252140e-01	1.041039e+00	6.647189e+01	1.466433e+02	3.283351e-01	4.771993e-03	-1.418881e-13	
2  101.035	2.250197e+00	1.268831e-01	6.844778e-01	3.044258e+00	9.632949e-01	5.291444e-02	2.832643e-01	4.860341e-01	2.362954e+00	1.002377e+00	7.638494e+00	6.796832e-01	2.454429e-01	2.099349e+00	8.244456e-01	1.042056e+00	6.844445e+01	1.438250e+02	3.202150e-01	3.663658e-02	1.240196e-13	
1  100.824	2.275869e+00	1.237161e-01	6.906776e-01	3.041350e+00	9.656464e-01	5.521672e-02	2.239197e-01	3.835142e-01	2.800035e+00	1.000280e+00	7.767296e+00	6.915486e-01	2.455494e-01	2.093286e+00	8.144988e-01	1.041984e+00	6.906416e+01	1.446217e+02	3.083542e-01	2.922067e-02	7.403940e-14	
2  100.9	2.275869e+00	1.237161e-01	6.906776e-01	3.041350e+00	9.656464e-01	5.521672e-02	2.239197e-01	3.835142e-01	2.800035e+00	1.001022e+00	7.767296e+00	6.915486e-01	2.455494e-01	2.093286e+00	8.144988e-01	1.041984e+00	6.906416e+01	1.446217e+02	3.083542e-01	2.922067e-02	7.403940e-14	
4  101.938	2.283903e+00	1.319011e-01	7.065531e-01	3.042820e+00	9.672847e-01	5.962598e-02	5.964974e-01	4.022612e-01	2.611507e+00	9.991190e-01	8.348762e+00	6.887492e-01	2.455861e-01	2.095985e+00	8.311556e-01	1.042125e+00	7.064680e+01	1.408426e+02	3.111696e-01	7.407186e-02	1.179151e-13	
2  103.348	2.326376e+00	1.365557e-01	7.541779e-01	3.005923e+00	9.677258e-01	4.869636e-02	1.109242e+00	4.231416e-01	3.244155e+00	9.999211e-01	7.224040e+00	7.178450e-01	2.457622e-01	2.020467e+00	8.152312e-01	1.042511e+00	7.541303e+01	1.371876e+02	2.821052e-01	1.296685e-01	6.948933e-14	
1  104.496	2.355347e+00	1.439561e-01	7.724090e-01	3.011178e+00	9.735939e-01	5.215291e-02	1.467162e+00	5.133484e-01	2.747069e+00	1.001028e+00	7.652409e+00	7.181199e-01	2.458792e-01	2.031108e+00	8.307409e-01	1.042627e+00	7.723842e+01	1.339400e+02	2.817807e-01	1.646091e-01	1.657903e-13	
1  105.005	2.279823e+00	1.416403e-01	7.238162e-01	3.033273e+00	9.587928e-01	4.936708e-02	1.020144e+00	4.416382e-01	2.407101e+00	1.004242e+00	7.459552e+00	6.847487e-01	2.455721e-01	2.076384e+00	8.424293e-01	1.042832e+00	7.236191e+01	1.369091e+02	3.150873e-01	1.204956e-01	-1.355954e-13	
1  105.002	2.279823e+00	1.416403e-01	7.238162e-01	3.033273e+00	9.587928e-01	4.936708e-02	1.020144e+00	4.416382e-01	2.407101e+00	1.004279e+00	7.459552e+00	6.847487e-01	2.455721e-01	2.076384e+00	8.424293e-01	1.042832e+00	7.236191e+01	1.369091e+02	3.150873e-01	1.204956e-01	-1.355954e-13	
3  104.23	2.237604e+00	1.299831e-01	6.608017e-01	3.037411e+00	9.516305e-01	4.485955e-02	1.719521e-01	3.994349e-01	2.667641e+00	1.000359e+00	6.830388e+00	6.497343e-01	2.453890e-01	2.085278e+00	8.306044e-01	1.042183e+00	6.609268e+01	1.437194e+02	3.500360e-01	2.280663e-02	2.384011e-13	
4  102.166	2.267438e+00	1.271300e-01	6.834024e-01	3.073359e+00	9.630552e-01	6.940837e-02	2.740227e-01	2.882289e-01	2.112361e+00	1.000516e+00	9.236228e+00	6.778579e-01	2.455146e-01	2.161091e+00	8.366032e-01	1.041824e+00	6.833475e+01	1.436227e+02	3.220408e-01	3.541812e-02	-2.432056e-14	
1  103.025	2.213288e+00	1.299309e-01	6.748417e-01	3.040132e+00	9.573103e-01	5.688254e-02	3.431120e-01	8.113418e-01	2.438283e+00	9.968276e-01	8.186627e+00	6.647835e-01	2.452878e-01	2.090112e+00	8.290667e-01	1.041250e+00	6.748357e+01	1.431981e+02	3.351782e-01	4.387292e-02	4.201494e-14	
1  102.646	2.206476e+00	1.236312e-01	6.626351e-01	2.993827e+00	9.618320e-01	3.124793e-02	3.497803e-02	4.291969e-01	2.096087e+00	9.976834e-01	5.195258e+00	6.665553e-01	2.452590e-01	1.996605e+00	8.014547e-01	1.041930e+00	6.627824e+01	1.463176e+02	3.333219e-01	4.838966e-03	-1.293793e-14	
9  103.704	2.206476e+00	1.236312e-01	6.626351e-01	2.993827e+00	9.618320e-01	3.124793e-02	3.497803e-02	4.291969e-01	2.096087e+00	9.991754e-01	5.195258e+00	6.665553e-01	2.452590e-01	1.996605e+00	8.014547e-01	1.041930e+00	6.627824e+01	1.463176e+02	3.333219e-01	4.838966e-03	-1.293793e-14	
4  103.898	2.191159e+00	1.236443e-01	6.658434e-01	2.995650e+00	9.628857e-01	2.724322e-02	7.354763e-02	1.277016e-01	2.083186e+00	1.004868e+00	4.713453e+00	6.699347e-01	2.451958e-01	2.000581e+00	8.021840e-01	1.041990e+00	6.659331e+01	1.462941e+02	3.299239e-01	9.930350e-03	-1.394927e-13	
15  102.652	2.253413e+00	1.213834e-01	6.855996e-01	3.071329e+00	9.750726e-01	7.094671e-02	1.210880e-01	1.181858e-01	2.199202e+00	1.002860e+00	9.300846e+00	6.924078e-01	2.454541e-01	2.156781e+00	8.259790e-01	1.042208e+00	6.855703e+01	1.459545e+02	3.075417e-01	1.603890e-02	-7.306934e-14	
6  104.536	2.231903e+00	1.234723e-01	6.763359e-01	3.107310e+00	9.706323e-01	8.375133e-02	1.119413e-01	5.953061e-02	2.054729e+00	1.005114e+00	1.057379e+01	6.797343e-01	2.453655e-01	2.236182e+00	8.480032e-01	1.042515e+00	6.763508e+01	1.456907e+02	3.201721e-01	1.493193e-02	-2.301149e-13	
3  104.171	2.296039e+00	1.264162e-01	7.209491e-01	3.114239e+00	9.782574e-01	9.281921e-02	5.167352e-01	3.576194e-01	2.391828e+00	1.006796e+00	1.125353e+01	7.113299e-01	2.456351e-01	2.251671e+00	8.498910e-01	1.043103e+00	7.208617e+01	1.423739e+02	2.885282e-01	6.486733e-02	-8.683354e-14	
1  104.584	2.255173e+00	1.296826e-01	7.076447e-01	3.094543e+00	9.752186e-01	8.005577e-02	5.440197e-01	3.705313e-01	2.681630e+00	1.007615e+00	1.033010e+01	6.945928e-01	2.454674e-01	2.207891e+00	8.518001e-01	1.042771e+00	7.075461e+01	1.418956e+02	3.052839e-01	6.808968e-02	-1.045197e-13	
2  105.486	2.230707e+00	1.307351e-01	6.930749e-01	3.111795e+00	9.582158e-01	8.976485e-02	4.736712e-01	3.989948e-01	2.437826e+00	1.002640e+00	1.130012e+01	6.798270e-01	2.453642e-01	2.246085e+00	8.592637e-01	1.042556e+00	6.929875e+01	1.422212e+02	3.200776e-01	5.986352e-02	-1.622938e-13	
1  104.965	2.230707e+00	1.307351e-01	6.930749e-01	3.111795e+00	9.582158e-01	8.976485e-02	4.736712e-01	3.989948e-01	2.437826e+00	1.000888e+00	1.130012e+01	6.798270e-01	2.453642e-01	2.246085e+00	8.592637e-01	1.042556e+00	6.929875e+01	1.422212e+02	3.200776e-01	5.986352e-02	-1.622938e-13	
5  105.27	2.223372e+00	1.278185e-01	6.839101e-01	3.111116e+00	9.520855e-01	8.831687e-02	3.148081e-01	2.122321e-01	2.525581e+00	1.000180e+00	1.112061e+01	6.775738e-01	2.453316e-01	2.244464e+00	8.522750e-01	1.042470e+00	6.838850e+01	1.437362e+02	3.223462e-01	4.056573e-02	-2.522647e-13	
1  105.28	2.250742e+00	1.404034e-01	7.149330e-01	3.052731e+00	9.614241e-01	6.535968e-02	9.572375e-01	4.423097e-01	3.323198e+00	9.992315e-01	9.170772e+00	6.799744e-01	2.454518e-01	2.116831e+00	8.498086e-01	1.041978e+00	7.148144e+01	1.377279e+02	3.199191e-01	1.138490e-01	-1.000270e-13	
1  106.216	2.200851e+00	1.355101e-01	6.957401e-01	3.051806e+00	9.589159e-01	6.551493e-02	6.716014e-01	3.211231e-01	4.110833e+00	9.968830e-01	9.226781e+00	6.730927e-01	2.452422e-01	2.115139e+00	8.438681e-01	1.042328e+00	6.955737e+01	1.405372e+02	3.268465e-01	8.270695e-02	-1.033478e-13	
1  107.637	2.162138e+00	1.303373e-01	6.625944e-01	3.052781e+00	9.571021e-01	6.372950e-02	2.487335e-01	3.757088e-02	4.532276e+00	9.936780e-01	9.047342e+00	6.523031e-01	2.450757e-01	2.117283e+00	8.408235e-01	1.042533e+00	6.626488e+01	1.440836e+02	3.477370e-01	3.247587e-02	-4.094839e-15	
7  106.591	2.211925e+00	1.341504e-01	6.989731e-01	3.046171e+00	9.621844e-01	6.968274e-02	6.435083e-01	3.281601e-01	4.600415e+00	9.912727e-01	9.581678e+00	6.786935e-01	2.452888e-01	2.103014e+00	8.392558e-01	1.042557e+00	6.989142e+01	1.408572e+02	3.213293e-01	7.945383e-02	1.976267e-14	
2  107.522	2.218532e+00	1.317772e-01	6.996463e-01	3.077366e+00	9.653421e-01	8.611933e-02	5.612464e-01	4.158258e-01	4.234751e+00	9.908461e-01	1.104392e+01	6.839569e-01	2.453159e-01	2.169769e+00	8.486753e-01	1.042937e+00	6.996599e+01	1.417020e+02	3.160861e-01	7.012635e-02	-1.444072e-14	
1  106.754	2.190698e+00	1.331028e-01	6.858818e-01	3.042995e+00	9.548155e-01	6.448366e-02	5.205668e-01	2.903019e-01	4.391694e+00	9.921492e-01	9.104179e+00	6.689930e-01	2.451969e-01	2.096429e+00	8.360752e-01	1.042328e+00	6.857455e+01	1.418698e+02	3.310197e-01	6.531292e-02	-5.980805e-14	
1  106.338	2.169706e+00	1.253292e-01	6.581007e-01	3.041165e+00	9.499919e-01	6.077722e-02	6.048689e-02	4.659041e-01	3.413002e+00	9.905729e-01	8.629686e+00	6.589953e-01	2.451011e-01	2.092863e+00	8.233348e-01	1.042387e+00	6.581087e+01	1.461626e+02	3.411051e-01	8.419968e-03	-5.147941e-14	
3  106.231	2.169706e+00	1.253292e-01	6.581007e-01	3.041165e+00	9.499919e-01	6.077722e-02	6.048689e-02	4.659041e-01	3.413002e+00	9.900581e-01	8.629686e+00	6.589953e-01	2.451011e-01	2.092863e+00	8.233348e-01	1.042387e+00	6.581087e+01	1.461626e+02	3.411051e-01	8.419968e-03	-5.147941e-14	
1  106.067	2.211049e+00	1.293905e-01	6.671387e-01	3.100551e+00	9.510623e-01	8.685244e-02	2.329530e-01	4.278005e-01	4.504000e+00	9.929392e-01	1.106145e+01	6.581771e-01	2.452784e-01	2.220710e+00	8.546744e-01	1.042151e+00	6.672054e+01	1.438628e+02	3.417970e-01	3.064161e-02	-1.846999e-13	
3  104.631	2.225882e+00	1.308703e-01	6.836979e-01	3.106461e+00	9.625039e-01	8.645815e-02	4.066820e-01	4.556439e-01	4.098957e+00	9.997619e-01	1.101965e+01	6.708570e-01	2.453451e-01	2.234235e+00	8.605596e-01	1.042300e+00	6.836732e+01	1.425400e+02	3.290784e-01	5.190406e-02	-1.278639e-13	
3  103.764	2.229462e+00	1.334354e-01	6.861498e-01	3.064034e+00	9.550055e-01	6.430546e-02	4.967161e-01	2.802841e-01	4.904576e+00	9.994007e-01	8.981414e+00	6.677250e-01	2.453601e-01	2.141028e+00	8.453076e-01	1.042434e+00	6.860155e+01	1.414914e+02	3.321872e-01	6.256616e-02	-6.116778e-14	
5  104.626	2.229462e+00	1.334354e-01	6.861498e-01	3.064034e+00	9.550055e-01	6.430546e-02	4.967161e-01	2.802841e-01	4.904576e+00	1.002290e+00	8.981414e+00	6.677250e-01	2.453601e-01	2.141028e+00	8.453076e-01	1.042434e+00	6.860155e+01	1.414914e+02	3.321872e-01	6.256616e-02	-6.116778e-14	
5  106.93	2.250988e+00	1.434112e-01	7.204870e-01	3.014638e+00	9.599016e-01	4.862442e-02	1.095485e+00	5.823338e-01	4.647212e+00	9.999990e-01	7.465549e+00	6.790687e-01	2.454546e-01	2.038067e+00	8.380858e-01	1.042012e+00	7.203791e+01	1.365079e+02	3.207416e-01	1.283321e-01	-2.684884e-13	
6  106.402	2.250988e+00	1.434112e-01	7.204870e-01	3.014638e+00	9.599016e-01	4.862442e-02	1.095485e+00	5.823338e-01	4.647212e+00	9.990901e-01	7.465549e+00	6.790687e-01	2.454546e-01	2.038067e+00	8.380858e-01	1.042012e+00	7.203791e+01	1.365079e+02	3.207416e-01	1.283321e-01	-2.684884e-13	
3  106.21	2.263238e+00	1.435269e-01	7.234625e-01	3.025915e+00	9.611485e-01	4.929001e-02	1.120084e+00	9.701522e-01	4.624706e+00	1.004124e+00	7.509846e+00	6.811900e-01	2.455057e-01	2.061165e+00	8.424002e-01	1.041855e+00	7.233276e+01	1.362648e+02	3.186165e-01	1.309098e-01	-2.702013e-13	
4  106.131	2.341066e+00	1.438344e-01	7.565449e-01	3.053777e+00	9.675206e-01	6.904189e-02	1.355669e+00	8.938143e-01	4.540306e+00	1.003533e+00	9.373698e+00	7.065892e-01	2.458238e-01	2.119321e+00	8.488903e-01	1.041957e+00	7.565812e+01	1.345259e+02	2.933098e-01	1.541386e-01	-1.082666e-13	
8  105.285	2.326648e+00	1.401070e-01	7.470417e-01	3.052525e+00	9.672962e-01	6.679531e-02	1.179638e+00	6.531512e-01	4.680748e+00	1.004444e+00	9.117956e+00	7.060064e-01	2.457651e-01	2.116708e+00	8.423742e-01	1.041695e+00	7.470318e+01	1.361351e+02	2.939064e-01	1.368581e-01	-4.326925e-14	
3  106.172	2.349839e+00	1.410926e-01	7.663766e-01	3.083201e+00	9.747888e-01	8.972456e-02	1.349782e+00	8.554726e-01	3.985593e+00	1.001246e+00	1.118683e+01	7.185744e-01	2.458575e-01	2.182932e+00	8.558939e-01	1.042067e+00	7.664870e+01	1.350301e+02	2.813497e-01	1.536511e-01	-4.902780e-14	
11  106.108	2.342216e+00	1.413699e-01	7.620056e-01	3.039827e+00	9.776768e-01	7.196660e-02	1.334098e+00	5.291043e-01	3.817513e+00	9.974821e-01	9.602928e+00	7.150305e-01	2.458268e-01	2.090162e+00	8.399741e-01	1.041833e+00	7.620798e+01	1.351153e+02	2.848155e-01	1.519392e-01	1.095295e-13	
1  106.046	2.382181e+00	1.364949e-01	7.695934e-01	3.084712e+00	9.858802e-01	9.620838e-02	1.183280e+00	3.631801e-01	3.263370e+00	9.963136e-01	1.154429e+01	7.281985e-01	2.459869e-01	2.186646e+00	8.504462e-01	1.042821e+00	7.696646e+01	1.363574e+02	2.718032e-01	1.370963e-01	-4.744679e-14	
2  104.317	2.381777e+00	1.339640e-01	7.661821e-01	3.069697e+00	9.797607e-01	8.409154e-02	1.074147e+00	3.787814e-01	3.102923e+00	9.994944e-01	1.044654e+01	7.300467e-01	2.459866e-01	2.153620e+00	8.369024e-01	1.042878e+00	7.661626e+01	1.373581e+02	2.699206e-01	1.261067e-01	-1.101628e-13	
11  103.213	2.323240e+00	1.293389e-01	7.401471e-01	3.064309e+00	9.788901e-01	8.106801e-02	7.471420e-01	1.654869e-01	3.873296e+00	9.970368e-01	1.022855e+01	7.202914e-01	2.457488e-01	2.141803e+00	8.311638e-01	1.043166e+00	7.401086e+01	1.403794e+02	2.796825e-01	9.113105e-02	2.190135e-14	
3  103.074	2.338835e+00	1.318993e-01	7.389774e-01	3.041250e+00	9.763662e-01	6.361149e-02	7.995500e-01	3.844172e-01	3.626356e+00	1.000628e+00	8.626187e+00	7.144499e-01	2.458124e-01	2.092879e+00	8.270407e-01	1.043241e+00	7.389195e+01	1.394043e+02	2.855009e-01	9.682917e-02	1.296803e-13	
4  103.194	2.299280e+00	1.331425e-01	7.215673e-01	3.035084e+00	9.670923e-01	5.262492e-02	7.174422e-01	6.427292e-01	4.220005e+00	1.004413e+00	7.624226e+00	6.987815e-01	2.456511e-01	2.080085e+00	8.289363e-01	1.043266e+00	7.214821e+01	1.398676e+02	3.011123e-01	8.781862e-02	1.310311e-13	
2  103.301	2.355700e+00	1.311200e-01	7.454313e-01	3.046691e+00	9.761257e-01	6.607804e-02	8.185078e-01	6.598813e-01	4.326554e+00	1.001816e+00	8.808127e+00	7.204435e-01	2.458817e-01	2.104356e+00	8.254764e-01	1.043212e+00	7.453680e+01	1.393315e+02	2.795167e-01	9.895803e-02	3.426895e-14	
1  104.314	2.317086e+00	1.337431e-01	7.290279e-01	3.021519e+00	9.699938e-01	4.193314e-02	7.874462e-01	5.019213e-01	4.044239e+00	1.008985e+00	6.430305e+00	7.034118e-01	2.457244e-01	2.052323e+00	8.236559e-01	1.043221e+00	7.289583e+01	1.392415e+02	2.964413e-01	9.555107e-02	2.085891e-13	
8  105.016	2.304565e+00	1.382424e-01	7.248019e-01	3.001862e+00	9.656331e-01	3.260964e-02	9.089973e-01	4.596169e-01	4.512137e+00	1.007153e+00	5.414376e+00	6.916023e-01	2.456757e-01	2.012616e+00	8.242034e-01	1.042773e+00	7.246702e+01	1.378461e+02	3.082333e-01	1.088640e-01	-1.494586e-15	
1  104.552	2.323002e+00	1.335297e-01	7.280375e-01	3.021360e+00	9.681534e-01	4.028674e-02	7.734174e-01	4.970805e-01	4.670841e+00	1.009983e+00	6.226673e+00	7.028707e-01	2.457493e-01	2.052060e+00	8.223052e-01	1.043022e+00	7.279610e+01	1.392889e+02	2.969989e-01	9.401436e-02	2.262533e-13	
6  103.566	2.321928e+00	1.311283e-01	7.352205e-01	3.034755e+00	9.688118e-01	4.889436e-02	7.707591e-01	2.075064e-01	4.820021e+00	1.010611e+00	7.148537e+00	7.131724e-01	2.457447e-01	2.079563e+00	8.204387e-01	1.042828e+00	7.351897e+01	1.398686e+02	2.867668e-01	9.367097e-02	1.864597e-13	
2  104.521	2.295145e+00	1.324546e-01	7.390328e-01	3.044269e+00	9.619190e-01	5.843625e-02	8.694704e-01	1.535697e-01	4.300900e+00	1.007424e+00	8.229739e+00	7.142067e-01	2.456352e-01	2.099365e+00	8.242608e-01	1.042762e+00	7.389986e+01	1.394200e+02	2.857859e-01	1.043835e-01	-2.708659e-14	
1  105.868	2.332359e+00	1.382113e-01	7.623856e-01	3.051050e+00	9.649007e-01	6.276769e-02	1.220093e+00	3.244165e-01	2.962596e+00	1.009448e+00	8.685026e+00	7.208842e-01	2.457872e-01	2.113497e+00	8.346991e-01	1.042722e+00	7.623991e+01	1.363268e+02	2.791060e-01	1.406508e-01	2.007186e-15	
1  104.337	2.288065e+00	1.316896e-01	7.378093e-01	3.080868e+00	9.682469e-01	7.868623e-02	8.556831e-01	3.847877e-01	2.981516e+00	1.007117e+00	1.016310e+01	7.148384e-01	2.456045e-01	2.177631e+00	8.395010e-01	1.042310e+00	7.377914e+01	1.397215e+02	2.850954e-01	1.030741e-01	-2.858639e-14	
2  104.009	2.286642e+00	1.329910e-01	7.394160e-01	3.081295e+00	9.698318e-01	8.251213e-02	8.981875e-01	5.201545e-01	3.058656e+00	1.003804e+00	1.054366e+01	7.137337e-01	2.455988e-01	2.178491e+00	8.436286e-01	1.042714e+00	7.393419e+01	1.392577e+02	2.861936e-01	1.076791e-01	-8.208156e-14	
1  104.684	2.286642e+00	1.329910e-01	7.394160e-01	3.081295e+00	9.698318e-01	8.251213e-02	8.981875e-01	5.201545e-01	3.058656e+00	1.004925e+00	1.054366e+01	7.137337e-01	2.455988e-01	2.178491e+00	8.436286e-01	1.042714e+00	7.393419e+01	1.392577e+02	2.861936e-01	1.076791e-01	-8.208156e-14	
2  102.959	2.285339e+00	1.305566e-01	7.293273e-01	3.046835e+00	9.711396e-01	6.406787e-02	7.308932e-01	7.303261e-01	3.299246e+00	1.004317e+00	8.772285e+00	7.103602e-01	2.455926e-01	2.104691e+00	8.269043e-01	1.042900e+00	7.292384e+01	1.405522e+02	2.895843e-01	8.936998e-02	9.974092e-15	
2  103.284	2.301283e+00	1.318695e-01	7.390961e-01	3.008706e+00	9.703128e-01	5.056736e-02	8.420646e-01	7.487471e-01	3.108558e+00	1.000437e+00	7.395027e+00	7.152563e-01	2.456588e-01	2.026100e+00	8.114848e-01	1.042923e+00	7.390549e+01	1.396041e+02	2.847109e-01	1.015607e-01	6.099641e-14	
1  104.47	2.300940e+00	1.317806e-01	7.529698e-01	2.990796e+00	9.785547e-01	4.174169e-02	9.699807e-01	7.898506e-01	3.275472e+00	1.004661e+00	6.431924e+00	7.258053e-01	2.456566e-01	1.990245e+00	8.029603e-01	1.042644e+00	7.529479e+01	1.390748e+02	2.740794e-01	1.152745e-01	-3.345646e-14	
7  104.511	2.305774e+00	1.343880e-01	7.432073e-01	2.983621e+00	9.673697e-01	3.386852e-02	9.622339e-01	9.013491e-01	3.408804e+00	1.004541e+00	5.532198e+00	7.137091e-01	2.456777e-01	1.976125e+00	8.043578e-01	1.042577e+00	7.431427e+01	1.384708e+02	2.861842e-01	1.144577e-01	-7.725023e-14	
3  105.623	2.303817e+00	1.314312e-01	7.390007e-01	2.954916e+00	9.652019e-01	1.621014e-02	8.343880e-01	8.053135e-01	4.397935e+00	1.006904e+00	3.199717e+00	7.158946e-01	2.456711e-01	1.919556e+00	7.867861e-01	1.042652e+00	7.387865e+01	1.397055e+02	2.840119e-01	1.006678e-01	1.410916e-13	
2  105.451	2.243326e+00	1.258754e-01	6.988866e-01	2.984981e+00	9.557310e-01	2.281471e-02	3.836587e-01	8.684127e-01	4.438357e+00	1.008980e+00	4.101966e+00	6.948131e-01	2.454177e-01	1.979120e+00	7.926062e-01	1.042079e+00	6.988023e+01	1.436794e+02	3.050376e-01	4.877149e-02	2.733916e-14	
6  107.104	2.261130e+00	1.304736e-01	7.214219e-01	3.024507e+00	9.536326e-01	4.714252e-02	7.071928e-01	9.470039e-01	3.292219e+00	1.008055e+00	7.086489e+00	7.044528e-01	2.454917e-01	2.058685e+00	8.123484e-01	1.042014e+00	7.214463e+01	1.409250e+02	2.955356e-01	8.645014e-02	-6.064773e-16	
3  105.527	2.229647e+00	1.242697e-01	6.898641e-01	3.039850e+00	9.534874e-01	5.581704e-02	2.976560e-01	5.677698e-01	3.076085e+00	1.003623e+00	7.954710e+00	6.905632e-01	2.453566e-01	2.090229e+00	8.107365e-01	1.041067e+00	6.899335e+01	1.446283e+02	3.094550e-01	3.808896e-02	3.849976e-14	
1  107.685	2.205605e+00	1.290890e-01	6.798436e-01	3.008949e+00	9.478597e-01	4.291396e-02	3.890261e-01	9.072640e-01	3.249410e+00	9.991565e-01	6.674357e+00	6.715012e-01	2.452543e-01	2.026537e+00	8.093842e-01	1.040594e+00	6.798150e+01	1.432685e+02	3.284210e-01	4.923879e-02	-4.730821e-14	
1  108.239	2.235892e+00	1.301705e-01	7.027263e-01	3.022972e+00	9.479140e-01	5.658052e-02	5.391014e-01	9.436471e-01	3.117629e+00	9.946931e-01	8.145205e+00	6.896247e-01	2.453846e-01	2.055305e+00	8.150001e-01	1.042518e+00	7.025669e+01	1.420201e+02	3.104539e-01	6.738711e-02	-1.817949e-13	
1  106.296	2.228105e+00	1.273540e-01	6.953598e-01	3.028730e+00	9.532962e-01	6.027183e-02	4.082205e-01	8.129705e-01	3.089764e+00	9.942029e-01	8.476962e+00	6.890513e-01	2.453515e-01	2.067052e+00	8.139284e-01	1.042131e+00	6.952332e+01	1.433701e+02	3.109984e-01	5.190333e-02	-3.266185e-14	
3  104.909	2.228105e+00	1.273540e-01	6.953598e-01	3.028730e+00	9.532962e-01	6.027183e-02	4.082205e-01	8.129705e-01	3.089764e+00	9.915366e-01	8.476962e+00	6.890513e-01	2.453515e-01	2.067052e+00	8.139284e-01	1.042131e+00	6.952332e+01	1.433701e+02	3.109984e-01	5.190333e-02	-3.266185e-14	
3  104.724	2.297617e+00	1.296502e-01	7.287065e-01	2.986052e+00	9.644447e-01	4.712509e-02	7.022836e-01	6.220829e-01	3.447099e+00	9.888943e-01	6.994431e+00	7.112437e-01	2.456451e-01	1.981071e+00	7.971852e-01	1.042426e+00	7.287112e+01	1.407638e+02	2.887298e-01	8.618361e-02	7.169992e-14	
2  105.04	2.360227e+00	1.291680e-01	7.643544e-01	2.991019e+00	9.787844e-01	5.446694e-02	9.401544e-01	7.722529e-01	3.248933e+00	9.911683e-01	7.646308e+00	7.372320e-01	2.459004e-01	1.991018e+00	7.932824e-01	1.042525e+00	7.643254e+01	1.392072e+02	2.626595e-01	1.121558e-01	3.877729e-14	
1  105.914	2.341691e+00	1.325751e-01	7.441626e-01	3.080346e+00	9.648538e-01	9.090362e-02	8.884625e-01	8.876387e-01	2.230789e+00	9.929269e-01	1.111152e+01	7.170625e-01	2.458243e-01	2.176579e+00	8.380832e-01	1.042426e+00	7.442413e+01	1.388493e+02	2.829267e-01	1.067728e-01	-2.381940e-13	
5  104.518	2.353008e+00	1.295977e-01	7.515155e-01	3.081230e+00	9.739148e-01	9.174698e-02	8.522903e-01	6.057692e-01	2.442015e+00	9.951469e-01	1.108004e+01	7.276179e-01	2.458709e-01	2.178714e+00	8.323773e-01	1.042397e+00	7.515717e+01	1.395597e+02	2.723173e-01	1.028646e-01	-1.187872e-13	
3  103.39	2.321230e+00	1.327941e-01	7.359356e-01	3.056670e+00	9.720344e-01	7.828810e-02	8.355824e-01	6.314592e-01	2.368702e+00	9.931212e-01	1.006119e+01	7.107731e-01	2.457400e-01	2.125437e+00	8.338620e-01	1.042590e+00	7.359222e+01	1.392252e+02	2.891956e-01	1.008949e-01	1.534894e-14	
3  102.422	2.293423e+00	1.304053e-01	7.299287e-01	3.030496e+00	9.773792e-01	6.483109e-02	7.314976e-01	8.756988e-01	2.743922e+00	9.943963e-01	8.824279e+00	7.109612e-01	2.456257e-01	2.070500e+00	8.213093e-01	1.042684e+00	7.299338e+01	1.405033e+02	2.890150e-01	8.933532e-02	1.373332e-13	
10  102.895	2.293423e+00	1.304053e-01	7.299287e-01	3.030496e+00	9.773792e-01	6.483109e-02	7.314976e-01	8.756988e-01	2.743922e+00	9.929631e-01	8.824279e+00	7.109612e-01	2.456257e-01	2.070500e+00	8.213093e-01	1.042684e+00	7.299338e+01	1.405033e+02	2.890150e-01	8.933532e-02	1.373332e-13	
4  102.437	2.293423e+00	1.304053e-01	7.299287e-01	3.030496e+00	9.773792e-01	6.483109e-02	7.314976e-01	8.756988e-01	2.743922e+00	9.948993e-01	8.824279e+00	7.109612e-01	2.456257e-01	2.070500e+00	8.213093e-01	1.042684e+00	7.299338e+01	1.405033e+02	2.890150e-01	8.933532e-02	1.373332e-13	
1  101.742	2.259376e+00	1.251669e-01	7.065341e-01	3.065265e+00	9.720510e-01	6.983228e-02	4.222548e-01	4.808959e-01	2.505652e+00	1.003572e+00	9.270535e+00	7.026938e-01	2.454822e-01	2.143878e+00	8.260675e-01	1.041839e+00	7.064854e+01	1.435043e+02	2.972579e-01	5.360895e-02	-1.538769e-14	
3  101.919	2.192428e+00	1.238654e-01	6.683040e-01	3.025123e+00	9.600733e-01	4.554461e-02	1.119591e-01	6.391212e-01	2.747880e+00	1.001098e+00	6.918339e+00	6.719941e-01	2.451988e-01	2.059833e+00	8.124170e-01	1.041598e+00	6.683574e+01	1.460355e+02	3.279659e-01	1.488399e-02	-2.351776e-14	
2  102.734	2.196179e+00	1.219582e-01	6.622050e-01	3.066902e+00	9.604930e-01	6.612742e-02	2.183751e-02	3.322638e-01	2.136955e+00	1.001031e+00	8.993607e+00	6.704361e-01	2.452119e-01	2.147068e+00	8.251115e-01	1.040805e+00	6.623212e+01	1.469261e+02	3.296271e-01	2.791464e-03	-1.326058e-13	
8  102.852	2.196179e+00	1.219582e-01	6.622050e-01	3.066902e+00	9.604930e-01	6.612742e-02	2.183751e-02	3.322638e-01	2.136955e+00	9.984263e-01	8.993607e+00	6.704361e-01	2.452119e-01	2.147068e+00	8.251115e-01	1.040805e+00	6.623212e+01	1.469261e+02	3.296271e-01	2.791464e-03	-1.326058e-13	
2  105.661	2.214753e+00	1.247457e-01	6.636529e-01	3.129894e+00	9.593974e-01	9.855791e-02	1.014422e-01	5.204528e-01	2.266762e+00	9.963936e-01	1.193548e+01	6.650890e-01	2.452923e-01	2.287364e+00	8.574731e-01	1.040855e+00	6.639664e+01	1.456116e+02	3.348849e-01	1.335711e-02	-1.663104e-13	
4  106.055	2.214753e+00	1.247457e-01	6.636529e-01	3.129894e+00	9.593974e-01	9.855791e-02	1.014422e-01	5.204528e-01	2.266762e+00	9.957760e-01	1.193548e+01	6.650890e-01	2.452923e-01	2.287364e+00	8.574731e-01	1.040855e+00	6.639664e+01	1.456116e+02	3.348849e-01	1.335711e-02	-1.663104e-13	
6  105.418	2.212898e+00	1.253091e-01	6.798450e-01	3.099369e+00	9.677133e-01	9.035440e-02	2.186426e-01	5.886064e-01	2.575096e+00	9.923747e-01	1.126571e+01	6.794965e-01	2.452872e-01	2.218204e+00	8.472645e-01	1.042296e+00	6.799228e+01	1.449157e+02	3.205042e-01	2.862732e-02	-7.639602e-14	
2  104.794	2.212898e+00	1.253091e-01	6.798450e-01	3.099369e+00	9.677133e-01	9.035440e-02	2.186426e-01	5.886064e-01	2.575096e+00	9.957144e-01	1.126571e+01	6.794965e-01	2.452872e-01	2.218204e+00	8.472645e-01	1.042296e+00	6.799228e+01	1.449157e+02	3.205042e-01	2.862732e-02	-7.639602e-14	
1  103.957	2.251697e+00	1.282102e-01	7.148734e-01	3.041364e+00	9.765401e-01	7.000284e-02	5.620750e-01	5.159786e-01	2.983995e+00	9.937234e-01	9.379658e+00	7.037058e-01	2.454533e-01	2.093180e+00	8.249428e-01	1.042883e+00	7.149351e+01	1.422006e+02	2.963135e-01	7.006289e-02	1.037110e-13	
2  103.064	2.260169e+00	1.240374e-01	7.048846e-01	3.047146e+00	9.732441e-01	7.353472e-02	3.631105e-01	2.865483e-01	2.957531e+00	9.917733e-01	9.589315e+00	7.034999e-01	2.454866e-01	2.105285e+00	8.172439e-01	1.042169e+00	7.048798e+01	1.440474e+02	2.964948e-01	4.646432e-02	1.300236e-13	
4  102.825	2.251147e+00	1.240473e-01	6.942228e-01	3.074386e+00	9.742702e-01	8.114400e-02	2.822718e-01	1.906352e-01	2.567496e+00	9.954023e-01	1.030096e+01	6.945333e-01	2.454475e-01	2.163288e+00	8.313215e-01	1.042047e+00	6.942309e+01	1.445202e+02	3.054484e-01	3.647008e-02	2.853051e-14	
10  104.346	2.228623e+00	1.265413e-01	6.625308e-01	3.061586e+00	9.585837e-01	6.546137e-02	1.428584e-01	7.570219e-02	2.331826e+00	9.969930e-01	8.925420e+00	6.598129e-01	2.453503e-01	2.135190e+00	8.321255e-01	1.040548e+00	6.626702e+01	1.448060e+02	3.401304e-01	1.855473e-02	-7.524267e-14	
1  104.761	2.235657e+00	1.280226e-01	6.793087e-01	3.009811e+00	9.646961e-01	4.208648e-02	3.306680e-01	9.366310e-02	2.446689e+00	9.986015e-01	6.484471e+00	6.727762e-01	2.453845e-01	2.027635e+00	8.121443e-01	1.040485e+00	6.793880e+01	1.434819e+02	3.271363e-01	4.210570e-02	-5.416684e-14	
1  104.714	2.235657e+00	1.280226e-01	6.793087e-01	3.009811e+00	9.646961e-01	4.208648e-02	3.306680e-01	9.366310e-02	2.446689e+00	9.980469e-01	6.484471e+00	6.727762e-01	2.453845e-01	2.027635e+00	8.121443e-01	1.040485e+00	6.793880e+01	1.434819e+02	3.271363e-01	4.210570e-02	-5.416684e-14	
1  103.392	2.267500e+00	1.330491e-01	6.995860e-01	3.024233e+00	9.612846e-01	4.638642e-02	6.126400e-01	4.408154e-01	2.233413e+00	1.001763e+00	6.996692e+00	6.804832e-01	2.455181e-01	2.057470e+00	8.241978e-01	1.041159e+00	6.995294e+01	1.406682e+02	3.194187e-01	7.587183e-02	3.215745e-14	
5  102.249	2.262978e+00	1.316349e-01	7.021578e-01	3.006541e+00	9.665802e-01	3.903327e-02	5.699911e-01	7.660058e-01	2.162331e+00	1.001230e+00	6.157534e+00	6.856956e-01	2.454995e-01	2.021731e+00	8.165637e-01	1.042043e+00	7.020943e+01	1.412342e+02	3.141845e-01	7.104532e-02	1.139268e-14	
6  101.499	2.255074e+00	1.256421e-01	6.854087e-01	3.063775e+00	9.672846e-01	6.805819e-02	2.605416e-01	3.776708e-01	2.891128e+00	9.990702e-01	9.113656e+00	6.831864e-01	2.454633e-01	2.140421e+00	8.299931e-01	1.041717e+00	6.853783e+01	1.441869e+02	3.167515e-01	3.375913e-02	-1.113229e-14	
2  104.165	2.258257e+00	1.328680e-01	7.002170e-01	3.089456e+00	9.657472e-01	8.492089e-02	6.024521e-01	7.437626e-01	3.059051e+00	9.969621e-01	1.082700e+01	6.816149e-01	2.454797e-01	2.196112e+00	8.535976e-01	1.041750e+00	7.002232e+01	1.408553e+02	3.183460e-01	7.479693e-02	-1.984909e-14	
7  102.802	2.231236e+00	1.304685e-01	6.939777e-01	3.070542e+00	9.622281e-01	7.259065e-02	4.891295e-01	7.954245e-01	3.197357e+00	9.991733e-01	9.719074e+00	6.813643e-01	2.453659e-01	2.154987e+00	8.413269e-01	1.042054e+00	6.938924e+01	1.422083e+02	3.185934e-01	6.161406e-02	-5.509481e-14	
2  102.782	2.307943e+00	1.290932e-01	7.316370e-01	3.083851e+00	9.735813e-01	8.699870e-02	6.855028e-01	7.998780e-01	2.154230e+00	9.977645e-01	1.078513e+01	7.144938e-01	2.456850e-01	2.183984e+00	8.388351e-01	1.042950e+00	7.315660e+01	1.408628e+02	2.854598e-01	8.428496e-02	-3.935881e-14	
5  103.314	2.318750e+00	1.265318e-01	7.313869e-01	3.082353e+00	9.827718e-01	8.976976e-02	6.019164e-01	3.474904e-01	2.858599e+00	9.955917e-01	1.093078e+01	7.188812e-01	2.457288e-01	2.181002e+00	8.346245e-01	1.042756e+00	7.313849e+01	1.417267e+02	2.810656e-01	7.475785e-02	5.567819e-14	
1  106.782	2.308620e+00	1.218310e-01	7.147010e-01	3.104646e+00	9.927493e-01	9.623206e-02	3.163097e-01	8.100132e-01	2.401465e+00	9.984931e-01	1.138989e+01	7.149459e-01	2.456829e-01	2.230365e+00	8.400458e-01	1.043002e+00	7.147274e+01	1.443055e+02	2.850269e-01	4.047414e-02	-8.258373e-14	
2  106.911	2.308620e+00	1.218310e-01	7.147010e-01	3.104646e+00	9.927493e-01	9.623206e-02	3.163097e-01	8.100132e-01	2.401465e+00	9.989444e-01	1.138989e+01	7.149459e-01	2.456829e-01	2.230365e+00	8.400458e-01	1.043002e+00	7.147274e+01	1.443055e+02	2.850269e-01	4.047414e-02	-8.258373e-14	
1  103.801	2.319132e+00	1.252796e-01	7.304903e-01	3.073340e+00	9.878151e-01	8.368467e-02	5.478663e-01	6.655809e-01	2.703228e+00	9.978646e-01	1.037516e+01	7.205133e-01	2.457287e-01	2.161334e+00	8.301144e-01	1.043012e+00	7.305020e+01	1.422698e+02	2.794360e-01	6.839729e-02	4.868619e-14	
1  103.961	2.333855e+00	1.294138e-01	7.478618e-01	3.076907e+00	9.896775e-01	7.991353e-02	8.136198e-01	9.543074e-01	2.655550e+00	1.005560e+00	1.010120e+01	7.257075e-01	2.457889e-01	2.169006e+00	8.379629e-01	1.042975e+00	7.478021e+01	1.399612e+02	2.742150e-01	9.842277e-02	-1.830161e-14	
6  104.435	2.347676e+00	1.280130e-01	7.495938e-01	3.064456e+00	9.873066e-01	7.631781e-02	7.473202e-01	9.856966e-01	3.148638e+00	1.002054e+00	9.707485e+00	7.292094e-01	2.458451e-01	2.141886e+00	8.292948e-01	1.043824e+00	7.495834e+01	1.404370e+02	2.707185e-01	9.097829e-02	3.376454e-14	
9  105.515	2.347676e+00	1.280130e-01	7.495938e-01	3.064456e+00	9.873066e-01	7.631781e-02	7.473202e-01	9.856966e-01	3.148638e+00	1.004249e+00	9.707485e+00	7.292094e-01	2.458451e-01	2.141886e+00	8.292948e-01	1.043824e+00	7.495834e+01	1.404370e+02	2.707185e-01	9.097829e-02	3.376454e-14	
1  103.125	2.283193e+00	1.289081e-01	7.243790e-01	2.999391e+00	9.758930e-01	4.690031e-02	6.492483e-01	4.730636e-01	3.323976e+00	9.985711e-01	6.982550e+00	7.095184e-01	2.455841e-01	2.007367e+00	8.060119e-01	1.042582e+00	7.244220e+01	1.413162e+02	2.904270e-01	8.010855e-02	9.863451e-14	
6  102.193	2.283193e+00	1.289081e-01	7.243790e-01	2.999391e+00	9.758930e-01	4.690031e-02	6.492483e-01	4.730636e-01	3.323976e+00	9.969803e-01	6.982550e+00	7.095184e-01	2.455841e-01	2.007367e+00	8.060119e-01	1.042582e+00	7.244220e+01	1.413162e+02	2.904270e-01	8.010855e-02	9.863451e-14	
3  102.384	2.275075e+00	1.317434e-01	7.226512e-01	3.023689e+00	9.673456e-01	5.842322e-02	7.320478e-01	6.977428e-01	4.054456e+00	9.963028e-01	8.258346e+00	7.028902e-01	2.455511e-01	2.056556e+00	8.197606e-01	1.042424e+00	7.225859e+01	1.403763e+02	2.970836e-01	8.950788e-02	7.852912e-14	
1  105.034	2.312909e+00	1.400786e-01	7.524124e-01	3.002615e+00	9.650218e-01	4.912822e-02	1.229241e+00	9.622948e-01	3.701413e+00	9.988839e-01	7.348697e+00	7.105048e-01	2.457068e-01	2.013839e+00	8.201762e-01	1.042022e+00	7.523814e+01	1.360751e+02	2.893761e-01	1.418239e-01	3.988147e-14	
2  106.519	2.312909e+00	1.400786e-01	7.524124e-01	3.002615e+00	9.650218e-01	4.912822e-02	1.229241e+00	9.622948e-01	3.701413e+00	1.000892e+00	7.348697e+00	7.105048e-01	2.457068e-01	2.013839e+00	8.201762e-01	1.042022e+00	7.523814e+01	1.360751e+02	2.893761e-01	1.418239e-01	3.988147e-14	
5  106.582	2.338691e+00	1.423890e-01	7.508821e-01	3.017591e+00	9.629476e-01	5.200582e-02	1.257974e+00	8.504049e-01	3.564597e+00	1.002584e+00	7.638413e+00	7.048357e-01	2.458127e-01	2.043994e+00	8.307546e-01	1.042117e+00	7.509051e+01	1.352255e+02	2.950818e-01	1.446716e-01	-6.876365e-14	
2  105.675	2.355068e+00	1.363388e-01	7.636192e-01	2.987774e+00	9.725398e-01	4.630549e-02	1.166600e+00	4.679149e-01	2.766130e+00	9.983640e-01	6.908191e+00	7.246218e-01	2.458784e-01	1.984179e+00	8.061806e-01	1.042328e+00	7.636011e+01	1.367200e+02	2.752921e-01	1.354955e-01	8.964390e-14	
1  105.06	2.328901e+00	1.325403e-01	7.462736e-01	3.033764e+00	9.711257e-01	6.572320e-02	9.394951e-01	4.071844e-01	3.225350e+00	1.000101e+00	8.872999e+00	7.189511e-01	2.457722e-01	2.077542e+00	8.193665e-01	1.041730e+00	7.462621e+01	1.387570e+02	2.809513e-01	1.121096e-01	1.642965e-14	
5  103.992	2.328901e+00	1.325403e-01	7.462736e-01	3.033764e+00	9.711257e-01	6.572320e-02	9.394951e-01	4.071844e-01	3.225350e+00	9.963622e-01	8.872999e+00	7.189511e-01	2.457722e-01	2.077542e+00	8.193665e-01	1.041730e+00	7.462621e+01	1.387570e+02	2.809513e-01	1.121096e-01	1.642965e-14	
2  103.588	2.327556e+00	1.267637e-01	7.553093e-01	3.050572e+00	9.861214e-01	7.368926e-02	8.224762e-01	6.886143e-01	3.522859e+00	1.000913e+00	9.508021e+00	7.358031e-01	2.457644e-01	2.112740e+00	8.161305e-01	1.042269e+00	7.553058e+01	1.406020e+02	2.641000e-01	9.956110e-02	8.747727e-15	
1  103.086	2.328742e+00	1.315955e-01	7.481050e-01	3.072455e+00	9.835485e-01	8.114967e-02	8.933432e-01	6.826130e-01	4.470901e+00	1.000679e+00	1.027329e+01	7.220758e-01	2.457712e-01	2.159436e+00	8.388681e-01	1.042773e+00	7.480400e+01	1.391684e+02	2.778621e-01	1.071365e-01	-1.446158e-14	
1  103.788	2.318564e+00	1.368556e-01	7.346467e-01	3.067466e+00	9.727512e-01	7.661935e-02	9.568621e-01	6.763241e-01	4.080634e+00	9.981935e-01	1.000138e+01	7.022702e-01	2.457314e-01	2.148484e+00	8.477591e-01	1.042344e+00	7.345831e+01	1.378293e+02	2.976764e-01	1.138552e-01	-1.400039e-14	
1  104.208	2.273265e+00	1.289550e-01	6.880851e-01	3.034210e+00	9.708951e-01	5.506058e-02	3.844144e-01	2.101523e-01	3.994412e+00	9.967792e-01	7.839183e+00	6.783125e-01	2.455420e-01	2.077724e+00	8.248430e-01	1.041166e+00	6.881076e+01	1.426112e+02	3.215790e-01	4.880493e-02	4.656315e-14	
6  104.966	2.273265e+00	1.289550e-01	6.880851e-01	3.034210e+00	9.708951e-01	5.506058e-02	3.844144e-01	2.101523e-01	3.994412e+00	9.952648e-01	7.839183e+00	6.783125e-01	2.455420e-01	2.077724e+00	8.248430e-01	1.041166e+00	6.881076e+01	1.426112e+02	3.215790e-01	4.880493e-02	4.656315e-14	
3  104.476	2.301501e+00	1.317067e-01	7.253325e-01	3.052441e+00	9.809081e-01	6.790385e-02	7.407909e-01	1.624907e-01	3.811042e+00	9.984096e-01	9.121085e+00	7.046593e-01	2.456601e-01	2.116465e+00	8.346723e-01	1.042137e+00	7.252472e+01	1.400819e+02	2.952820e-01	9.031837e-02	8.427799e-14	
2  103.087	2.216602e+00	1.264259e-01	6.747253e-01	3.068797e+00	9.672420e-01	6.787209e-02	2.196978e-01	6.596865e-02	4.487644e+00	9.981962e-01	9.211461e+00	6.721449e-01	2.453038e-01	2.151236e+00	8.370960e-01	1.041775e+00	6.747252e+01	1.445997e+02	3.278439e-01	2.863996e-02	-4.677474e-14	
2  104.17	2.241565e+00	1.287946e-01	6.972454e-01	3.003473e+00	9.748904e-01	4.390329e-02	4.537515e-01	4.396166e-01	3.498081e+00	9.942930e-01	6.720394e+00	6.874964e-01	2.454119e-01	2.015438e+00	8.133813e-01	1.042241e+00	6.974004e+01	1.426595e+02	3.124522e-01	5.724746e-02	4.200563e-14	
3  104.159	2.227915e+00	1.294606e-01	6.978767e-01	2.996004e+00	9.692614e-01	3.567991e-02	4.963834e-01	4.121551e-01	4.000085e+00	9.985254e-01	5.796353e+00	6.869189e-01	2.453556e-01	2.000924e+00	8.097796e-01	1.042049e+00	6.978956e+01	1.424483e+02	3.129708e-01	6.245249e-02	-1.584537e-13	
5  103.625	2.235919e+00	1.284172e-01	6.971221e-01	3.056617e+00	9.709982e-01	7.052664e-02	4.442050e-01	4.186271e-01	4.686268e+00	9.940673e-01	9.468429e+00	6.883305e-01	2.453872e-01	2.125188e+00	8.333146e-01	1.042293e+00	6.970824e+01	1.428542e+02	3.116573e-01	5.625255e-02	2.472848e-14	
6  102.429	2.204219e+00	1.237022e-01	6.675867e-01	3.029278e+00	9.652587e-01	5.270554e-02	9.942682e-02	4.946712e-01	4.988482e+00	9.940748e-01	7.659458e+00	6.715021e-01	2.452501e-01	2.067742e+00	8.148181e-01	1.041327e+00	6.676659e+01	1.460080e+02	3.285069e-01	1.316697e-02	1.779869e-14	
6  104.159	2.197239e+00	1.220730e-01	6.648172e-01	3.012662e+00	9.674729e-01	4.439400e-02	5.183270e-02	5.264075e-01	4.514532e+00	9.950746e-01	6.737554e+00	6.725767e-01	2.452208e-01	2.033598e+00	8.045191e-01	1.040647e+00	6.649690e+01	1.467462e+02	3.274254e-01	6.688796e-03	-1.175553e-13	
1  103.642	2.292980e+00	1.298945e-01	7.134306e-01	3.039047e+00	9.769826e-01	6.187074e-02	5.689289e-01	8.450082e-01	4.323355e+00	9.950395e-01	8.520042e+00	6.984279e-01	2.456239e-01	2.088142e+00	8.276308e-01	1.042788e+00	7.134268e+01	1.413456e+02	3.015084e-01	7.084623e-02	1.622530e-13	
1  104.026	2.300018e+00	1.350559e-01	7.248659e-01	3.033181e+00	9.733322e-01	5.487029e-02	8.149710e-01	7.284212e-01	4.598809e+00	9.992752e-01	7.891859e+00	6.979074e-01	2.456554e-01	2.076029e+00	8.330840e-01	1.042891e+00	7.247858e+01	1.390086e+02	3.020047e-01	9.856199e-02	1.531884e-13	
2  104.609	2.311107e+00	1.381674e-01	7.440762e-01	3.052813e+00	9.754880e-01	6.619540e-02	1.075468e+00	8.679979e-01	4.393853e+00	1.001627e+00	9.063459e+00	7.075069e-01	2.457016e-01	2.117302e+00	8.438856e-01	1.042707e+00	7.439581e+01	1.371291e+02	2.924121e-01	1.261884e-01	4.967377e-14	
5  105.251	2.333876e+00	1.390421e-01	7.481530e-01	3.072036e+00	9.717883e-01	7.952365e-02	1.108464e+00	8.086753e-01	4.081477e+00	9.972456e-01	1.027738e+01	7.087455e-01	2.457941e-01	2.158280e+00	8.518793e-01	1.042984e+00	7.480969e+01	1.365840e+02	2.912343e-01	1.295385e-01	-8.491725e-14	
1  105.585	2.344548e+00	1.395659e-01	7.627501e-01	3.075049e+00	9.702048e-01	8.258737e-02	1.249056e+00	4.935973e-01	4.161295e+00	9.984667e-01	1.053843e+01	7.186543e-01	2.458373e-01	2.164876e+00	8.497799e-01	1.042860e+00	7.627396e+01	1.358040e+02	2.813305e-01	1.436696e-01	-1.471020e-13	
6  105.178	2.303193e+00	1.344894e-01	7.335251e-01	3.076698e+00	9.606900e-01	7.584171e-02	8.844445e-01	7.570490e-01	4.399196e+00	1.001072e+00	9.921776e+00	7.059484e-01	2.456685e-01	2.168351e+00	8.427691e-01	1.042489e+00	7.335051e+01	1.388103e+02	2.940465e-01	1.061479e-01	-1.784980e-13	
1  105.448	2.265387e+00	1.343562e-01	7.178481e-01	3.015203e+00	9.572613e-01	4.355233e-02	8.038617e-01	9.080812e-01	4.284356e+00	1.001386e+00	6.723796e+00	6.939302e-01	2.455107e-01	2.039494e+00	8.184209e-01	1.041561e+00	7.177950e+01	1.395581e+02	3.059844e-01	9.742323e-02	-2.140813e-14	
