0.106	0.15	0.38	0.51	0.61
399.6946875228351	539.1190406590152	1082.5842827411714	1288.4981470739995	1411.5635879379054
402.1539002785339	542.1679720369679	1085.9789892777355	1290.8370612786407	1412.7854474674032
398.32434989294313	532.4877508466093	1025.0882985503583	1195.4875123348968	1291.445059866391
402.52868450460863	545.1206904580689	1118.1270415143938	1346.6079252518607	1488.2659033434873
399.64437934503854	537.7878538223099	1067.3436886025213	1262.7342524088688	1377.4256783825872
404.6127489963692	545.0926177042921	1087.9232390192449	1290.7457481077054	1410.810585710335
398.98576121476236	536.6738220378172	1062.9360122373473	1256.2259105367757	1369.3398705093211
400.0645871052142	536.6668752573021	1049.349749006511	1232.4957749283842	1337.7495134043404
404.7135368183107	545.0246082559969	1085.7691907810806	1286.967179157636	1405.7332012711638
394.07797061997707	526.6905596650096	1012.9134622987082	1180.767535076598	1275.1733896769565
397.60063976507223	533.518244257188	1044.6156708730186	1227.7237510096247	1333.1514666469245
401.84246652665826	539.0399165470848	1053.8821080349478	1237.7597447126589	1343.4192645572487
389.97698236428414	521.7004576041351	1007.4806847227527	1176.5940552320428	1272.206556787147
399.8344979374148	537.835609370855	1065.4306444823515	1259.2878027771828	1372.763909326823
404.54830190561745	545.5638768380204	1094.4857514231917	1302.0113746472525	1425.8524057426093
391.632158553085	524.7928232483413	1021.1011228938356	1196.5770172427065	1296.7602002425908
398.0643685393415	534.7446373530985	1052.5898381404752	1240.2385483042726	1349.080598134223
411.1957186677307	557.3457874950964	1148.791209618498	1387.54837808267	1536.9640608894601
401.6955002001782	539.178033431691	1057.206505125116	1243.3633149382151	1350.7570310153021
396.1568485476318	532.271714152081	1048.5596119330314	1235.96788021318	1344.793357471841
396.272013820867	530.1916947305631	1024.4775936035314	1196.757321559833	1294.2327192824587
397.8694171951151	533.7366646593694	1043.751603221812	1225.993105660812	1330.7449423558169
392.95429912383366	525.8538779952312	1016.9650385493164	1188.4376108306783	1285.5626589141218
408.717774630487	553.4891166426955	1135.1437979110692	1366.9973233728324	1510.7111458949867
401.79880536437906	544.1367552692892	1116.159745909003	1344.2745708766654	1485.7176882099088
403.51747633857286	544.2204164441331	1092.2668238663007	1299.6700365880695	1423.5239452065882
411.83200647376196	558.3407048230107	1152.3818661487442	1393.0086214023036	1543.9899242895046
395.7185132437294	530.8658564660806	1038.2698841414247	1219.6273874355015	1323.8891873814568
403.53711325337406	545.3241476787654	1105.7605972369922	1323.0280871163802	1454.988747714406
406.1857495762039	548.0346467346737	1102.1339593735756	1312.8060816623258	1439.018214659806
397.7228716438353	534.700217453192	1056.4034808473568	1246.9775111604367	1358.10107419424
402.46770419753864	545.468244666443	1123.7615359472718	1356.9196384063994	1502.6930719634722
398.57915768332384	536.8282776737587	1070.0809101322268	1268.7588867832892	1386.1441130521641
402.6386042256291	540.8638819364867	1064.3960301429192	1254.013467389786	1363.9626211246202
411.75468826959406	558.2200663705739	1151.948545360458	1392.349990809128	1543.1423365600835
407.0009116068333	550.0052784264485	1115.255659408121	1334.390807861789	1467.4864198097373
402.68554326561474	544.8655524816274	1112.3731339206183	1336.0440270595202	1473.5288206640748
407.87522320394373	552.6168324910717	1136.4145664486	1370.7053571412778	1516.6727369138464
396.22733761487643	533.5834131255494	1062.8495633083676	1259.7238144814949	1375.9165378560037
389.02037400939366	519.9897187264796	1000.520350364941	1166.5743213156566	1260.0254462665443
391.84074714025735	525.2097959411749	1023.1327225987675	1199.618704570024	1300.5383745224049
396.09265504222435	533.6702343522851	1065.6822983885859	1264.698049280852	1382.6041325595086
397.44711497547956	532.6942422861276	1037.444679059843	1216.2539699620272	1318.466986451644
411.11876623352657	557.7208048826211	1155.1854446356808	1399.4229785261332	1553.761127975824
395.13565982946903	530.5787781578107	1042.23966300851	1226.8259439646306	1333.5827096899268
404.8351086555072	546.3969088250217	1100.7510365831083	1312.3758209174578	1439.5172082547656
394.9173841652439	527.8777719567224	1015.7460736388189	1184.3517685893453	1279.244558411223
408.27097287301723	554.3826313250585	1154.5860495814277	1403.5105780440003	1562.6206492361935
402.79400465270845	543.3903990133134	1092.0939412417729	1300.4042975357916	1425.0726728007721
402.57406777175174	543.5333315656907	1096.9455451660037	1309.1009763931424	1436.9374936998468
411.1849128837266	557.5689069518631	1152.0223922809846	1393.4801909322362	1545.305045308823
404.0157982292704	546.079024623806	1108.4515622196536	1327.018389844843	1460.0076105574756
398.9418489885801	534.5012734966108	1039.2253846216279	1217.4033507770755	1319.0302334778137
401.5366296064483	541.6306657360304	1087.9059798801304	1295.007060993935	1418.8327108948595
395.9725673467799	531.8502172142279	1046.1065196940183	1232.1528082830107	1339.9513877636919
399.06769400623415	538.7759672453792	1087.100838438132	1297.195232803149	1423.7429661757212
398.07340217361224	534.5857145688906	1050.6864584042557	1237.093943076113	1344.9865544213549
392.2845380294927	525.502315584817	1021.0284948207467	1195.7104765872207	1295.253507824407
389.6876640299037	521.6055585360625	1009.8120678136172	1180.6387654812993	1277.5292224363786
396.80501183550024	535.2157330332524	1074.6885586725432	1279.064405894065	1401.2001888282186
402.3075189042516	541.1000157490038	1071.300704414455	1265.876196819831	1379.6800740764381
405.21226945091036	547.2874779104245	1106.5452788865007	1321.8706365448404	1452.013614943754
407.40852609458074	550.9388028455154	1121.2869067962129	1344.3793193133188	1480.751779119497
398.90717648181055	538.2851288183789	1083.2590404973705	1290.7880024874082	1415.253314966397
394.9772496848768	531.7317824318534	1057.5096217175092	1252.402923009034	1367.156021289617
405.40107818459165	548.2228742012563	1115.7456969557713	1337.7264094287634	1473.4163941240674
393.53299147703797	526.0133891760973	1012.041665854684	1179.9723555264607	1274.471576606191
401.8378136633857	542.3824268420769	1092.9849889967102	1303.3223843204078	1429.7511938952655
397.8812612817644	536.5276510094512	1075.8974188585646	1279.611034529858	1401.0948300929695
398.41098142511413	537.0557739524039	1075.0710094982282	1277.457656116072	1397.8174937134409
410.2982670757974	555.6318144240429	1139.5651491008311	1372.3407069862083	1516.6324134028732
401.56370345242163	539.1345873553167	1058.3482537013128	1245.3944969489185	1353.47476270752
411.7143598961814	559.2113812100511	1166.5143854170817	1419.4660842655915	1581.7107250476968
408.80998661371683	553.9766626610311	1140.2830415295152	1376.1418233163515	1523.351845502581
402.20593426944174	543.2881388371056	1099.105701140766	1313.4055613326157	1443.0569716840475
404.19138696067216	544.786681552021	1089.9316377607797	1294.7360533125077	1416.4263773935047
397.92463054000626	534.3012761592222	1049.344326904709	1235.0718414945213	1342.459027947546
399.7653031538202	537.1008452015905	1057.893569593283	1246.8676238239336	1356.5759736428724
392.53365395483553	526.057749051703	1024.0666698056864	1200.3248391103712	1301.0203653399446
393.83203482523714	528.9611279206347	1040.2934448243375	1225.2319011200289	1332.3697254998613
400.30175166018785	539.9125194107623	1083.9183468196486	1289.9230837495677	1412.9957866068273
396.85602404393234	533.4006995830854	1052.5666051586147	1241.7152410366573	1351.8168618439404
404.5283507212439	544.41500414266	1081.0298410080854	1279.2422651802738	1395.6752969447741
388.28907000160575	519.0901938698576	999.4470705394593	1165.6614912708073	1259.2801592917492
407.9549480505618	551.1512595016388	1116.0493060968952	1334.3320367812414	1466.6005710489308
406.5472228971717	550.5802157218143	1129.5229980275124	1360.4720812554715	1503.7072845718214
407.4337886077935	549.5050858167524	1102.901605911865	1312.3418908957588	1437.4173531672393
403.6293617241536	546.3763707757025	1118.0595620385789	1344.6759267628313	1484.56359262572
403.56346401644356	544.8043359292946	1098.8323110245774	1310.9157086270875	1438.5785597260294
393.3683623702729	528.0231286382008	1035.5383302523965	1217.9939697808077	1323.2811731942838
405.1702676304901	549.7796118275434	1140.2665242531132	1382.4985632729006	1535.9906696721393
400.83825078324855	540.8281478706274	1087.7285131659442	1295.7024084830102	1420.3142530975822
394.59162681900017	529.3149575591578	1034.8820983154544	1215.4520925084942	1319.2128315057064
404.94788581570344	545.7631588183124	1091.4513800962732	1296.274086502076	1417.8999471519955
399.32379045297085	535.3311766034097	1043.6642865378171	1224.134958774587	1327.440777087037
412.6110247209318	559.5293810447355	1156.385690988881	1398.9885018294087	1551.615582541548
399.2822559329966	535.4484388709959	1045.4430533894072	1227.0691618010137	1331.2437637142111
