145.93495834036815
156.96732984044215
130.2180638244952
166.20491913806072
139.60371409522105
153.42693059400753
141.33646559437668
135.44339815739647
139.79072507289584
123.92930858474581
131.89395722264945
134.80744265997933
119.80564929000043
145.19735476808432
160.26055060368748
122.77820947929091
136.4597272866431
172.11782773871874
131.96050702137188
132.75469481831655
123.33530452938986
128.74938681290496
123.58912566644159
172.58074323752018
167.80333758887943
152.08305049436402
186.68394951218954
137.57131647688087
162.34700743534157
146.69797985015603
140.64275846907373
179.25630767166538
145.49396741861906
131.31822908870512
181.64641572234015
167.1246156370988
170.42849584429075
170.66342081260072
142.37035424825
120.02166678928513
135.35631069889286
147.7015200893268
125.7376956375477
190.2991469572642
132.1339887938848
155.76879796214195
119.81755333753661
208.31750554093938
148.8316225275298
156.17052006197338
187.60621021233086
170.7897807316657
135.02379744584587
160.6207169929296
134.85034810784708
158.26932442001507
139.26711386393185
122.11668913851652
124.50379785245035
145.74205225955234
140.45260456472414
156.00290644217588
172.16234469327634
152.9613915659376
147.36537999341238
168.7933374051709
123.08554331840341
162.70290318249505
149.55584993454667
149.3054308739032
171.9999609755157
142.26261797889504
212.1908668433901
177.46746359158413
158.75160826744101
145.54086857279066
134.71722409748259
142.2156227526064
132.7553125149028
130.5219604347955
146.65622936456015
138.86269479145474
140.05853604725786
124.37056761984486
168.55758059380258
179.42321986105634
146.08116286287054
166.78383768141333
149.80919831655808
130.98107448189504
191.81923065750118
157.9030704175698
136.68135385727544
142.43178209290002
134.10837241498467
175.64738936796405
138.16164308056307
