2  102.653	2.319363e+00	1.296622e-01	7.359496e-01	3.062104e+00	9.689135e-01	7.084757e-02	7.471322e-01	3.729978e-01	2.579782e+00	1.004411e+00	9.312425e+00	7.164668e-01	2.457347e-01	2.136994e+00	8.274031e-01	1.042420e+00	7.359656e+01	1.403394e+02	2.834399e-01	9.122323e-02	-1.192484e-14	
2  102.695	2.321426e+00	1.309806e-01	7.365350e-01	3.050515e+00	9.667650e-01	6.662655e-02	7.916564e-01	3.591414e-01	2.347515e+00	1.002544e+00	8.937989e+00	7.144025e-01	2.457429e-01	2.112329e+00	8.247763e-01	1.042390e+00	7.365481e+01	1.398209e+02	2.854787e-01	9.613413e-02	-3.537163e-15	
9  103.909	2.321426e+00	1.309806e-01	7.365350e-01	3.050515e+00	9.667650e-01	6.662655e-02	7.916564e-01	3.591414e-01	2.347515e+00	1.004206e+00	8.937989e+00	7.144025e-01	2.457429e-01	2.112329e+00	8.247763e-01	1.042390e+00	7.365481e+01	1.398209e+02	2.854787e-01	9.613413e-02	-3.537163e-15	
7  103.677	2.296224e+00	1.313909e-01	7.301228e-01	3.061065e+00	9.667615e-01	7.061222e-02	7.559346e-01	5.548348e-02	2.323414e+00	1.004276e+00	9.381530e+00	7.090992e-01	2.456398e-01	2.134759e+00	8.327745e-01	1.042825e+00	7.301028e+01	1.401368e+02	2.907681e-01	9.225309e-02	2.008993e-14	
6  105.183	2.283456e+00	1.295040e-01	7.258708e-01	3.077781e+00	9.683020e-01	7.016677e-02	6.797913e-01	6.999844e-02	3.900605e+00	1.012955e+00	9.332890e+00	7.095345e-01	2.455886e-01	2.170805e+00	8.366463e-01	1.042582e+00	7.258372e+01	1.410377e+02	2.903688e-01	8.356223e-02	1.498621e-13	
1  105.189	2.284332e+00	1.286415e-01	7.312590e-01	3.079347e+00	9.685595e-01	7.582590e-02	6.951810e-01	1.391528e-01	3.788070e+00	1.009791e+00	9.833409e+00	7.154492e-01	2.455925e-01	2.174105e+00	8.341895e-01	1.042725e+00	7.312794e+01	1.411669e+02	2.844669e-01	8.540297e-02	7.652100e-14	
2  105.103	2.283968e+00	1.297376e-01	7.438198e-01	3.045721e+00	9.753609e-01	6.598305e-02	8.237595e-01	1.279757e-01	3.565853e+00	1.006363e+00	8.943859e+00	7.230164e-01	2.455926e-01	2.102250e+00	8.229124e-01	1.043198e+00	7.438157e+01	1.403426e+02	2.768843e-01	9.965440e-02	2.073037e-13	
1  105.81	2.247501e+00	1.260507e-01	7.288215e-01	3.035649e+00	9.760539e-01	6.423053e-02	6.199961e-01	1.473055e-01	3.430240e+00	1.002595e+00	8.789103e+00	7.190717e-01	2.454424e-01	2.081495e+00	8.139449e-01	1.042891e+00	7.288387e+01	1.425001e+02	2.808376e-01	7.682344e-02	3.201071e-13	
7  105.214	2.237685e+00	1.246390e-01	7.147291e-01	3.050207e+00	9.726639e-01	6.698810e-02	4.573228e-01	4.571590e-02	2.911377e+00	1.003397e+00	9.050992e+00	7.108170e-01	2.453986e-01	2.112150e+00	8.192917e-01	1.043078e+00	7.147478e+01	1.436959e+02	2.890935e-01	5.780625e-02	3.048532e-13	
2  104.799	2.248405e+00	1.277476e-01	7.115210e-01	3.031164e+00	9.669881e-01	5.075239e-02	5.630122e-01	2.181428e-01	2.980264e+00	1.008989e+00	7.449908e+00	7.019177e-01	2.454437e-01	2.072546e+00	8.149635e-01	1.041517e+00	7.114347e+01	1.423475e+02	2.980734e-01	7.014187e-02	4.945900e-14	
2  105.511	2.214830e+00	1.271621e-01	6.981163e-01	3.040439e+00	9.702714e-01	5.820330e-02	4.603370e-01	1.150594e-01	3.486393e+00	1.005401e+00	8.289825e+00	6.921997e-01	2.453025e-01	2.091481e+00	8.219154e-01	1.041374e+00	6.980939e+01	1.433026e+02	3.079199e-01	5.799458e-02	1.369519e-13	
5  103.527	2.218690e+00	1.291733e-01	6.823782e-01	3.034151e+00	9.624924e-01	5.029089e-02	3.715346e-01	5.509785e-02	3.430387e+00	1.004218e+00	7.477366e+00	6.734712e-01	2.453149e-01	2.078405e+00	8.255087e-01	1.041629e+00	6.823447e+01	1.431905e+02	3.265174e-01	4.741444e-02	6.115548e-14	
8  104.315	2.272570e+00	1.279380e-01	7.231581e-01	3.014904e+00	9.801027e-01	5.691710e-02	6.262130e-01	2.368583e-02	4.618406e+00	9.982405e-01	8.041693e+00	7.105023e-01	2.455442e-01	2.038674e+00	8.114069e-01	1.042296e+00	7.231007e+01	1.417653e+02	2.894006e-01	7.733516e-02	6.340742e-14	
14  102.708	2.272570e+00	1.279380e-01	7.231581e-01	3.014904e+00	9.801027e-01	5.691710e-02	6.262130e-01	2.368583e-02	4.618406e+00	9.947670e-01	8.041693e+00	7.105023e-01	2.455442e-01	2.038674e+00	8.114069e-01	1.042296e+00	7.231007e+01	1.417653e+02	2.894006e-01	7.733516e-02	6.340742e-14	
3  104.039	2.271551e+00	1.332597e-01	7.312082e-01	2.998201e+00	9.776387e-01	4.272744e-02	8.721543e-01	3.903504e-01	4.584188e+00	1.001393e+00	6.604149e+00	7.069697e-01	2.455416e-01	2.005191e+00	8.133692e-01	1.041914e+00	7.311171e+01	1.394572e+02	2.929799e-01	1.048569e-01	-3.672261e-14	
1  103.713	2.258126e+00	1.286549e-01	7.192179e-01	2.986098e+00	9.737665e-01	4.325801e-02	6.389194e-01	2.291938e-02	3.811599e+00	9.934144e-01	6.629496e+00	7.062626e-01	2.454864e-01	1.981176e+00	7.998506e-01	1.041882e+00	7.191750e+01	1.416863e+02	2.936212e-01	7.880964e-02	2.388861e-14	
2  103.869	2.278176e+00	1.271631e-01	7.094870e-01	3.013480e+00	9.667243e-01	5.214707e-02	5.202725e-01	2.836496e-01	3.367349e+00	9.952107e-01	7.530340e+00	7.008281e-01	2.455661e-01	2.035988e+00	8.055317e-01	1.040959e+00	7.093885e+01	1.423674e+02	2.990791e-01	6.515788e-02	-9.288639e-15	
4  103.952	2.278176e+00	1.271631e-01	7.094870e-01	3.013480e+00	9.667243e-01	5.214707e-02	5.202725e-01	2.836496e-01	3.367349e+00	9.967211e-01	7.530340e+00	7.008281e-01	2.455661e-01	2.035988e+00	8.055317e-01	1.040959e+00	7.093885e+01	1.423674e+02	2.990791e-01	6.515788e-02	-9.288639e-15	
6  101.569	2.240594e+00	1.222011e-01	6.752847e-01	3.049803e+00	9.608357e-01	5.818358e-02	9.853675e-02	4.119393e-01	3.830589e+00	1.001656e+00	8.114258e+00	6.814932e-01	2.454039e-01	2.111164e+00	8.155286e-01	1.041136e+00	6.753082e+01	1.459916e+02	3.184707e-01	1.308020e-02	-1.001740e-13	
2  101.166	2.240594e+00	1.222011e-01	6.752847e-01	3.049803e+00	9.608357e-01	5.818358e-02	9.853675e-02	4.119393e-01	3.830589e+00	1.000222e+00	8.114258e+00	6.814932e-01	2.454039e-01	2.111164e+00	8.155286e-01	1.041136e+00	6.753082e+01	1.459916e+02	3.184707e-01	1.308020e-02	-1.001740e-13	
6  101.543	2.219884e+00	1.232905e-01	6.690081e-01	3.023338e+00	9.624015e-01	4.561679e-02	9.604632e-02	3.160579e-01	4.152503e+00	9.991158e-01	6.858904e+00	6.735038e-01	2.453178e-01	2.056031e+00	8.095322e-01	1.041028e+00	6.690177e+01	1.459434e+02	3.264594e-01	1.273438e-02	-8.381996e-14	
1  101.965	2.271396e+00	1.241025e-01	6.974480e-01	3.064509e+00	9.704163e-01	7.041688e-02	3.175630e-01	4.555773e-01	4.204594e+00	1.000080e+00	9.264729e+00	6.968374e-01	2.455349e-01	2.142235e+00	8.237160e-01	1.041311e+00	6.974040e+01	1.441232e+02	3.031875e-01	4.090869e-02	1.098383e-14	
3  102.273	2.237963e+00	1.238044e-01	6.780008e-01	3.086542e+00	9.600748e-01	8.024863e-02	1.608907e-01	5.818837e-01	3.129921e+00	9.966709e-01	1.023782e+01	6.805256e-01	2.453918e-01	2.189609e+00	8.343637e-01	1.041524e+00	6.781148e+01	1.453030e+02	3.193945e-01	2.123055e-02	-2.568234e-14	
1  102.502	2.213028e+00	1.237857e-01	6.733073e-01	3.086825e+00	9.567859e-01	7.754229e-02	1.364521e-01	8.125109e-01	4.291211e+00	9.991051e-01	1.005434e+01	6.765825e-01	2.452861e-01	2.190364e+00	8.350652e-01	1.041619e+00	6.735225e+01	1.456915e+02	3.233644e-01	1.819362e-02	-8.934382e-14	
4  102.156	2.223399e+00	1.255791e-01	6.742030e-01	3.082017e+00	9.557453e-01	7.341073e-02	1.902667e-01	6.208907e-01	3.856054e+00	9.998086e-01	9.686371e+00	6.733084e-01	2.453302e-01	2.179801e+00	8.365895e-01	1.041594e+00	6.743389e+01	1.448703e+02	3.265862e-01	2.507019e-02	-1.023939e-13	
3  103.124	2.230171e+00	1.292952e-01	6.796325e-01	3.056178e+00	9.479151e-01	5.757829e-02	3.436593e-01	6.963113e-01	3.828850e+00	1.001908e+00	8.202490e+00	6.702301e-01	2.453596e-01	2.124351e+00	8.304653e-01	1.041558e+00	6.797514e+01	1.431725e+02	3.296021e-01	4.411268e-02	-1.189800e-13	
10  103.77	2.230171e+00	1.292952e-01	6.796325e-01	3.056178e+00	9.479151e-01	5.757829e-02	3.436593e-01	6.963113e-01	3.828850e+00	1.000254e+00	8.202490e+00	6.702301e-01	2.453596e-01	2.124351e+00	8.304653e-01	1.041558e+00	6.797514e+01	1.431725e+02	3.296021e-01	4.411268e-02	-1.189800e-13	
2  103.209	2.230171e+00	1.292952e-01	6.796325e-01	3.056178e+00	9.479151e-01	5.757829e-02	3.436593e-01	6.963113e-01	3.828850e+00	1.001426e+00	8.202490e+00	6.702301e-01	2.453596e-01	2.124351e+00	8.304653e-01	1.041558e+00	6.797514e+01	1.431725e+02	3.296021e-01	4.411268e-02	-1.189800e-13	
2  103.698	2.229237e+00	1.246341e-01	6.873470e-01	3.030265e+00	9.507468e-01	5.192136e-02	2.733817e-01	3.555263e-01	3.866325e+00	9.979132e-01	7.559326e+00	6.875879e-01	2.453593e-01	2.071148e+00	8.083665e-01	1.041539e+00	6.875635e+01	1.446837e+02	3.124051e-01	3.519353e-02	-8.078199e-14	
7  104.095	2.262275e+00	1.347174e-01	7.099544e-01	3.025971e+00	9.517150e-01	4.833181e-02	7.154640e-01	8.309362e-02	3.718280e+00	9.997560e-01	7.266419e+00	6.863652e-01	2.454983e-01	2.061486e+00	8.254060e-01	1.042548e+00	7.100180e+01	1.399130e+02	3.134498e-01	8.771710e-02	3.232658e-14	
1  105.35	2.219703e+00	1.321544e-01	6.837040e-01	2.980780e+00	9.448926e-01	2.476606e-02	4.639659e-01	1.113257e-01	2.846111e+00	9.967965e-01	4.456915e+00	6.685199e-01	2.453188e-01	1.971279e+00	8.046674e-01	1.041844e+00	6.838504e+01	1.420780e+02	3.314654e-01	5.853888e-02	2.824739e-13	
5  104.298	2.239919e+00	1.313877e-01	7.036925e-01	2.985847e+00	9.542648e-01	3.409595e-02	5.873778e-01	8.198835e-02	3.096313e+00	9.951821e-01	5.625240e+00	6.880950e-01	2.454077e-01	1.981234e+00	8.041188e-01	1.042305e+00	7.037798e+01	1.414807e+02	3.118770e-01	7.301977e-02	1.508495e-13	
2  104.006	2.320845e+00	1.333539e-01	7.363850e-01	2.961979e+00	9.671286e-01	2.606255e-02	8.505144e-01	2.654121e-01	2.704722e+00	9.961317e-01	4.508442e+00	7.101979e-01	2.457397e-01	1.933790e+00	7.952267e-01	1.042790e+00	7.363303e+01	1.390238e+02	2.897608e-01	1.025474e-01	5.514827e-14	
4  103.924	2.345113e+00	1.298035e-01	7.407096e-01	2.971009e+00	9.740400e-01	3.214219e-02	7.696232e-01	1.696615e-01	3.090489e+00	9.964303e-01	5.194144e+00	7.194817e-01	2.458375e-01	1.951368e+00	7.912384e-01	1.042464e+00	7.406754e+01	1.399319e+02	2.803936e-01	9.371103e-02	8.446257e-14	
1  102.99	2.294361e+00	1.338171e-01	7.287513e-01	2.990795e+00	9.730446e-01	3.597221e-02	8.247790e-01	5.995066e-01	3.087202e+00	1.000476e+00	5.777775e+00	7.035869e-01	2.456321e-01	1.990437e+00	8.116750e-01	1.042646e+00	7.287054e+01	1.393012e+02	2.963170e-01	9.985113e-02	-4.286375e-14	
7  104.439	2.273928e+00	1.335045e-01	7.075589e-01	2.969679e+00	9.696740e-01	2.148472e-02	6.676310e-01	5.609220e-01	2.576556e+00	1.000329e+00	3.930064e+00	6.866266e-01	2.455466e-01	1.948527e+00	8.051383e-01	1.041935e+00	7.074058e+01	1.402575e+02	3.133260e-01	8.250781e-02	-3.596041e-14	
2  104.138	2.294055e+00	1.273300e-01	7.158543e-01	3.005299e+00	9.807951e-01	3.924658e-02	5.458456e-01	5.726144e-01	3.607095e+00	1.004352e+00	6.068290e+00	7.053559e-01	2.456305e-01	2.019376e+00	8.065957e-01	1.041653e+00	7.157672e+01	1.420388e+02	2.945071e-01	6.838039e-02	-1.025083e-13	
1  104.713	2.311811e+00	1.280897e-01	7.158092e-01	2.999531e+00	9.768342e-01	3.035524e-02	5.367417e-01	7.089078e-01	4.151847e+00	1.007949e+00	4.980012e+00	7.034671e-01	2.457023e-01	2.007465e+00	8.055318e-01	1.042224e+00	7.157869e+01	1.417108e+02	2.963930e-01	6.729081e-02	-2.607703e-14	
2  102.498	2.238876e+00	1.255717e-01	6.850713e-01	2.981873e+00	9.678059e-01	2.533369e-02	2.656604e-01	4.721007e-01	4.047355e+00	1.000451e+00	4.405117e+00	6.832268e-01	2.454001e-01	1.972369e+00	7.972016e-01	1.041815e+00	6.850280e+01	1.443489e+02	3.166659e-01	3.459367e-02	-6.903317e-14	
7  102.907	2.289971e+00	1.254541e-01	6.998140e-01	3.035852e+00	9.781026e-01	5.304955e-02	3.232291e-01	4.886488e-01	4.693650e+00	1.001162e+00	7.534100e+00	6.956432e-01	2.456110e-01	2.081571e+00	8.193478e-01	1.042674e+00	6.997952e+01	1.435768e+02	3.042971e-01	4.159055e-02	-1.109419e-13	
5  103.914	2.277255e+00	1.276450e-01	6.926011e-01	3.025243e+00	9.724547e-01	4.318518e-02	3.305428e-01	6.802376e-01	4.267358e+00	1.002905e+00	6.524044e+00	6.850154e-01	2.455585e-01	2.059485e+00	8.206580e-01	1.042880e+00	6.925380e+01	1.431440e+02	3.149076e-01	4.256143e-02	-1.534587e-13	
2  104.913	2.254177e+00	1.262222e-01	6.805518e-01	3.047317e+00	9.679311e-01	5.083891e-02	1.880671e-01	4.260687e-01	3.703341e+00	1.003259e+00	7.384591e+00	6.773830e-01	2.454613e-01	2.105407e+00	8.288856e-01	1.043362e+00	6.804388e+01	1.444201e+02	3.225042e-01	2.473435e-02	-2.431575e-13	
1  104.87	2.254177e+00	1.262222e-01	6.805518e-01	3.047317e+00	9.679311e-01	5.083891e-02	1.880671e-01	4.260687e-01	3.703341e+00	1.003622e+00	7.384591e+00	6.773830e-01	2.454613e-01	2.105407e+00	8.288856e-01	1.043362e+00	6.804388e+01	1.444201e+02	3.225042e-01	2.473435e-02	-2.431575e-13	
1  105.659	2.288404e+00	1.289898e-01	7.161383e-01	3.098055e+00	9.800002e-01	7.902132e-02	5.532524e-01	4.370947e-01	3.438690e+00	1.008554e+00	1.013894e+01	7.026284e-01	2.456061e-01	2.216018e+00	8.518512e-01	1.043317e+00	7.160473e+01	1.416836e+02	2.972588e-01	6.916786e-02	-4.449673e-15	
1  104.792	2.366163e+00	1.321896e-01	7.581132e-01	3.058243e+00	9.889400e-01	6.849732e-02	9.518511e-01	6.571747e-01	3.456424e+00	1.006878e+00	9.044835e+00	7.276883e-01	2.459216e-01	2.129845e+00	8.342365e-01	1.043233e+00	7.582178e+01	1.384054e+02	2.722678e-01	1.132417e-01	-2.311021e-14	
1  103.687	2.356940e+00	1.345194e-01	7.529095e-01	3.068943e+00	9.768633e-01	7.617245e-02	9.836607e-01	7.628902e-01	3.337523e+00	1.002204e+00	9.810006e+00	7.199144e-01	2.458850e-01	2.152382e+00	8.413202e-01	1.043286e+00	7.528992e+01	1.378384e+02	2.800170e-01	1.168199e-01	-8.397978e-14	
3  103.812	2.349378e+00	1.333826e-01	7.445661e-01	3.051996e+00	9.695721e-01	6.864115e-02	8.804670e-01	8.823967e-01	2.398995e+00	9.990041e-01	9.108607e+00	7.156909e-01	2.458545e-01	2.115624e+00	8.312438e-01	1.043349e+00	7.444822e+01	1.386000e+02	2.842385e-01	1.058874e-01	-1.084760e-13	
2  103.66	2.328497e+00	1.379158e-01	7.374403e-01	3.045501e+00	9.656242e-01	6.583919e-02	9.948050e-01	7.126841e-01	2.124772e+00	9.972403e-01	8.972136e+00	7.021911e-01	2.457675e-01	2.101837e+00	8.380886e-01	1.042641e+00	7.374000e+01	1.373355e+02	2.975725e-01	1.180490e-01	-1.158956e-14	
4  104.133	2.322689e+00	1.366368e-01	7.457464e-01	3.093874e+00	9.739059e-01	9.146963e-02	1.038988e+00	8.723492e-01	2.022272e+00	9.994994e-01	1.130486e+01	7.112103e-01	2.457438e-01	2.206361e+00	8.564805e-01	1.042529e+00	7.457838e+01	1.374960e+02	2.887117e-01	1.225235e-01	4.651193e-14	
5  104.169	2.331172e+00	1.380801e-01	7.615189e-01	3.069366e+00	9.792584e-01	8.528459e-02	1.204964e+00	7.346790e-01	3.029176e+00	9.974286e-01	1.077394e+01	7.205444e-01	2.457790e-01	2.152967e+00	8.477764e-01	1.042853e+00	7.616677e+01	1.364339e+02	2.794031e-01	1.392585e-01	2.982188e-14	
1  105.129	2.326364e+00	1.343025e-01	7.626345e-01	3.109377e+00	9.845937e-01	1.063948e-01	1.102397e+00	6.540394e-01	3.670226e+00	9.981973e-01	1.250113e+01	7.280215e-01	2.457614e-01	2.241300e+00	8.578789e-01	1.042873e+00	7.628199e+01	1.377242e+02	2.720027e-01	1.288735e-01	5.455986e-14	
1  105.461	2.311037e+00	1.245653e-01	7.381933e-01	3.134903e+00	9.785808e-01	1.050647e-01	6.227741e-01	8.117761e-01	3.141447e+00	1.007831e+00	1.218533e+01	7.280101e-01	2.457013e-01	2.298295e+00	8.476855e-01	1.042194e+00	7.380928e+01	1.421992e+02	2.719464e-01	7.716250e-02	-2.920056e-13	
5  105.832	2.311037e+00	1.245653e-01	7.381933e-01	3.134903e+00	9.785808e-01	1.050647e-01	6.227741e-01	8.117761e-01	3.141447e+00	1.006816e+00	1.218533e+01	7.280101e-01	2.457013e-01	2.298295e+00	8.476855e-01	1.042194e+00	7.380928e+01	1.421992e+02	2.719464e-01	7.716250e-02	-2.920056e-13	
1  105.443	2.307051e+00	1.253016e-01	7.305655e-01	3.094381e+00	9.691303e-01	8.547990e-02	6.011332e-01	5.254717e-01	3.088442e+00	1.004097e+00	1.055256e+01	7.208389e-01	2.456845e-01	2.206922e+00	8.302584e-01	1.041621e+00	7.305478e+01	1.421657e+02	2.791859e-01	7.465240e-02	-2.436941e-13	
1  105.307	2.347301e+00	1.289054e-01	7.652450e-01	3.119738e+00	9.809599e-01	1.047203e-01	9.342858e-01	6.861725e-01	3.770866e+00	1.003473e+00	1.215317e+01	7.387736e-01	2.458495e-01	2.263748e+00	8.469903e-01	1.043024e+00	7.651965e+01	1.394193e+02	2.611514e-01	1.117166e-01	-2.345407e-13	
3  105.692	2.294710e+00	1.285740e-01	7.255982e-01	3.167514e+00	9.771607e-01	1.212268e-01	6.409316e-01	8.942743e-01	3.682505e+00	1.003541e+00	1.367695e+01	7.108410e-01	2.456328e-01	2.375542e+00	8.757996e-01	1.042537e+00	7.256863e+01	1.413293e+02	2.890516e-01	7.909278e-02	1.104487e-13	
2  105.365	2.294710e+00	1.285740e-01	7.255982e-01	3.167514e+00	9.771607e-01	1.212268e-01	6.409316e-01	8.942743e-01	3.682505e+00	1.004485e+00	1.367695e+01	7.108410e-01	2.456328e-01	2.375542e+00	8.757996e-01	1.042537e+00	7.256863e+01	1.413293e+02	2.890516e-01	7.909278e-02	1.104487e-13	
3  106.458	2.264213e+00	1.291015e-01	7.048407e-01	3.174490e+00	9.636889e-01	1.211451e-01	5.238967e-01	8.119005e-01	3.908719e+00	1.003557e+00	1.377285e+01	6.925870e-01	2.455043e-01	2.391535e+00	8.795724e-01	1.041792e+00	7.050114e+01	1.420215e+02	3.072605e-01	6.537873e-02	1.811138e-13	
13  106.22	2.305064e+00	1.310392e-01	7.247399e-01	3.167916e+00	9.742395e-01	1.292976e-01	7.115411e-01	8.742927e-01	3.986207e+00	9.963378e-01	1.434190e+01	7.048966e-01	2.456731e-01	2.376189e+00	8.802220e-01	1.042142e+00	7.251479e+01	1.403282e+02	2.951131e-01	8.681396e-02	7.355979e-13	
2  106.206	2.317843e+00	1.344889e-01	7.359807e-01	3.111580e+00	9.677970e-01	1.061000e-01	8.995802e-01	7.276095e-01	3.741762e+00	9.923549e-01	1.250047e+01	7.073455e-01	2.457250e-01	2.245492e+00	8.587832e-01	1.042283e+00	7.362447e+01	1.385930e+02	2.925592e-01	1.077806e-01	5.225407e-13	
3  106.312	2.317843e+00	1.344889e-01	7.359807e-01	3.111580e+00	9.677970e-01	1.061000e-01	8.995802e-01	7.276095e-01	3.741762e+00	9.919490e-01	1.250047e+01	7.073455e-01	2.457250e-01	2.245492e+00	8.587832e-01	1.042283e+00	7.362447e+01	1.385930e+02	2.925592e-01	1.077806e-01	5.225407e-13	
1  106.062	2.338343e+00	1.339258e-01	7.669730e-01	3.093667e+00	9.765854e-01	1.034585e-01	1.127359e+00	5.580345e-01	4.668873e+00	9.934675e-01	1.218996e+01	7.312377e-01	2.458122e-01	2.205257e+00	8.453867e-01	1.042590e+00	7.671143e+01	1.375773e+02	2.687699e-01	1.315020e-01	2.019742e-13	
5  106.146	2.319174e+00	1.298054e-01	7.494393e-01	3.083354e+00	9.774736e-01	9.889955e-02	8.823538e-01	1.168441e-01	4.865054e+00	9.910508e-01	1.176741e+01	7.262328e-01	2.457356e-01	2.182652e+00	8.352506e-01	1.041994e+00	7.494768e+01	1.397320e+02	2.737945e-01	1.057171e-01	3.288088e-13	
5  107.612	2.375979e+00	1.374488e-01	7.639176e-01	3.076754e+00	9.727814e-01	9.185688e-02	1.200791e+00	1.226578e-01	4.163581e+00	9.934657e-01	1.119293e+01	7.222284e-01	2.459616e-01	2.168362e+00	8.439900e-01	1.041818e+00	7.640940e+01	1.361413e+02	2.776713e-01	1.386112e-01	5.727228e-13	
1  107.659	2.377591e+00	1.386951e-01	7.739384e-01	3.041471e+00	9.798778e-01	7.606203e-02	1.337422e+00	2.692497e-01	3.963040e+00	9.951177e-01	9.834301e+00	7.273793e-01	2.459670e-01	2.093400e+00	8.315712e-01	1.041492e+00	7.740415e+01	1.353299e+02	2.725091e-01	1.518379e-01	3.793208e-13	
4  108.958	2.312433e+00	1.309810e-01	7.457160e-01	3.038306e+00	9.736913e-01	7.545852e-02	9.293436e-01	8.098499e-02	3.816022e+00	9.919862e-01	9.784399e+00	7.216285e-01	2.457087e-01	2.085982e+00	8.171406e-01	1.040843e+00	7.456988e+01	1.393419e+02	2.783592e-01	1.105995e-01	1.066111e-13	
15  108.005	2.362779e+00	1.390876e-01	7.853755e-01	3.008205e+00	9.778199e-01	6.667545e-02	1.452804e+00	3.689220e-01	4.285822e+00	9.914394e-01	9.008999e+00	7.348506e-01	2.459095e-01	2.024097e+00	8.159196e-01	1.041862e+00	7.854910e+01	1.349557e+02	2.649596e-01	1.628159e-01	2.511648e-13	
8  107.956	2.381114e+00	1.390711e-01	7.955685e-01	2.981381e+00	9.851188e-01	5.588730e-02	1.519090e+00	1.176298e-01	4.357420e+00	9.910672e-01	7.912823e+00	7.413139e-01	2.459811e-01	1.971230e+00	8.053296e-01	1.042052e+00	7.955219e+01	1.345216e+02	2.584619e-01	1.689838e-01	3.048314e-13	
2  107.031	2.336151e+00	1.436154e-01	7.710972e-01	3.005209e+00	9.756524e-01	5.375815e-02	1.498656e+00	9.769293e-02	2.897780e+00	9.985720e-01	7.848511e+00	7.179309e-01	2.458009e-01	2.018590e+00	8.268090e-01	1.041572e+00	7.711704e+01	1.340852e+02	2.818704e-01	1.670585e-01	3.461111e-14	
3  108.185	2.348648e+00	1.364224e-01	7.711931e-01	2.968041e+00	9.770889e-01	3.728397e-02	1.275974e+00	1.866260e-02	3.933656e+00	9.980888e-01	5.898201e+00	7.300163e-01	2.458542e-01	1.945655e+00	7.963930e-01	1.041273e+00	7.710085e+01	1.363362e+02	2.697357e-01	1.463098e-01	-2.111645e-13	
8  106.157	2.321943e+00	1.294196e-01	7.362906e-01	3.037766e+00	9.816136e-01	6.683525e-02	7.861106e-01	1.658852e-01	4.648466e+00	9.979855e-01	8.928440e+00	7.171487e-01	2.457459e-01	2.085903e+00	8.184019e-01	1.040947e+00	7.361161e+01	1.402015e+02	2.828536e-01	9.532964e-02	4.246161e-14	
2  106.558	2.334025e+00	1.370395e-01	7.466916e-01	3.054620e+00	9.810221e-01	7.650735e-02	1.085042e+00	3.284781e-02	4.181616e+00	9.965316e-01	9.950686e+00	7.110868e-01	2.457919e-01	2.121459e+00	8.409701e-01	1.041441e+00	7.466995e+01	1.371213e+02	2.889706e-01	1.266452e-01	2.371369e-13	
8  106.194	2.332015e+00	1.381130e-01	7.521227e-01	3.070201e+00	9.826426e-01	8.839196e-02	1.142610e+00	5.089010e-01	4.604150e+00	9.934695e-01	1.104655e+01	7.134570e-01	2.457812e-01	2.155028e+00	8.505997e-01	1.042204e+00	7.523558e+01	1.366844e+02	2.866352e-01	1.325486e-01	2.624849e-13	
6  108.368	2.333546e+00	1.370007e-01	7.426905e-01	3.024768e+00	9.835733e-01	6.786840e-02	1.046055e+00	5.195151e-01	4.247829e+00	9.902425e-01	9.151023e+00	7.081012e-01	2.457878e-01	2.058825e+00	8.304181e-01	1.041514e+00	7.429433e+01	1.373000e+02	2.919496e-01	1.225686e-01	3.132885e-13	
2  109.178	2.374437e+00	1.313673e-01	7.694408e-01	3.020297e+00	9.850224e-01	7.270964e-02	1.078019e+00	8.090001e-01	4.667088e+00	9.899490e-01	9.395764e+00	7.365813e-01	2.459554e-01	2.049474e+00	8.086878e-01	1.041330e+00	7.694522e+01	1.379993e+02	2.633149e-01	1.264036e-01	3.891380e-13	
6  107.108	2.306439e+00	1.267332e-01	7.332773e-01	3.033152e+00	9.779660e-01	6.856404e-02	6.963248e-01	8.236942e-01	4.480687e+00	9.949087e-01	9.075187e+00	7.201889e-01	2.456826e-01	2.075846e+00	8.094370e-01	1.040748e+00	7.331336e+01	1.413910e+02	2.798198e-01	8.550327e-02	-5.742442e-14	
1  107.457	2.276721e+00	1.249100e-01	7.268963e-01	3.045202e+00	9.790052e-01	7.796236e-02	6.018448e-01	9.881284e-01	4.259087e+00	9.918477e-01	9.966279e+00	7.192823e-01	2.455605e-01	2.100506e+00	8.126933e-01	1.040990e+00	7.268621e+01	1.425614e+02	2.808048e-01	7.464377e-02	3.800075e-14	
4  108.401	2.276721e+00	1.249100e-01	7.268963e-01	3.045202e+00	9.790052e-01	7.796236e-02	6.018448e-01	9.881284e-01	4.259087e+00	9.950444e-01	9.966279e+00	7.192823e-01	2.455605e-01	2.100506e+00	8.126933e-01	1.040990e+00	7.268621e+01	1.425614e+02	2.808048e-01	7.464377e-02	3.800075e-14	
9  109.552	2.236975e+00	1.225296e-01	6.934974e-01	3.047691e+00	9.682919e-01	7.403867e-02	2.952145e-01	8.681389e-01	4.873919e+00	9.939445e-01	9.664119e+00	6.974004e-01	2.453921e-01	2.105547e+00	8.119941e-01	1.040240e+00	6.934952e+01	1.449799e+02	3.028174e-01	3.786846e-02	-7.910095e-15	
11  109.31	2.216934e+00	1.240889e-01	6.860018e-01	3.089297e+00	9.678631e-01	8.789989e-02	2.935596e-01	8.798586e-01	4.981357e+00	9.990060e-01	1.098676e+01	6.878045e-01	2.453057e-01	2.194716e+00	8.348371e-01	1.040243e+00	6.860462e+01	1.447982e+02	3.125974e-01	3.738985e-02	-4.843120e-14	
1  107.625	2.245254e+00	1.303228e-01	7.088225e-01	3.057493e+00	9.681602e-01	7.686825e-02	6.430644e-01	7.884833e-01	3.881297e+00	9.967191e-01	1.007626e+01	6.945930e-01	2.454274e-01	2.126033e+00	8.315256e-01	1.040804e+00	7.089397e+01	1.413994e+02	3.056131e-01	7.904878e-02	6.680824e-14	
5  106.435	2.318970e+00	1.311507e-01	7.362333e-01	3.040643e+00	9.717140e-01	7.288293e-02	8.304800e-01	9.981255e-01	3.833796e+00	9.955517e-01	9.535129e+00	7.139243e-01	2.457324e-01	2.091141e+00	8.209373e-01	1.041316e+00	7.363017e+01	1.396422e+02	2.860318e-01	1.002392e-01	2.039418e-13	
2  105.764	2.318970e+00	1.311507e-01	7.362333e-01	3.040643e+00	9.717140e-01	7.288293e-02	8.304800e-01	9.981255e-01	3.833796e+00	9.946193e-01	9.535129e+00	7.139243e-01	2.457324e-01	2.091141e+00	8.209373e-01	1.041316e+00	7.363017e+01	1.396422e+02	2.860318e-01	1.002392e-01	2.039418e-13	
6  104.892	2.314168e+00	1.246316e-01	7.347517e-01	3.032118e+00	9.705440e-01	6.979158e-02	5.947185e-01	8.469458e-01	4.052155e+00	9.935022e-01	9.132251e+00	7.250140e-01	2.457143e-01	2.074057e+00	8.033634e-01	1.042143e+00	7.347636e+01	1.422742e+02	2.749745e-01	7.407825e-02	9.140764e-14	
2  105.436	2.307502e+00	1.330067e-01	7.408650e-01	2.995155e+00	9.659403e-01	5.356368e-02	8.980547e-01	9.221200e-01	3.565315e+00	9.906559e-01	7.734266e+00	7.143621e-01	2.456878e-01	1.998792e+00	8.059728e-01	1.042561e+00	7.409788e+01	1.390529e+02	2.855577e-01	1.075349e-01	9.091106e-14	
1  105.018	2.307502e+00	1.330067e-01	7.408650e-01	2.995155e+00	9.659403e-01	5.356368e-02	8.980547e-01	9.221200e-01	3.565315e+00	9.889520e-01	7.734266e+00	7.143621e-01	2.456878e-01	1.998792e+00	8.059728e-01	1.042561e+00	7.409788e+01	1.390529e+02	2.855577e-01	1.075349e-01	9.091106e-14	
1  107.413	2.299127e+00	1.302756e-01	7.382338e-01	2.981919e+00	9.621425e-01	4.956082e-02	8.034244e-01	8.826863e-01	4.286673e+00	9.867763e-01	7.299839e+00	7.175006e-01	2.456561e-01	1.972972e+00	7.938668e-01	1.042413e+00	7.383636e+01	1.401747e+02	2.824882e-01	9.719997e-02	1.330761e-13	
3  106.954	2.315981e+00	1.357477e-01	7.707565e-01	2.967050e+00	9.742912e-01	4.405361e-02	1.241691e+00	9.488310e-01	4.749486e+00	9.923682e-01	6.730187e+00	7.313060e-01	2.457247e-01	1.943461e+00	7.960958e-01	1.042462e+00	7.708082e+01	1.369461e+02	2.686086e-01	1.428202e-01	-1.075510e-14	
4  106.861	2.318557e+00	1.403996e-01	7.792526e-01	2.985103e+00	9.767188e-01	5.078376e-02	1.463851e+00	9.009186e-01	3.743005e+00	9.958104e-01	7.525198e+00	7.294059e-01	2.457332e-01	1.978257e+00	8.117816e-01	1.042330e+00	7.794025e+01	1.350600e+02	2.704566e-01	1.640954e-01	7.454119e-15	
7  105.639	2.329899e+00	1.376935e-01	7.804194e-01	2.990726e+00	9.847392e-01	5.334002e-02	1.378035e+00	8.862679e-01	4.772397e+00	9.971644e-01	7.721640e+00	7.344756e-01	2.457786e-01	1.989672e+00	8.107861e-01	1.042367e+00	7.804152e+01	1.358468e+02	2.653687e-01	1.560333e-01	-1.171622e-14	
4  106.641	2.317014e+00	1.371023e-01	7.774383e-01	2.990341e+00	9.729290e-01	4.750877e-02	1.342141e+00	5.848710e-01	4.911824e+00	1.000901e+00	7.121041e+00	7.336798e-01	2.457291e-01	1.988769e+00	8.062205e-01	1.042461e+00	7.774553e+01	1.362427e+02	2.662197e-01	1.527677e-01	-7.875580e-14	
4  106.542	2.317014e+00	1.371023e-01	7.774383e-01	2.990341e+00	9.729290e-01	4.750877e-02	1.342141e+00	5.848710e-01	4.911824e+00	1.000025e+00	7.121041e+00	7.336798e-01	2.457291e-01	1.988769e+00	8.062205e-01	1.042461e+00	7.774553e+01	1.362427e+02	2.662197e-01	1.527677e-01	-7.875580e-14	
1  108.147	2.322216e+00	1.391731e-01	7.774577e-01	2.988048e+00	9.704112e-01	5.250816e-02	1.415915e+00	4.231028e-01	3.108475e+00	9.937191e-01	7.685050e+00	7.300876e-01	2.457490e-01	1.983799e+00	8.080634e-01	1.042055e+00	7.776250e+01	1.354796e+02	2.697484e-01	1.595086e-01	-1.883674e-14	
5  108.304	2.303049e+00	1.392698e-01	7.695724e-01	3.069290e+00	9.701413e-01	8.987137e-02	1.352606e+00	8.154478e-01	2.542199e+00	9.951026e-01	1.126529e+01	7.245442e-01	2.456669e-01	2.150822e+00	8.443741e-01	1.042448e+00	7.698876e+01	1.358804e+02	2.754141e-01	1.536931e-01	3.463142e-14	
3  108.285	2.303049e+00	1.392698e-01	7.695724e-01	3.069290e+00	9.701413e-01	8.987137e-02	1.352606e+00	8.154478e-01	2.542199e+00	9.962175e-01	1.126529e+01	7.245442e-01	2.456669e-01	2.150822e+00	8.443741e-01	1.042448e+00	7.698876e+01	1.358804e+02	2.754141e-01	1.536931e-01	3.463142e-14	
3  107.439	2.335454e+00	1.373277e-01	7.894319e-01	3.073372e+00	9.848584e-01	9.847534e-02	1.411836e+00	8.098488e-01	2.912379e+00	9.943807e-01	1.187060e+01	7.409888e-01	2.457987e-01	2.160861e+00	8.432104e-01	1.043247e+00	7.895590e+01	1.357374e+02	2.590133e-01	1.592940e-01	5.011056e-14	
3  107.371	2.316326e+00	1.353082e-01	7.707245e-01	3.070848e+00	9.842290e-01	9.531418e-02	1.185390e+00	8.749076e-01	2.413251e+00	9.921153e-01	1.162874e+01	7.320407e-01	2.457202e-01	2.156053e+00	8.431277e-01	1.043723e+00	7.708259e+01	1.372609e+02	2.679514e-01	1.372315e-01	4.333072e-15	
2  107.272	2.324997e+00	1.345557e-01	7.798035e-01	3.049118e+00	9.822450e-01	8.637293e-02	1.235739e+00	9.758712e-01	2.407926e+00	9.921957e-01	1.080449e+01	7.392159e-01	2.457579e-01	2.108972e+00	8.290133e-01	1.043667e+00	7.797651e+01	1.371289e+02	2.607805e-01	1.423157e-01	1.079161e-14	
3  106.372	2.294929e+00	1.291181e-01	7.576223e-01	3.065807e+00	9.809102e-01	8.927333e-02	9.045352e-01	9.215965e-01	2.535475e+00	9.942661e-01	1.101131e+01	7.338303e-01	2.456366e-01	2.144713e+00	8.283899e-01	1.043508e+00	7.575580e+01	1.400287e+02	2.661160e-01	1.084093e-01	6.862935e-14	
1  105.921	2.321724e+00	1.325838e-01	7.576846e-01	2.983304e+00	9.838692e-01	5.290877e-02	9.918932e-01	8.211753e-01	2.988852e+00	9.884619e-01	7.625144e+00	7.273635e-01	2.457438e-01	1.975182e+00	8.034526e-01	1.043430e+00	7.576707e+01	1.386072e+02	2.725991e-01	1.171393e-01	-4.660804e-14	
5  105.918	2.338673e+00	1.354039e-01	7.689367e-01	2.975413e+00	9.881812e-01	4.863670e-02	1.165239e+00	9.481210e-01	2.995559e+00	9.907411e-01	7.178114e+00	7.302444e-01	2.458101e-01	1.959806e+00	8.050938e-01	1.043347e+00	7.689854e+01	1.371042e+02	2.696916e-01	1.349234e-01	-7.849131e-14	
4  106.556	2.338673e+00	1.354039e-01	7.689367e-01	2.975413e+00	9.881812e-01	4.863670e-02	1.165239e+00	9.481210e-01	2.995559e+00	9.888491e-01	7.178114e+00	7.302444e-01	2.458101e-01	1.959806e+00	8.050938e-01	1.043347e+00	7.689854e+01	1.371042e+02	2.696916e-01	1.349234e-01	-7.849131e-14	
3  104.203	2.300340e+00	1.308682e-01	7.427552e-01	3.005394e+00	9.746627e-01	5.762429e-02	8.558151e-01	5.451402e-01	2.937195e+00	9.901033e-01	8.118737e+00	7.198185e-01	2.456588e-01	2.019327e+00	8.077983e-01	1.042544e+00	7.428035e+01	1.397885e+02	2.800839e-01	1.029907e-01	7.468294e-14	
2  104.531	2.301367e+00	1.315684e-01	7.527668e-01	2.987561e+00	9.812160e-01	4.805030e-02	9.654420e-01	7.581488e-01	2.868970e+00	9.937360e-01	7.123164e+00	7.259606e-01	2.456632e-01	1.983719e+00	8.019208e-01	1.042495e+00	7.527515e+01	1.391496e+02	2.738835e-01	1.147390e-01	-6.760098e-15	
5  105.36	2.246736e+00	1.329239e-01	7.085410e-01	3.026720e+00	9.736673e-01	5.448667e-02	7.000648e-01	8.749472e-01	2.778710e+00	9.978715e-01	7.938753e+00	6.891234e-01	2.454339e-01	2.062535e+00	8.275849e-01	1.041358e+00	7.084990e+01	1.405320e+02	3.110126e-01	8.572537e-02	-7.353723e-14	
2  103.944	2.258823e+00	1.317022e-01	7.067953e-01	3.023132e+00	9.695982e-01	5.251180e-02	6.375741e-01	6.712843e-01	2.482538e+00	9.967669e-01	7.678714e+00	6.897798e-01	2.454841e-01	2.055312e+00	8.223235e-01	1.041361e+00	7.067067e+01	1.409624e+02	3.102244e-01	7.872476e-02	-4.298165e-14	
4  101.814	2.225847e+00	1.242100e-01	6.718973e-01	3.042713e+00	9.586593e-01	5.283436e-02	1.402392e-01	5.524148e-01	2.705214e+00	9.992046e-01	7.637363e+00	6.740912e-01	2.453417e-01	2.096117e+00	8.178456e-01	1.041158e+00	6.718884e+01	1.454331e+02	3.258649e-01	1.842193e-02	-9.624008e-14	
2  101.394	2.225847e+00	1.242100e-01	6.718973e-01	3.042713e+00	9.586593e-01	5.283436e-02	1.402392e-01	5.524148e-01	2.705214e+00	1.002120e+00	7.637363e+00	6.740912e-01	2.453417e-01	2.096117e+00	8.178456e-01	1.041158e+00	6.718884e+01	1.454331e+02	3.258649e-01	1.842193e-02	-9.624008e-14	
12  101.615	2.223187e+00	1.246469e-01	6.701057e-01	3.016654e+00	9.601419e-01	3.768515e-02	1.169558e-01	5.507942e-01	3.488101e+00	1.003080e+00	5.955973e+00	6.714082e-01	2.453312e-01	2.042314e+00	8.105563e-01	1.041936e+00	6.701464e+01	1.454750e+02	3.284916e-01	1.554079e-02	6.777607e-15	
2  102.916	2.255230e+00	1.250395e-01	6.924620e-01	3.020550e+00	9.568513e-01	3.983202e-02	3.119150e-01	4.149787e-01	2.701487e+00	1.006737e+00	6.177452e+00	6.907503e-01	2.454677e-01	2.050977e+00	8.054292e-01	1.041430e+00	6.924311e+01	1.441119e+02	3.091781e-01	3.989973e-02	-6.898847e-14	
1  104.826	2.308936e+00	1.316412e-01	7.312014e-01	3.008756e+00	9.622302e-01	3.586048e-02	7.834974e-01	6.642798e-01	3.162974e+00	1.010347e+00	5.731542e+00	7.092934e-01	2.456920e-01	2.026477e+00	8.087945e-01	1.042139e+00	7.312241e+01	1.398385e+02	2.906166e-01	9.503210e-02	-6.355848e-14	
1  105.061	2.307917e+00	1.306452e-01	7.349399e-01	3.008551e+00	9.623850e-01	3.946679e-02	7.947394e-01	3.932490e-01	4.590301e+00	1.008572e+00	6.142733e+00	7.141848e-01	2.456893e-01	2.026249e+00	8.051478e-01	1.041881e+00	7.349897e+01	1.400389e+02	2.857324e-01	9.628233e-02	-1.656750e-13	
7  106.692	2.376972e+00	1.372332e-01	7.692057e-01	3.008740e+00	9.714786e-01	4.101174e-02	1.221559e+00	6.783626e-01	4.484421e+00	1.011412e+00	6.305776e+00	7.266333e-01	2.459657e-01	2.026414e+00	8.148263e-01	1.042373e+00	7.692791e+01	1.360821e+02	2.732224e-01	1.408633e-01	-1.041671e-13	
1  106.702	2.377179e+00	1.320461e-01	7.548834e-01	3.020884e+00	9.718724e-01	5.290693e-02	9.664263e-01	7.136236e-01	4.321460e+00	1.004786e+00	7.499669e+00	7.251816e-01	2.459676e-01	2.051452e+00	8.099630e-01	1.041438e+00	7.548769e+01	1.382743e+02	2.746502e-01	1.148946e-01	-1.913160e-14	
1  107.347	2.369449e+00	1.264565e-01	7.434061e-01	3.090642e+00	9.779683e-01	8.054771e-02	7.006612e-01	6.331408e-01	4.033027e+00	1.010504e+00	1.000665e+01	7.270028e-01	2.459379e-01	2.199404e+00	8.300266e-01	1.041441e+00	7.434081e+01	1.407892e+02	2.730424e-01	8.595838e-02	-1.319526e-13	
3  107.072	2.386069e+00	1.292870e-01	7.537005e-01	3.097883e+00	9.748159e-01	8.914195e-02	8.526957e-01	5.809632e-01	3.176614e+00	1.006229e+00	1.076126e+01	7.289698e-01	2.460050e-01	2.215167e+00	8.367612e-01	1.041777e+00	7.537627e+01	1.392931e+02	2.710366e-01	1.027646e-01	1.013819e-14	
3  107.004	2.386069e+00	1.292870e-01	7.537005e-01	3.097883e+00	9.748159e-01	8.914195e-02	8.526957e-01	5.809632e-01	3.176614e+00	1.006002e+00	1.076126e+01	7.289698e-01	2.460050e-01	2.215167e+00	8.367612e-01	1.041777e+00	7.537627e+01	1.392931e+02	2.710366e-01	1.027646e-01	1.013819e-14	
11  105.693	2.398059e+00	1.324417e-01	7.717599e-01	3.071965e+00	9.780466e-01	8.077643e-02	1.079114e+00	6.661809e-01	4.071895e+00	1.004844e+00	1.007872e+01	7.360204e-01	2.460509e-01	2.158584e+00	8.309620e-01	1.042324e+00	7.718469e+01	1.375021e+02	2.639448e-01	1.266749e-01	2.141669e-14	
2  105.825	2.386293e+00	1.354065e-01	7.605531e-01	3.077957e+00	9.706361e-01	7.992785e-02	1.079499e+00	8.128471e-01	3.516262e+00	1.004743e+00	1.008830e+01	7.231647e-01	2.460037e-01	2.171408e+00	8.410560e-01	1.042428e+00	7.606390e+01	1.369577e+02	2.767175e-01	1.266573e-01	5.259812e-14	
2  106.784	2.373445e+00	1.275776e-01	7.365214e-01	3.097815e+00	9.662214e-01	8.605616e-02	6.499935e-01	8.189629e-01	3.220059e+00	1.004389e+00	1.047900e+01	7.194836e-01	2.459545e-01	2.214623e+00	8.348207e-01	1.042194e+00	7.366315e+01	1.407009e+02	2.804980e-01	8.027934e-02	4.378464e-14	
2  104.439	2.363397e+00	1.310868e-01	7.451584e-01	3.068396e+00	9.684445e-01	7.111261e-02	8.275169e-01	8.519043e-01	3.076257e+00	1.006171e+00	9.260761e+00	7.199132e-01	2.459126e-01	2.150524e+00	8.306562e-01	1.042605e+00	7.452230e+01	1.392087e+02	2.800147e-01	9.999909e-02	-4.363861e-14	
2  104.432	2.363397e+00	1.310868e-01	7.451584e-01	3.068396e+00	9.684445e-01	7.111261e-02	8.275169e-01	8.519043e-01	3.076257e+00	1.004565e+00	9.260761e+00	7.199132e-01	2.459126e-01	2.150524e+00	8.306562e-01	1.042605e+00	7.452230e+01	1.392087e+02	2.800147e-01	9.999909e-02	-4.363861e-14	
3  105.073	2.350358e+00	1.332267e-01	7.384781e-01	3.064629e+00	9.624045e-01	6.469851e-02	8.398465e-01	9.654587e-01	4.141082e+00	1.006676e+00	8.721050e+00	7.111003e-01	2.458600e-01	2.142237e+00	8.341864e-01	1.042783e+00	7.385520e+01	1.387991e+02	2.887690e-01	1.013020e-01	-1.196923e-13	
5  104.296	2.257505e+00	1.226174e-01	6.744778e-01	3.081252e+00	9.482831e-01	6.280104e-02	7.217582e-02	3.541485e-01	3.792178e+00	1.006666e+00	8.518227e+00	6.792412e-01	2.454730e-01	2.178607e+00	8.264071e-01	1.041770e+00	6.747009e+01	1.458658e+02	3.206201e-01	9.271976e-03	-2.590528e-13	
8  104.322	2.257505e+00	1.226174e-01	6.744778e-01	3.081252e+00	9.482831e-01	6.280104e-02	7.217582e-02	3.541485e-01	3.792178e+00	1.007967e+00	8.518227e+00	6.792412e-01	2.454730e-01	2.178607e+00	8.264071e-01	1.041770e+00	6.747009e+01	1.458658e+02	3.206201e-01	9.271976e-03	-2.590528e-13	
2  104.563	2.251596e+00	1.259736e-01	6.800169e-01	3.090375e+00	9.481198e-01	6.829485e-02	2.278178e-01	2.388697e-01	4.403692e+00	1.008087e+00	9.125211e+00	6.772037e-01	2.454497e-01	2.198328e+00	8.367690e-01	1.041662e+00	6.801476e+01	1.443184e+02	3.226022e-01	2.941709e-02	-2.173448e-13	
1  104.514	2.251596e+00	1.259736e-01	6.800169e-01	3.090375e+00	9.481198e-01	6.829485e-02	2.278178e-01	2.388697e-01	4.403692e+00	1.007511e+00	9.125211e+00	6.772037e-01	2.454497e-01	2.198328e+00	8.367690e-01	1.041662e+00	6.801476e+01	1.443184e+02	3.226022e-01	2.941709e-02	-2.173448e-13	
1  104.667	2.242146e+00	1.202900e-01	6.834525e-01	3.126752e+00	9.578664e-01	8.935126e-02	8.540391e-02	1.697029e-01	4.088239e+00	1.007887e+00	1.092948e+01	6.929308e-01	2.454099e-01	2.280430e+00	8.409649e-01	1.041965e+00	6.835821e+01	1.465597e+02	3.069591e-01	1.113091e-02	-2.517546e-13	
1  103.901	2.289132e+00	1.224523e-01	7.204783e-01	3.051501e+00	9.646679e-01	6.218839e-02	4.304735e-01	2.969872e-01	3.739070e+00	1.005207e+00	8.422318e+00	7.188544e-01	2.456098e-01	2.115083e+00	8.075849e-01	1.041971e+00	7.205909e+01	1.438506e+02	2.811545e-01	5.447292e-02	-1.337027e-13	
2  104.663	2.297745e+00	1.292216e-01	7.164845e-01	3.008272e+00	9.546394e-01	3.890411e-02	6.049543e-01	2.838428e-01	2.632760e+00	1.003249e+00	6.069523e+00	7.021635e-01	2.456456e-01	2.025740e+00	8.035821e-01	1.041682e+00	7.165253e+01	1.413184e+02	2.977210e-01	7.481260e-02	-1.016917e-13	
2  103.456	2.317828e+00	1.371227e-01	7.428727e-01	3.020776e+00	9.628908e-01	4.859689e-02	1.025730e+00	3.877752e-01	2.726250e+00	1.003545e+00	7.229893e+00	7.081731e-01	2.457276e-01	2.050619e+00	8.241720e-01	1.042742e+00	7.428998e+01	1.374890e+02	2.916527e-01	1.211309e-01	-4.297700e-14	
2  102.125	2.293707e+00	1.321869e-01	7.206184e-01	3.025699e+00	9.618735e-01	4.873734e-02	7.139254e-01	4.202073e-02	2.913173e+00	1.002688e+00	7.207349e+00	6.998996e-01	2.456298e-01	2.061018e+00	8.199079e-01	1.042340e+00	7.205702e+01	1.401649e+02	2.999404e-01	8.741437e-02	4.462507e-14	
1  102.912	2.264613e+00	1.326287e-01	7.005664e-01	3.007494e+00	9.587920e-01	3.602158e-02	5.671485e-01	9.724752e-02	2.205056e+00	1.001665e+00	5.805043e+00	6.822248e-01	2.455075e-01	2.023858e+00	8.179525e-01	1.042585e+00	7.004224e+01	1.410118e+02	3.176281e-01	7.081503e-02	1.026424e-13	
7  102.823	2.264613e+00	1.326287e-01	7.005664e-01	3.007494e+00	9.587920e-01	3.602158e-02	5.671485e-01	9.724752e-02	2.205056e+00	1.002237e+00	5.805043e+00	6.822248e-01	2.455075e-01	2.023858e+00	8.179525e-01	1.042585e+00	7.004224e+01	1.410118e+02	3.176281e-01	7.081503e-02	1.026424e-13	
3  101.288	2.260586e+00	1.250822e-01	6.938478e-01	3.002031e+00	9.625575e-01	3.838204e-02	3.043980e-01	3.261155e-02	2.039964e+00	9.988652e-01	5.995649e+00	6.918027e-01	2.454907e-01	2.012943e+00	8.005044e-01	1.041990e+00	6.937536e+01	1.440684e+02	3.080538e-01	3.911656e-02	5.233455e-14	
8  101.421	2.260586e+00	1.250822e-01	6.938478e-01	3.002031e+00	9.625575e-01	3.838204e-02	3.043980e-01	3.261155e-02	2.039964e+00	9.996402e-01	5.995649e+00	6.918027e-01	2.454907e-01	2.012943e+00	8.005044e-01	1.041990e+00	6.937536e+01	1.440684e+02	3.080538e-01	3.911656e-02	5.233455e-14	
1  102.579	2.304807e+00	1.319612e-01	7.302517e-01	3.007730e+00	9.674629e-01	5.200923e-02	7.858212e-01	1.488884e-01	2.627978e+00	9.954415e-01	7.542522e+00	7.080448e-01	2.456757e-01	2.024201e+00	8.112957e-01	1.042232e+00	7.302574e+01	1.397924e+02	2.918013e-01	9.539863e-02	8.835140e-14	
1  103.078	2.347060e+00	1.327040e-01	7.523890e-01	3.011696e+00	9.797670e-01	5.342645e-02	9.308310e-01	1.902782e-01	3.695202e+00	9.992586e-01	7.610513e+00	7.229446e-01	2.458460e-01	2.032478e+00	8.147663e-01	1.043334e+00	7.523560e+01	1.385652e+02	2.769957e-01	1.110389e-01	-3.792811e-14	
4  103.256	2.347060e+00	1.327040e-01	7.523890e-01	3.011696e+00	9.797670e-01	5.342645e-02	9.308310e-01	1.902782e-01	3.695202e+00	9.967801e-01	7.610513e+00	7.229446e-01	2.458460e-01	2.032478e+00	8.147663e-01	1.043334e+00	7.523560e+01	1.385652e+02	2.769957e-01	1.110389e-01	-3.792811e-14	
6  104.346	2.369092e+00	1.318446e-01	7.740515e-01	3.016983e+00	9.778213e-01	6.215623e-02	1.072604e+00	2.088318e-01	2.780384e+00	9.951278e-01	8.437006e+00	7.392056e-01	2.459349e-01	2.042803e+00	8.084714e-01	1.043355e+00	7.739948e+01	1.379455e+02	2.608021e-01	1.259091e-01	9.576417e-15	
7  105.939	2.369092e+00	1.318446e-01	7.740515e-01	3.016983e+00	9.778213e-01	6.215623e-02	1.072604e+00	2.088318e-01	2.780384e+00	9.932313e-01	8.437006e+00	7.392056e-01	2.459349e-01	2.042803e+00	8.084714e-01	1.043355e+00	7.739948e+01	1.379455e+02	2.608021e-01	1.259091e-01	9.576417e-15	
4  103.712	2.308398e+00	1.282367e-01	7.171300e-01	3.054413e+00	9.721348e-01	6.506471e-02	5.581127e-01	6.800600e-02	3.444279e+00	9.985347e-01	8.757595e+00	7.044279e-01	2.456893e-01	2.121071e+00	8.262811e-01	1.042140e+00	7.170711e+01	1.416230e+02	2.954779e-01	6.969851e-02	8.515884e-14	
13  104.234	2.326663e+00	1.283014e-01	7.370074e-01	3.062094e+00	9.727835e-01	7.352820e-02	6.910008e-01	2.585346e-01	3.742290e+00	9.973753e-01	9.511890e+00	7.197260e-01	2.457648e-01	2.137227e+00	8.260308e-01	1.042984e+00	7.370009e+01	1.408241e+02	2.802168e-01	8.498304e-02	3.740192e-15	
1  104.222	2.284374e+00	1.210606e-01	7.022353e-01	3.089409e+00	9.780248e-01	8.133923e-02	2.117313e-01	1.499523e-01	2.741044e+00	9.984084e-01	1.015553e+01	7.068852e-01	2.455867e-01	2.196456e+00	8.300122e-01	1.042810e+00	7.022386e+01	1.452756e+02	2.930222e-01	2.759673e-02	-2.593193e-14	
1  104.686	2.292550e+00	1.251170e-01	7.136000e-01	3.055365e+00	9.720873e-01	6.582463e-02	4.063018e-01	2.875325e-01	2.939303e+00	9.972761e-01	8.809749e+00	7.079929e-01	2.456231e-01	2.122798e+00	8.224140e-01	1.043456e+00	7.135065e+01	1.432380e+02	2.919503e-01	5.166402e-02	-6.792471e-14	
1  104.078	2.262172e+00	1.261710e-01	7.011791e-01	3.084192e+00	9.680261e-01	7.734944e-02	3.762752e-01	4.428957e-01	2.741120e+00	9.985058e-01	9.976066e+00	6.959544e-01	2.454962e-01	2.184975e+00	8.379804e-01	1.042768e+00	7.011443e+01	1.434405e+02	3.039241e-01	4.823710e-02	-1.894143e-14	
3  103.943	2.322037e+00	1.248968e-01	7.406568e-01	3.046330e+00	9.774332e-01	6.762911e-02	6.295405e-01	8.701226e-01	2.893688e+00	9.981676e-01	8.913039e+00	7.287945e-01	2.457443e-01	2.103585e+00	8.113950e-01	1.042710e+00	7.406346e+01	1.419632e+02	2.711512e-01	7.800617e-02	4.526228e-16	
3  104.563	2.322037e+00	1.248968e-01	7.406568e-01	3.046330e+00	9.774332e-01	6.762911e-02	6.295405e-01	8.701226e-01	2.893688e+00	9.976803e-01	8.913039e+00	7.287945e-01	2.457443e-01	2.103585e+00	8.113950e-01	1.042710e+00	7.406346e+01	1.419632e+02	2.711512e-01	7.800617e-02	4.526228e-16	
7  105.003	2.339089e+00	1.305613e-01	7.473362e-01	3.030330e+00	9.725652e-01	5.308659e-02	8.459741e-01	8.972558e-01	3.189238e+00	1.002905e+00	7.563456e+00	7.230849e-01	2.458141e-01	2.070343e+00	8.152896e-01	1.042770e+00	7.473716e+01	1.394975e+02	2.768344e-01	1.019670e-01	-1.730230e-14	
1  102.746	2.339089e+00	1.305613e-01	7.473362e-01	3.030330e+00	9.725652e-01	5.308659e-02	8.459741e-01	8.972558e-01	3.189238e+00	1.006887e+00	7.563456e+00	7.230849e-01	2.458141e-01	2.070343e+00	8.152896e-01	1.042770e+00	7.473716e+01	1.394975e+02	2.768344e-01	1.019670e-01	-1.730230e-14	
5  101.857	2.323843e+00	1.275448e-01	7.216196e-01	3.034779e+00	9.739245e-01	5.583800e-02	5.640680e-01	6.656454e-01	3.200562e+00	1.002421e+00	7.806430e+00	7.090890e-01	2.457516e-01	2.079827e+00	8.158021e-01	1.042113e+00	7.215956e+01	1.415978e+02	2.908145e-01	7.043204e-02	5.597007e-14	
6  101.57	2.279662e+00	1.286993e-01	7.110071e-01	3.049641e+00	9.651200e-01	6.295437e-02	5.535386e-01	7.854399e-01	3.331398e+00	1.001510e+00	8.630794e+00	6.989413e-01	2.455704e-01	2.110613e+00	8.243244e-01	1.041787e+00	7.109777e+01	1.418314e+02	3.009937e-01	6.921191e-02	-1.570526e-14	
12  102.084	2.266693e+00	1.272550e-01	7.070933e-01	3.052664e+00	9.767581e-01	6.148129e-02	4.614088e-01	7.398133e-01	4.375682e+00	1.004567e+00	8.488732e+00	6.987643e-01	2.455162e-01	2.117048e+00	8.286505e-01	1.042609e+00	7.070680e+01	1.427328e+02	3.011926e-01	5.840911e-02	3.839564e-14	
7  101.393	2.212425e+00	1.251139e-01	6.765483e-01	3.038159e+00	9.650865e-01	5.134823e-02	1.965898e-01	5.351566e-01	3.902551e+00	1.002286e+00	7.531096e+00	6.767777e-01	2.452870e-01	2.086686e+00	8.205724e-01	1.041896e+00	6.766081e+01	1.450787e+02	3.232091e-01	2.579448e-02	3.311466e-14	
1  102.643	2.278372e+00	1.248451e-01	7.156896e-01	2.992560e+00	9.651012e-01	3.938659e-02	4.711564e-01	5.301923e-01	4.508027e+00	9.988147e-01	6.096984e+00	7.105342e-01	2.455671e-01	1.994547e+00	7.915398e-01	1.041999e+00	7.156751e+01	1.431627e+02	2.893884e-01	5.947213e-02	-8.702316e-14	
2  101.728	2.298230e+00	1.270235e-01	7.312229e-01	3.038347e+00	9.750662e-01	5.925973e-02	6.482376e-01	5.832024e-01	4.148653e+00	1.004554e+00	8.201322e+00	7.182253e-01	2.456489e-01	2.087159e+00	8.145940e-01	1.042245e+00	7.312067e+01	1.416129e+02	2.816857e-01	8.012586e-02	3.234167e-14	
4  100.896	2.239854e+00	1.219897e-01	6.751055e-01	3.066218e+00	9.604399e-01	6.309660e-02	6.576158e-02	3.986780e-01	4.279197e+00	1.002888e+00	8.587599e+00	6.817353e-01	2.454001e-01	2.146111e+00	8.231513e-01	1.042010e+00	6.751826e+01	1.462226e+02	3.181771e-01	8.896925e-03	-9.107851e-14	
8  102.087	2.220749e+00	1.212133e-01	6.736835e-01	3.062817e+00	9.651100e-01	5.645360e-02	6.347629e-02	2.674154e-01	4.759134e+00	1.009270e+00	7.962509e+00	6.824207e-01	2.453205e-01	2.139137e+00	8.207904e-01	1.041361e+00	6.736774e+01	1.466330e+02	3.176063e-01	8.418433e-03	5.548019e-14	
1  103	2.283768e+00	1.249728e-01	7.103348e-01	3.060303e+00	9.641730e-01	6.008097e-02	4.315414e-01	5.387885e-01	3.362584e+00	1.009208e+00	8.272241e+00	7.057073e-01	2.455872e-01	2.133531e+00	8.194965e-01	1.041762e+00	7.103583e+01	1.432603e+02	2.942604e-01	5.453725e-02	-4.664250e-14	
2  101.818	2.312151e+00	1.262785e-01	7.259565e-01	3.014928e+00	9.728513e-01	4.714376e-02	5.739509e-01	8.438177e-01	3.432690e+00	1.003179e+00	6.912595e+00	7.152227e-01	2.457041e-01	2.039036e+00	8.033896e-01	1.042062e+00	7.259151e+01	1.419837e+02	2.846583e-01	7.156707e-02	-4.142765e-14	
4  102.572	2.319793e+00	1.236034e-01	7.396601e-01	3.027168e+00	9.756180e-01	5.605238e-02	5.864755e-01	8.625183e-01	3.156643e+00	1.003598e+00	7.783294e+00	7.305043e-01	2.457347e-01	2.063872e+00	7.999200e-01	1.042581e+00	7.396483e+01	1.425030e+02	2.694291e-01	7.297332e-02	-3.216714e-14	
1  101.81	2.265665e+00	1.239578e-01	7.124476e-01	3.026810e+00	9.683203e-01	4.959399e-02	4.168250e-01	9.401674e-01	3.982718e+00	1.005101e+00	7.223332e+00	7.098135e-01	2.455129e-01	2.063450e+00	8.055362e-01	1.042318e+00	7.124606e+01	1.437634e+02	2.901372e-01	5.294637e-02	4.163739e-14	
1  101.907	2.255110e+00	1.270566e-01	7.099891e-01	3.047108e+00	9.742468e-01	5.921133e-02	5.000396e-01	8.586206e-01	4.079645e+00	1.005487e+00	8.289688e+00	7.018248e-01	2.454694e-01	2.105344e+00	8.239006e-01	1.042279e+00	7.099687e+01	1.427193e+02	2.981473e-01	6.298817e-02	1.250919e-13	
3  102.252	2.239104e+00	1.262321e-01	6.921322e-01	3.019861e+00	9.737093e-01	4.445165e-02	3.409631e-01	6.407981e-01	4.048954e+00	1.003347e+00	6.741549e+00	6.882271e-01	2.454016e-01	2.048756e+00	8.146536e-01	1.042008e+00	6.921089e+01	1.438309e+02	3.117357e-01	4.380980e-02	-4.564226e-15	
10  103.316	2.270523e+00	1.365742e-01	7.272535e-01	3.015763e+00	9.692720e-01	4.527579e-02	9.159063e-01	6.762774e-01	2.568566e+00	1.004174e+00	6.946752e+00	6.974940e-01	2.455335e-01	2.040661e+00	8.271619e-01	1.042620e+00	7.272112e+01	1.385380e+02	3.024425e-01	1.097228e-01	5.743299e-14	
2  102.439	2.232270e+00	1.313956e-01	6.964991e-01	3.014762e+00	9.636801e-01	4.337017e-02	5.286278e-01	7.939370e-01	2.383240e+00	1.000589e+00	6.721307e+00	6.816162e-01	2.453725e-01	2.038513e+00	8.207753e-01	1.042364e+00	6.964477e+01	1.418022e+02	3.183508e-01	6.639327e-02	3.433432e-14	
6  103.421	2.232270e+00	1.313956e-01	6.964991e-01	3.014762e+00	9.636801e-01	4.337017e-02	5.286278e-01	7.939370e-01	2.383240e+00	9.981793e-01	6.721307e+00	6.816162e-01	2.453725e-01	2.038513e+00	8.207753e-01	1.042364e+00	6.964477e+01	1.418022e+02	3.183508e-01	6.639327e-02	3.433432e-14	
2  103.568	2.268949e+00	1.319430e-01	7.094948e-01	2.989912e+00	9.622646e-01	3.155489e-02	6.388142e-01	4.806270e-01	2.856027e+00	9.991884e-01	5.251855e+00	6.914929e-01	2.455272e-01	1.988838e+00	8.073746e-01	1.042046e+00	7.094150e+01	1.408015e+02	3.084152e-01	7.907899e-02	2.408754e-14	
2  104.381	2.255381e+00	1.329136e-01	7.041204e-01	2.973459e+00	9.586672e-01	2.721034e-02	6.244491e-01	7.536454e-01	2.790434e+00	9.942236e-01	4.733294e+00	6.851581e-01	2.454699e-01	1.956381e+00	8.034945e-01	1.042283e+00	7.040886e+01	1.407864e+02	3.148025e-01	7.747707e-02	7.959139e-14	
3  104.48	2.255381e+00	1.329136e-01	7.041204e-01	2.973459e+00	9.586672e-01	2.721034e-02	6.244491e-01	7.536454e-01	2.790434e+00	9.941101e-01	4.733294e+00	6.851581e-01	2.454699e-01	1.956381e+00	8.034945e-01	1.042283e+00	7.040886e+01	1.407864e+02	3.148025e-01	7.747707e-02	7.959139e-14	
1  105.106	2.247712e+00	1.306501e-01	7.029881e-01	2.978324e+00	9.574286e-01	2.676769e-02	5.325058e-01	6.531968e-01	2.619692e+00	9.963149e-01	4.670133e+00	6.887856e-01	2.454384e-01	1.966017e+00	8.016601e-01	1.042958e+00	7.029197e+01	1.418119e+02	3.112520e-01	6.674867e-02	1.084860e-13	
9  105.662	2.236130e+00	1.324949e-01	7.124686e-01	3.007131e+00	9.597947e-01	4.130172e-02	6.770600e-01	7.440621e-01	2.311647e+00	9.986730e-01	6.506597e+00	6.933775e-01	2.453914e-01	2.023359e+00	8.162482e-01	1.043082e+00	7.124798e+01	1.408481e+02	3.066357e-01	8.350523e-02	1.895659e-13	
7  105.443	2.230021e+00	1.334576e-01	7.011117e-01	3.000854e+00	9.590702e-01	3.790936e-02	6.130135e-01	9.299590e-01	2.791776e+00	9.963867e-01	6.126332e+00	6.816581e-01	2.453635e-01	2.010680e+00	8.181092e-01	1.042998e+00	7.010971e+01	1.409764e+02	3.183450e-01	7.630976e-02	7.141195e-14	
1  104.437	2.230021e+00	1.334576e-01	7.011117e-01	3.000854e+00	9.590702e-01	3.790936e-02	6.130135e-01	9.299590e-01	2.791776e+00	9.988987e-01	6.126332e+00	6.816581e-01	2.453635e-01	2.010680e+00	8.181092e-01	1.042998e+00	7.010971e+01	1.409764e+02	3.183450e-01	7.630976e-02	7.141195e-14	
3  106.7	2.204250e+00	1.298112e-01	6.833739e-01	3.012086e+00	9.603470e-01	3.687375e-02	3.531557e-01	7.026137e-01	3.070971e+00	1.002103e+00	5.992721e+00	6.731941e-01	2.452535e-01	2.033224e+00	8.204945e-01	1.043548e+00	6.833289e+01	1.432924e+02	3.268272e-01	4.550374e-02	1.601106e-13	
2  105.199	2.205590e+00	1.312788e-01	6.756209e-01	3.053088e+00	9.612364e-01	6.424502e-02	3.543191e-01	5.987065e-01	2.581192e+00	9.945258e-01	9.004580e+00	6.627767e-01	2.452536e-01	2.117418e+00	8.411202e-01	1.042616e+00	6.757520e+01	1.429183e+02	3.371051e-01	4.574022e-02	-2.287755e-13	
1  104.074	2.218199e+00	1.268845e-01	6.732306e-01	3.059663e+00	9.617187e-01	6.452285e-02	1.831776e-01	6.473005e-01	2.504993e+00	9.968149e-01	8.898474e+00	6.696997e-01	2.453078e-01	2.131562e+00	8.350583e-01	1.042982e+00	6.732191e+01	1.446576e+02	3.301308e-01	2.438194e-02	-2.921237e-13	
5  104.118	2.219899e+00	1.329519e-01	6.910625e-01	3.051384e+00	9.569637e-01	6.445208e-02	5.326893e-01	8.010732e-01	2.945421e+00	9.961558e-01	9.015720e+00	6.736190e-01	2.453165e-01	2.113958e+00	8.386999e-01	1.042494e+00	6.911880e+01	1.415459e+02	3.262511e-01	6.713351e-02	-5.586892e-14	
1  103.39	2.196643e+00	1.283718e-01	6.689700e-01	3.072033e+00	9.550889e-01	6.587583e-02	2.281436e-01	7.952529e-01	3.167853e+00	1.001099e+00	9.106470e+00	6.624885e-01	2.452157e-01	2.158166e+00	8.415195e-01	1.042269e+00	6.691304e+01	1.442855e+02	3.373636e-01	3.016167e-02	-1.133977e-13	
1  105.754	2.214531e+00	1.317200e-01	6.923498e-01	3.061232e+00	9.617071e-01	6.689837e-02	4.876172e-01	8.011115e-01	2.740280e+00	9.987612e-01	9.250864e+00	6.774469e-01	2.452945e-01	2.135247e+00	8.428921e-01	1.043290e+00	6.923648e+01	1.420967e+02	3.224319e-01	6.197939e-02	-8.192528e-14	
1  104.873	2.239172e+00	1.370910e-01	6.960938e-01	3.056222e+00	9.622520e-01	6.351546e-02	6.809027e-01	9.920698e-01	3.100878e+00	9.991275e-01	8.947654e+00	6.695583e-01	2.453948e-01	2.124411e+00	8.502385e-01	1.042557e+00	6.960541e+01	1.397505e+02	3.303216e-01	8.424518e-02	-1.862256e-13	
4  103.866	2.264682e+00	1.316163e-01	7.001017e-01	3.041458e+00	9.638716e-01	6.226239e-02	5.174709e-01	6.926926e-01	2.523037e+00	9.939867e-01	8.661304e+00	6.839994e-01	2.455050e-01	2.093260e+00	8.322814e-01	1.043081e+00	6.999829e+01	1.414720e+02	3.158528e-01	6.525254e-02	-2.012826e-13	
9  102.329	2.239932e+00	1.256526e-01	6.851214e-01	3.063893e+00	9.664538e-01	7.292166e-02	2.548505e-01	6.763913e-01	2.209867e+00	9.945242e-01	9.622079e+00	6.831601e-01	2.454007e-01	2.140406e+00	8.310368e-01	1.042246e+00	6.851698e+01	1.443773e+02	3.167555e-01	3.318577e-02	-4.734937e-14	
2  102.965	2.254466e+00	1.277748e-01	6.990674e-01	3.037554e+00	9.716953e-01	6.590634e-02	4.365728e-01	9.128426e-01	2.461675e+00	9.921491e-01	8.974860e+00	6.910341e-01	2.454634e-01	2.084561e+00	8.228893e-01	1.041967e+00	6.991410e+01	1.428549e+02	3.089526e-01	5.525152e-02	2.293233e-14	
5  102.977	2.254466e+00	1.277748e-01	6.990674e-01	3.037554e+00	9.716953e-01	6.590634e-02	4.365728e-01	9.128426e-01	2.461675e+00	9.915593e-01	8.974860e+00	6.910341e-01	2.454634e-01	2.084561e+00	8.228893e-01	1.041967e+00	6.991410e+01	1.428549e+02	3.089526e-01	5.525152e-02	2.293233e-14	
3  102.287	2.224842e+00	1.192496e-01	6.880872e-01	3.034526e+00	9.761233e-01	5.998887e-02	1.131865e-01	8.610913e-01	3.118346e+00	9.968249e-01	8.287104e+00	6.996028e-01	2.453385e-01	2.078749e+00	8.050517e-01	1.041746e+00	6.881406e+01	1.468504e+02	3.003568e-01	1.500046e-02	-3.493112e-14	
7  101.791	2.197325e+00	1.226792e-01	6.690469e-01	3.019947e+00	9.651687e-01	4.137753e-02	7.492222e-02	5.939417e-01	2.703691e+00	1.001900e+00	6.417882e+00	6.751500e-01	2.452221e-01	2.049061e+00	8.091232e-01	1.041747e+00	6.691354e+01	1.464543e+02	3.248256e-01	9.996071e-03	2.539530e-14	
1  102.062	2.207212e+00	1.251609e-01	6.726823e-01	3.037931e+00	9.653575e-01	5.477666e-02	1.863751e-01	4.122477e-01	3.295680e+00	9.983133e-01	7.911211e+00	6.731699e-01	2.452645e-01	2.085840e+00	8.205864e-01	1.041291e+00	6.727728e+01	1.451677e+02	3.268812e-01	2.433760e-02	-4.654043e-14	
1  102.647	2.214519e+00	1.295121e-01	6.723285e-01	3.030014e+00	9.595179e-01	4.883521e-02	3.080877e-01	5.795442e-01	3.753940e+00	9.983310e-01	7.329965e+00	6.631684e-01	2.452948e-01	2.069334e+00	8.252394e-01	1.041232e+00	6.723545e+01	1.434391e+02	3.368320e-01	3.969906e-02	-6.560143e-14	
3  101.882	2.214774e+00	1.228874e-01	6.787870e-01	3.029815e+00	9.685583e-01	5.527890e-02	1.366335e-01	6.820944e-01	4.073513e+00	9.952522e-01	7.906848e+00	6.836798e-01	2.452966e-01	2.069065e+00	8.130705e-01	1.042262e+00	6.788965e+01	1.459111e+02	3.162784e-01	1.807008e-02	-5.740169e-14	
4  101.892	2.214774e+00	1.228874e-01	6.787870e-01	3.029815e+00	9.685583e-01	5.527890e-02	1.366335e-01	6.820944e-01	4.073513e+00	9.947354e-01	7.906848e+00	6.836798e-01	2.452966e-01	2.069065e+00	8.130705e-01	1.042262e+00	6.788965e+01	1.459111e+02	3.162784e-01	1.807008e-02	-5.740169e-14	
3  101.397	2.267981e+00	1.250894e-01	7.118933e-01	3.038000e+00	9.745054e-01	6.295270e-02	4.404996e-01	5.983844e-01	3.646389e+00	9.967150e-01	8.595032e+00	7.070900e-01	2.455225e-01	2.086283e+00	8.151762e-01	1.042463e+00	7.119030e+01	1.433439e+02	2.928447e-01	5.585179e-02	4.463475e-14	
17  101.978	2.237685e+00	1.200011e-01	6.885776e-01	3.010841e+00	9.629756e-01	4.602021e-02	1.119334e-01	5.339585e-01	3.754015e+00	9.956135e-01	6.833698e+00	6.982591e-01	2.453940e-01	2.031253e+00	7.942218e-01	1.042383e+00	6.886052e+01	1.465372e+02	3.017014e-01	1.470638e-02	-3.659092e-14	
3  102.155	2.217593e+00	1.198596e-01	6.764784e-01	3.056060e+00	9.569957e-01	6.311871e-02	2.578940e-02	6.428597e-01	3.433517e+00	9.982932e-01	8.614498e+00	6.881058e-01	2.453062e-01	2.124898e+00	8.130531e-01	1.042182e+00	6.766817e+01	1.472240e+02	3.118832e-01	3.570758e-03	-8.852426e-14	
2  101.842	2.233788e+00	1.244166e-01	6.680513e-01	3.056786e+00	9.500976e-01	5.772795e-02	9.278155e-02	8.607804e-01	2.826846e+00	9.997308e-01	8.114066e+00	6.696541e-01	2.453729e-01	2.125565e+00	8.230004e-01	1.041633e+00	6.681209e+01	1.455379e+02	3.301753e-01	1.236474e-02	-1.880968e-13	
6  102.362	2.263997e+00	1.241903e-01	6.776300e-01	3.054813e+00	9.524865e-01	5.970265e-02	1.395286e-01	7.816132e-01	2.777149e+00	9.980092e-01	8.242282e+00	6.787556e-01	2.455010e-01	2.121309e+00	8.200133e-01	1.041832e+00	6.776337e+01	1.450455e+02	3.210697e-01	1.843772e-02	-1.210336e-13	
4  102.654	2.222062e+00	1.237791e-01	6.652468e-01	3.050705e+00	9.508742e-01	6.224223e-02	6.700091e-02	6.243539e-01	2.955772e+00	9.931723e-01	8.597012e+00	6.687387e-01	2.453237e-01	2.112446e+00	8.196397e-01	1.041354e+00	6.654288e+01	1.459464e+02	3.311036e-01	9.031255e-03	-9.185318e-14	
3  101.548	2.217240e+00	1.241856e-01	6.757175e-01	3.036427e+00	9.552254e-01	5.406223e-02	1.618164e-01	5.854613e-01	3.107963e+00	9.967377e-01	7.795313e+00	6.779743e-01	2.453063e-01	2.083299e+00	8.145051e-01	1.041762e+00	6.758479e+01	1.454384e+02	3.219649e-01	2.128502e-02	-3.988054e-14	
1  102.515	2.263345e+00	1.215532e-01	6.967269e-01	3.103366e+00	9.681200e-01	9.091704e-02	2.221075e-01	7.953029e-01	3.098107e+00	9.982556e-01	1.104729e+01	7.015584e-01	2.454998e-01	2.227162e+00	8.340481e-01	1.041925e+00	6.967503e+01	1.453149e+02	2.984080e-01	2.899584e-02	-1.013856e-14	
4  104.534	2.243009e+00	1.198487e-01	6.950664e-01	3.091888e+00	9.629354e-01	8.471936e-02	1.885939e-01	7.315874e-01	3.046629e+00	9.996066e-01	1.051829e+01	7.041777e-01	2.454148e-01	2.201886e+00	8.230354e-01	1.041350e+00	6.951392e+01	1.461447e+02	2.959085e-01	2.468052e-02	-1.914160e-13	
1  107.079	2.236535e+00	1.230093e-01	6.985298e-01	3.111139e+00	9.603955e-01	8.433064e-02	3.219630e-01	6.227351e-01	2.340201e+00	1.008842e+00	1.058184e+01	7.006667e-01	2.453882e-01	2.244341e+00	8.372483e-01	1.041281e+00	6.985539e+01	1.447668e+02	2.994551e-01	4.110712e-02	-2.720861e-13	
1  108.395	2.250014e+00	1.264771e-01	7.140585e-01	3.114859e+00	9.599395e-01	9.103603e-02	5.499336e-01	8.379464e-01	3.286496e+00	1.006963e+00	1.120643e+01	7.064370e-01	2.454472e-01	2.252157e+00	8.432095e-01	1.041354e+00	7.141389e+01	1.427078e+02	2.936898e-01	6.851742e-02	-3.347753e-13	
2  110.062	2.218655e+00	1.280628e-01	6.892637e-01	3.095108e+00	9.443802e-01	7.901943e-02	4.234967e-01	7.197763e-01	2.201078e+00	1.002895e+00	1.025328e+01	6.818420e-01	2.453098e-01	2.207728e+00	8.391450e-01	1.040819e+00	6.895703e+01	1.432411e+02	3.182077e-01	5.327458e-02	-4.706579e-13	
3  108.586	2.172680e+00	1.250196e-01	6.553634e-01	3.040094e+00	9.369484e-01	5.468025e-02	8.515905e-02	8.083813e-01	3.476002e+00	9.946102e-01	7.973447e+00	6.569068e-01	2.451113e-01	2.090719e+00	8.152896e-01	1.040380e+00	6.559895e+01	1.460958e+02	3.431217e-01	1.088293e-02	-3.000928e-13	
3  109.008	2.162416e+00	1.273443e-01	6.383913e-01	3.039631e+00	9.268554e-01	4.434571e-02	9.283805e-03	9.457393e-01	4.703951e+00	9.987275e-01	6.880129e+00	6.334714e-01	2.450610e-01	2.089656e+00	8.210296e-01	1.040438e+00	6.392805e+01	1.460051e+02	3.663157e-01	9.355694e-04	-2.903854e-13	
1  106.798	2.198467e+00	1.308883e-01	6.651610e-01	3.042801e+00	9.363388e-01	5.145006e-02	3.068687e-01	8.972010e-01	4.985994e+00	9.982081e-01	7.656923e+00	6.530219e-01	2.452216e-01	2.095855e+00	8.273475e-01	1.040943e+00	6.656040e+01	1.433025e+02	3.467748e-01	3.942976e-02	-1.972443e-13	
3  105.609	2.231859e+00	1.332790e-01	6.891293e-01	3.080069e+00	9.466978e-01	6.668692e-02	5.216656e-01	7.531243e-01	4.430877e+00	1.004395e+00	9.176171e+00	6.705472e-01	2.453657e-01	2.175285e+00	8.478585e-01	1.042279e+00	6.892551e+01	1.413889e+02	3.291637e-01	6.583554e-02	-1.293039e-13	
2  105.233	2.211544e+00	1.273055e-01	6.861300e-01	3.091238e+00	9.537661e-01	7.390989e-02	3.235769e-01	9.104495e-01	3.660765e+00	1.004679e+00	9.806183e+00	6.808078e-01	2.452815e-01	2.200274e+00	8.430706e-01	1.042657e+00	6.863251e+01	1.439384e+02	3.190610e-01	4.199359e-02	2.703127e-14	
6  105.175	2.238716e+00	1.225585e-01	6.992114e-01	3.073583e+00	9.561371e-01	7.562564e-02	2.733266e-01	8.600258e-01	3.063087e+00	9.981488e-01	9.792951e+00	7.020025e-01	2.453986e-01	2.162132e+00	8.213805e-01	1.042606e+00	6.994030e+01	1.450931e+02	2.980183e-01	3.547249e-02	-6.917026e-14	
7  104.157	2.243184e+00	1.184164e-01	6.888782e-01	3.082224e+00	9.596709e-01	8.221028e-02	7.139828e-02	9.792565e-01	3.491636e+00	9.953973e-01	1.026602e+01	7.017532e-01	2.454144e-01	2.180883e+00	8.171010e-01	1.042056e+00	6.890061e+01	1.470962e+02	2.982714e-01	9.651363e-03	-1.253083e-13	
6  104.419	2.285772e+00	1.208745e-01	7.137842e-01	3.075771e+00	9.629760e-01	8.021492e-02	3.185273e-01	8.745749e-01	4.088869e+00	9.978340e-01	1.003772e+01	7.166314e-01	2.455951e-01	2.166670e+00	8.151157e-01	1.042278e+00	7.138776e+01	1.448026e+02	2.834277e-01	4.110276e-02	-1.390005e-13	
3  104.85	2.280094e+00	1.168839e-01	6.982948e-01	3.008466e+00	9.589414e-01	4.092176e-02	7.114568e-02	6.569229e-01	4.511703e+00	1.000132e+00	6.153992e+00	7.123113e-01	2.455667e-01	2.026776e+00	7.807419e-01	1.042204e+00	6.984798e+01	1.471293e+02	2.877812e-01	9.130899e-03	-2.623400e-13	
6  104.495	2.280943e+00	1.203756e-01	6.839919e-01	3.013497e+00	9.522827e-01	3.668701e-02	5.062292e-02	3.973497e-01	3.303293e+00	1.001078e+00	5.697023e+00	6.925756e-01	2.455709e-01	2.036173e+00	7.932462e-01	1.042385e+00	6.841558e+01	1.463021e+02	3.074264e-01	6.259315e-03	-2.273582e-14	
8  104.394	2.290097e+00	1.202125e-01	6.954192e-01	3.005638e+00	9.573171e-01	3.262912e-02	1.453599e-01	3.967239e-01	2.854763e+00	1.004276e+00	5.213776e+00	7.027133e-01	2.456085e-01	2.020346e+00	7.877778e-01	1.042047e+00	6.955746e+01	1.457766e+02	2.972610e-01	1.861914e-02	-6.918851e-14	
6  102.718	2.213016e+00	1.231984e-01	6.601108e-01	3.015485e+00	9.482412e-01	3.045540e-02	1.407983e-03	6.117186e-01	2.787413e+00	1.004712e+00	5.070490e+00	6.649240e-01	2.452848e-01	2.040395e+00	8.050784e-01	1.041716e+00	6.602789e+01	1.465449e+02	3.349839e-01	3.136694e-05	9.290241e-14	
5  103.068	2.247037e+00	1.262478e-01	6.682325e-01	3.023963e+00	9.523795e-01	3.580341e-02	1.506569e-01	7.038928e-01	3.262736e+00	1.004540e+00	5.699014e+00	6.655043e-01	2.454306e-01	2.057296e+00	8.135329e-01	1.041196e+00	6.681765e+01	1.446511e+02	3.343144e-01	1.971442e-02	1.900252e-14	
3  103.01	2.247037e+00	1.262478e-01	6.682325e-01	3.023963e+00	9.523795e-01	3.580341e-02	1.506569e-01	7.038928e-01	3.262736e+00	1.005238e+00	5.699014e+00	6.655043e-01	2.454306e-01	2.057296e+00	8.135329e-01	1.041196e+00	6.681765e+01	1.446511e+02	3.343144e-01	1.971442e-02	1.900252e-14	
4  102.973	2.267388e+00	1.277622e-01	6.807827e-01	3.036703e+00	9.631527e-01	5.052333e-02	2.939008e-01	5.068486e-01	3.958783e+00	1.000699e+00	7.355029e+00	6.740440e-01	2.455176e-01	2.083395e+00	8.221985e-01	1.041030e+00	6.806340e+01	1.433660e+02	3.258572e-01	3.796513e-02	5.175732e-15	
4  102.681	2.294365e+00	1.216150e-01	6.853022e-01	3.080244e+00	9.687358e-01	6.945828e-02	1.030353e-01	1.927295e-01	3.977722e+00	1.003970e+00	9.046624e+00	6.907386e-01	2.456283e-01	2.176311e+00	8.270054e-01	1.041890e+00	6.853234e+01	1.455476e+02	3.092163e-01	1.372328e-02	-1.474172e-14	
4  104.612	2.330122e+00	1.177460e-01	6.990777e-01	3.084794e+00	9.756843e-01	7.833300e-02	7.594565e-02	2.213839e-01	3.962220e+00	1.001112e+00	9.679805e+00	7.099685e-01	2.457733e-01	2.186241e+00	8.167402e-01	1.041853e+00	6.991988e+01	1.463024e+02	2.901013e-01	1.031275e-02	1.129260e-13	
1  104.052	2.320516e+00	1.169512e-01	7.021117e-01	3.102596e+00	9.750529e-01	8.481227e-02	7.888057e-02	3.124478e-01	3.248036e+00	1.004195e+00	1.025270e+01	7.143626e-01	2.457337e-01	2.225506e+00	8.214560e-01	1.042047e+00	7.022063e+01	1.466094e+02	2.856843e-01	1.055772e-02	-7.422958e-14	
3  102.337	2.291738e+00	1.193441e-01	6.858842e-01	3.079345e+00	9.660110e-01	7.199351e-02	3.774674e-02	4.256824e-01	2.772382e+00	1.001444e+00	9.243128e+00	6.961650e-01	2.456156e-01	2.174174e+00	8.200418e-01	1.042029e+00	6.859428e+01	1.464904e+02	3.038063e-01	5.143896e-03	-7.344131e-14	
1  104.164	2.273394e+00	1.175116e-01	6.856302e-01	3.140231e+00	9.669890e-01	1.062690e-01	6.989413e-04	3.784104e-01	2.764983e+00	9.993383e-01	1.218572e+01	7.000820e-01	2.455404e-01	2.311183e+00	8.408532e-01	1.041785e+00	6.856230e+01	1.473670e+02	2.997884e-01	-6.201863e-05	-1.847837e-14	
2  104.699	2.273394e+00	1.175116e-01	6.856302e-01	3.140231e+00	9.669890e-01	1.062690e-01	6.989413e-04	3.784104e-01	2.764983e+00	9.973272e-01	1.218572e+01	7.000820e-01	2.455404e-01	2.311183e+00	8.408532e-01	1.041785e+00	6.856230e+01	1.473670e+02	2.997884e-01	-6.201863e-05	-1.847837e-14	
2  103.25	2.253460e+00	1.203997e-01	6.894771e-01	3.078523e+00	9.631657e-01	7.965269e-02	1.406564e-01	4.352545e-01	2.713986e+00	9.944781e-01	1.006640e+01	6.979360e-01	2.454581e-01	2.172581e+00	8.207608e-01	1.041658e+00	6.895541e+01	1.461185e+02	3.020472e-01	1.860061e-02	-2.894737e-14	
3  103.906	2.285258e+00	1.211130e-01	6.941749e-01	3.042517e+00	9.669533e-01	6.449010e-02	1.921521e-01	2.020235e-01	3.158183e+00	9.924003e-01	8.621836e+00	6.999131e-01	2.455913e-01	2.095741e+00	8.065495e-01	1.041162e+00	6.941603e+01	1.453355e+02	3.000319e-01	2.522105e-02	1.097981e-13	
1  104.143	2.299983e+00	1.223075e-01	7.029338e-01	3.009620e+00	9.688148e-01	5.181852e-02	2.802888e-01	1.692667e-01	3.916142e+00	9.900065e-01	7.365717e+00	7.045850e-01	2.456536e-01	2.028179e+00	7.952517e-01	1.041546e+00	7.028843e+01	1.444476e+02	2.952811e-01	3.630337e-02	1.860453e-13	
10  105.187	2.321951e+00	1.181333e-01	7.266140e-01	3.025785e+00	9.869010e-01	6.364745e-02	3.263431e-01	1.714112e-01	4.548798e+00	9.934406e-01	8.398006e+00	7.309235e-01	2.457399e-01	2.061153e+00	7.907146e-01	1.041798e+00	7.264989e+01	1.450613e+02	2.689126e-01	4.224253e-02	3.893394e-14	
6  106.271	2.331866e+00	1.189257e-01	7.418806e-01	3.022859e+00	9.942837e-01	6.739869e-02	4.529078e-01	1.832237e-01	4.090989e+00	9.915505e-01	8.739148e+00	7.401988e-01	2.457797e-01	2.054813e+00	7.909384e-01	1.042423e+00	7.417680e+01	1.441525e+02	2.595762e-01	5.738812e-02	9.531882e-14	
1  106.205	2.274257e+00	1.184048e-01	7.217331e-01	3.109603e+00	9.882516e-01	1.047878e-01	3.099983e-01	3.070422e-01	4.831620e+00	9.944350e-01	1.208883e+01	7.278100e-01	2.455465e-01	2.241348e+00	8.294959e-01	1.042528e+00	7.215126e+01	1.455917e+02	2.720107e-01	3.974714e-02	8.356366e-14	
8  102.529	2.275351e+00	1.192057e-01	7.113981e-01	3.054988e+00	9.801658e-01	7.056985e-02	2.549753e-01	3.048923e-01	4.666642e+00	9.976923e-01	9.164297e+00	7.182044e-01	2.455505e-01	2.122116e+00	8.086685e-01	1.042265e+00	7.113425e+01	1.456263e+02	2.817061e-01	3.318594e-02	4.433189e-14	
1  102.557	2.298963e+00	1.236344e-01	7.211687e-01	2.997124e+00	9.749213e-01	4.157030e-02	4.467977e-01	4.028868e-01	4.647320e+00	9.973554e-01	6.278977e+00	7.167606e-01	2.456501e-01	2.003043e+00	7.927957e-01	1.042576e+00	7.211010e+01	1.433432e+02	2.831119e-01	5.653160e-02	-2.704915e-14	
6  102.779	2.256706e+00	1.237352e-01	7.125639e-01	3.031537e+00	9.787472e-01	5.353078e-02	4.197648e-01	6.587300e-01	4.827976e+00	1.002853e+00	7.645375e+00	7.104571e-01	2.454764e-01	2.072893e+00	8.102724e-01	1.042258e+00	7.125127e+01	1.438868e+02	2.894378e-01	5.339485e-02	1.379272e-13	
2  102.16	2.256706e+00	1.237352e-01	7.125639e-01	3.031537e+00	9.787472e-01	5.353078e-02	4.197648e-01	6.587300e-01	4.827976e+00	1.004394e+00	7.645375e+00	7.104571e-01	2.454764e-01	2.072893e+00	8.102724e-01	1.042258e+00	7.125127e+01	1.438868e+02	2.894378e-01	5.339485e-02	1.379272e-13	
2  102.201	2.209842e+00	1.259477e-01	6.790981e-01	3.011447e+00	9.633086e-01	3.785698e-02	2.526687e-01	5.171514e-01	4.469808e+00	1.002256e+00	6.033580e+00	6.774059e-01	2.452783e-01	2.032118e+00	8.100918e-01	1.041659e+00	6.791054e+01	1.446294e+02	3.226012e-01	3.287101e-02	6.026160e-14	
7  106.691	2.201110e+00	1.225280e-01	6.879413e-01	3.000047e+00	9.606046e-01	3.623861e-02	2.611389e-01	5.866845e-01	3.941492e+00	1.002486e+00	5.825409e+00	6.932152e-01	2.452437e-01	2.010283e+00	7.931554e-01	1.040706e+00	6.878878e+01	1.455565e+02	3.069006e-01	3.379751e-02	-3.146695e-13	
3  106.836	2.204312e+00	1.232482e-01	6.940483e-01	3.038895e+00	9.636326e-01	4.884104e-02	3.208992e-01	6.648120e-01	4.542715e+00	1.009790e+00	7.255595e+00	6.969678e-01	2.452568e-01	2.089149e+00	8.104593e-01	1.041121e+00	6.940271e+01	1.450471e+02	3.032028e-01	4.115677e-02	1.106035e-13	
2  107.474	2.256960e+00	1.265283e-01	7.240422e-01	3.057077e+00	9.728147e-01	6.338032e-02	6.404515e-01	7.300543e-01	4.504300e+00	1.009945e+00	8.689143e+00	7.145113e-01	2.454803e-01	2.126323e+00	8.204952e-01	1.041075e+00	7.238324e+01	1.422026e+02	2.856076e-01	7.910375e-02	-1.082903e-13	
1  107.106	2.265947e+00	1.290248e-01	7.275144e-01	3.027815e+00	9.709596e-01	4.508017e-02	7.294953e-01	8.279324e-01	3.216244e+00	1.012490e+00	6.831364e+00	7.122104e-01	2.455177e-01	2.065438e+00	8.134724e-01	1.041421e+00	7.273326e+01	1.411189e+02	2.877866e-01	8.914224e-02	-2.112072e-14	
1  107.085	2.245814e+00	1.268438e-01	7.272330e-01	3.018602e+00	9.775072e-01	4.400230e-02	6.627055e-01	6.229170e-01	4.141979e+00	1.010755e+00	6.710411e+00	7.164791e-01	2.454360e-01	2.046438e+00	8.079476e-01	1.041873e+00	7.271132e+01	1.421321e+02	2.834403e-01	8.183701e-02	2.735259e-13	
2  106.216	2.261860e+00	1.300048e-01	7.282942e-01	2.997872e+00	9.668396e-01	3.569516e-02	7.681177e-01	8.382856e-01	3.563822e+00	1.007199e+00	5.765826e+00	7.110782e-01	2.455015e-01	2.004928e+00	8.023221e-01	1.041493e+00	7.281847e+01	1.407693e+02	2.889113e-01	9.358393e-02	-2.066270e-13	
2  106.45	2.261860e+00	1.300048e-01	7.282942e-01	2.997872e+00	9.668396e-01	3.569516e-02	7.681177e-01	8.382856e-01	3.563822e+00	1.006454e+00	5.765826e+00	7.110782e-01	2.455015e-01	2.004928e+00	8.023221e-01	1.041493e+00	7.281847e+01	1.407693e+02	2.889113e-01	9.358393e-02	-2.066270e-13	
1  105.917	2.233580e+00	1.301443e-01	7.156740e-01	3.006570e+00	9.662807e-01	4.088466e-02	6.870844e-01	4.212664e-01	3.122423e+00	1.003677e+00	6.424669e+00	7.009611e-01	2.453844e-01	2.022422e+00	8.092911e-01	1.041450e+00	7.155968e+01	1.413768e+02	2.990907e-01	8.442812e-02	4.257075e-15	
1  106.554	2.230668e+00	1.286325e-01	7.139962e-01	2.988665e+00	9.621104e-01	2.964661e-02	6.192284e-01	4.721948e-01	3.489110e+00	1.005102e+00	5.051300e+00	7.026225e-01	2.453719e-01	1.987033e+00	7.982835e-01	1.041750e+00	7.139954e+01	1.420786e+02	2.974415e-01	7.681336e-02	4.891306e-15	
3  104.536	2.267873e+00	1.338914e-01	7.287382e-01	2.966814e+00	9.656505e-01	2.431026e-02	8.569750e-01	5.341232e-01	2.527284e+00	1.000259e+00	4.359116e+00	7.039678e-01	2.455250e-01	1.943455e+00	7.995198e-01	1.042417e+00	7.286774e+01	1.394201e+02	2.960356e-01	1.034160e-01	-1.148079e-14	
1  104.829	2.260292e+00	1.328086e-01	7.154193e-01	2.976344e+00	9.645378e-01	2.141178e-02	7.289437e-01	3.648578e-01	2.888279e+00	1.005054e+00	3.960896e+00	6.950898e-01	2.454931e-01	1.962078e+00	8.028503e-01	1.041900e+00	7.152573e+01	1.402927e+02	3.049118e-01	8.934473e-02	-1.945440e-14	
11  104.516	2.322976e+00	1.301775e-01	7.442460e-01	2.985257e+00	9.708463e-01	3.465174e-02	8.472190e-01	1.586795e-01	2.585023e+00	1.002070e+00	5.548809e+00	7.219096e-01	2.457497e-01	1.979569e+00	7.951989e-01	1.041927e+00	7.441683e+01	1.397541e+02	2.779258e-01	1.022301e-01	-1.475533e-13	
1  103.023	2.321963e+00	1.274153e-01	7.347514e-01	3.050413e+00	9.716700e-01	6.499767e-02	6.801085e-01	1.261471e-01	3.321924e+00	1.002527e+00	8.714961e+00	7.197388e-01	2.457459e-01	2.112511e+00	8.175604e-01	1.041949e+00	7.347431e+01	1.411409e+02	2.801740e-01	8.365449e-02	-9.622238e-15	
6  105.161	2.321963e+00	1.274153e-01	7.347514e-01	3.050413e+00	9.716700e-01	6.499767e-02	6.801085e-01	1.261471e-01	3.321924e+00	1.007888e+00	8.714961e+00	7.197388e-01	2.457459e-01	2.112511e+00	8.175604e-01	1.041949e+00	7.347431e+01	1.411409e+02	2.801740e-01	8.365449e-02	-9.622238e-15	
3  109.727	2.325957e+00	1.300001e-01	7.294141e-01	2.982536e+00	9.650486e-01	2.412955e-02	7.326750e-01	7.850821e-03	4.016169e+00	1.012595e+00	4.225702e+00	7.107801e-01	2.457616e-01	1.974403e+00	7.939770e-01	1.041183e+00	7.292608e+01	1.402566e+02	2.890650e-01	8.954991e-02	-2.616310e-13	
