2  105.671	2.289999e+00	1.238650e-01	7.013752e-01	2.991007e+00	9.582981e-01	2.763644e-02	2.669814e-01	8.170762e-01	3.540094e+00	1.001948e+00	4.638042e+00	7.003539e-01	2.456102e-01	1.990226e+00	7.920116e-01	1.043424e+00	7.013573e+01	1.442470e+02	2.997883e-01	3.399669e-02	-1.454726e-14	
1  105.191	2.320626e+00	1.294837e-01	7.176866e-01	3.016109e+00	9.632482e-01	3.726638e-02	5.530213e-01	7.719823e-01	4.426211e+00	1.006532e+00	5.822010e+00	7.022411e-01	2.457385e-01	2.040849e+00	8.124595e-01	1.043373e+00	7.176869e+01	1.412220e+02	2.977615e-01	6.886198e-02	6.672181e-15	
8  105.056	2.335047e+00	1.272906e-01	7.461796e-01	3.045731e+00	9.778464e-01	6.423594e-02	6.936672e-01	8.496628e-01	4.334203e+00	1.002409e+00	8.610825e+00	7.283042e-01	2.457975e-01	2.102039e+00	8.182087e-01	1.044231e+00	7.460689e+01	1.409477e+02	2.717851e-01	8.499287e-02	-1.477851e-13	
2  103.431	2.315056e+00	1.294255e-01	7.225678e-01	3.058996e+00	9.729702e-01	6.344432e-02	5.956806e-01	6.534929e-01	3.972863e+00	1.004370e+00	8.607980e+00	7.064911e-01	2.457159e-01	2.130619e+00	8.321997e-01	1.043453e+00	7.224836e+01	1.410984e+02	2.934457e-01	7.410680e-02	-9.961333e-14	
1  103.469	2.323635e+00	1.341454e-01	7.229093e-01	3.028377e+00	9.648710e-01	4.587182e-02	7.612109e-01	8.472007e-01	3.853355e+00	1.005433e+00	6.855060e+00	6.974548e-01	2.457508e-01	2.066627e+00	8.259010e-01	1.042538e+00	7.228289e+01	1.391951e+02	3.023804e-01	9.281357e-02	-9.020418e-15	
1  103.882	2.299369e+00	1.353375e-01	7.327937e-01	3.035980e+00	9.703800e-01	5.720661e-02	8.703188e-01	5.979116e-01	2.878717e+00	1.000810e+00	8.142992e+00	7.039171e-01	2.456510e-01	2.082236e+00	8.333820e-01	1.043636e+00	7.326810e+01	1.387131e+02	2.959847e-01	1.048808e-01	-1.284363e-13	
1  103.862	2.299369e+00	1.353375e-01	7.327937e-01	3.035980e+00	9.703800e-01	5.720661e-02	8.703188e-01	5.979116e-01	2.878717e+00	1.000886e+00	8.142992e+00	7.039171e-01	2.456510e-01	2.082236e+00	8.333820e-01	1.043636e+00	7.326810e+01	1.387131e+02	2.959847e-01	1.048808e-01	-1.284363e-13	
3  105.164	2.276116e+00	1.308710e-01	7.173037e-01	3.109082e+00	9.801830e-01	9.282572e-02	6.434607e-01	4.903769e-01	3.897100e+00	1.001996e+00	1.143885e+01	7.002055e-01	2.455539e-01	2.240977e+00	8.602263e-01	1.042876e+00	7.173034e+01	1.409779e+02	2.997614e-01	7.948963e-02	5.633198e-15	
2  105.125	2.249423e+00	1.360023e-01	7.134276e-01	3.090711e+00	9.674496e-01	8.421093e-02	8.042701e-01	4.830448e-01	3.591965e+00	1.000033e+00	1.086396e+01	6.871781e-01	2.454409e-01	2.199077e+00	8.596648e-01	1.042284e+00	7.134910e+01	1.393545e+02	3.127966e-01	9.759435e-02	6.248187e-14	
3  104.511	2.264403e+00	1.355912e-01	7.126026e-01	3.089810e+00	9.594910e-01	8.346205e-02	7.742454e-01	4.864367e-01	4.388726e+00	9.989184e-01	1.072504e+01	6.868145e-01	2.455034e-01	2.196670e+00	8.553552e-01	1.042199e+00	7.126484e+01	1.394161e+02	3.129929e-01	9.442095e-02	4.398450e-14	
1  104.474	2.242706e+00	1.346730e-01	6.995313e-01	3.072032e+00	9.580724e-01	7.615304e-02	6.494099e-01	3.100219e-01	3.728457e+00	9.951810e-01	1.010605e+01	6.774852e-01	2.454119e-01	2.157906e+00	8.486544e-01	1.042185e+00	6.996324e+01	1.403945e+02	3.223179e-01	8.043882e-02	4.010406e-14	
1  104.666	2.242706e+00	1.346730e-01	6.995313e-01	3.072032e+00	9.580724e-01	7.615304e-02	6.494099e-01	3.100219e-01	3.728457e+00	9.971963e-01	1.010605e+01	6.774852e-01	2.454119e-01	2.157906e+00	8.486544e-01	1.042185e+00	6.996324e+01	1.403945e+02	3.223179e-01	8.043882e-02	4.010406e-14	
1  105.537	2.252983e+00	1.386729e-01	7.115345e-01	3.064977e+00	9.612253e-01	7.204272e-02	8.498573e-01	6.357234e-01	4.050119e+00	9.991744e-01	9.777824e+00	6.802115e-01	2.454538e-01	2.143026e+00	8.533933e-01	1.042697e+00	7.115822e+01	1.385329e+02	3.196035e-01	1.029040e-01	-5.611386e-14	
2  107.594	2.234066e+00	1.415265e-01	6.902059e-01	3.048545e+00	9.531712e-01	5.833793e-02	7.583958e-01	6.789702e-01	4.042767e+00	9.982728e-01	8.506207e+00	6.549506e-01	2.453691e-01	2.108100e+00	8.544255e-01	1.042613e+00	6.902055e+01	1.384924e+02	3.447109e-01	9.319574e-02	-2.414426e-13	
3  106.654	2.217142e+00	1.387284e-01	6.850807e-01	3.057480e+00	9.570107e-01	6.329799e-02	6.653812e-01	6.781606e-01	4.702938e+00	9.992973e-01	9.009298e+00	6.559452e-01	2.452999e-01	2.126608e+00	8.540258e-01	1.042001e+00	6.851459e+01	1.396701e+02	3.439515e-01	8.239222e-02	-1.543207e-13	
3  108.187	2.264875e+00	1.380289e-01	7.141438e-01	3.073841e+00	9.685608e-01	7.258114e-02	8.085953e-01	6.552660e-01	3.904956e+00	1.002329e+00	9.793483e+00	6.837697e-01	2.455034e-01	2.163139e+00	8.598177e-01	1.043801e+00	7.139163e+01	1.387430e+02	3.160575e-01	9.862094e-02	-2.949406e-13	
1  107.991	2.264875e+00	1.380289e-01	7.141438e-01	3.073841e+00	9.685608e-01	7.258114e-02	8.085953e-01	6.552660e-01	3.904956e+00	1.001809e+00	9.793483e+00	6.837697e-01	2.455034e-01	2.163139e+00	8.598177e-01	1.043801e+00	7.139163e+01	1.387430e+02	3.160575e-01	9.862094e-02	-2.949406e-13	
2  107.311	2.248076e+00	1.363981e-01	7.161509e-01	3.093657e+00	9.728828e-01	8.843716e-02	8.144363e-01	7.782965e-01	3.393739e+00	9.992640e-01	1.127557e+01	6.889376e-01	2.454333e-01	2.206340e+00	8.647189e-01	1.043129e+00	7.162685e+01	1.392540e+02	3.110173e-01	9.885395e-02	-2.955813e-14	
4  107.18	2.252932e+00	1.383801e-01	7.127557e-01	3.042691e+00	9.560067e-01	6.828073e-02	8.442846e-01	6.007045e-01	3.128940e+00	9.913198e-01	9.426479e+00	6.819088e-01	2.454542e-01	2.095466e+00	8.415793e-01	1.042936e+00	7.129551e+01	1.386336e+02	3.178338e-01	1.022855e-01	-4.472621e-14	
1  106.677	2.260569e+00	1.379506e-01	7.108495e-01	2.996091e+00	9.582158e-01	4.558941e-02	8.047286e-01	6.214105e-01	3.598595e+00	9.902679e-01	7.039617e+00	6.811858e-01	2.454887e-01	2.000781e+00	8.227649e-01	1.043037e+00	7.109489e+01	1.388285e+02	3.186752e-01	9.774344e-02	-4.771408e-14	
1  106.296	2.270894e+00	1.317962e-01	6.948009e-01	3.018487e+00	9.597796e-01	5.876346e-02	4.926004e-01	4.365107e-01	2.961263e+00	9.862486e-01	8.316984e+00	6.788665e-01	2.455311e-01	2.045164e+00	8.217222e-01	1.042369e+00	6.948347e+01	1.414782e+02	3.209113e-01	6.208811e-02	1.530064e-13	
3  108.797	2.273808e+00	1.348625e-01	7.042009e-01	2.985173e+00	9.505922e-01	4.486051e-02	6.680708e-01	5.806399e-01	2.566286e+00	9.844284e-01	6.899360e+00	6.810854e-01	2.455449e-01	1.978528e+00	8.094069e-01	1.042241e+00	7.043501e+01	1.399705e+02	3.186374e-01	8.221798e-02	3.880559e-13	
1  108.566	2.254729e+00	1.309295e-01	6.875603e-01	2.973081e+00	9.552577e-01	3.912965e-02	4.268398e-01	6.811058e-01	2.481988e+00	9.826258e-01	6.214499e+00	6.743076e-01	2.454653e-01	1.954481e+00	8.013943e-01	1.042034e+00	6.876330e+01	1.421486e+02	3.254890e-01	5.394544e-02	4.447987e-13	
5  107.277	2.274343e+00	1.292567e-01	6.937568e-01	2.984985e+00	9.570826e-01	4.455752e-02	4.153016e-01	7.597847e-01	2.592009e+00	9.843103e-01	6.771038e+00	6.830273e-01	2.455475e-01	1.977996e+00	8.014184e-01	1.042050e+00	6.937431e+01	1.423882e+02	3.167732e-01	5.264908e-02	3.893604e-13	
2  106.98	2.258137e+00	1.243040e-01	6.836925e-01	2.956515e+00	9.634949e-01	2.979133e-02	1.981781e-01	5.388477e-01	2.282669e+00	9.849565e-01	4.961103e+00	6.844207e-01	2.454793e-01	1.922245e+00	7.832134e-01	1.041885e+00	6.836629e+01	1.447792e+02	3.154026e-01	2.565368e-02	3.334118e-13	
6  106.981	2.258137e+00	1.243040e-01	6.836925e-01	2.956515e+00	9.634949e-01	2.979133e-02	1.981781e-01	5.388477e-01	2.282669e+00	9.849608e-01	4.961103e+00	6.844207e-01	2.454793e-01	1.922245e+00	7.832134e-01	1.041885e+00	6.836629e+01	1.447792e+02	3.154026e-01	2.565368e-02	3.334118e-13	
4  106.486	2.272497e+00	1.223762e-01	6.752835e-01	2.966376e+00	9.606936e-01	2.695277e-02	4.830759e-02	4.215397e-01	2.990374e+00	9.893105e-01	4.529480e+00	6.805537e-01	2.455364e-01	1.941032e+00	7.838662e-01	1.042184e+00	6.752701e+01	1.458466e+02	3.192805e-01	6.409325e-03	3.083009e-13	
3  107.757	2.272497e+00	1.223762e-01	6.752835e-01	2.966376e+00	9.606936e-01	2.695277e-02	4.830759e-02	4.215397e-01	2.990374e+00	9.908623e-01	4.529480e+00	6.805537e-01	2.455364e-01	1.941032e+00	7.838662e-01	1.042184e+00	6.752701e+01	1.458466e+02	3.192805e-01	6.409325e-03	3.083009e-13	
2  108.228	2.259322e+00	1.212293e-01	6.752584e-01	2.986599e+00	9.488749e-01	3.587890e-02	1.682603e-02	2.082247e-01	2.249949e+00	9.910584e-01	5.675267e+00	6.833364e-01	2.454829e-01	1.982078e+00	7.862619e-01	1.042423e+00	6.752073e+01	1.464729e+02	3.166196e-01	1.969360e-03	1.910435e-13	
1  107.768	2.302271e+00	1.241190e-01	7.063591e-01	2.998418e+00	9.563837e-01	4.816939e-02	3.300056e-01	4.042892e-01	2.573375e+00	9.906345e-01	7.035528e+00	7.038358e-01	2.456646e-01	2.005656e+00	7.922796e-01	1.042640e+00	7.062692e+01	1.437525e+02	2.961795e-01	4.220110e-02	1.811469e-13	
7  107.943	2.305659e+00	1.273423e-01	7.196503e-01	2.971767e+00	9.537402e-01	3.305020e-02	5.600026e-01	4.028135e-01	2.954030e+00	9.951879e-01	5.364868e+00	7.084354e-01	2.456789e-01	1.953529e+00	7.842823e-01	1.041979e+00	7.197488e+01	1.418826e+02	2.915500e-01	6.969847e-02	1.033461e-13	
3  104.398	2.319726e+00	1.268612e-01	7.257016e-01	3.021773e+00	9.626598e-01	5.282180e-02	5.872832e-01	4.181444e-01	3.057185e+00	1.001769e+00	7.513810e+00	7.137671e-01	2.457361e-01	2.053077e+00	8.039691e-01	1.041937e+00	7.257421e+01	1.417195e+02	2.861436e-01	7.300700e-02	-1.851451e-14	
4  104.197	2.301778e+00	1.351408e-01	7.247974e-01	3.007173e+00	9.595225e-01	4.225107e-02	8.275864e-01	6.603797e-01	3.239957e+00	1.002804e+00	6.519694e+00	6.976217e-01	2.456616e-01	2.023222e+00	8.172638e-01	1.042501e+00	7.247999e+01	1.389207e+02	3.022169e-01	1.001163e-01	-2.115499e-14	
10  104.11	2.301778e+00	1.351408e-01	7.247974e-01	3.007173e+00	9.595225e-01	4.225107e-02	8.275864e-01	6.603797e-01	3.239957e+00	1.002708e+00	6.519694e+00	6.976217e-01	2.456616e-01	2.023222e+00	8.172638e-01	1.042501e+00	7.247999e+01	1.389207e+02	3.022169e-01	1.001163e-01	-2.115499e-14	
4  103.221	2.301778e+00	1.351408e-01	7.247974e-01	3.007173e+00	9.595225e-01	4.225107e-02	8.275864e-01	6.603797e-01	3.239957e+00	9.992358e-01	6.519694e+00	6.976217e-01	2.456616e-01	2.023222e+00	8.172638e-01	1.042501e+00	7.247999e+01	1.389207e+02	3.022169e-01	1.001163e-01	-2.115499e-14	
1  103.102	2.358225e+00	1.355075e-01	7.587809e-01	3.031471e+00	9.797995e-01	5.976721e-02	1.084257e+00	4.618376e-01	2.731029e+00	1.001539e+00	8.278427e+00	7.224503e-01	2.458900e-01	2.073259e+00	8.264897e-01	1.042663e+00	7.588106e+01	1.371974e+02	2.774212e-01	1.271124e-01	3.199261e-14	
2  103.006	2.354274e+00	1.285630e-01	7.572867e-01	3.025665e+00	9.808363e-01	6.043924e-02	8.385300e-01	3.678194e-01	2.600835e+00	9.986047e-01	8.234321e+00	7.335770e-01	2.458746e-01	2.060713e+00	8.096640e-01	1.043367e+00	7.572543e+01	1.398290e+02	2.663938e-01	1.011505e-01	1.657456e-14	
1  103.382	2.349039e+00	1.294590e-01	7.582667e-01	3.018159e+00	9.774546e-01	5.306302e-02	8.747052e-01	4.125123e-01	2.827347e+00	1.001768e+00	7.528737e+00	7.328258e-01	2.458540e-01	2.045158e+00	8.077651e-01	1.043513e+00	7.582523e+01	1.395170e+02	2.671646e-01	1.050004e-01	9.165332e-15	
4  104.328	2.329583e+00	1.264118e-01	7.597664e-01	2.993609e+00	9.801674e-01	4.273799e-02	8.171628e-01	5.994262e-01	4.158631e+00	1.002679e+00	6.421043e+00	7.395818e-01	2.457754e-01	1.995592e+00	7.909546e-01	1.043253e+00	7.597086e+01	1.406833e+02	2.603362e-01	9.883975e-02	1.185555e-14	
2  103.791	2.343777e+00	1.287581e-01	7.640764e-01	2.984225e+00	9.818588e-01	4.012168e-02	9.255472e-01	7.380087e-01	3.972710e+00	1.001332e+00	6.136445e+00	7.382092e-01	2.458320e-01	1.977127e+00	7.916547e-01	1.042934e+00	7.640096e+01	1.395240e+02	2.616643e-01	1.106532e-01	-8.006859e-14	
1  103.852	2.321331e+00	1.340854e-01	7.527488e-01	2.980993e+00	9.802703e-01	3.764861e-02	9.993387e-01	5.122748e-01	3.767904e+00	9.987655e-01	5.946339e+00	7.212673e-01	2.457423e-01	1.970883e+00	8.058642e-01	1.043319e+00	7.527209e+01	1.382279e+02	2.786579e-01	1.183619e-01	-7.903967e-14	
2  103.527	2.314522e+00	1.318666e-01	7.430596e-01	2.972462e+00	9.737544e-01	2.892563e-02	8.618743e-01	6.004073e-02	4.354178e+00	1.000871e+00	4.867445e+00	7.181161e-01	2.457157e-01	1.954113e+00	7.971770e-01	1.043023e+00	7.429652e+01	1.393743e+02	2.818211e-01	1.037611e-01	-2.361108e-14	
1  106.814	2.391047e+00	1.357823e-01	7.592094e-01	2.987106e+00	9.739368e-01	4.327948e-02	1.044293e+00	1.852027e-01	4.012473e+00	9.935060e-01	6.492312e+00	7.218326e-01	2.460207e-01	1.983265e+00	8.076225e-01	1.043370e+00	7.592024e+01	1.369636e+02	2.782003e-01	1.229254e-01	1.272680e-13	
2  108.132	2.387860e+00	1.373622e-01	7.573534e-01	2.945698e+00	9.660433e-01	1.975645e-02	1.099209e+00	4.513076e-01	4.130573e+00	9.956020e-01	3.651373e+00	7.179677e-01	2.460058e-01	1.902486e+00	7.912942e-01	1.042746e+00	7.574415e+01	1.364192e+02	2.821117e-01	1.286730e-01	3.900385e-13	
5  108.029	2.387860e+00	1.373622e-01	7.573534e-01	2.945698e+00	9.660433e-01	1.975645e-02	1.099209e+00	4.513076e-01	4.130573e+00	9.964861e-01	3.651373e+00	7.179677e-01	2.460058e-01	1.902486e+00	7.912942e-01	1.042746e+00	7.574415e+01	1.364192e+02	2.821117e-01	1.286730e-01	3.900385e-13	
4  107.198	2.364207e+00	1.347773e-01	7.540620e-01	2.928087e+00	9.692805e-01	1.429737e-02	9.954439e-01	4.121047e-01	4.068474e+00	9.939544e-01	2.910457e+00	7.206129e-01	2.459111e-01	1.868871e+00	7.817628e-01	1.043288e+00	7.539522e+01	1.376411e+02	2.796522e-01	1.177835e-01	1.925176e-13	
2  105.97	2.362185e+00	1.311230e-01	7.391822e-01	2.967751e+00	9.667957e-01	3.066517e-02	7.720976e-01	6.179448e-01	3.589696e+00	9.946952e-01	5.011245e+00	7.156699e-01	2.459057e-01	1.944934e+00	7.912748e-01	1.042785e+00	7.391982e+01	1.394421e+02	2.843434e-01	9.390090e-02	2.396068e-13	
2  104.437	2.328619e+00	1.308978e-01	7.299924e-01	2.978339e+00	9.656188e-01	3.838430e-02	7.173063e-01	4.553912e-01	3.659291e+00	9.918507e-01	5.981814e+00	7.095081e-01	2.457722e-01	1.965801e+00	7.970052e-01	1.042667e+00	7.299795e+01	1.400827e+02	2.904187e-01	8.781673e-02	1.601888e-13	
2  104.117	2.302771e+00	1.257441e-01	7.024636e-01	2.982478e+00	9.648843e-01	3.713300e-02	3.563925e-01	3.301197e-01	3.654992e+00	9.909296e-01	5.791177e+00	6.972631e-01	2.456653e-01	1.973615e+00	7.928092e-01	1.042273e+00	7.024038e+01	1.432030e+02	3.026061e-01	4.560673e-02	2.217134e-13	
3  104.883	2.354443e+00	1.230190e-01	7.271098e-01	2.991856e+00	9.753130e-01	4.329532e-02	4.348241e-01	1.149977e-01	4.912423e+00	9.944395e-01	6.364906e+00	7.214235e-01	2.458742e-01	1.992423e+00	7.868271e-01	1.042531e+00	7.270573e+01	1.429602e+02	2.785394e-01	5.509935e-02	2.080686e-13	
1  104.129	2.350307e+00	1.277108e-01	7.333884e-01	2.998433e+00	9.751193e-01	4.934931e-02	6.459657e-01	1.381036e-01	4.198865e+00	9.929212e-01	7.098550e+00	7.175295e-01	2.458596e-01	2.005743e+00	7.987916e-01	1.042199e+00	7.333655e+01	1.409138e+02	2.823474e-01	7.983631e-02	2.786944e-13	
1  104.325	2.286862e+00	1.254866e-01	7.034714e-01	2.956684e+00	9.715317e-01	2.577286e-02	3.868979e-01	1.586713e-01	3.705307e+00	9.918121e-01	4.402436e+00	6.988505e-01	2.455997e-01	1.923147e+00	7.831768e-01	1.041716e+00	7.034164e+01	1.432762e+02	3.009329e-01	4.943245e-02	8.651298e-14	
4  105.868	2.286862e+00	1.254866e-01	7.034714e-01	2.956684e+00	9.715317e-01	2.577286e-02	3.868979e-01	1.586713e-01	3.705307e+00	9.891178e-01	4.402436e+00	6.988505e-01	2.455997e-01	1.923147e+00	7.831768e-01	1.041716e+00	7.034164e+01	1.432762e+02	3.009329e-01	4.943245e-02	8.651298e-14	
1  106.304	2.363472e+00	1.259357e-01	7.403051e-01	2.988107e+00	9.780135e-01	4.101551e-02	6.486694e-01	5.385200e-01	3.744385e+00	9.951890e-01	6.153333e+00	7.257626e-01	2.459102e-01	1.985272e+00	7.890018e-01	1.041911e+00	7.403017e+01	1.411910e+02	2.740755e-01	8.029814e-02	1.158854e-13	
1  106.08	2.341262e+00	1.268377e-01	7.379451e-01	2.960903e+00	9.753336e-01	2.500341e-02	6.729574e-01	6.922087e-01	2.654517e+00	9.972424e-01	4.279993e+00	7.228794e-01	2.458195e-01	1.931514e+00	7.806183e-01	1.041970e+00	7.378394e+01	1.410932e+02	2.769426e-01	8.307949e-02	-1.173737e-13	
2  105.641	2.374117e+00	1.269457e-01	7.548219e-01	3.005405e+00	9.792553e-01	4.773471e-02	7.871422e-01	8.311933e-01	3.269166e+00	9.994933e-01	6.891179e+00	7.342541e-01	2.459525e-01	2.019847e+00	7.954015e-01	1.042181e+00	7.548294e+01	1.402436e+02	2.656292e-01	9.571022e-02	-1.388136e-14	
2  105.234	2.382062e+00	1.285563e-01	7.548839e-01	3.026959e+00	9.787175e-01	6.070021e-02	8.050289e-01	5.152562e-01	3.830898e+00	9.957669e-01	8.197227e+00	7.313303e-01	2.459860e-01	2.063741e+00	8.090411e-01	1.043018e+00	7.549360e+01	1.396923e+02	2.686981e-01	9.757403e-02	1.020122e-13	
4  104.285	2.382062e+00	1.285563e-01	7.548839e-01	3.026959e+00	9.787175e-01	6.070021e-02	8.050289e-01	5.152562e-01	3.830898e+00	1.000002e+00	8.197227e+00	7.313303e-01	2.459860e-01	2.063741e+00	8.090411e-01	1.043018e+00	7.549360e+01	1.396923e+02	2.686981e-01	9.757403e-02	1.020122e-13	
6  104.672	2.353195e+00	1.235379e-01	7.360489e-01	3.005118e+00	9.719538e-01	4.710315e-02	5.378855e-01	8.005287e-01	3.907417e+00	1.000708e+00	6.804627e+00	7.272900e-01	2.458690e-01	2.019266e+00	7.895541e-01	1.042205e+00	7.360785e+01	1.423930e+02	2.726746e-01	6.735822e-02	-4.046783e-15	
6  104.437	2.353195e+00	1.235379e-01	7.360489e-01	3.005118e+00	9.719538e-01	4.710315e-02	5.378855e-01	8.005287e-01	3.907417e+00	1.000255e+00	6.804627e+00	7.272900e-01	2.458690e-01	2.019266e+00	7.895541e-01	1.042205e+00	7.360785e+01	1.423930e+02	2.726746e-01	6.735822e-02	-4.046783e-15	
2  103.402	2.301771e+00	1.285409e-01	7.259949e-01	2.964921e+00	9.672375e-01	2.856734e-02	6.426765e-01	7.468949e-01	3.482465e+00	9.971441e-01	4.803577e+00	7.112708e-01	2.456624e-01	1.939727e+00	7.877088e-01	1.042376e+00	7.259454e+01	1.412390e+02	2.886593e-01	7.947090e-02	-3.458243e-14	
2  108.237	2.313342e+00	1.326594e-01	7.639845e-01	2.926512e+00	9.742640e-01	1.802831e-02	1.043804e+00	9.205729e-01	3.171497e+00	9.959953e-01	3.482212e+00	7.321458e-01	2.457098e-01	1.866016e+00	7.772790e-01	1.043849e+00	7.636747e+01	1.384361e+02	2.681375e-01	1.227626e-01	-8.704159e-14	
1  111.021	2.313342e+00	1.326594e-01	7.639845e-01	2.926512e+00	9.742640e-01	1.802831e-02	1.043804e+00	9.205729e-01	3.171497e+00	9.906170e-01	3.482212e+00	7.321458e-01	2.457098e-01	1.866016e+00	7.772790e-01	1.043849e+00	7.636747e+01	1.384361e+02	2.681375e-01	1.227626e-01	-8.704159e-14	
2  110.877	2.341346e+00	1.409884e-01	7.782250e-01	2.923532e+00	9.705417e-01	1.941929e-02	1.406684e+00	9.590312e-01	3.499204e+00	9.884723e-01	3.727367e+00	7.277998e-01	2.458205e-01	1.860802e+00	7.885010e-01	1.043663e+00	7.781786e+01	1.349115e+02	2.725090e-01	1.588412e-01	6.448236e-14	
4  109.173	2.308016e+00	1.339692e-01	7.473363e-01	2.946176e+00	9.676650e-01	2.524141e-02	9.634121e-01	8.832373e-01	2.226445e+00	9.889198e-01	4.446790e+00	7.177139e-01	2.456882e-01	1.903542e+00	7.887000e-01	1.043199e+00	7.472160e+01	1.385451e+02	2.823852e-01	1.145033e-01	-3.532507e-15	
2  109.086	2.239387e+00	1.311033e-01	7.135373e-01	2.972530e+00	9.608780e-01	3.191967e-02	6.465801e-01	5.719118e-01	2.816241e+00	9.900406e-01	5.361570e+00	6.971393e-01	2.454073e-01	1.955001e+00	7.990787e-01	1.042933e+00	7.135651e+01	1.412793e+02	3.029162e-01	7.986455e-02	1.310473e-13	
6  108.59	2.289274e+00	1.366550e-01	7.408000e-01	2.944696e+00	9.670320e-01	1.505723e-02	1.000865e+00	6.354086e-01	4.237316e+00	9.963542e-01	3.104798e+00	7.083202e-01	2.456120e-01	1.900660e+00	7.954210e-01	1.043304e+00	7.406863e+01	1.379773e+02	2.918609e-01	1.187114e-01	-1.712013e-14	
1  109.182	2.302739e+00	1.335011e-01	7.546514e-01	2.974674e+00	9.745623e-01	4.373625e-02	1.007070e+00	6.773323e-01	2.905053e+00	9.874526e-01	6.691234e+00	7.239406e-01	2.456692e-01	1.958499e+00	8.001267e-01	1.043535e+00	7.546018e+01	1.385208e+02	2.760738e-01	1.189717e-01	-1.099501e-14	
3  108.815	2.349810e+00	1.400387e-01	7.809770e-01	2.978321e+00	9.800915e-01	4.716079e-02	1.389539e+00	7.069059e-01	2.609626e+00	9.890830e-01	7.079620e+00	7.308004e-01	2.458548e-01	1.965572e+00	8.112905e-01	1.043793e+00	7.809718e+01	1.351001e+02	2.692085e-01	1.571038e-01	-8.354355e-14	
1  107.441	2.392913e+00	1.385459e-01	8.005409e-01	3.003444e+00	9.841443e-01	5.962473e-02	1.476745e+00	8.119577e-01	3.580144e+00	9.926948e-01	8.262231e+00	7.453136e-01	2.460256e-01	2.015485e+00	8.144141e-01	1.043795e+00	8.004128e+01	1.346473e+02	2.547392e-01	1.653545e-01	-1.504514e-14	
3  105.271	2.392913e+00	1.385459e-01	8.005409e-01	3.003444e+00	9.841443e-01	5.962473e-02	1.476745e+00	8.119577e-01	3.580144e+00	9.954424e-01	8.262231e+00	7.453136e-01	2.460256e-01	2.015485e+00	8.144141e-01	1.043795e+00	8.004128e+01	1.346473e+02	2.547392e-01	1.653545e-01	-1.504514e-14	
1  105.287	2.376041e+00	1.377093e-01	7.868246e-01	2.997324e+00	9.815637e-01	4.633023e-02	1.337906e+00	7.229956e-01	4.315820e+00	1.001961e+00	6.904506e+00	7.381424e-01	2.459598e-01	2.003116e+00	8.133004e-01	1.044038e+00	7.867497e+01	1.355113e+02	2.619277e-01	1.522658e-01	-9.129438e-14	
2  109.093	2.424337e+00	1.437296e-01	8.125658e-01	2.991504e+00	9.853212e-01	4.161569e-02	1.686941e+00	7.780458e-01	3.153107e+00	1.005849e+00	6.416128e+00	7.446740e-01	2.461444e-01	1.991854e+00	8.197786e-01	1.044624e+00	8.123753e+01	1.324581e+02	2.555810e-01	1.845475e-01	-2.200212e-14	
5  108.579	2.374256e+00	1.410342e-01	7.630858e-01	2.949784e+00	9.723463e-01	1.094577e-02	1.250391e+00	6.301802e-01	3.468637e+00	1.005846e+00	2.495247e+00	7.162315e-01	2.459500e-01	1.909957e+00	8.027785e-01	1.043454e+00	7.629133e+01	1.351685e+02	2.839987e-01	1.438302e-01	1.824405e-14	
6  107.788	2.391301e+00	1.357560e-01	7.789333e-01	2.991988e+00	9.794528e-01	3.612841e-02	1.189312e+00	8.723146e-01	3.643990e+00	1.006071e+00	5.710739e+00	7.358408e-01	2.460190e-01	1.992101e+00	8.081900e-01	1.044221e+00	7.789265e+01	1.363661e+02	2.643622e-01	1.374699e-01	-9.635594e-14	
1  107.127	2.396440e+00	1.319304e-01	7.845030e-01	2.998032e+00	9.926340e-01	4.643413e-02	1.112181e+00	5.004210e-01	4.204649e+00	1.002388e+00	6.786188e+00	7.456019e-01	2.460381e-01	2.004400e+00	8.049176e-01	1.044294e+00	7.844322e+01	1.374699e+02	2.545057e-01	1.295799e-01	-9.473730e-14	
1  108.064	2.356393e+00	1.320725e-01	7.663315e-01	2.943875e+00	9.812167e-01	1.320468e-02	1.002181e+00	1.918294e-01	3.555441e+00	1.004518e+00	2.772322e+00	7.341410e-01	2.458785e-01	1.897200e+00	7.843789e-01	1.044068e+00	7.660808e+01	1.382920e+02	2.660843e-01	1.182562e-01	-1.450839e-13	
2  106.172	2.280400e+00	1.273885e-01	7.156747e-01	2.993297e+00	9.672713e-01	2.917024e-02	4.933171e-01	9.985290e-02	2.616840e+00	1.003591e+00	4.891172e+00	7.054250e-01	2.455738e-01	1.994691e+00	8.013901e-01	1.043780e+00	7.155504e+01	1.424125e+02	2.945986e-01	6.170398e-02	1.607081e-13	
3  108.65	2.275740e+00	1.325627e-01	7.334314e-01	2.967184e+00	9.742414e-01	2.264516e-02	7.950578e-01	1.795161e-01	2.684481e+00	1.001289e+00	4.120754e+00	7.100438e-01	2.455564e-01	1.943145e+00	8.014778e-01	1.044219e+00	7.331957e+01	1.399017e+02	2.900481e-01	9.633908e-02	9.278525e-14	
1  108.452	2.266796e+00	1.272695e-01	7.318248e-01	2.971508e+00	9.807512e-01	3.412843e-02	6.292113e-01	2.690886e-01	3.044229e+00	9.947063e-01	5.527060e+00	7.186288e-01	2.455206e-01	1.951741e+00	7.936540e-01	1.044145e+00	7.315948e+01	1.419590e+02	2.813234e-01	7.742365e-02	-8.741394e-16	
1  109.357	2.263225e+00	1.276697e-01	7.277723e-01	2.926607e+00	9.743617e-01	1.609830e-02	6.188452e-01	2.643454e-01	2.296417e+00	9.894309e-01	3.188614e+00	7.148668e-01	2.455055e-01	1.865938e+00	7.753280e-01	1.043835e+00	7.273940e+01	1.419442e+02	2.852286e-01	7.614050e-02	-1.173811e-13	
4  108.185	2.247758e+00	1.238763e-01	7.202673e-01	2.916887e+00	9.736221e-01	1.074925e-02	4.721991e-01	2.594125e-01	2.942461e+00	9.904086e-01	2.404758e+00	7.164266e-01	2.454413e-01	1.848053e+00	7.634810e-01	1.043118e+00	7.199127e+01	1.436835e+02	2.835267e-01	5.921113e-02	-2.804818e-13	
1  108.727	2.247758e+00	1.238763e-01	7.202673e-01	2.916887e+00	9.736221e-01	1.074925e-02	4.721991e-01	2.594125e-01	2.942461e+00	9.949544e-01	2.404758e+00	7.164266e-01	2.454413e-01	1.848053e+00	7.634810e-01	1.043118e+00	7.199127e+01	1.436835e+02	2.835267e-01	5.921113e-02	-2.804818e-13	
2  106.943	2.243988e+00	1.271577e-01	7.016074e-01	2.962611e+00	9.712624e-01	3.433502e-02	4.355691e-01	3.172952e-01	2.961462e+00	9.899743e-01	5.591388e+00	6.946526e-01	2.454247e-01	1.934727e+00	7.914815e-01	1.042399e+00	7.016260e+01	1.431198e+02	3.052430e-01	5.486116e-02	2.421830e-14	
1  106.563	2.266666e+00	1.318292e-01	7.276858e-01	2.975481e+00	9.716981e-01	4.214733e-02	7.652882e-01	3.247009e-01	2.443504e+00	9.921284e-01	6.549632e+00	7.069270e-01	2.455207e-01	1.960105e+00	8.019229e-01	1.043072e+00	7.276926e+01	1.403061e+02	2.930246e-01	9.292451e-02	3.352296e-14	
4  110.082	2.292612e+00	1.374446e-01	7.559093e-01	2.942791e+00	9.730419e-01	2.975747e-02	1.145718e+00	6.157920e-01	3.523708e+00	9.928610e-01	5.095976e+00	7.182721e-01	2.456278e-01	1.897259e+00	7.953067e-01	1.043607e+00	7.559436e+01	1.371869e+02	2.818364e-01	1.331776e-01	3.247615e-14	
2  108.766	2.288514e+00	1.414952e-01	7.465224e-01	2.953432e+00	9.672656e-01	2.720096e-02	1.198443e+00	7.892872e-01	3.840249e+00	9.969977e-01	4.808549e+00	7.040688e-01	2.456076e-01	1.917722e+00	8.076111e-01	1.043292e+00	7.466900e+01	1.361525e+02	2.960050e-01	1.388380e-01	2.056267e-14	
2  107.081	2.288514e+00	1.414952e-01	7.465224e-01	2.953432e+00	9.672656e-01	2.720096e-02	1.198443e+00	7.892872e-01	3.840249e+00	9.948768e-01	4.808549e+00	7.040688e-01	2.456076e-01	1.917722e+00	8.076111e-01	1.043292e+00	7.466900e+01	1.361525e+02	2.960050e-01	1.388380e-01	2.056267e-14	
6  105.133	2.350517e+00	1.379951e-01	7.762365e-01	3.027884e+00	9.804373e-01	6.574828e-02	1.276301e+00	6.954029e-01	3.560279e+00	9.989413e-01	8.933102e+00	7.308828e-01	2.458585e-01	2.065383e+00	8.288384e-01	1.044033e+00	7.761816e+01	1.359576e+02	2.691150e-01	1.463308e-01	-1.724539e-13	
1  105.164	2.350435e+00	1.381016e-01	7.833858e-01	3.022035e+00	9.893041e-01	6.114442e-02	1.347231e+00	8.112464e-01	3.220235e+00	1.003258e+00	8.487850e+00	7.356299e-01	2.458572e-01	2.053482e+00	8.280007e-01	1.043909e+00	7.833723e+01	1.356589e+02	2.643043e-01	1.531340e-01	-4.382674e-14	
7  103.244	2.327559e+00	1.381843e-01	7.590726e-01	3.013667e+00	9.798736e-01	5.332824e-02	1.190426e+00	8.317654e-01	2.832063e+00	1.002060e+00	7.735032e+00	7.186170e-01	2.457659e-01	2.036467e+00	8.256736e-01	1.042833e+00	7.591220e+01	1.364967e+02	2.812668e-01	1.378783e-01	-4.561898e-14	
3  104.188	2.322007e+00	1.402308e-01	7.465511e-01	2.991706e+00	9.705366e-01	3.857350e-02	1.138691e+00	5.048455e-01	3.667345e+00	1.001072e+00	6.131639e+00	7.056302e-01	2.457431e-01	1.992485e+00	8.211510e-01	1.043042e+00	7.465799e+01	1.363164e+02	2.942604e-01	1.328503e-01	-7.506292e-14	
3  103.852	2.349426e+00	1.388102e-01	7.533290e-01	3.014992e+00	9.728626e-01	4.639230e-02	1.136434e+00	5.061543e-01	2.935069e+00	1.005474e+00	6.952458e+00	7.127714e-01	2.458543e-01	2.039413e+00	8.264623e-01	1.042900e+00	7.533199e+01	1.363501e+02	2.870684e-01	1.325061e-01	-3.399681e-14	
1  104.905	2.307062e+00	1.412106e-01	7.329871e-01	3.034196e+00	9.655291e-01	4.924004e-02	1.086985e+00	3.786447e-01	4.015924e+00	1.008344e+00	7.372088e+00	6.928151e-01	2.456822e-01	2.078838e+00	8.408861e-01	1.042190e+00	7.328200e+01	1.364530e+02	3.069956e-01	1.274590e-01	1.153126e-14	
1  105.205	2.321371e+00	1.396840e-01	7.466693e-01	3.048884e+00	9.768794e-01	5.939011e-02	1.149631e+00	3.888720e-01	3.786109e+00	1.009879e+00	8.395142e+00	7.065523e-01	2.457418e-01	2.109863e+00	8.446542e-01	1.042249e+00	7.465250e+01	1.363915e+02	2.933727e-01	1.336765e-01	5.320106e-14	
7  105.639	2.358976e+00	1.422098e-01	7.746683e-01	3.048407e+00	9.785326e-01	6.481062e-02	1.437958e+00	4.644181e-01	3.011459e+00	1.009205e+00	8.899027e+00	7.224810e-01	2.458922e-01	2.108516e+00	8.435576e-01	1.042404e+00	7.746349e+01	1.343641e+02	2.773500e-01	1.617070e-01	3.489945e-14	
1  105.509	2.342792e+00	1.438751e-01	7.805595e-01	3.008331e+00	9.773251e-01	4.782807e-02	1.527352e+00	4.898823e-01	2.723041e+00	1.007115e+00	7.217804e+00	7.242780e-01	2.458268e-01	2.025396e+00	8.301303e-01	1.043282e+00	7.806039e+01	1.338305e+02	2.755731e-01	1.703440e-01	4.934762e-14	
2  105.851	2.337811e+00	1.418627e-01	7.648365e-01	2.980028e+00	9.657527e-01	4.154939e-02	1.338374e+00	8.905589e-02	3.441692e+00	9.958282e-01	6.490893e+00	7.164044e-01	2.458082e-01	1.968798e+00	8.134058e-01	1.043012e+00	7.650101e+01	1.350399e+02	2.834553e-01	1.523109e-01	2.074670e-14	
1  104.287	2.311346e+00	1.384298e-01	7.445198e-01	3.025409e+00	9.614208e-01	5.793027e-02	1.079290e+00	1.930787e-01	3.654909e+00	9.982325e-01	8.245619e+00	7.072425e-01	2.457011e-01	2.059847e+00	8.282761e-01	1.042935e+00	7.446268e+01	1.370588e+02	2.925633e-01	1.267144e-01	-5.111974e-14	
3  104.561	2.309527e+00	1.391415e-01	7.418718e-01	3.007355e+00	9.601440e-01	4.593357e-02	1.073635e+00	4.375640e-01	3.574337e+00	9.999970e-01	6.988013e+00	7.039659e-01	2.456933e-01	2.023388e+00	8.228949e-01	1.043089e+00	7.419634e+01	1.369422e+02	2.958809e-01	1.261967e-01	-7.443335e-14	
1  105.176	2.344241e+00	1.392587e-01	7.609787e-01	3.013034e+00	9.654788e-01	5.253987e-02	1.201278e+00	3.933239e-01	3.791778e+00	9.995573e-01	7.640850e+00	7.178406e-01	2.458344e-01	2.034714e+00	8.231432e-01	1.043546e+00	7.610362e+01	1.360526e+02	2.820741e-01	1.390206e-01	-1.463197e-13	
1  104.222	2.335441e+00	1.350620e-01	7.379278e-01	2.996424e+00	9.617276e-01	3.966405e-02	9.019931e-01	3.785876e-02	4.737704e+00	9.999511e-01	6.163979e+00	7.078569e-01	2.458004e-01	2.001612e+00	8.104862e-01	1.042813e+00	7.379206e+01	1.382822e+02	2.920266e-01	1.080100e-01	4.192274e-14	
1  107.167	2.335441e+00	1.350620e-01	7.379278e-01	2.996424e+00	9.617276e-01	3.966405e-02	9.019931e-01	3.785876e-02	4.737704e+00	1.003242e+00	6.163979e+00	7.078569e-01	2.458004e-01	2.001612e+00	8.104862e-01	1.042813e+00	7.379206e+01	1.382822e+02	2.920266e-01	1.080100e-01	4.192274e-14	
8  107.751	2.315313e+00	1.351373e-01	7.241307e-01	2.938724e+00	9.651431e-01	1.240337e-02	8.113678e-01	6.895666e-02	4.603729e+00	1.000196e+00	2.639955e+00	6.971644e-01	2.457160e-01	1.889079e+00	7.914142e-01	1.042456e+00	7.239742e+01	1.388322e+02	3.028528e-01	9.837130e-02	2.561813e-13	
1  107.804	2.300739e+00	1.338210e-01	7.384826e-01	2.969461e+00	9.618382e-01	3.143646e-02	8.946101e-01	2.861044e-01	3.902062e+00	1.000289e+00	5.241016e+00	7.113357e-01	2.456603e-01	1.948696e+00	7.975240e-01	1.042976e+00	7.385365e+01	1.389486e+02	2.886939e-01	1.072365e-01	2.189744e-14	
1  107.592	2.300739e+00	1.338210e-01	7.384826e-01	2.969461e+00	9.618382e-01	3.143646e-02	8.946101e-01	2.861044e-01	3.902062e+00	1.000144e+00	5.241016e+00	7.113357e-01	2.456603e-01	1.948696e+00	7.975240e-01	1.042976e+00	7.385365e+01	1.389486e+02	2.886939e-01	1.072365e-01	2.189744e-14	
5  107.255	2.281320e+00	1.316404e-01	7.289131e-01	2.978696e+00	9.598072e-01	3.474389e-02	7.596570e-01	1.249147e-02	3.572854e+00	9.999434e-01	5.649700e+00	7.081102e-01	2.455815e-01	1.966940e+00	7.983513e-01	1.043017e+00	7.289436e+01	1.402293e+02	2.919210e-01	9.244221e-02	7.329974e-14	
4  108.18	2.309896e+00	1.297848e-01	7.258597e-01	3.010410e+00	9.555108e-01	5.185629e-02	6.571860e-01	8.315742e-02	3.903975e+00	9.969212e-01	7.492512e+00	7.085724e-01	2.456979e-01	2.029816e+00	8.055151e-01	1.042861e+00	7.259399e+01	1.408212e+02	2.914033e-01	8.096723e-02	2.559889e-14	
2  106.168	2.309896e+00	1.297848e-01	7.258597e-01	3.010410e+00	9.555108e-01	5.185629e-02	6.571860e-01	8.315742e-02	3.903975e+00	9.913954e-01	7.492512e+00	7.085724e-01	2.456979e-01	2.029816e+00	8.055151e-01	1.042861e+00	7.259399e+01	1.408212e+02	2.914033e-01	8.096723e-02	2.559889e-14	
8  104.599	2.327432e+00	1.288288e-01	7.289056e-01	3.037272e+00	9.615431e-01	6.337912e-02	6.396456e-01	1.867567e-01	4.065095e+00	9.938918e-01	8.575679e+00	7.124195e-01	2.457687e-01	2.084775e+00	8.151172e-01	1.042872e+00	7.289376e+01	1.409285e+02	2.875375e-01	7.912693e-02	2.505295e-14	
3  104.321	2.327432e+00	1.288288e-01	7.289056e-01	3.037272e+00	9.615431e-01	6.337912e-02	6.396456e-01	1.867567e-01	4.065095e+00	9.944335e-01	8.575679e+00	7.124195e-01	2.457687e-01	2.084775e+00	8.151172e-01	1.042872e+00	7.289376e+01	1.409285e+02	2.875375e-01	7.912693e-02	2.505295e-14	
2  105.156	2.325819e+00	1.298992e-01	7.200603e-01	3.021782e+00	9.579679e-01	4.922637e-02	5.855569e-01	3.200228e-01	3.625552e+00	9.972275e-01	7.162135e+00	7.033411e-01	2.457610e-01	2.052730e+00	8.130139e-01	1.043229e+00	7.200211e+01	1.409324e+02	2.966252e-01	7.279658e-02	-4.625600e-14	
4  103.083	2.343822e+00	1.241216e-01	7.502281e-01	3.044181e+00	9.813162e-01	6.841299e-02	6.556105e-01	4.627845e-01	3.506883e+00	9.998016e-01	8.922312e+00	7.366966e-01	2.458324e-01	2.099160e+00	8.077678e-01	1.043146e+00	7.502135e+01	1.417998e+02	2.632751e-01	8.092433e-02	6.480888e-15	
3  103.929	2.348857e+00	1.263406e-01	7.451551e-01	3.009428e+00	9.726170e-01	4.844044e-02	6.714795e-01	1.612288e-01	3.541546e+00	9.991892e-01	6.996938e+00	7.290005e-01	2.458535e-01	2.027627e+00	7.980672e-01	1.043331e+00	7.451496e+01	1.411447e+02	2.710618e-01	8.245274e-02	9.729341e-15	
5  104.106	2.341191e+00	1.273353e-01	7.587596e-01	3.017556e+00	9.801167e-01	5.113301e-02	8.151578e-01	1.102829e-01	4.161243e+00	1.004241e+00	7.308475e+00	7.370411e-01	2.458228e-01	2.043766e+00	8.035008e-01	1.043657e+00	7.587296e+01	1.403444e+02	2.629291e-01	9.842534e-02	9.387489e-14	
2  104.618	2.368272e+00	1.289215e-01	7.718018e-01	2.995646e+00	9.826350e-01	4.754910e-02	9.492858e-01	3.786380e-01	4.323716e+00	9.992957e-01	6.912821e+00	7.427048e-01	2.459299e-01	1.999648e+00	7.959489e-01	1.043786e+00	7.716837e+01	1.391213e+02	2.573700e-01	1.128681e-01	-4.036818e-14	
1  105.51	2.358238e+00	1.287376e-01	7.671415e-01	3.033225e+00	9.760896e-01	6.458774e-02	9.038439e-01	3.712499e-01	4.382136e+00	9.992917e-01	8.631019e+00	7.400556e-01	2.458926e-01	2.075970e+00	8.100376e-01	1.044046e+00	7.670349e+01	1.394576e+02	2.601048e-01	1.081027e-01	-1.254534e-13	
4  105.472	2.358238e+00	1.287376e-01	7.671415e-01	3.033225e+00	9.760896e-01	6.458774e-02	9.038439e-01	3.712499e-01	4.382136e+00	1.000896e+00	8.631019e+00	7.400556e-01	2.458926e-01	2.075970e+00	8.100376e-01	1.044046e+00	7.670349e+01	1.394576e+02	2.601048e-01	1.081027e-01	-1.254534e-13	
4  105.09	2.332180e+00	1.291753e-01	7.574356e-01	3.036184e+00	9.733600e-01	6.301122e-02	8.571624e-01	2.306362e-01	4.591836e+00	1.002276e+00	8.541731e+00	7.330363e-01	2.457886e-01	2.082123e+00	8.142099e-01	1.044018e+00	7.573404e+01	1.398248e+02	2.670500e-01	1.030981e-01	-5.375575e-14	
2  105.686	2.349463e+00	1.367663e-01	7.817490e-01	3.000592e+00	9.838930e-01	5.440948e-02	1.281183e+00	7.484719e-02	3.981413e+00	9.981628e-01	7.788433e+00	7.366710e-01	2.458557e-01	2.009630e+00	8.151251e-01	1.044243e+00	7.815545e+01	1.362058e+02	2.633649e-01	1.465825e-01	-9.356458e-14	
2  105.564	2.349463e+00	1.367663e-01	7.817490e-01	3.000592e+00	9.838930e-01	5.440948e-02	1.281183e+00	7.484719e-02	3.981413e+00	9.972599e-01	7.788433e+00	7.366710e-01	2.458557e-01	2.009630e+00	8.151251e-01	1.044243e+00	7.815545e+01	1.362058e+02	2.633649e-01	1.465825e-01	-9.356458e-14	
8  106.43	2.344870e+00	1.388565e-01	7.698960e-01	3.013034e+00	9.890632e-01	5.380099e-02	1.248781e+00	2.046553e-01	4.143726e+00	1.001166e+00	7.760724e+00	7.251766e-01	2.458346e-01	2.035574e+00	8.297397e-01	1.044132e+00	7.698293e+01	1.359503e+02	2.748126e-01	1.434259e-01	-2.062431e-13	
2  106.412	2.344870e+00	1.388565e-01	7.698960e-01	3.013034e+00	9.890632e-01	5.380099e-02	1.248781e+00	2.046553e-01	4.143726e+00	1.001636e+00	7.760724e+00	7.251766e-01	2.458346e-01	2.035574e+00	8.297397e-01	1.044132e+00	7.698293e+01	1.359503e+02	2.748126e-01	1.434259e-01	-2.062431e-13	
3  106.208	2.313620e+00	1.409049e-01	7.520132e-01	3.010473e+00	9.781543e-01	4.269098e-02	1.193816e+00	1.045488e-02	4.056505e+00	1.006618e+00	6.639349e+00	7.088029e-01	2.457100e-01	2.030255e+00	8.330756e-01	1.043706e+00	7.518878e+01	1.360327e+02	2.911384e-01	1.383310e-01	3.079120e-14	
9  105.511	2.331031e+00	1.412814e-01	7.559208e-01	3.009680e+00	9.801958e-01	4.698575e-02	1.226626e+00	1.222510e-01	4.991183e+00	1.002888e+00	7.086083e+00	7.108532e-01	2.457793e-01	2.028874e+00	8.330454e-01	1.043622e+00	7.557896e+01	1.356592e+02	2.890964e-01	1.414908e-01	-1.384171e-13	
4  106.953	2.309101e+00	1.374469e-01	7.531410e-01	2.973485e+00	9.851748e-01	2.749090e-02	1.112493e+00	1.695242e-01	4.664241e+00	1.006095e+00	4.753768e+00	7.158296e-01	2.456928e-01	1.955940e+00	8.121725e-01	1.043435e+00	7.530250e+01	1.371479e+02	2.841356e-01	1.301588e-01	-4.158188e-14	
2  105.163	2.259392e+00	1.296507e-01	7.168471e-01	2.985356e+00	9.837157e-01	3.598579e-02	6.249896e-01	5.694029e-02	4.375027e+00	9.996156e-01	5.772844e+00	7.022016e-01	2.454893e-01	1.979105e+00	8.068417e-01	1.042605e+00	7.167987e+01	1.415067e+02	2.976876e-01	7.726429e-02	-9.651240e-14	
2  105.394	2.259392e+00	1.296507e-01	7.168471e-01	2.985356e+00	9.837157e-01	3.598579e-02	6.249896e-01	5.694029e-02	4.375027e+00	9.985771e-01	5.772844e+00	7.022016e-01	2.454893e-01	1.979105e+00	8.068417e-01	1.042605e+00	7.167987e+01	1.415067e+02	2.976876e-01	7.726429e-02	-9.651240e-14	
2  105.262	2.289872e+00	1.258441e-01	7.255202e-01	3.033035e+00	9.931617e-01	6.091419e-02	5.474266e-01	4.493617e-01	4.253164e+00	9.996191e-01	8.356937e+00	7.160435e-01	2.456111e-01	2.075601e+00	8.184259e-01	1.042976e+00	7.256421e+01	1.424580e+02	2.838418e-01	6.815846e-02	-6.209910e-14	
1  105.295	2.265646e+00	1.290928e-01	6.941633e-01	3.019768e+00	9.791610e-01	5.041422e-02	4.335101e-01	2.058400e-01	4.093933e+00	9.961133e-01	7.382917e+00	6.836892e-01	2.455109e-01	2.048200e+00	8.216016e-01	1.041644e+00	6.941910e+01	1.424459e+02	3.163534e-01	5.477799e-02	-1.197964e-13	
2  104.604	2.289283e+00	1.255022e-01	7.036960e-01	3.048584e+00	9.832568e-01	6.545863e-02	3.517254e-01	3.569162e-01	3.666956e+00	9.964523e-01	8.783522e+00	6.990207e-01	2.456069e-01	2.108234e+00	8.258427e-01	1.042911e+00	7.037685e+01	1.434574e+02	3.009600e-01	4.493387e-02	-1.853855e-13	
2  103.674	2.285733e+00	1.235120e-01	6.907784e-01	3.091716e+00	9.733675e-01	7.776248e-02	1.859056e-01	1.965470e-01	3.163445e+00	1.001336e+00	9.879595e+00	6.919015e-01	2.455926e-01	2.201541e+00	8.386168e-01	1.042843e+00	6.907391e+01	1.447687e+02	3.079978e-01	2.442056e-02	-1.479285e-13	
3  102.517	2.267911e+00	1.205258e-01	6.777202e-01	3.096517e+00	9.708827e-01	7.996171e-02	1.873262e-02	2.281680e-01	3.047088e+00	1.000415e+00	1.004850e+01	6.867995e-01	2.455165e-01	2.211908e+00	8.344421e-01	1.042150e+00	6.777822e+01	1.465392e+02	3.131216e-01	2.659582e-03	-1.164144e-13	
1  104.738	2.308780e+00	1.184884e-01	6.917911e-01	3.079083e+00	9.719335e-01	8.072383e-02	3.251248e-02	2.131847e-01	2.774242e+00	9.932589e-01	9.963791e+00	7.028052e-01	2.456860e-01	2.173463e+00	8.186429e-01	1.042586e+00	6.917937e+01	1.465571e+02	2.971966e-01	4.510120e-03	8.916166e-14	
3  105.243	2.313108e+00	1.166198e-01	6.985485e-01	3.035743e+00	9.783464e-01	6.611489e-02	5.338831e-02	6.829885e-01	2.451232e+00	9.902979e-01	8.615621e+00	7.121211e-01	2.457009e-01	2.080875e+00	7.949770e-01	1.041732e+00	6.985578e+01	1.468885e+02	2.878596e-01	7.356197e-03	2.401836e-13	
14  105.402	2.326905e+00	1.189763e-01	7.088868e-01	3.028858e+00	9.791151e-01	6.487677e-02	1.958037e-01	4.888888e-01	2.789226e+00	9.894201e-01	8.523042e+00	7.155069e-01	2.457596e-01	2.066896e+00	7.962351e-01	1.041947e+00	7.089054e+01	1.454186e+02	2.844605e-01	2.574864e-02	3.301097e-13	
4  105.332	2.326905e+00	1.189763e-01	7.088868e-01	3.028858e+00	9.791151e-01	6.487677e-02	1.958037e-01	4.888888e-01	2.789226e+00	9.899083e-01	8.523042e+00	7.155069e-01	2.457596e-01	2.066896e+00	7.962351e-01	1.041947e+00	7.089054e+01	1.454186e+02	2.844605e-01	2.574864e-02	3.301097e-13	
5  104.835	2.333169e+00	1.244045e-01	7.299889e-01	3.037144e+00	9.903436e-01	6.473331e-02	4.963834e-01	5.914950e-01	2.582953e+00	9.969656e-01	8.595749e+00	7.214626e-01	2.457854e-01	2.084213e+00	8.142037e-01	1.043304e+00	7.300852e+01	1.425838e+02	2.785031e-01	6.217821e-02	-8.153301e-14	
1  104.706	2.318766e+00	1.229554e-01	7.094421e-01	3.019192e+00	9.828880e-01	4.790503e-02	2.936105e-01	3.734396e-01	2.489862e+00	9.996349e-01	6.894968e+00	7.081910e-01	2.457269e-01	2.046622e+00	8.059058e-01	1.043150e+00	7.094893e+01	1.440338e+02	2.917455e-01	3.760735e-02	-1.037177e-13	
10  104.899	2.318766e+00	1.229554e-01	7.094421e-01	3.019192e+00	9.828880e-01	4.790503e-02	2.936105e-01	3.734396e-01	2.489862e+00	1.001108e+00	6.894968e+00	7.081910e-01	2.457269e-01	2.046622e+00	8.059058e-01	1.043150e+00	7.094893e+01	1.440338e+02	2.917455e-01	3.760735e-02	-1.037177e-13	
3  105.536	2.318766e+00	1.229554e-01	7.094421e-01	3.019192e+00	9.828880e-01	4.790503e-02	2.936105e-01	3.734396e-01	2.489862e+00	9.978586e-01	6.894968e+00	7.081910e-01	2.457269e-01	2.046622e+00	8.059058e-01	1.043150e+00	7.094893e+01	1.440338e+02	2.917455e-01	3.760735e-02	-1.037177e-13	
3  104.971	2.263295e+00	1.237589e-01	6.782676e-01	3.046453e+00	9.698189e-01	5.687491e-02	9.349309e-02	6.299723e-01	3.238847e+00	9.959493e-01	7.946874e+00	6.804729e-01	2.454976e-01	2.103211e+00	8.232024e-01	1.043180e+00	6.781984e+01	1.454006e+02	3.194464e-01	1.251890e-02	-4.049750e-13	
12  104.315	2.271479e+00	1.212302e-01	6.806817e-01	3.079660e+00	9.713501e-01	7.424726e-02	3.674007e-02	7.185362e-01	4.693233e+00	9.965968e-01	9.535963e+00	6.879638e-01	2.455311e-01	2.174522e+00	8.300706e-01	1.043030e+00	6.806522e+01	1.462311e+02	3.119703e-01	5.194545e-03	-3.245780e-13	
4  103.515	2.287254e+00	1.213116e-01	6.918856e-01	3.062811e+00	9.772702e-01	6.504630e-02	1.258656e-01	7.444200e-01	4.681029e+00	9.999490e-01	8.645693e+00	6.973893e-01	2.455971e-01	2.138132e+00	8.220823e-01	1.042918e+00	6.919205e+01	1.455960e+02	3.025890e-01	1.669451e-02	-1.887258e-13	
7  102.998	2.260635e+00	1.223110e-01	6.798213e-01	3.020956e+00	9.666872e-01	4.377326e-02	7.376881e-02	5.621478e-01	4.430604e+00	9.972656e-01	6.540674e+00	6.849961e-01	2.454876e-01	2.050532e+00	8.075573e-01	1.042906e+00	6.797892e+01	1.458821e+02	3.149194e-01	9.821072e-03	-1.773102e-13	
1  102.17	2.282326e+00	1.201690e-01	6.958889e-01	3.073453e+00	9.686824e-01	6.833845e-02	1.361390e-01	9.023122e-01	4.941876e+00	1.002667e+00	8.947494e+00	7.033321e-01	2.455774e-01	2.161335e+00	8.194123e-01	1.042677e+00	6.959402e+01	1.458865e+02	2.966598e-01	1.800615e-02	-1.073519e-13	
2  103.659	2.282326e+00	1.201690e-01	6.958889e-01	3.073453e+00	9.686824e-01	6.833845e-02	1.361390e-01	9.023122e-01	4.941876e+00	1.007290e+00	8.947494e+00	7.033321e-01	2.455774e-01	2.161335e+00	8.194123e-01	1.042677e+00	6.959402e+01	1.458865e+02	2.966598e-01	1.800615e-02	-1.073519e-13	
3  103.44	2.287370e+00	1.254805e-01	6.972688e-01	3.036013e+00	9.637768e-01	4.914683e-02	3.008799e-01	8.921908e-01	4.268592e+00	1.005991e+00	7.134175e+00	6.934529e-01	2.456006e-01	2.082023e+00	8.156413e-01	1.042792e+00	6.972340e+01	1.436985e+02	3.064770e-01	3.879262e-02	-6.102342e-14	
9  103.967	2.282320e+00	1.205431e-01	6.793127e-01	3.049298e+00	9.606097e-01	5.240821e-02	1.865088e-02	4.123836e-01	4.198651e+00	1.006237e+00	7.389258e+00	6.878796e-01	2.455771e-01	2.109906e+00	8.113611e-01	1.042253e+00	6.794013e+01	1.463787e+02	3.120425e-01	2.444208e-03	-7.544886e-14	
7  104.318	2.306368e+00	1.189781e-01	7.029826e-01	3.083614e+00	9.718030e-01	7.485357e-02	1.385052e-01	5.378598e-01	3.282025e+00	1.006569e+00	9.466958e+00	7.112587e-01	2.456764e-01	2.183487e+00	8.193811e-01	1.042771e+00	7.030521e+01	1.459306e+02	2.887521e-01	1.819694e-02	-9.262990e-14	
8  104.969	2.287500e+00	1.168105e-01	7.056805e-01	3.095649e+00	9.724684e-01	7.927287e-02	1.120134e-01	5.023713e-01	3.351166e+00	1.010032e+00	9.861398e+00	7.183195e-01	2.455974e-01	2.210006e+00	8.182067e-01	1.042663e+00	7.057672e+01	1.468389e+02	2.816657e-01	1.471647e-02	-1.171784e-13	
5  108.949	2.336033e+00	1.190205e-01	7.380913e-01	3.139722e+00	9.864960e-01	1.004925e-01	4.183656e-01	5.911149e-01	3.055592e+00	1.017112e+00	1.161676e+01	7.378511e-01	2.458000e-01	2.308959e+00	8.375907e-01	1.042517e+00	7.380495e+01	1.442661e+02	2.620123e-01	5.300473e-02	-4.065359e-13	
2  105.966	2.325150e+00	1.209523e-01	7.397477e-01	3.091035e+00	9.861455e-01	8.056165e-02	4.938167e-01	8.218755e-01	3.676167e+00	1.013547e+00	9.993615e+00	7.355095e-01	2.457548e-01	2.199343e+00	8.226557e-01	1.042786e+00	7.397975e+01	1.435215e+02	2.643702e-01	6.215830e-02	-2.785623e-14	
1  104.808	2.283321e+00	1.227561e-01	7.147106e-01	3.087873e+00	9.676497e-01	7.418252e-02	3.763584e-01	5.763017e-01	4.069593e+00	1.012005e+00	9.555574e+00	7.137300e-01	2.455849e-01	2.192825e+00	8.268166e-01	1.042611e+00	7.148095e+01	1.440682e+02	2.862387e-01	4.796477e-02	-9.629875e-17	
6  105.341	2.285933e+00	1.172848e-01	6.980972e-01	3.111417e+00	9.673106e-01	8.657187e-02	7.400039e-02	5.225603e-01	4.203796e+00	1.008817e+00	1.049855e+01	7.111546e-01	2.455918e-01	2.245333e+00	8.257309e-01	1.042321e+00	6.981781e+01	1.469260e+02	2.888437e-01	9.802684e-03	-2.536768e-13	
7  103.487	2.253666e+00	1.201105e-01	6.806975e-01	3.077154e+00	9.607571e-01	7.184219e-02	3.711225e-02	5.800692e-01	4.891067e+00	1.002963e+00	9.338187e+00	6.907033e-01	2.454577e-01	2.169664e+00	8.219665e-01	1.042333e+00	6.807838e+01	1.467048e+02	3.092386e-01	5.191192e-03	-1.608687e-13	
30  102.264	2.253666e+00	1.201105e-01	6.806975e-01	3.077154e+00	9.607571e-01	7.184219e-02	3.711225e-02	5.800692e-01	4.891067e+00	9.980335e-01	9.338187e+00	6.907033e-01	2.454577e-01	2.169664e+00	8.219665e-01	1.042333e+00	6.807838e+01	1.467048e+02	3.092386e-01	5.191192e-03	-1.608687e-13	
1  102.271	2.253666e+00	1.201105e-01	6.806975e-01	3.077154e+00	9.607571e-01	7.184219e-02	3.711225e-02	5.800692e-01	4.891067e+00	9.980238e-01	9.338187e+00	6.907033e-01	2.454577e-01	2.169664e+00	8.219665e-01	1.042333e+00	6.807838e+01	1.467048e+02	3.092386e-01	5.191192e-03	-1.608687e-13	
1  101.906	2.244447e+00	1.234957e-01	6.820440e-01	3.051856e+00	9.586124e-01	6.234326e-02	1.710348e-01	4.898584e-01	4.893101e+00	9.954298e-01	8.542280e+00	6.848573e-01	2.454211e-01	2.115466e+00	8.184258e-01	1.041874e+00	6.821079e+01	1.452717e+02	3.150654e-01	2.259042e-02	-4.866328e-14	
8  102.102	2.224283e+00	1.230313e-01	6.860959e-01	3.048845e+00	9.698268e-01	5.754845e-02	2.066766e-01	6.624228e-01	4.733890e+00	1.001504e+00	8.108247e+00	6.898472e-01	2.453376e-01	2.109109e+00	8.190505e-01	1.041914e+00	6.861162e+01	1.454227e+02	3.101529e-01	2.709683e-02	8.273479e-14	
2  103.506	2.224283e+00	1.230313e-01	6.860959e-01	3.048845e+00	9.698268e-01	5.754845e-02	2.066766e-01	6.624228e-01	4.733890e+00	1.000118e+00	8.108247e+00	6.898472e-01	2.453376e-01	2.109109e+00	8.190505e-01	1.041914e+00	6.861162e+01	1.454227e+02	3.101529e-01	2.709683e-02	8.273479e-14	
7  104.223	2.194890e+00	1.211548e-01	6.669626e-01	3.080644e+00	9.644252e-01	7.148148e-02	7.487917e-04	5.458474e-01	4.201201e+00	9.980920e-01	9.492750e+00	6.766911e-01	2.452086e-01	2.177207e+00	8.313107e-01	1.042177e+00	6.671840e+01	1.472420e+02	3.232484e-01	4.240572e-04	-1.219530e-14	
1  105.759	2.219080e+00	1.184133e-01	6.838803e-01	3.110729e+00	9.755907e-01	9.007739e-02	4.871072e-02	3.558916e-01	3.895818e+00	9.994729e-01	1.103325e+01	6.979362e-01	2.453123e-01	2.244033e+00	8.356090e-01	1.042008e+00	6.839529e+01	1.474633e+02	3.019983e-01	6.518126e-03	2.869423e-14	
4  103.845	2.219080e+00	1.184133e-01	6.838803e-01	3.110729e+00	9.755907e-01	9.007739e-02	4.871072e-02	3.558916e-01	3.895818e+00	1.001690e+00	1.103325e+01	6.979362e-01	2.453123e-01	2.244033e+00	8.356090e-01	1.042008e+00	6.839529e+01	1.474633e+02	3.019983e-01	6.518126e-03	2.869423e-14	
8  102.392	2.228768e+00	1.176308e-01	6.905469e-01	3.047965e+00	9.749704e-01	5.935973e-02	7.462293e-02	1.620817e-01	3.628516e+00	1.002250e+00	8.178514e+00	7.051348e-01	2.453546e-01	2.107638e+00	8.056570e-01	1.041976e+00	6.905831e+01	1.474309e+02	2.947713e-01	9.963900e-03	1.233036e-13	
2  101.883	2.274545e+00	1.214681e-01	7.041715e-01	3.033695e+00	9.777205e-01	5.119116e-02	2.662025e-01	3.114622e-01	4.090794e+00	1.003792e+00	7.321462e+00	7.077422e-01	2.455475e-01	2.077439e+00	8.067923e-01	1.042191e+00	7.041690e+01	1.450005e+02	2.921252e-01	3.445417e-02	6.810278e-14	
1  101.394	2.272011e+00	1.204470e-01	6.929960e-01	3.037214e+00	9.723067e-01	5.270631e-02	1.300708e-01	2.150980e-01	3.816119e+00	1.000653e+00	7.457072e+00	7.004430e-01	2.455354e-01	2.084641e+00	8.073862e-01	1.042605e+00	6.930119e+01	1.459563e+02	2.994609e-01	1.706219e-02	-3.163703e-15	
1  102.459	2.290892e+00	1.213042e-01	7.044788e-01	3.074621e+00	9.763362e-01	7.707637e-02	2.651723e-01	3.891524e-01	3.604416e+00	9.985489e-01	9.762680e+00	7.081291e-01	2.456144e-01	2.164127e+00	8.213766e-01	1.041711e+00	7.044909e+01	1.448765e+02	2.918749e-01	3.445980e-02	3.939588e-14	
12  103.895	2.303064e+00	1.191219e-01	7.242643e-01	3.042081e+00	9.853116e-01	6.964408e-02	3.510031e-01	4.985713e-01	3.963276e+00	9.957684e-01	9.016777e+00	7.277738e-01	2.456640e-01	2.094809e+00	8.003837e-01	1.041856e+00	7.241999e+01	1.448927e+02	2.721089e-01	4.522207e-02	9.783917e-15	
2  103.414	2.245557e+00	1.242648e-01	7.034704e-01	3.003068e+00	9.708444e-01	5.177294e-02	3.745712e-01	7.262297e-01	4.440813e+00	9.896695e-01	7.513923e+00	7.020771e-01	2.454309e-01	2.014860e+00	7.995934e-01	1.042001e+00	7.034839e+01	1.440904e+02	2.978581e-01	4.776857e-02	2.706591e-14	
3  103.827	2.245557e+00	1.242648e-01	7.034704e-01	3.003068e+00	9.708444e-01	5.177294e-02	3.745712e-01	7.262297e-01	4.440813e+00	9.932247e-01	7.513923e+00	7.020771e-01	2.454309e-01	2.014860e+00	7.995934e-01	1.042001e+00	7.034839e+01	1.440904e+02	2.978581e-01	4.776857e-02	2.706591e-14	
3  104.607	2.212273e+00	1.195534e-01	6.782565e-01	2.981924e+00	9.684068e-01	3.547828e-02	5.902203e-02	6.788925e-01	3.995030e+00	9.953139e-01	5.665695e+00	6.903841e-01	2.452874e-01	1.972906e+00	7.845791e-01	1.041370e+00	6.782792e+01	1.471704e+02	3.094835e-01	7.929146e-03	-1.981214e-13	
1  105.603	2.231460e+00	1.167881e-01	6.897632e-01	3.015917e+00	9.815509e-01	5.677978e-02	5.312453e-02	5.606447e-01	4.445143e+00	9.949193e-01	7.907011e+00	7.059773e-01	2.453660e-01	2.040346e+00	7.920875e-01	1.041506e+00	6.897723e+01	1.477224e+02	2.938883e-01	7.155828e-03	-1.071597e-13	
2  105.058	2.277388e+00	1.252282e-01	7.276587e-01	3.018280e+00	9.893459e-01	6.103316e-02	5.695050e-01	8.533708e-01	4.600931e+00	9.970757e-01	8.387313e+00	7.190581e-01	2.455615e-01	2.045021e+00	8.085117e-01	1.042556e+00	7.277072e+01	1.426255e+02	2.808181e-01	7.080901e-02	-1.363512e-14	
1  103.398	2.277824e+00	1.268517e-01	7.225641e-01	3.011517e+00	9.826941e-01	5.129767e-02	5.635496e-01	7.619500e-01	3.609131e+00	1.000020e+00	7.426910e+00	7.120361e-01	2.455634e-01	2.031571e+00	8.094673e-01	1.042952e+00	7.225669e+01	1.422511e+02	2.878492e-01	7.021058e-02	-3.936049e-14	
3  102.741	2.277824e+00	1.268517e-01	7.225641e-01	3.011517e+00	9.826941e-01	5.129767e-02	5.635496e-01	7.619500e-01	3.609131e+00	9.980055e-01	7.426910e+00	7.120361e-01	2.455634e-01	2.031571e+00	8.094673e-01	1.042952e+00	7.225669e+01	1.422511e+02	2.878492e-01	7.021058e-02	-3.936049e-14	
4  102.723	2.344367e+00	1.295106e-01	7.643684e-01	3.007902e+00	9.838969e-01	5.292676e-02	9.465430e-01	8.116232e-01	4.265954e+00	1.001283e+00	7.518373e+00	7.370433e-01	2.458352e-01	2.024453e+00	8.037200e-01	1.043077e+00	7.643268e+01	1.392520e+02	2.628447e-01	1.128311e-01	-1.552086e-14	
3  102.372	2.311039e+00	1.239535e-01	7.275317e-01	3.003396e+00	9.727300e-01	4.772546e-02	4.910564e-01	7.258400e-01	4.507641e+00	9.969462e-01	6.943180e+00	7.209065e-01	2.456998e-01	2.015622e+00	7.941403e-01	1.042916e+00	7.274701e+01	1.429353e+02	2.790729e-01	6.173918e-02	-2.800617e-14	
1  103.596	2.311039e+00	1.239535e-01	7.275317e-01	3.003396e+00	9.727300e-01	4.772546e-02	4.910564e-01	7.258400e-01	4.507641e+00	9.994303e-01	6.943180e+00	7.209065e-01	2.456998e-01	2.015622e+00	7.941403e-01	1.042916e+00	7.274701e+01	1.429353e+02	2.790729e-01	6.173918e-02	-2.800617e-14	
2  103.848	2.329232e+00	1.279192e-01	7.505650e-01	3.004826e+00	9.799598e-01	4.591375e-02	8.023725e-01	9.915760e-01	4.246487e+00	1.006596e+00	6.780908e+00	7.304088e-01	2.457739e-01	2.018299e+00	8.003914e-01	1.042711e+00	7.505435e+01	1.404003e+02	2.694592e-01	9.734210e-02	-4.780851e-14	
3  103.688	2.304251e+00	1.226719e-01	7.270812e-01	3.034488e+00	9.857048e-01	5.632984e-02	4.748419e-01	7.442513e-01	3.387334e+00	1.008121e+00	7.817074e+00	7.230928e-01	2.456699e-01	2.078884e+00	8.065177e-01	1.042184e+00	7.270924e+01	1.434005e+02	2.767411e-01	5.997044e-02	4.097652e-14	
2  105.872	2.320280e+00	1.200134e-01	7.460392e-01	3.025346e+00	9.904867e-01	5.933478e-02	5.443026e-01	8.558100e-01	3.604577e+00	1.006067e+00	8.032196e+00	7.416025e-01	2.457337e-01	2.059924e+00	7.920322e-01	1.041989e+00	7.458894e+01	1.435839e+02	2.581122e-01	6.844024e-02	-1.204556e-13	
1  105.381	2.342972e+00	1.224789e-01	7.588877e-01	3.012081e+00	9.924616e-01	5.655790e-02	7.010428e-01	8.647546e-01	3.217632e+00	1.003807e+00	7.763098e+00	7.454827e-01	2.458256e-01	2.032795e+00	7.908320e-01	1.042370e+00	7.587578e+01	1.420190e+02	2.542259e-01	8.627856e-02	-6.418284e-14	
9  104.638	2.332015e+00	1.248907e-01	7.446899e-01	2.987505e+00	9.882079e-01	3.966455e-02	6.528750e-01	8.830996e-01	2.768592e+00	1.003883e+00	6.028337e+00	7.314209e-01	2.457815e-01	1.983148e+00	7.903387e-01	1.042795e+00	7.446427e+01	1.417535e+02	2.683424e-01	8.054981e-02	-6.982032e-14	
2  104.673	2.328372e+00	1.284061e-01	7.495763e-01	2.990433e+00	9.859179e-01	3.836721e-02	7.948134e-01	8.136577e-01	2.548827e+00	1.006322e+00	5.940250e+00	7.287798e-01	2.457685e-01	1.988980e+00	7.988734e-01	1.043196e+00	7.495374e+01	1.403233e+02	2.710483e-01	9.637189e-02	-1.939181e-14	
2  103.8	2.328372e+00	1.284061e-01	7.495763e-01	2.990433e+00	9.859179e-01	3.836721e-02	7.948134e-01	8.136577e-01	2.548827e+00	1.004126e+00	5.940250e+00	7.287798e-01	2.457685e-01	1.988980e+00	7.988734e-01	1.043196e+00	7.495374e+01	1.403233e+02	2.710483e-01	9.637189e-02	-1.939181e-14	
8  106.216	2.265106e+00	1.284996e-01	7.106296e-01	2.957899e+00	9.802640e-01	1.983583e-02	5.112040e-01	9.223432e-01	2.645053e+00	9.992866e-01	3.667939e+00	6.991696e-01	2.455087e-01	1.924373e+00	7.944596e-01	1.043279e+00	7.104966e+01	1.422360e+02	3.007564e-01	6.408183e-02	-3.060238e-13	
3  106.346	2.265106e+00	1.284996e-01	7.106296e-01	2.957899e+00	9.802640e-01	1.983583e-02	5.112040e-01	9.223432e-01	2.645053e+00	1.000095e+00	3.667939e+00	6.991696e-01	2.455087e-01	1.924373e+00	7.944596e-01	1.043279e+00	7.104966e+01	1.422360e+02	3.007564e-01	6.408183e-02	-3.060238e-13	
11  102.882	2.271453e+00	1.212659e-01	7.064427e-01	3.006717e+00	9.774826e-01	4.329044e-02	2.534858e-01	5.969850e-01	2.499975e+00	1.000800e+00	6.475292e+00	7.099954e-01	2.455337e-01	2.021565e+00	7.965119e-01	1.043165e+00	7.063577e+01	1.451479e+02	2.898724e-01	3.258604e-02	-2.532769e-14	
13  104.354	2.297622e+00	1.319875e-01	7.311058e-01	2.967195e+00	9.742586e-01	2.309443e-02	7.677900e-01	9.603856e-01	3.255911e+00	1.003534e+00	4.130606e+00	7.088939e-01	2.456443e-01	1.943412e+00	7.989550e-01	1.043280e+00	7.309797e+01	1.399284e+02	2.911014e-01	9.354416e-02	-1.051301e-13	
1  102.707	2.270830e+00	1.277588e-01	7.144878e-01	3.008726e+00	9.670129e-01	4.063577e-02	5.220808e-01	9.057371e-01	2.951647e+00	1.003936e+00	6.286370e+00	7.038466e-01	2.455346e-01	2.026241e+00	8.077045e-01	1.043118e+00	7.144145e+01	1.422925e+02	2.961155e-01	6.542456e-02	6.142873e-14	
2  103.056	2.235206e+00	1.251863e-01	7.002370e-01	3.062755e+00	9.688392e-01	6.432869e-02	3.529834e-01	7.187123e-01	2.443893e+00	1.005818e+00	8.806950e+00	6.975654e-01	2.453842e-01	2.138497e+00	8.280228e-01	1.043012e+00	7.002331e+01	1.440706e+02	3.023558e-01	4.532437e-02	1.990644e-13	
1  102.976	2.235206e+00	1.251863e-01	7.002370e-01	3.062755e+00	9.688392e-01	6.432869e-02	3.529834e-01	7.187123e-01	2.443893e+00	1.004315e+00	8.806950e+00	6.975654e-01	2.453842e-01	2.138497e+00	8.280228e-01	1.043012e+00	7.002331e+01	1.440706e+02	3.023558e-01	4.532437e-02	1.990644e-13	
5  102.964	2.222494e+00	1.281610e-01	6.966107e-01	3.047370e+00	9.669519e-01	5.501183e-02	4.530497e-01	9.253735e-01	3.313674e+00	1.006137e+00	7.955806e+00	6.885418e-01	2.453323e-01	2.105967e+00	8.272854e-01	1.041965e+00	6.965939e+01	1.430069e+02	3.115108e-01	5.739930e-02	1.941541e-13	
4  104.229	2.209778e+00	1.243783e-01	6.968804e-01	3.006403e+00	9.720897e-01	3.835987e-02	3.483393e-01	9.612704e-01	3.032617e+00	1.004479e+00	6.080606e+00	6.967344e-01	2.452807e-01	2.021748e+00	8.036518e-01	1.042051e+00	6.968462e+01	1.445630e+02	3.032379e-01	4.472229e-02	1.878463e-13	
6  105.397	2.209778e+00	1.243783e-01	6.968804e-01	3.006403e+00	9.720897e-01	3.835987e-02	3.483393e-01	9.612704e-01	3.032617e+00	1.002362e+00	6.080606e+00	6.967344e-01	2.452807e-01	2.021748e+00	8.036518e-01	1.042051e+00	6.968462e+01	1.445630e+02	3.032379e-01	4.472229e-02	1.878463e-13	
1  105.183	2.223013e+00	1.215971e-01	7.049945e-01	3.020249e+00	9.739047e-01	5.031014e-02	3.322398e-01	9.924893e-01	3.734447e+00	1.000315e+00	7.345390e+00	7.092015e-01	2.453363e-01	2.050069e+00	8.003597e-01	1.041710e+00	7.049352e+01	1.452009e+02	2.907582e-01	4.276250e-02	6.672628e-14	
2  105.664	2.188123e+00	1.231961e-01	6.863603e-01	3.022270e+00	9.735797e-01	5.180264e-02	2.259985e-01	8.379799e-01	3.842366e+00	9.957980e-01	7.615478e+00	6.902420e-01	2.451875e-01	2.053715e+00	8.113593e-01	1.042483e+00	6.865174e+01	1.456780e+02	3.097578e-01	2.940569e-02	2.051055e-13	
1  107.887	2.203127e+00	1.235660e-01	7.082702e-01	3.012608e+00	9.784246e-01	5.596830e-02	4.100236e-01	7.737985e-01	4.600585e+00	9.924662e-01	8.025394e+00	7.080458e-01	2.452564e-01	2.034062e+00	8.047048e-01	1.042625e+00	7.083434e+01	1.445411e+02	2.919010e-01	5.199483e-02	3.114948e-13	
1  106.919	2.203127e+00	1.235660e-01	7.082702e-01	3.012608e+00	9.784246e-01	5.596830e-02	4.100236e-01	7.737985e-01	4.600585e+00	9.957363e-01	8.025394e+00	7.080458e-01	2.452564e-01	2.034062e+00	8.047048e-01	1.042625e+00	7.083434e+01	1.445411e+02	2.919010e-01	5.199483e-02	3.114948e-13	
1  106.855	2.244741e+00	1.264734e-01	7.278797e-01	3.020007e+00	9.814600e-01	6.490077e-02	6.117915e-01	6.321389e-01	4.197658e+00	9.924656e-01	8.881408e+00	7.174343e-01	2.454305e-01	2.048898e+00	8.114740e-01	1.043383e+00	7.278889e+01	1.424661e+02	2.824954e-01	7.560883e-02	1.537677e-13	
1  106.244	2.301981e+00	1.265083e-01	7.506596e-01	3.003778e+00	9.882146e-01	6.438548e-02	7.694831e-01	5.089141e-01	3.197688e+00	9.890580e-01	8.696279e+00	7.332759e-01	2.456650e-01	2.015783e+00	8.002254e-01	1.043111e+00	7.506107e+01	1.411637e+02	2.665927e-01	9.324700e-02	1.064612e-13	
1  107.375	2.258484e+00	1.196501e-01	7.099917e-01	3.009249e+00	9.824963e-01	6.436577e-02	2.575049e-01	2.287246e-01	4.038500e+00	9.852317e-01	8.666341e+00	7.162642e-01	2.454830e-01	2.026824e+00	7.935467e-01	1.042685e+00	7.099316e+01	1.456820e+02	2.836135e-01	3.290308e-02	1.162427e-13	
1  106.483	2.313061e+00	1.210745e-01	7.421314e-01	3.035411e+00	9.964378e-01	7.549285e-02	5.129277e-01	4.195207e-01	3.860003e+00	9.924816e-01	9.564720e+00	7.368119e-01	2.457045e-01	2.080390e+00	8.040282e-01	1.043260e+00	7.420741e+01	1.435340e+02	2.630045e-01	6.402864e-02	5.030464e-14	
1  105.153	2.312187e+00	1.183741e-01	7.371486e-01	3.006861e+00	9.932754e-01	5.857926e-02	4.031228e-01	3.971320e-01	4.495450e+00	9.946569e-01	7.934017e+00	7.381747e-01	2.457000e-01	2.022008e+00	7.848929e-01	1.042705e+00	7.369759e+01	1.447319e+02	2.615419e-01	5.125233e-02	3.032405e-14	
4  104.824	2.311767e+00	1.223373e-01	7.337846e-01	3.039182e+00	9.940279e-01	7.256486e-02	5.043076e-01	5.451854e-01	4.972072e+00	9.956125e-01	9.328215e+00	7.284650e-01	2.456997e-01	2.088354e+00	8.090698e-01	1.042540e+00	7.338049e+01	1.432751e+02	2.714111e-01	6.326276e-02	4.407019e-14	
7  104.708	2.311767e+00	1.223373e-01	7.337846e-01	3.039182e+00	9.940279e-01	7.256486e-02	5.043076e-01	5.451854e-01	4.972072e+00	9.946374e-01	9.328215e+00	7.284650e-01	2.456997e-01	2.088354e+00	8.090698e-01	1.042540e+00	7.338049e+01	1.432751e+02	2.714111e-01	6.326276e-02	4.407019e-14	
7  102.951	2.274770e+00	1.209398e-01	7.071771e-01	3.034731e+00	9.823626e-01	6.574927e-02	2.625814e-01	5.340202e-01	3.964363e+00	9.931480e-01	8.761708e+00	7.112751e-01	2.455475e-01	2.079085e+00	8.073023e-01	1.042627e+00	7.072015e+01	1.451556e+02	2.886400e-01	3.392321e-02	-7.404200e-15	
2  102.37	2.292285e+00	1.228634e-01	7.017964e-01	3.032439e+00	9.758509e-01	5.767930e-02	2.540704e-01	2.740714e-01	3.568524e+00	9.959382e-01	7.965796e+00	7.026526e-01	2.456202e-01	2.074484e+00	8.106132e-01	1.042886e+00	7.017621e+01	1.445240e+02	2.972848e-01	3.288753e-02	-7.281248e-14	
4  101.659	2.263691e+00	1.222133e-01	6.818581e-01	3.038221e+00	9.679645e-01	5.941861e-02	1.235444e-01	3.737262e-01	3.916528e+00	9.944544e-01	8.189938e+00	6.870887e-01	2.455008e-01	2.086394e+00	8.119702e-01	1.041611e+00	6.818864e+01	1.456164e+02	3.128342e-01	1.642866e-02	1.673289e-14	
1  101.835	2.263691e+00	1.222133e-01	6.818581e-01	3.038221e+00	9.679645e-01	5.941861e-02	1.235444e-01	3.737262e-01	3.916528e+00	9.953869e-01	8.189938e+00	6.870887e-01	2.455008e-01	2.086394e+00	8.119702e-01	1.041611e+00	6.818864e+01	1.456164e+02	3.128342e-01	1.642866e-02	1.673289e-14	
4  101.82	2.282986e+00	1.307901e-01	7.231704e-01	3.003682e+00	9.678819e-01	4.546459e-02	7.031977e-01	4.811792e-01	3.901874e+00	9.987352e-01	6.856593e+00	7.049747e-01	2.455868e-01	2.016324e+00	8.093597e-01	1.042345e+00	7.231613e+01	1.406414e+02	2.949247e-01	8.630995e-02	1.072660e-14	
3  103.655	2.308790e+00	1.319343e-01	7.574382e-01	2.985150e+00	9.809256e-01	4.510819e-02	9.971691e-01	6.355703e-01	3.377641e+00	9.980221e-01	6.794188e+00	7.285983e-01	2.456935e-01	1.979016e+00	8.012190e-01	1.042936e+00	7.574072e+01	1.388513e+02	2.712676e-01	1.181132e-01	3.650971e-15	
1  104.628	2.344662e+00	1.368783e-01	7.648798e-01	2.967346e+00	9.750535e-01	3.695534e-02	1.176041e+00	7.256051e-01	3.546289e+00	9.957203e-01	5.877346e+00	7.248972e-01	2.458356e-01	1.944317e+00	8.012480e-01	1.043157e+00	7.649066e+01	1.366627e+02	2.750731e-01	1.364101e-01	-4.115049e-14	
1  105.319	2.297960e+00	1.378891e-01	7.586347e-01	2.981943e+00	9.786498e-01	4.478007e-02	1.188262e+00	9.324570e-01	3.390087e+00	9.959777e-01	6.871803e+00	7.193182e-01	2.456480e-01	1.972711e+00	8.127808e-01	1.043317e+00	7.587317e+01	1.368667e+02	2.806385e-01	1.375959e-01	-4.148129e-14	
2  106.242	2.297960e+00	1.378891e-01	7.586347e-01	2.981943e+00	9.786498e-01	4.478007e-02	1.188262e+00	9.324570e-01	3.390087e+00	9.975004e-01	6.871803e+00	7.193182e-01	2.456480e-01	1.972711e+00	8.127808e-01	1.043317e+00	7.587317e+01	1.368667e+02	2.806385e-01	1.375959e-01	-4.148129e-14	
5  106.309	2.242918e+00	1.326980e-01	7.326499e-01	3.030406e+00	9.672218e-01	5.843367e-02	8.661469e-01	7.717644e-01	3.887848e+00	1.003933e+00	8.349963e+00	7.095826e-01	2.454234e-01	2.070346e+00	8.231769e-01	1.042757e+00	7.328126e+01	1.399028e+02	2.904308e-01	1.043858e-01	2.680916e-13	
3  106.658	2.204229e+00	1.269269e-01	6.993419e-01	3.028587e+00	9.569956e-01	5.669692e-02	4.668729e-01	4.083579e-01	3.355149e+00	9.996955e-01	8.158493e+00	6.938993e-01	2.452584e-01	2.067385e+00	8.125424e-01	1.041573e+00	6.996119e+01	1.434624e+02	3.062183e-01	5.881974e-02	1.084739e-13	
4  106.171	2.204229e+00	1.269269e-01	6.993419e-01	3.028587e+00	9.569956e-01	5.669692e-02	4.668729e-01	4.083579e-01	3.355149e+00	9.987286e-01	8.158493e+00	6.938993e-01	2.452584e-01	2.067385e+00	8.125424e-01	1.041573e+00	6.996119e+01	1.434624e+02	3.062183e-01	5.881974e-02	1.084739e-13	
7  104.785	2.219521e+00	1.288446e-01	7.007189e-01	3.046948e+00	9.612191e-01	6.877043e-02	5.228874e-01	4.797214e-01	2.104084e+00	9.955013e-01	9.356842e+00	6.908621e-01	2.453197e-01	2.104459e+00	8.253027e-01	1.041624e+00	7.009254e+01	1.425676e+02	3.091817e-01	6.547084e-02	1.017625e-13	
1  105.492	2.212964e+00	1.277824e-01	6.921378e-01	3.109473e+00	9.586400e-01	9.046129e-02	3.979759e-01	4.995689e-01	2.245765e+00	1.001507e+00	1.132153e+01	6.852766e-01	2.452878e-01	2.240896e+00	8.515570e-01	1.042362e+00	6.923330e+01	1.434572e+02	3.145674e-01	5.093545e-02	6.592404e-14	
4  107.725	2.230998e+00	1.303591e-01	7.004075e-01	3.109331e+00	9.517277e-01	9.379225e-02	5.224245e-01	3.472786e-01	2.440647e+00	9.978930e-01	1.161775e+01	6.868533e-01	2.453636e-01	2.240420e+00	8.533980e-01	1.042693e+00	7.006666e+01	1.420866e+02	3.128436e-01	6.593931e-02	4.716646e-14	
2  107.042	2.336505e+00	1.383096e-01	7.584190e-01	3.085210e+00	9.618082e-01	8.911577e-02	1.176580e+00	5.466643e-01	2.545025e+00	9.995394e-01	1.108597e+01	7.173372e-01	2.458016e-01	2.186010e+00	8.493329e-01	1.042934e+00	7.585863e+01	1.364364e+02	2.824406e-01	1.367434e-01	-7.114020e-14	
1  108.067	2.302706e+00	1.366934e-01	7.340229e-01	3.076453e+00	9.505511e-01	7.166790e-02	9.389407e-01	5.420996e-01	2.755177e+00	1.006234e+00	9.558412e+00	7.017606e-01	2.456636e-01	2.166681e+00	8.447124e-01	1.042993e+00	7.341943e+01	1.381020e+02	2.979563e-01	1.121749e-01	-2.817430e-13	
1  107.035	2.336503e+00	1.380645e-01	7.365377e-01	3.040972e+00	9.529780e-01	5.898861e-02	9.667844e-01	5.912437e-01	2.212452e+00	1.000314e+00	8.280540e+00	7.008582e-01	2.458011e-01	2.091742e+00	8.331004e-01	1.043165e+00	7.365269e+01	1.373420e+02	2.988405e-01	1.151323e-01	-2.007505e-13	
3  106.918	2.336503e+00	1.380645e-01	7.365377e-01	3.040972e+00	9.529780e-01	5.898861e-02	9.667844e-01	5.912437e-01	2.212452e+00	9.988978e-01	8.280540e+00	7.008582e-01	2.458011e-01	2.091742e+00	8.331004e-01	1.043165e+00	7.365269e+01	1.373420e+02	2.988405e-01	1.151323e-01	-2.007505e-13	
4  108.525	2.307531e+00	1.334499e-01	7.167752e-01	3.048259e+00	9.497814e-01	6.363130e-02	6.661823e-01	7.382222e-01	2.068345e+00	9.947569e-01	8.727086e+00	6.938071e-01	2.456836e-01	2.107099e+00	8.306993e-01	1.043583e+00	7.165965e+01	1.399449e+02	3.059932e-01	8.245913e-02	-3.249774e-13	
1  107.701	2.279117e+00	1.259304e-01	6.934655e-01	3.099345e+00	9.525135e-01	8.379827e-02	2.668275e-01	8.675340e-01	3.086502e+00	9.976901e-01	1.048792e+01	6.891261e-01	2.455658e-01	2.218052e+00	8.412693e-01	1.043476e+00	6.933217e+01	1.438412e+02	3.106384e-01	3.495837e-02	-3.770219e-13	
2  104.367	2.279042e+00	1.259429e-01	6.879376e-01	3.109139e+00	9.571672e-01	8.569204e-02	2.436737e-01	9.044236e-01	2.883854e+00	1.000488e+00	1.064586e+01	6.840830e-01	2.455645e-01	2.239863e+00	8.470277e-01	1.042677e+00	6.878353e+01	1.439406e+02	3.156410e-01	3.197670e-02	-2.108412e-13	
6  104.707	2.279042e+00	1.259429e-01	6.879376e-01	3.109139e+00	9.571672e-01	8.569204e-02	2.436737e-01	9.044236e-01	2.883854e+00	1.001942e+00	1.064586e+01	6.840830e-01	2.455645e-01	2.239863e+00	8.470277e-01	1.042677e+00	6.878353e+01	1.439406e+02	3.156410e-01	3.197670e-02	-2.108412e-13	
2  105.432	2.262046e+00	1.301396e-01	6.978205e-01	3.081041e+00	9.559828e-01	6.960559e-02	4.455706e-01	5.277819e-01	2.850589e+00	1.004850e+00	9.334192e+00	6.847077e-01	2.454947e-01	2.177881e+00	8.439777e-01	1.043420e+00	6.976790e+01	1.421626e+02	3.150418e-01	5.683943e-02	-2.041476e-13	
2  104.884	2.208060e+00	1.243553e-01	6.660820e-01	3.066328e+00	9.531420e-01	5.678588e-02	5.029205e-02	2.671754e-01	3.265269e+00	1.006039e+00	8.081383e+00	6.682951e-01	2.452649e-01	2.146471e+00	8.311812e-01	1.043126e+00	6.661683e+01	1.460515e+02	3.315120e-01	6.946318e-03	-5.078074e-14	
1  104.976	2.208060e+00	1.243553e-01	6.660820e-01	3.066328e+00	9.531420e-01	5.678588e-02	5.029205e-02	2.671754e-01	3.265269e+00	1.006218e+00	8.081383e+00	6.682951e-01	2.452649e-01	2.146471e+00	8.311812e-01	1.043126e+00	6.661683e+01	1.460515e+02	3.315120e-01	6.946318e-03	-5.078074e-14	
3  105.091	2.212498e+00	1.309634e-01	6.654562e-01	3.035264e+00	9.488954e-01	4.149484e-02	2.443184e-01	2.935933e-01	2.630752e+00	1.003900e+00	6.510357e+00	6.529292e-01	2.452836e-01	2.080617e+00	8.314916e-01	1.042781e+00	6.654208e+01	1.434426e+02	3.468188e-01	3.210290e-02	-9.448640e-15	
4  104.523	2.234774e+00	1.303829e-01	6.816960e-01	3.012097e+00	9.503975e-01	3.463249e-02	3.488539e-01	1.266742e-01	2.849092e+00	1.002692e+00	5.657821e+00	6.699262e-01	2.453810e-01	2.033330e+00	8.174631e-01	1.042915e+00	6.816393e+01	1.428619e+02	3.299467e-01	4.478826e-02	1.445932e-13	
7  105.551	2.191781e+00	1.312832e-01	6.683842e-01	3.028000e+00	9.498477e-01	3.720051e-02	3.017326e-01	4.025407e-01	3.660056e+00	1.006600e+00	6.060858e+00	6.554962e-01	2.451975e-01	2.066082e+00	8.287448e-01	1.042614e+00	6.685023e+01	1.433111e+02	3.444416e-01	3.923590e-02	2.812946e-13	
1  109.042	2.216665e+00	1.253763e-01	6.724131e-01	3.062918e+00	9.560444e-01	5.381545e-02	1.020258e-01	3.051262e-01	3.179377e+00	1.007538e+00	7.778835e+00	6.720160e-01	2.453025e-01	2.138889e+00	8.330712e-01	1.044039e+00	6.722929e+01	1.454480e+02	3.278252e-01	1.368896e-02	-8.664076e-14	
4  108.608	2.249220e+00	1.289562e-01	6.885054e-01	3.017504e+00	9.502133e-01	3.654382e-02	3.238572e-01	4.055414e-01	2.840118e+00	1.003647e+00	5.853820e+00	6.790687e-01	2.454418e-01	2.044027e+00	8.164070e-01	1.043944e+00	6.883282e+01	1.431703e+02	3.209482e-01	4.153746e-02	-1.769178e-14	
1  108.711	2.249220e+00	1.289562e-01	6.885054e-01	3.017504e+00	9.502133e-01	3.654382e-02	3.238572e-01	4.055414e-01	2.840118e+00	1.003874e+00	5.853820e+00	6.790687e-01	2.454418e-01	2.044027e+00	8.164070e-01	1.043944e+00	6.883282e+01	1.431703e+02	3.209482e-01	4.153746e-02	-1.769178e-14	
2  106.388	2.241545e+00	1.288184e-01	6.814782e-01	3.087131e+00	9.503041e-01	6.896167e-02	2.859089e-01	4.901471e-01	3.416124e+00	1.005640e+00	9.286121e+00	6.727023e-01	2.454071e-01	2.191202e+00	8.454189e-01	1.043227e+00	6.814180e+01	1.434403e+02	3.269605e-01	3.743368e-02	-2.779285e-13	
1  106.969	2.260003e+00	1.290395e-01	6.973215e-01	3.045826e+00	9.520222e-01	5.758723e-02	4.015514e-01	6.112176e-01	3.889413e+00	9.999005e-01	8.151043e+00	6.867313e-01	2.454878e-01	2.102713e+00	8.260571e-01	1.043703e+00	6.972244e+01	1.426619e+02	3.131867e-01	5.139998e-02	-2.547640e-13	
2  107.257	2.276439e+00	1.310701e-01	7.122858e-01	3.076895e+00	9.586388e-01	8.059891e-02	5.798824e-01	8.805810e-01	4.135820e+00	9.962921e-01	1.034519e+01	6.953584e-01	2.455557e-01	2.168957e+00	8.418450e-01	1.043671e+00	7.121754e+01	1.411863e+02	3.044682e-01	7.279482e-02	-2.203962e-13	
1  105.921	2.271256e+00	1.234910e-01	7.022175e-01	3.064746e+00	9.621391e-01	7.661096e-02	2.775894e-01	4.843224e-01	4.121789e+00	9.943954e-01	9.831559e+00	7.021666e-01	2.455355e-01	2.143030e+00	8.219370e-01	1.043402e+00	7.021191e+01	1.444787e+02	2.978073e-01	3.607519e-02	-1.189232e-13	
1  105.46	2.323524e+00	1.297116e-01	7.336772e-01	3.023872e+00	9.609279e-01	5.467733e-02	6.907213e-01	3.188540e-01	3.869670e+00	9.991826e-01	7.745674e+00	7.146312e-01	2.457528e-01	2.057047e+00	8.115609e-01	1.043529e+00	7.336716e+01	1.405338e+02	2.854340e-01	8.477362e-02	-1.120852e-13	
1  106.37	2.332361e+00	1.231308e-01	7.294746e-01	3.055905e+00	9.630318e-01	6.843428e-02	4.516617e-01	3.487440e-01	3.390667e+00	1.001461e+00	8.931964e+00	7.235641e-01	2.457874e-01	2.123871e+00	8.097785e-01	1.043355e+00	7.295526e+01	1.431118e+02	2.766060e-01	5.694547e-02	-1.484247e-13	
3  106.437	2.381455e+00	1.280290e-01	7.464150e-01	3.074965e+00	9.693038e-01	7.877560e-02	7.125385e-01	3.459892e-01	3.398535e+00	1.002354e+00	9.843009e+00	7.260877e-01	2.459865e-01	2.164791e+00	8.264865e-01	1.043147e+00	7.464975e+01	1.402266e+02	2.739742e-01	8.737461e-02	1.700167e-14	
2  104.874	2.391883e+00	1.295331e-01	7.673395e-01	3.070932e+00	9.803136e-01	7.904166e-02	9.351848e-01	3.564245e-01	2.860623e+00	1.005652e+00	9.885029e+00	7.381331e-01	2.460260e-01	2.156335e+00	8.266162e-01	1.042976e+00	7.674172e+01	1.388127e+02	2.618678e-01	1.116538e-01	-1.337025e-14	
1  103.821	2.347526e+00	1.332341e-01	7.554589e-01	3.031202e+00	9.811244e-01	5.308578e-02	9.859003e-01	4.045079e-01	3.413657e+00	1.010064e+00	7.591178e+00	7.242163e-01	2.458484e-01	2.072523e+00	8.231094e-01	1.042947e+00	7.554861e+01	1.382053e+02	2.756577e-01	1.168894e-01	6.277990e-14	
2  104.526	2.352257e+00	1.287786e-01	7.494939e-01	3.041434e+00	9.816980e-01	5.473370e-02	7.956413e-01	4.452029e-01	4.111493e+00	1.012706e+00	7.678404e+00	7.276428e-01	2.458674e-01	2.093610e+00	8.181351e-01	1.042861e+00	7.495938e+01	1.399840e+02	2.722512e-01	9.638021e-02	1.034271e-13	
1  104.239	2.300309e+00	1.219531e-01	7.177986e-01	3.100301e+00	9.811381e-01	8.095322e-02	3.722289e-01	3.617080e-01	3.099339e+00	1.012146e+00	1.011518e+01	7.175043e-01	2.456543e-01	2.220452e+00	8.329003e-01	1.042346e+00	7.178230e+01	1.441062e+02	2.824307e-01	4.748632e-02	3.000517e-14	
