147.2453928731526
147.49271010702003
147.08492820583018
147.07939186050345
147.10170590617423
147.09008293279285
147.56673232126604
147.07032919960542
147.2453928731526
147.49271010702003
147.03712384406847
147.4366737365508
146.3933540843873
146.3933540843873
147.1301075728665
146.99543746269663
147.01227759001125
146.89667445514917
146.7159484657138
147.16694184367788
145.85439464912025
146.20650150735105
147.3174163926038
147.5741330688039
147.01227759001125
147.07821929980406
146.87873186950932
147.300467614353
147.01693781297385
145.85439464912025
146.63814680286083
147.5741330688039
146.99543746269663
146.66857563478877
146.94424227688842
147.16694184367788
147.38054735192614
147.89917999211667
147.17082171973433
146.87140739779275
146.46267438204322
146.00881117054087
146.09714687663816
146.15666759165524
148.1154015093615
148.02291087717737
147.01740519137476
147.24982965783576
146.89806115840483
147.26146613167236
146.3452890831225
146.1478221566986
147.05463093348138
148.1154015093615
148.00864400431445
147.01740519137476
146.88163002897033
146.46267438204322
146.00881117054087
146.15666759165524
147.21978809483778
148.24080107540047
147.1706955533524
147.31628027441295
147.35642305005337
146.54321704729222
146.63574216409972
146.63072805015153
146.58943202120903
146.68455932999194
146.78031061703072
147.00035525762806
146.4945160262615
146.90367088717736
147.12250140662826
146.95646551755829
146.62941860110917
147.39801414108175
146.98729711911076
147.21954446187624
146.54321704729222
146.82127581794603
146.7855812283777
146.55915024584903
146.68455932999194
146.61027423283858
146.35213491843305
146.33299853428042
146.44087285548954
146.95646551755829
146.48406786907444
147.34367646692095
146.85489620714
146.77873099176597
146.632987329327
146.82127581794603
146.6488377088859
146.58943202120903
146.70952099745514
146.61027423283858
146.4945160262615
146.60100452525026
147.2935502470624
147.12250140662826
146.48406786907444
146.93301359441645
147.0547548587554
147.04278183255252
146.95760570554557
146.7945888578801
146.86736327297996
148.19807343703621
147.8567655993962
146.86157006065892
146.6653163454245
147.1517460971522
146.8469193839924
146.7945888578801
148.14980723055558
146.33979785565774
147.95919014211756
146.86157006065892
146.82298935970283
147.04278183255252
146.95760570554557
146.81519509180507
147.1891547428124
146.89946508793201
148.4405916131071
148.4581791758156
148.27810641512767
148.07499053659208
147.82286519154243
148.64607585707455
148.40422667357484
147.73344072872638
147.7190874033928
147.77263383277423
148.30378541771756
148.1272832742006
148.12578265369635
147.3687863978538
147.29130214107798
147.20986369155338
147.02769940542953
147.71335450531936
148.26647400520628
148.25723143938296
147.6713989386642
147.4435728465701
148.17844030472833
147.56031544533414
147.17923798357916
147.46301620645053
147.2223643412389
146.7798258761055
146.75857131227897
147.22027691691383
146.99816727527565
146.71271886056937
146.90324951474474
148.0191209831757
148.50512190830554
148.30821954035594
148.0879998463365
147.61441051982362
148.40422667357484
148.39676705946357
147.73344072872638
147.79745263788618
147.77263383277423
148.30378541771756
147.99949346650732
147.3493411312023
147.4845500115403
147.60285938434268
147.26759363569502
147.63206546775194
148.0308880019878
148.14555802234167
147.93399756664263
147.8556161974818
147.61096166242783
148.0665337819356
147.49585958369303
147.14689616837705
147.47649925648736
147.29221149053885
146.47172834920133
146.97949847894344
146.8268575574928
146.83319698046833
146.71271886056937
146.96777129203082
147.97022059420897
148.4581791758156
148.373725545397
148.0879998463365
147.61441051982362
148.07710208157158
148.44727317734728
147.9409969070483
147.60266057088148
147.92414471935763
148.12977411771826
148.15336277768102
147.5757230564185
147.1648730367887
147.28167909773668
147.19720350367098
147.0666504450107
148.0308880019878
148.3597826414314
148.37948305675425
147.73716658930968
147.87106344347643
147.87106344347643
147.53330909127192
146.87996026476583
147.6878401453062
147.29221149053885
146.6599854627974
146.6599854627974
147.22027691691383
146.7949300990706
146.41349942142037
147.02344110371772
147.0250556797519
