148.82812129182898
148.82812129182898
149.3421031805607
149.32389687108432
148.9310315676484
148.9495593206924
148.9602980576816
148.85821912926454
148.67529241380146
148.84182100861338
149.075642736756
149.15593353293002
149.30290977606364
148.83860701841397
148.92189930360416
149.10076137471063
149.36123008984455
148.26395318021477
148.15330980531368
148.20410039163892
148.20889429089033
148.19768625859115
147.9689479020663
147.96814921736237
147.81970085327225
147.80226634416798
148.1080305023703
148.1080305023703
148.0479466217054
147.75014094362982
147.8726569222462
147.46888166066225
147.77605108002177
149.07302545529484
148.9102665417701
149.00519926210632
149.3421031805607
149.32389687108432
149.18333943947002
148.9602980576816
149.18591631407892
148.83341749662287
148.7692913019836
148.85617408042572
149.075642736756
149.17122804460843
148.76811126037035
148.92189930360416
148.98615108820303
148.38272893210546
148.38272893210546
148.19906207011843
148.10307329653648
148.20410039163892
148.29102803318116
148.29102803318116
147.9689479020663
147.96814921736237
147.84835569351327
147.61702155831986
148.10870983550254
148.25361089782953
147.75014094362982
147.70708229206272
147.5925158947933
147.5925158947933
147.85459180284798
148.82548256277016
149.00519926210632
148.84192869255907
149.1803000386858
149.129471907664
148.9495593206924
148.9602980576816
148.85821912926454
148.91720196323809
148.84182100861338
148.63958091488007
149.14107682800713
149.17122804460843
148.83860701841397
148.72082797664956
149.10076137471063
148.88277966574267
148.15330980531368
148.15330980531368
148.01546941143891
148.20889429089033
148.06936971175836
148.17979844086838
147.91042080957877
147.85707493394312
147.62591647433104
147.61702155831986
148.02827498535706
148.02827498535706
148.05659826899736
147.70708229206272
147.5925158947933
147.85459180284798
