# omega_b	omega_cdm	H0	ln10^{10}A_s	n_s	tau_reio
0.02267474	0.1123539	70.02124	3.170762	0.9857417	0.1152586
0.02267474	0.1123539	70.02124	3.170762	0.9857417	0.1152586
0.0225658	0.1109452	70.46512	3.154759	0.9799003	0.1113087
0.02239395	0.1117085	70.1518	3.138343	0.9763051	0.1027993
0.02255429	0.1124658	69.9114	3.13184	0.9751394	0.09726433
0.0226338	0.1120735	70.11013	3.133473	0.976316	0.09729515
0.022525279	0.1124815	69.93985	3.140831	0.9829237	0.1032251
0.02262356	0.1124516	70.07151	3.151955	0.9788302	0.1096704
0.022666099	0.1129454	70.05386	3.13874	0.9847186	0.1183222
0.022651961	0.1123978	70.3417	3.144946	0.983812	0.1158633
0.022498788	0.112174	70.06044	3.130642	0.9875262	0.1047796
0.022324309	0.1125952	69.68409	3.109347	0.9814989	0.09514232
0.022286939	0.1122203	69.77945	3.107628	0.9817097	0.09805945
0.02243279	0.1132975	69.66923	3.093522	0.9827316	0.09350866
0.02252541	0.1126222	69.90658	3.123234	0.9832378	0.1080155
0.0226803	0.1113418	70.40393	3.11726	0.9904109	0.1046433
0.02259371	0.1107666	70.64097	3.139902	0.996493	0.1186
0.022234239	0.1162191	69.30125	3.086469	0.9598102	0.08883476
0.022299558	0.1163571	69.34584	3.093191	0.9650513	0.09057138
0.022257868	0.1163426	69.10246	3.092158	0.9703828	0.09042714
0.02223073	0.1164435	69.3557	3.116697	0.9709398	0.1028655
0.0222881	0.1162435	69.30281	3.108074	0.9703396	0.09647261
0.0223003	0.1170426	69.01824	3.126771	0.9687553	0.1027588
0.0223076	0.1170054	69.15989	3.083158	0.969954	0.08117339
0.022272648	0.1177119	68.90527	3.125216	0.9646946	0.1007826
0.02286326	0.1153285	69.90225	3.122521	0.97402	0.09703711
0.022595119	0.1153112	69.52038	3.152525	0.9777119	0.1123675
0.022595119	0.1153112	69.52038	3.152525	0.9777119	0.1123675
0.02259236	0.115541	69.56467	3.156871	0.9846357	0.105666
0.02261992	0.1165249	69.33571	3.127334	0.9769424	0.09392544
0.0227295	0.1156211	69.80516	3.140094	0.9795306	0.1015673
0.02282843	0.1167132	69.47114	3.136969	0.975771	0.1008734
0.02287112	0.1153916	69.94448	3.117294	0.9785445	0.09336528
0.022535779	0.1120344	69.9983	3.157832	0.9810128	0.1096788
0.022505678	0.1127424	69.86191	3.143975	0.9856184	0.1020507
0.02262728	0.1119037	70.28543	3.15249	0.9847433	0.1069343
0.0225658	0.1109452	70.46512	3.154759	0.9799003	0.1113087
0.02239395	0.1117085	70.1518	3.138343	0.9763051	0.1027993
0.02248569	0.1118378	70.03324	3.135853	0.9802132	0.1013463
0.022525279	0.1124815	69.93985	3.140831	0.9829237	0.1032251
0.022538371	0.1116153	70.25944	3.138491	0.9842139	0.1059072
0.02272043	0.1121491	70.45947	3.140465	0.9824269	0.1172985
0.022667209	0.1125983	70.25504	3.150485	0.985862	0.1159542
0.02250332	0.1129527	69.88515	3.137055	0.9872659	0.1115147
0.022498788	0.112174	70.06044	3.130642	0.9875262	0.1047796
0.022259519	0.1128043	69.60185	3.089927	0.9834879	0.09084186
0.02249036	0.1133218	69.76313	3.11505	0.9862434	0.1035799
0.02252541	0.1126222	69.90658	3.123234	0.9832378	0.1080155
0.022625579	0.1119781	70.20974	3.111969	0.9867122	0.1041428
0.02213093	0.1162083	69.2944	3.080576	0.9599631	0.08385834
0.02213093	0.1162083	69.2944	3.080576	0.9599631	0.08385834
0.02227928	0.1162733	69.31018	3.100913	0.9640173	0.09268322
0.02223891	0.1167986	68.99687	3.114087	0.9701409	0.09818013
0.022257868	0.1163426	69.10246	3.092158	0.9703828	0.09042714
0.02223647	0.1161165	69.29783	3.121438	0.9748315	0.1027611
0.02223647	0.1161165	69.29783	3.121438	0.9748315	0.1027611
0.0223003	0.1170426	69.01824	3.126771	0.9687553	0.1027588
0.0223076	0.1170054	69.15989	3.083158	0.969954	0.08117339
0.02288567	0.1150646	70.04952	3.117395	0.9741568	0.09428857
0.02284506	0.1160918	69.58096	3.129188	0.9690323	0.09919409
0.022539178	0.1155367	69.39607	3.145173	0.9816491	0.1063431
0.02260334	0.1147388	69.92289	3.149129	0.9872607	0.1069998
0.02261992	0.1165249	69.33571	3.127334	0.9769424	0.09392544
0.022790989	0.11598	69.72802	3.133147	0.9767978	0.09884302
0.02292651	0.1158513	69.74004	3.146441	0.9758635	0.1080427
0.02292651	0.1158513	69.74004	3.146441	0.9758635	0.1080427
0.022813588	0.1153411	69.89701	3.131907	0.9791111	0.1010833
0.022630949	0.1125372	69.97574	3.149828	0.9819329	0.1039585
0.02262728	0.1119037	70.28543	3.15249	0.9847433	0.1069343
0.022636808	0.1124558	69.96231	3.156084	0.9790512	0.1085323
0.022381589	0.1122735	69.85736	3.129868	0.9763319	0.09775264
0.02253135	0.1118455	70.20454	3.141355	0.9752741	0.102276
0.0226338	0.1120735	70.11013	3.133473	0.976316	0.09729515
0.022525279	0.1124815	69.93985	3.140831	0.9829237	0.1032251
0.02262356	0.1124516	70.07151	3.151955	0.9788302	0.1096704
0.02257899	0.1124205	70.11803	3.153408	0.9771071	0.1095577
0.022651961	0.1123978	70.3417	3.144946	0.983812	0.1158633
0.022648279	0.1131436	69.88476	3.13802	0.9844671	0.1088698
0.022497661	0.1119421	70.10927	3.122128	0.9827155	0.1035864
0.022259519	0.1128043	69.60185	3.089927	0.9834879	0.09084186
0.02243279	0.1132975	69.66923	3.093522	0.9827316	0.09350866
0.022754619	0.1124109	70.3143	3.119927	0.98624	0.1038563
0.0226803	0.1113418	70.40393	3.11726	0.9904109	0.1046433
0.02248776	0.1129175	69.65136	3.120559	0.9868296	0.1062766
0.022299558	0.1163571	69.34584	3.093191	0.9650513	0.09057138
0.022299558	0.1163571	69.34584	3.093191	0.9650513	0.09057138
0.0222482	0.1170807	68.98787	3.096047	0.9668506	0.08971587
0.02223073	0.1164435	69.3557	3.116697	0.9709398	0.1028655
0.022297708	0.1166816	69.34899	3.119054	0.9676451	0.1038704
0.02217214	0.1167963	69.06368	3.132713	0.9713861	0.1058674
0.02232186	0.1171666	69.08694	3.107923	0.9708332	0.09497135
0.02226484	0.1176015	68.9292	3.099519	0.9675906	0.09291104
0.022857089	0.1160079	69.61864	3.126546	0.9693893	0.09646936
0.02284506	0.1160918	69.58096	3.129188	0.9690323	0.09919409
0.022623751	0.1154808	69.5001	3.136583	0.9835584	0.09880363
0.022623751	0.1154808	69.5001	3.136583	0.9835584	0.09880363
0.022594048	0.1155002	69.655	3.145572	0.9805461	0.1017254
0.022790989	0.11598	69.72802	3.133147	0.9767978	0.09884302
0.02292651	0.1158513	69.74004	3.146441	0.9758635	0.1080427
0.022813588	0.1153411	69.89701	3.131907	0.9791111	0.1010833
