11  113.036	2.288044e+00	1.266187e-01	7.123889e-01	3.069339e+00	9.884102e-01	7.514246e-02	4.871176e-01	2.154761e-02	4.055921e+00	8.139431e+00	9.962399e-01	9.661275e+00	7.015910e-01	2.456276e-01	2.150677e+00	8.029491e-01	1.042383e+00	7.130370e+01	1.425725e+02	2.973066e-01	6.113744e-02	5.981361e+02	
2  112.735	2.288044e+00	1.266187e-01	7.123889e-01	3.069339e+00	9.884102e-01	7.514246e-02	4.871176e-01	2.154761e-02	4.055921e+00	8.139431e+00	9.970886e-01	9.661275e+00	7.015910e-01	2.456276e-01	2.150677e+00	8.029491e-01	1.042383e+00	7.130370e+01	1.425725e+02	2.973066e-01	6.113744e-02	5.981361e+02	
3  113.377	2.325880e+00	1.250004e-01	7.215361e-01	3.064715e+00	9.925137e-01	7.713484e-02	4.808478e-01	1.214465e-02	3.995397e+00	7.632107e+00	9.956510e-01	9.729663e+00	7.117246e-01	2.457790e-01	2.139157e+00	8.082135e-01	1.042570e+00	7.222611e+01	1.426149e+02	2.872326e-01	6.029229e-02	5.959023e+02	
6  112.14	2.282542e+00	1.243768e-01	7.150259e-01	3.067679e+00	9.888166e-01	7.702656e-02	4.339718e-01	1.504931e-02	3.828238e+00	7.911365e+00	9.964592e-01	9.837144e+00	7.078328e-01	2.456046e-01	2.145626e+00	8.004009e-01	1.042906e+00	7.158463e+01	1.434295e+02	2.908490e-01	5.415636e-02	3.123096e+02	
1  112.167	2.282542e+00	1.243768e-01	7.150259e-01	3.067679e+00	9.888166e-01	7.702656e-02	4.339718e-01	1.504931e-02	3.828238e+00	7.911365e+00	9.975506e-01	9.837144e+00	7.078328e-01	2.456046e-01	2.145626e+00	8.004009e-01	1.042906e+00	7.158463e+01	1.434295e+02	2.908490e-01	5.415636e-02	3.123096e+02	
4  112.279	2.270898e+00	1.257730e-01	7.106989e-01	3.072491e+00	9.888700e-01	7.491890e-02	4.573111e-01	2.119648e-02	3.852987e+00	8.027355e+00	1.000232e+00	9.695809e+00	7.011188e-01	2.455573e-01	2.157700e+00	7.975823e-01	1.042625e+00	7.114590e+01	1.430910e+02	2.974522e-01	5.693100e-02	3.093776e+02	
6  111.554	2.283485e+00	1.258592e-01	7.209138e-01	3.069318e+00	9.901929e-01	7.168823e-02	5.245522e-01	2.116132e-02	4.058960e+00	7.728604e+00	1.003302e+00	9.350994e+00	7.104292e-01	2.456081e-01	2.151070e+00	8.020150e-01	1.042956e+00	7.214817e+01	1.426502e+02	2.888069e-01	6.541326e-02	6.195608e+02	
2  111.845	2.283485e+00	1.258592e-01	7.209138e-01	3.069318e+00	9.901929e-01	7.168823e-02	5.245522e-01	2.116132e-02	4.058960e+00	7.728604e+00	1.001086e+00	9.350994e+00	7.104292e-01	2.456081e-01	2.151070e+00	8.020150e-01	1.042956e+00	7.214817e+01	1.426502e+02	2.888069e-01	6.541326e-02	6.195608e+02	
1  112.808	2.248742e+00	1.260245e-01	7.023966e-01	3.087956e+00	9.934355e-01	8.146678e-02	4.090023e-01	3.288002e-02	3.928915e+00	8.521981e+00	9.966547e-01	1.033168e+01	6.953794e-01	2.454569e-01	2.189024e+00	7.923614e-01	1.042621e+00	7.033958e+01	1.434564e+02	3.032679e-01	5.170345e-02	3.945411e+02	
4  114.591	2.242656e+00	1.264907e-01	6.979350e-01	3.083707e+00	9.984102e-01	7.900162e-02	4.028100e-01	4.741077e-02	3.935550e+00	8.926203e+00	9.949232e-01	1.011891e+01	6.910038e-01	2.454202e-01	2.179892e+00	7.721003e-01	1.042121e+00	6.990681e+01	1.434025e+02	3.079621e-01	5.116966e-02	3.761179e+02	
4  114.432	2.240010e+00	1.255256e-01	6.995601e-01	3.082255e+00	1.001835e+00	8.054740e-02	3.698394e-01	4.429844e-02	3.824291e+00	8.771802e+00	9.936229e-01	1.026486e+01	6.948370e-01	2.454026e-01	2.176105e+00	7.708359e-01	1.042809e+00	7.008612e+01	1.438219e+02	3.041795e-01	4.690567e-02	2.859122e+02	
2  114.833	2.240010e+00	1.255256e-01	6.995601e-01	3.082255e+00	1.001835e+00	8.054740e-02	3.698394e-01	4.429844e-02	3.824291e+00	8.771802e+00	9.932043e-01	1.026486e+01	6.948370e-01	2.454026e-01	2.176105e+00	7.708359e-01	1.042809e+00	7.008612e+01	1.438219e+02	3.041795e-01	4.690567e-02	2.859122e+02	
42  114.191	2.242281e+00	1.255688e-01	7.017829e-01	3.065659e+00	1.004330e+00	7.383610e-02	3.896110e-01	4.062633e-02	3.766930e+00	8.406261e+00	9.929705e-01	9.659208e+00	6.957111e-01	2.454123e-01	2.143798e+00	7.681688e-01	1.042758e+00	7.029884e+01	1.437050e+02	3.034354e-01	4.892685e-02	2.222604e+02	
11  114.287	2.242281e+00	1.255688e-01	7.017829e-01	3.065659e+00	1.004330e+00	7.383610e-02	3.896110e-01	4.062633e-02	3.766930e+00	8.406261e+00	9.928769e-01	9.659208e+00	6.957111e-01	2.454123e-01	2.143798e+00	7.681688e-01	1.042758e+00	7.029884e+01	1.437050e+02	3.034354e-01	4.892685e-02	2.222604e+02	
11  113.119	2.242281e+00	1.255688e-01	7.017829e-01	3.065659e+00	1.004330e+00	7.383610e-02	3.896110e-01	4.062633e-02	3.766930e+00	8.406261e+00	9.944058e-01	9.659208e+00	6.957111e-01	2.454123e-01	2.143798e+00	7.681688e-01	1.042758e+00	7.029884e+01	1.437050e+02	3.034354e-01	4.892685e-02	2.222604e+02	
22  112.918	2.242281e+00	1.255688e-01	7.017829e-01	3.065659e+00	1.004330e+00	7.383610e-02	3.896110e-01	4.062633e-02	3.766930e+00	8.406261e+00	9.964887e-01	9.659208e+00	6.957111e-01	2.454123e-01	2.143798e+00	7.681688e-01	1.042758e+00	7.029884e+01	1.437050e+02	3.034354e-01	4.892685e-02	2.222604e+02	
9  113.666	2.242281e+00	1.255688e-01	7.017829e-01	3.065659e+00	1.004330e+00	7.383610e-02	3.896110e-01	4.062633e-02	3.766930e+00	8.406261e+00	9.935493e-01	9.659208e+00	6.957111e-01	2.454123e-01	2.143798e+00	7.681688e-01	1.042758e+00	7.029884e+01	1.437050e+02	3.034354e-01	4.892685e-02	2.222604e+02	
13  110.677	2.230295e+00	1.242210e-01	7.065059e-01	3.076230e+00	9.997787e-01	7.560886e-02	3.828701e-01	4.281532e-02	3.793854e+00	8.462791e+00	9.973076e-01	9.824481e+00	7.037231e-01	2.453642e-01	2.163628e+00	7.654984e-01	1.043312e+00	7.076934e+01	1.442119e+02	2.955875e-01	4.834359e-02	2.436090e+02	
11  109.974	2.230295e+00	1.242210e-01	7.065059e-01	3.076230e+00	9.997787e-01	7.560886e-02	3.828701e-01	4.281532e-02	3.793854e+00	8.462791e+00	9.996646e-01	9.824481e+00	7.037231e-01	2.453642e-01	2.163628e+00	7.654984e-01	1.043312e+00	7.076934e+01	1.442119e+02	2.955875e-01	4.834359e-02	2.436090e+02	
6  110.009	2.230295e+00	1.242210e-01	7.065059e-01	3.076230e+00	9.997787e-01	7.560886e-02	3.828701e-01	4.281532e-02	3.793854e+00	8.462791e+00	9.998759e-01	9.824481e+00	7.037231e-01	2.453642e-01	2.163628e+00	7.654984e-01	1.043312e+00	7.076934e+01	1.442119e+02	2.955875e-01	4.834359e-02	2.436090e+02	
5  111.477	2.248089e+00	1.233315e-01	7.120843e-01	3.063066e+00	1.005712e+00	6.855892e-02	3.798818e-01	3.690179e-02	3.789022e+00	8.949138e+00	1.002072e+00	9.106339e+00	7.105188e-01	2.454335e-01	2.135295e+00	7.674499e-01	1.043603e+00	7.134516e+01	1.442415e+02	2.895600e-01	4.779348e-02	2.292336e+02	
1  111.656	2.248089e+00	1.233315e-01	7.120843e-01	3.063066e+00	1.005712e+00	6.855892e-02	3.798818e-01	3.690179e-02	3.789022e+00	8.949138e+00	1.000459e+00	9.106339e+00	7.105188e-01	2.454335e-01	2.135295e+00	7.674499e-01	1.043603e+00	7.134516e+01	1.442415e+02	2.895600e-01	4.779348e-02	2.292336e+02	
2  111.97	2.264960e+00	1.239644e-01	7.121253e-01	3.075542e+00	1.008037e+00	7.611849e-02	3.720289e-01	4.357880e-02	3.857699e+00	8.522634e+00	9.972348e-01	9.769071e+00	7.096266e-01	2.455018e-01	2.160966e+00	7.686588e-01	1.044017e+00	7.133889e+01	1.439459e+02	2.902858e-01	4.724738e-02	3.371167e+02	
25  110.343	2.279821e+00	1.266544e-01	7.065588e-01	3.096361e+00	1.002229e+00	8.006993e-02	3.832495e-01	4.965863e-02	3.794521e+00	8.580917e+00	9.987938e-01	1.013027e+01	6.981142e-01	2.455680e-01	2.207148e+00	7.708848e-01	1.044376e+00	7.076052e+01	1.430592e+02	3.009272e-01	4.845447e-02	2.827596e+02	
5  107.232	2.272628e+00	1.250797e-01	7.116180e-01	3.106153e+00	1.000141e+00	8.540847e-02	4.121676e-01	4.450547e-02	3.921311e+00	8.667647e+00	1.001811e+00	1.058104e+01	7.060760e-01	2.455506e-01	2.225124e+00	7.819763e-01	1.043646e+00	7.127429e+01	1.433958e+02	2.927183e-01	5.236055e-02	4.230983e+02	
11  107.271	2.272628e+00	1.250797e-01	7.116180e-01	3.106153e+00	1.000141e+00	8.540847e-02	4.121676e-01	4.450547e-02	3.921311e+00	8.667647e+00	1.002852e+00	1.058104e+01	7.060760e-01	2.455506e-01	2.225124e+00	7.819763e-01	1.043646e+00	7.127429e+01	1.433958e+02	2.927183e-01	5.236055e-02	4.230983e+02	
22  107.744	2.272628e+00	1.250797e-01	7.116180e-01	3.106153e+00	1.000141e+00	8.540847e-02	4.121676e-01	4.450547e-02	3.921311e+00	8.667647e+00	1.003959e+00	1.058104e+01	7.060760e-01	2.455506e-01	2.225124e+00	7.819763e-01	1.043646e+00	7.127429e+01	1.433958e+02	2.927183e-01	5.236055e-02	4.230983e+02	
22  108.73	2.272628e+00	1.250797e-01	7.116180e-01	3.106153e+00	1.000141e+00	8.540847e-02	4.121676e-01	4.450547e-02	3.921311e+00	8.667647e+00	1.005141e+00	1.058104e+01	7.060760e-01	2.455506e-01	2.225124e+00	7.819763e-01	1.043646e+00	7.127429e+01	1.433958e+02	2.927183e-01	5.236055e-02	4.230983e+02	
20  109.358	2.272628e+00	1.250797e-01	7.116180e-01	3.106153e+00	1.000141e+00	8.540847e-02	4.121676e-01	4.450547e-02	3.921311e+00	8.667647e+00	1.005690e+00	1.058104e+01	7.060760e-01	2.455506e-01	2.225124e+00	7.819763e-01	1.043646e+00	7.127429e+01	1.433958e+02	2.927183e-01	5.236055e-02	4.230983e+02	
2  109.21	2.269380e+00	1.248744e-01	7.135675e-01	3.102377e+00	1.001445e+00	8.248003e-02	4.180510e-01	4.239171e-02	3.947571e+00	8.846213e+00	1.007426e+00	1.033095e+01	7.084562e-01	2.455362e-01	2.216593e+00	7.844790e-01	1.043891e+00	7.147528e+01	1.434511e+02	2.906939e-01	5.306656e-02	4.456798e+02	
2  107.005	2.269380e+00	1.248744e-01	7.135675e-01	3.102377e+00	1.001445e+00	8.248003e-02	4.180510e-01	4.239171e-02	3.947571e+00	8.846213e+00	1.003441e+00	1.033095e+01	7.084562e-01	2.455362e-01	2.216593e+00	7.844790e-01	1.043891e+00	7.147528e+01	1.434511e+02	2.906939e-01	5.306656e-02	4.456798e+02	
26  108.82	2.307391e+00	1.218877e-01	7.295787e-01	3.088369e+00	9.989456e-01	7.934840e-02	4.467287e-01	4.098203e-02	3.943612e+00	8.127776e+00	1.003172e+00	9.890508e+00	7.265708e-01	2.456914e-01	2.184322e+00	7.689130e-01	1.043376e+00	7.305383e+01	1.436749e+02	2.728275e-01	5.671760e-02	4.727015e+02	
27  108.723	2.297970e+00	1.229883e-01	7.224199e-01	3.102391e+00	9.998297e-01	8.568420e-02	4.256614e-01	4.464881e-02	3.952938e+00	8.261869e+00	1.001808e+00	1.048480e+01	7.191490e-01	2.456545e-01	2.215223e+00	7.741449e-01	1.043459e+00	7.235001e+01	1.435943e+02	2.798852e-01	5.426296e-02	4.877628e+02	
6  109.161	2.297970e+00	1.229883e-01	7.224199e-01	3.102391e+00	9.998297e-01	8.568420e-02	4.256614e-01	4.464881e-02	3.952938e+00	8.261869e+00	1.000530e+00	1.048480e+01	7.191490e-01	2.456545e-01	2.215223e+00	7.741449e-01	1.043459e+00	7.235001e+01	1.435943e+02	2.798852e-01	5.426296e-02	4.877628e+02	
5  109.065	2.288319e+00	1.223808e-01	7.214334e-01	3.082423e+00	1.001134e+00	7.742299e-02	4.235795e-01	3.218053e-02	3.901485e+00	8.433672e+00	1.001712e+00	9.790492e+00	7.191722e-01	2.456139e-01	2.172134e+00	7.800724e-01	1.042897e+00	7.226476e+01	1.438605e+02	2.803254e-01	5.356854e-02	3.993492e+02	
4  108.546	2.288319e+00	1.223808e-01	7.214334e-01	3.082423e+00	1.001134e+00	7.742299e-02	4.235795e-01	3.218053e-02	3.901485e+00	8.433672e+00	1.003759e+00	9.790492e+00	7.191722e-01	2.456139e-01	2.172134e+00	7.800724e-01	1.042897e+00	7.226476e+01	1.438605e+02	2.803254e-01	5.356854e-02	3.993492e+02	
7  107.731	2.306557e+00	1.215726e-01	7.261453e-01	3.057908e+00	1.001110e+00	7.135377e-02	4.161054e-01	2.542319e-02	3.814892e+00	8.504212e+00	9.993548e-01	9.190559e+00	7.238896e-01	2.456852e-01	2.121050e+00	7.746900e-01	1.043090e+00	7.272566e+01	1.439032e+02	2.759015e-01	5.234927e-02	3.047252e+02	
7  107.918	2.306557e+00	1.215726e-01	7.261453e-01	3.057908e+00	1.001110e+00	7.135377e-02	4.161054e-01	2.542319e-02	3.814892e+00	8.504212e+00	9.980617e-01	9.190559e+00	7.238896e-01	2.456852e-01	2.121050e+00	7.746900e-01	1.043090e+00	7.272566e+01	1.439032e+02	2.759015e-01	5.234927e-02	3.047252e+02	
4  111.39	2.326251e+00	1.233953e-01	7.297141e-01	3.073618e+00	9.982349e-01	7.057014e-02	4.606886e-01	4.299611e-02	4.061719e+00	8.261532e+00	1.001783e+00	9.070896e+00	7.239500e-01	2.457616e-01	2.155607e+00	7.683017e-01	1.043744e+00	7.304301e+01	1.430390e+02	2.762020e-01	5.855174e-02	6.152136e+02	
9  111.386	2.326251e+00	1.233953e-01	7.297141e-01	3.073618e+00	9.982349e-01	7.057014e-02	4.606886e-01	4.299611e-02	4.061719e+00	8.261532e+00	1.003521e+00	9.070896e+00	7.239500e-01	2.457616e-01	2.155607e+00	7.683017e-01	1.043744e+00	7.304301e+01	1.430390e+02	2.762020e-01	5.855174e-02	6.152136e+02	
4  113.638	2.282766e+00	1.243000e-01	7.174111e-01	3.082308e+00	9.980460e-01	7.531477e-02	3.926213e-01	5.619441e-02	3.924459e+00	8.018671e+00	9.990648e-01	9.636027e+00	7.132133e-01	2.455797e-01	2.176526e+00	7.543420e-01	1.044569e+00	7.181799e+01	1.435989e+02	2.866697e-01	5.012568e-02	4.106589e+02	
4  111.113	2.263303e+00	1.284370e-01	7.043499e-01	3.107177e+00	9.937358e-01	7.457297e-02	4.097347e-01	6.601423e-02	3.994533e+00	9.373155e+00	1.005608e+00	9.673989e+00	6.938289e-01	2.455017e-01	2.231905e+00	7.625548e-01	1.044915e+00	7.050965e+01	1.426762e+02	3.059734e-01	5.213609e-02	4.063049e+02	
8  111.353	2.279422e+00	1.267312e-01	7.120813e-01	3.096818e+00	9.860687e-01	7.475609e-02	4.375239e-01	5.534045e-02	4.080287e+00	9.188451e+00	1.004058e+00	9.606895e+00	7.037598e-01	2.455789e-01	2.207217e+00	7.691141e-01	1.044142e+00	7.127301e+01	1.428093e+02	2.958447e-01	5.580083e-02	5.291415e+02	
1  111.137	2.304335e+00	1.238063e-01	7.278299e-01	3.086745e+00	9.908788e-01	7.614657e-02	4.570001e-01	5.013046e-02	4.066737e+00	7.959182e+00	1.002517e+00	9.631914e+00	7.221545e-01	2.456784e-01	2.184530e+00	7.650570e-01	1.044379e+00	7.284017e+01	1.432021e+02	2.774895e-01	5.831728e-02	6.208762e+02	
16  113.636	2.321209e+00	1.248532e-01	7.231842e-01	3.104882e+00	9.962480e-01	8.079109e-02	4.353424e-01	6.716994e-02	4.054501e+00	8.205320e+00	1.002539e+00	1.000080e+01	7.165666e-01	2.457403e-01	2.223128e+00	7.529135e-01	1.044402e+00	7.239011e+01	1.428381e+02	2.830778e-01	5.594305e-02	5.893380e+02	
2  113.883	2.327323e+00	1.238549e-01	7.332258e-01	3.090812e+00	9.991939e-01	7.430050e-02	5.036824e-01	5.811969e-02	4.203948e+00	8.397925e+00	1.006615e+00	9.391066e+00	7.266207e-01	2.457664e-01	2.191137e+00	7.620873e-01	1.043850e+00	7.339927e+01	1.426844e+02	2.736259e-01	6.434336e-02	8.515957e+02	
4  114.18	2.327323e+00	1.238549e-01	7.332258e-01	3.090812e+00	9.991939e-01	7.430050e-02	5.036824e-01	5.811969e-02	4.203948e+00	8.397925e+00	1.004212e+00	9.391066e+00	7.266207e-01	2.457664e-01	2.191137e+00	7.620873e-01	1.043850e+00	7.339927e+01	1.426844e+02	2.736259e-01	6.434336e-02	8.515957e+02	
2  111.902	2.312577e+00	1.229149e-01	7.292483e-01	3.098866e+00	1.001283e+00	8.034761e-02	4.459974e-01	5.553186e-02	4.001155e+00	7.991575e+00	1.002547e+00	9.970435e+00	7.249458e-01	2.457076e-01	2.208519e+00	7.599391e-01	1.044132e+00	7.301117e+01	1.433590e+02	2.746613e-01	5.696703e-02	5.486433e+02	
5  110.324	2.313066e+00	1.232676e-01	7.283429e-01	3.075485e+00	9.959364e-01	7.210601e-02	4.463200e-01	3.758803e-02	4.093060e+00	8.880292e+00	1.001094e+00	9.239260e+00	7.238857e-01	2.457116e-01	2.158236e+00	7.769087e-01	1.044101e+00	7.292706e+01	1.432739e+02	2.763833e-01	5.691065e-02	6.398023e+02	
1  110.164	2.313066e+00	1.232676e-01	7.283429e-01	3.075485e+00	9.959364e-01	7.210601e-02	4.463200e-01	3.758803e-02	4.093060e+00	8.880292e+00	1.003807e+00	9.239260e+00	7.238857e-01	2.457116e-01	2.158236e+00	7.769087e-01	1.044101e+00	7.292706e+01	1.432739e+02	2.763833e-01	5.691065e-02	6.398023e+02	
4  111.585	2.316010e+00	1.227339e-01	7.295222e-01	3.063181e+00	9.967483e-01	6.940266e-02	4.266040e-01	4.058934e-02	4.034151e+00	8.633695e+00	1.000184e+00	8.981837e+00	7.257875e-01	2.457175e-01	2.133320e+00	7.650557e-01	1.044369e+00	7.303339e+01	1.434736e+02	2.745903e-01	5.442140e-02	5.528499e+02	
3  111.14	2.325100e+00	1.207359e-01	7.396523e-01	3.068676e+00	9.989106e-01	7.259579e-02	4.514778e-01	3.943687e-02	4.024799e+00	8.363640e+00	1.002855e+00	9.219883e+00	7.369978e-01	2.457559e-01	2.142187e+00	7.619606e-01	1.044201e+00	7.405093e+01	1.437569e+02	2.631861e-01	5.760234e-02	5.796133e+02	
3  110.288	2.329983e+00	1.204296e-01	7.414509e-01	3.073749e+00	1.000812e+00	7.734356e-02	4.481204e-01	2.817004e-02	4.027146e+00	7.897809e+00	1.002734e+00	9.634803e+00	7.386610e-01	2.457804e-01	2.153319e+00	7.793751e-01	1.044405e+00	7.423827e+01	1.438257e+02	2.614598e-01	5.712466e-02	6.418266e+02	
23  110.564	2.329983e+00	1.204296e-01	7.414509e-01	3.073749e+00	1.000812e+00	7.734356e-02	4.481204e-01	2.817004e-02	4.027146e+00	7.897809e+00	1.003201e+00	9.634803e+00	7.386610e-01	2.457804e-01	2.153319e+00	7.793751e-01	1.044405e+00	7.423827e+01	1.438257e+02	2.614598e-01	5.712466e-02	6.418266e+02	
2  111.273	2.317913e+00	1.200803e-01	7.399861e-01	3.084635e+00	9.986086e-01	8.259298e-02	4.348004e-01	3.212186e-02	4.001715e+00	7.259967e+00	1.002825e+00	1.011808e+01	7.384954e-01	2.457355e-01	2.177728e+00	7.772316e-01	1.044382e+00	7.408526e+01	1.441192e+02	2.613077e-01	5.558233e-02	6.318621e+02	
1  110.243	2.337178e+00	1.209722e-01	7.436727e-01	3.072484e+00	9.967221e-01	7.995717e-02	4.897397e-01	2.010254e-02	4.084417e+00	7.167631e+00	1.001625e+00	9.860140e+00	7.385557e-01	2.458150e-01	2.152596e+00	7.914687e-01	1.043995e+00	7.444801e+01	1.434493e+02	2.611910e-01	6.219482e-02	8.167523e+02	
3  111.869	2.317914e+00	1.213814e-01	7.418310e-01	3.069618e+00	9.936355e-01	8.177500e-02	5.091461e-01	1.555069e-02	4.202564e+00	7.415733e+00	9.996839e-01	1.007373e+01	7.372792e-01	2.457396e-01	2.146727e+00	7.994228e-01	1.043793e+00	7.427949e+01	1.434688e+02	2.623815e-01	6.486097e-02	1.050899e+03	
13  110.826	2.335679e+00	1.198952e-01	7.497499e-01	3.056735e+00	9.969548e-01	7.806667e-02	5.276213e-01	8.998077e-03	4.111507e+00	6.936047e+00	1.000246e+00	9.688610e+00	7.444867e-01	2.458087e-01	2.118997e+00	7.955322e-01	1.043346e+00	7.506159e+01	1.435788e+02	2.553068e-01	6.667471e-02	9.171919e+02	
2  111.226	2.286432e+00	1.192575e-01	7.301941e-01	3.083285e+00	9.978921e-01	9.095726e-02	3.692208e-01	3.614484e-02	3.842598e+00	6.679875e+00	9.938579e-01	1.091404e+01	7.332650e-01	2.456092e-01	2.175468e+00	7.665087e-01	1.043768e+00	7.309816e+01	1.449917e+02	2.660637e-01	4.728897e-02	4.338420e+02	
15  111.157	2.286432e+00	1.192575e-01	7.301941e-01	3.083285e+00	9.978921e-01	9.095726e-02	3.692208e-01	3.614484e-02	3.842598e+00	6.679875e+00	9.913156e-01	1.091404e+01	7.332650e-01	2.456092e-01	2.175468e+00	7.665087e-01	1.043768e+00	7.309816e+01	1.449917e+02	2.660637e-01	4.728897e-02	4.338420e+02	
5  112.429	2.272006e+00	1.208707e-01	7.187651e-01	3.092886e+00	9.984797e-01	9.246046e-02	3.470069e-01	3.330576e-02	3.825928e+00	7.680214e+00	9.928540e-01	1.112233e+01	7.214450e-01	2.455473e-01	2.194523e+00	7.778245e-01	1.043461e+00	7.198999e+01	1.448167e+02	2.776237e-01	4.435109e-02	3.662433e+02	
2  113.708	2.291383e+00	1.205360e-01	7.323246e-01	3.059612e+00	9.929913e-01	8.213897e-02	4.439134e-01	1.994492e-02	4.018350e+00	6.823761e+00	9.912872e-01	1.017042e+01	7.313693e-01	2.456319e-01	2.126699e+00	7.848223e-01	1.043073e+00	7.330494e+01	1.442818e+02	2.679777e-01	5.656989e-02	6.906106e+02	
7  113.607	2.291383e+00	1.205360e-01	7.323246e-01	3.059612e+00	9.929913e-01	8.213897e-02	4.439134e-01	1.994492e-02	4.018350e+00	6.823761e+00	9.928030e-01	1.017042e+01	7.313693e-01	2.456319e-01	2.126699e+00	7.848223e-01	1.043073e+00	7.330494e+01	1.442818e+02	2.679777e-01	5.656989e-02	6.906106e+02	
26  112.035	2.334728e+00	1.184788e-01	7.472626e-01	3.054018e+00	9.905229e-01	8.098853e-02	4.928842e-01	1.758237e-03	3.899283e+00	6.232640e+00	9.965065e-01	9.937760e+00	7.438958e-01	2.458150e-01	2.112898e+00	7.943189e-01	1.042399e+00	7.478709e+01	1.441363e+02	2.553754e-01	6.180941e-02	5.711584e+02	
11  112.092	2.334728e+00	1.184788e-01	7.472626e-01	3.054018e+00	9.905229e-01	8.098853e-02	4.928842e-01	1.758237e-03	3.899283e+00	6.232640e+00	9.968388e-01	9.937760e+00	7.438958e-01	2.458150e-01	2.112898e+00	7.943189e-01	1.042399e+00	7.478709e+01	1.441363e+02	2.553754e-01	6.180941e-02	5.711584e+02	
11  112.502	2.334728e+00	1.184788e-01	7.472626e-01	3.054018e+00	9.905229e-01	8.098853e-02	4.928842e-01	1.758237e-03	3.899283e+00	6.232640e+00	9.945835e-01	9.937760e+00	7.438958e-01	2.458150e-01	2.112898e+00	7.943189e-01	1.042399e+00	7.478709e+01	1.441363e+02	2.553754e-01	6.180941e-02	5.711584e+02	
7  113.039	2.334728e+00	1.184788e-01	7.472626e-01	3.054018e+00	9.905229e-01	8.098853e-02	4.928842e-01	1.758237e-03	3.899283e+00	6.232640e+00	9.985670e-01	9.937760e+00	7.438958e-01	2.458150e-01	2.112898e+00	7.943189e-01	1.042399e+00	7.478709e+01	1.441363e+02	2.553754e-01	6.180941e-02	5.711584e+02	
11  113.468	2.314565e+00	1.206009e-01	7.432107e-01	3.039471e+00	9.934146e-01	6.841155e-02	5.193093e-01	5.327137e-03	3.980469e+00	7.066321e+00	1.001840e+00	8.894661e+00	7.373756e-01	2.457290e-01	2.085925e+00	7.928913e-01	1.043077e+00	7.438329e+01	1.436779e+02	2.624261e-01	6.477195e-02	5.990359e+02	
4  112.747	2.326390e+00	1.228169e-01	7.347388e-01	3.062842e+00	9.926286e-01	7.797562e-02	5.211691e-01	5.822919e-03	4.039449e+00	7.033195e+00	1.001268e+00	9.772058e+00	7.267905e-01	2.457814e-01	2.133809e+00	8.098906e-01	1.042745e+00	7.354976e+01	1.429885e+02	2.724536e-01	6.526648e-02	7.377008e+02	
11  111.657	2.326390e+00	1.228169e-01	7.347388e-01	3.062842e+00	9.926286e-01	7.797562e-02	5.211691e-01	5.822919e-03	4.039449e+00	7.033195e+00	9.989141e-01	9.772058e+00	7.267905e-01	2.457814e-01	2.133809e+00	8.098906e-01	1.042745e+00	7.354976e+01	1.429885e+02	2.724536e-01	6.526648e-02	7.377008e+02	
22  111.694	2.326390e+00	1.228169e-01	7.347388e-01	3.062842e+00	9.926286e-01	7.797562e-02	5.211691e-01	5.822919e-03	4.039449e+00	7.033195e+00	9.992796e-01	9.772058e+00	7.267905e-01	2.457814e-01	2.133809e+00	8.098906e-01	1.042745e+00	7.354976e+01	1.429885e+02	2.724536e-01	6.526648e-02	7.377008e+02	
33  111.717	2.326390e+00	1.228169e-01	7.347388e-01	3.062842e+00	9.926286e-01	7.797562e-02	5.211691e-01	5.822919e-03	4.039449e+00	7.033195e+00	9.982290e-01	9.772058e+00	7.267905e-01	2.457814e-01	2.133809e+00	8.098906e-01	1.042745e+00	7.354976e+01	1.429885e+02	2.724536e-01	6.526648e-02	7.377008e+02	
11  111.792	2.326390e+00	1.228169e-01	7.347388e-01	3.062842e+00	9.926286e-01	7.797562e-02	5.211691e-01	5.822919e-03	4.039449e+00	7.033195e+00	9.979469e-01	9.772058e+00	7.267905e-01	2.457814e-01	2.133809e+00	8.098906e-01	1.042745e+00	7.354976e+01	1.429885e+02	2.724536e-01	6.526648e-02	7.377008e+02	
11  112.846	2.326390e+00	1.228169e-01	7.347388e-01	3.062842e+00	9.926286e-01	7.797562e-02	5.211691e-01	5.822919e-03	4.039449e+00	7.033195e+00	1.001377e+00	9.772058e+00	7.267905e-01	2.457814e-01	2.133809e+00	8.098906e-01	1.042745e+00	7.354976e+01	1.429885e+02	2.724536e-01	6.526648e-02	7.377008e+02	
11  111.793	2.326390e+00	1.228169e-01	7.347388e-01	3.062842e+00	9.926286e-01	7.797562e-02	5.211691e-01	5.822919e-03	4.039449e+00	7.033195e+00	9.996866e-01	9.772058e+00	7.267905e-01	2.457814e-01	2.133809e+00	8.098906e-01	1.042745e+00	7.354976e+01	1.429885e+02	2.724536e-01	6.526648e-02	7.377008e+02	
11  111.885	2.326390e+00	1.228169e-01	7.347388e-01	3.062842e+00	9.926286e-01	7.797562e-02	5.211691e-01	5.822919e-03	4.039449e+00	7.033195e+00	9.976899e-01	9.772058e+00	7.267905e-01	2.457814e-01	2.133809e+00	8.098906e-01	1.042745e+00	7.354976e+01	1.429885e+02	2.724536e-01	6.526648e-02	7.377008e+02	
21  111.662	2.326390e+00	1.228169e-01	7.347388e-01	3.062842e+00	9.926286e-01	7.797562e-02	5.211691e-01	5.822919e-03	4.039449e+00	7.033195e+00	9.986045e-01	9.772058e+00	7.267905e-01	2.457814e-01	2.133809e+00	8.098906e-01	1.042745e+00	7.354976e+01	1.429885e+02	2.724536e-01	6.526648e-02	7.377008e+02	
12  115.448	2.332267e+00	1.218636e-01	7.351120e-01	3.072665e+00	9.961947e-01	8.138228e-02	4.911661e-01	5.051050e-03	3.993721e+00	6.662478e+00	1.000382e+00	1.003955e+01	7.288818e-01	2.458062e-01	2.154189e+00	8.126324e-01	1.042702e+00	7.359517e+01	1.433029e+02	2.703912e-01	6.167690e-02	6.961135e+02	
2  115.482	2.332267e+00	1.218636e-01	7.351120e-01	3.072665e+00	9.961947e-01	8.138228e-02	4.911661e-01	5.051050e-03	3.993721e+00	6.662478e+00	1.000174e+00	1.003955e+01	7.288818e-01	2.458062e-01	2.154189e+00	8.126324e-01	1.042702e+00	7.359517e+01	1.433029e+02	2.703912e-01	6.167690e-02	6.961135e+02	
4  113.826	2.302822e+00	1.227326e-01	7.249062e-01	3.089273e+00	9.972412e-01	8.458804e-02	4.341938e-01	1.286982e-02	3.834772e+00	6.665042e+00	1.001628e+00	1.042527e+01	7.194297e-01	2.456909e-01	2.191098e+00	8.110896e-01	1.043473e+00	7.256892e+01	1.436479e+02	2.794326e-01	5.430042e-02	4.160897e+02	
5  112.364	2.314279e+00	1.217153e-01	7.221093e-01	3.112074e+00	9.940869e-01	9.977738e-02	3.567459e-01	1.782159e-02	3.641625e+00	6.971195e+00	9.958893e-01	1.165342e+01	7.198120e-01	2.457368e-01	2.237471e+00	8.052679e-01	1.043975e+00	7.228764e+01	1.441236e+02	2.782919e-01	4.472170e-02	2.352772e+02	
11  112.907	2.314279e+00	1.217153e-01	7.221093e-01	3.112074e+00	9.940869e-01	9.977738e-02	3.567459e-01	1.782159e-02	3.641625e+00	6.971195e+00	9.980802e-01	1.165342e+01	7.198120e-01	2.457368e-01	2.237471e+00	8.052679e-01	1.043975e+00	7.228764e+01	1.441236e+02	2.782919e-01	4.472170e-02	2.352772e+02	
11  112.552	2.314279e+00	1.217153e-01	7.221093e-01	3.112074e+00	9.940869e-01	9.977738e-02	3.567459e-01	1.782159e-02	3.641625e+00	6.971195e+00	9.974008e-01	1.165342e+01	7.198120e-01	2.457368e-01	2.237471e+00	8.052679e-01	1.043975e+00	7.228764e+01	1.441236e+02	2.782919e-01	4.472170e-02	2.352772e+02	
19  113.39	2.314279e+00	1.217153e-01	7.221093e-01	3.112074e+00	9.940869e-01	9.977738e-02	3.567459e-01	1.782159e-02	3.641625e+00	6.971195e+00	9.987157e-01	1.165342e+01	7.198120e-01	2.457368e-01	2.237471e+00	8.052679e-01	1.043975e+00	7.228764e+01	1.441236e+02	2.782919e-01	4.472170e-02	2.352772e+02	
6  113.661	2.304681e+00	1.225951e-01	7.167264e-01	3.100757e+00	1.000470e+00	9.758264e-02	3.500913e-01	2.790136e-02	3.729827e+00	7.211078e+00	9.938876e-01	1.150122e+01	7.146187e-01	2.456854e-01	2.214180e+00	7.926323e-01	1.043700e+00	7.176037e+01	1.440158e+02	2.837818e-01	4.432826e-02	3.163947e+02	
8  115.135	2.300153e+00	1.225667e-01	7.152216e-01	3.106061e+00	9.976460e-01	1.019520e-01	3.390793e-01	2.882256e-02	3.665434e+00	6.832230e+00	9.917729e-01	1.188041e+01	7.132086e-01	2.456716e-01	2.226701e+00	7.917564e-01	1.043704e+00	7.159254e+01	1.441320e+02	2.848358e-01	4.282624e-02	2.677794e+02	
2  116.561	2.300153e+00	1.225667e-01	7.152216e-01	3.106061e+00	9.976460e-01	1.019520e-01	3.390793e-01	2.882256e-02	3.665434e+00	6.832230e+00	9.931902e-01	1.188041e+01	7.132086e-01	2.456716e-01	2.226701e+00	7.917564e-01	1.043704e+00	7.159254e+01	1.441320e+02	2.848358e-01	4.282624e-02	2.677794e+02	
9  116.366	2.257523e+00	1.234556e-01	7.057603e-01	3.110484e+00	9.969775e-01	1.026487e-01	3.173937e-01	2.399379e-02	3.484960e+00	7.569266e+00	9.945428e-01	1.212451e+01	7.036011e-01	2.454926e-01	2.234292e+00	7.976262e-01	1.044042e+00	7.067310e+01	1.444245e+02	2.938316e-01	3.960156e-02	1.183158e+02	
11  116.337	2.257523e+00	1.234556e-01	7.057603e-01	3.110484e+00	9.969775e-01	1.026487e-01	3.173937e-01	2.399379e-02	3.484960e+00	7.569266e+00	9.879019e-01	1.212451e+01	7.036011e-01	2.454926e-01	2.234292e+00	7.976262e-01	1.044042e+00	7.067310e+01	1.444245e+02	2.938316e-01	3.960156e-02	1.183158e+02	
6  114.334	2.257523e+00	1.234556e-01	7.057603e-01	3.110484e+00	9.969775e-01	1.026487e-01	3.173937e-01	2.399379e-02	3.484960e+00	7.569266e+00	9.914910e-01	1.212451e+01	7.036011e-01	2.454926e-01	2.234292e+00	7.976262e-01	1.044042e+00	7.067310e+01	1.444245e+02	2.938316e-01	3.960156e-02	1.183158e+02	
16  113.735	2.253521e+00	1.226955e-01	7.091693e-01	3.128352e+00	9.986929e-01	1.058194e-01	3.142424e-01	3.171703e-02	3.514512e+00	7.154562e+00	9.963850e-01	1.237523e+01	7.087502e-01	2.454788e-01	2.274479e+00	7.926678e-01	1.044350e+00	7.101246e+01	1.446924e+02	2.888230e-01	3.936574e-02	1.433411e+02	
11  114.198	2.253521e+00	1.226955e-01	7.091693e-01	3.128352e+00	9.986929e-01	1.058194e-01	3.142424e-01	3.171703e-02	3.514512e+00	7.154562e+00	9.978539e-01	1.237523e+01	7.087502e-01	2.454788e-01	2.274479e+00	7.926678e-01	1.044350e+00	7.101246e+01	1.446924e+02	2.888230e-01	3.936574e-02	1.433411e+02	
33  113.823	2.253521e+00	1.226955e-01	7.091693e-01	3.128352e+00	9.986929e-01	1.058194e-01	3.142424e-01	3.171703e-02	3.514512e+00	7.154562e+00	9.969552e-01	1.237523e+01	7.087502e-01	2.454788e-01	2.274479e+00	7.926678e-01	1.044350e+00	7.101246e+01	1.446924e+02	2.888230e-01	3.936574e-02	1.433411e+02	
11  113.955	2.253521e+00	1.226955e-01	7.091693e-01	3.128352e+00	9.986929e-01	1.058194e-01	3.142424e-01	3.171703e-02	3.514512e+00	7.154562e+00	9.973566e-01	1.237523e+01	7.087502e-01	2.454788e-01	2.274479e+00	7.926678e-01	1.044350e+00	7.101246e+01	1.446924e+02	2.888230e-01	3.936574e-02	1.433411e+02	
40  113.906	2.253521e+00	1.226955e-01	7.091693e-01	3.128352e+00	9.986929e-01	1.058194e-01	3.142424e-01	3.171703e-02	3.514512e+00	7.154562e+00	9.972300e-01	1.237523e+01	7.087502e-01	2.454788e-01	2.274479e+00	7.926678e-01	1.044350e+00	7.101246e+01	1.446924e+02	2.888230e-01	3.936574e-02	1.433411e+02	
7  112.813	2.248698e+00	1.226896e-01	7.077401e-01	3.125914e+00	9.948519e-01	1.066706e-01	3.164043e-01	2.988385e-02	3.516699e+00	7.650212e+00	9.955770e-01	1.246175e+01	7.075805e-01	2.454594e-01	2.266850e+00	7.925702e-01	1.044088e+00	7.087463e+01	1.447275e+02	2.897236e-01	3.969488e-02	1.406355e+02	
8  110.42	2.250738e+00	1.237792e-01	7.104104e-01	3.121420e+00	9.961009e-01	9.736531e-02	3.580885e-01	3.723238e-02	3.713715e+00	8.073166e+00	1.000833e+00	1.168221e+01	7.078234e-01	2.454656e-01	2.258097e+00	7.887905e-01	1.044444e+00	7.114766e+01	1.442326e+02	2.900725e-01	4.530942e-02	2.589827e+02	
66  110.181	2.250738e+00	1.237792e-01	7.104104e-01	3.121420e+00	9.961009e-01	9.736531e-02	3.580885e-01	3.723238e-02	3.713715e+00	8.073166e+00	1.000312e+00	1.168221e+01	7.078234e-01	2.454656e-01	2.258097e+00	7.887905e-01	1.044444e+00	7.114766e+01	1.442326e+02	2.900725e-01	4.530942e-02	2.589827e+02	
25  110.172	2.250738e+00	1.237792e-01	7.104104e-01	3.121420e+00	9.961009e-01	9.736531e-02	3.580885e-01	3.723238e-02	3.713715e+00	8.073166e+00	1.000290e+00	1.168221e+01	7.078234e-01	2.454656e-01	2.258097e+00	7.887905e-01	1.044444e+00	7.114766e+01	1.442326e+02	2.900725e-01	4.530942e-02	2.589827e+02	
7  109.965	2.249550e+00	1.228560e-01	7.119881e-01	3.112961e+00	9.949180e-01	9.742536e-02	3.547871e-01	3.033298e-02	3.677778e+00	8.362420e+00	9.983244e-01	1.167637e+01	7.110388e-01	2.454614e-01	2.236652e+00	7.913514e-01	1.044230e+00	7.131773e+01	1.444865e+02	2.867953e-01	4.479313e-02	2.301864e+02	
20  111.541	2.259759e+00	1.198467e-01	7.192323e-01	3.120721e+00	9.916554e-01	1.037847e-01	3.144565e-01	3.274333e-02	3.492168e+00	7.132915e+00	9.971885e-01	1.210630e+01	7.232517e-01	2.455093e-01	2.252988e+00	7.749515e-01	1.044130e+00	7.201634e+01	1.453693e+02	2.746376e-01	3.948859e-02	1.129314e+02	
1  113.617	2.283269e+00	1.204578e-01	7.272835e-01	3.090527e+00	9.967886e-01	8.785694e-02	3.539815e-01	3.419601e-02	3.511393e+00	7.603866e+00	9.979561e-01	1.070284e+01	7.278201e-01	2.455948e-01	2.187628e+00	7.630951e-01	1.045133e+00	7.282632e+01	1.447412e+02	2.708714e-01	4.449536e-02	1.166445e+02	
2  113.829	2.282757e+00	1.206904e-01	7.254707e-01	3.084728e+00	9.961222e-01	8.690159e-02	3.489018e-01	4.140320e-02	3.578442e+00	7.888882e+00	9.947792e-01	1.061345e+01	7.264457e-01	2.455872e-01	2.175146e+00	7.520516e-01	1.044950e+00	7.264530e+01	1.447058e+02	2.723754e-01	4.420380e-02	1.575736e+02	
14  113.844	2.282757e+00	1.206904e-01	7.254707e-01	3.084728e+00	9.961222e-01	8.690159e-02	3.489018e-01	4.140320e-02	3.578442e+00	7.888882e+00	9.948195e-01	1.061345e+01	7.264457e-01	2.455872e-01	2.175146e+00	7.520516e-01	1.044950e+00	7.264530e+01	1.447058e+02	2.723754e-01	4.420380e-02	1.575736e+02	
8  113.724	2.249746e+00	1.198111e-01	7.216163e-01	3.070610e+00	9.864896e-01	8.354039e-02	3.357573e-01	2.594645e-02	3.517808e+00	8.232060e+00	9.941533e-01	1.040797e+01	7.252442e-01	2.454589e-01	2.143324e+00	7.630053e-01	1.044364e+00	7.226893e+01	1.453613e+02	2.735598e-01	4.212003e-02	7.511523e+01	
3  113.786	2.249746e+00	1.198111e-01	7.216163e-01	3.070610e+00	9.864896e-01	8.354039e-02	3.357573e-01	2.594645e-02	3.517808e+00	8.232060e+00	9.922746e-01	1.040797e+01	7.252442e-01	2.454589e-01	2.143324e+00	7.630053e-01	1.044364e+00	7.226893e+01	1.453613e+02	2.735598e-01	4.212003e-02	7.511523e+01	
3  113.577	2.237564e+00	1.209015e-01	7.163762e-01	3.076485e+00	9.881378e-01	8.520706e-02	3.377944e-01	3.083504e-02	3.700567e+00	8.728602e+00	9.920786e-01	1.060307e+01	7.197760e-01	2.454031e-01	2.156231e+00	7.680483e-01	1.044190e+00	7.176122e+01	1.451992e+02	2.791708e-01	4.290126e-02	1.977378e+02	
1  114.626	2.258644e+00	1.199420e-01	7.232915e-01	3.063053e+00	9.852027e-01	8.325751e-02	3.400207e-01	2.595061e-02	3.678074e+00	8.623431e+00	9.887902e-01	1.035115e+01	7.267917e-01	2.454941e-01	2.127217e+00	7.655559e-01	1.044498e+00	7.243796e+01	1.452179e+02	2.722884e-01	4.310367e-02	1.840509e+02	
9  114.504	2.283068e+00	1.194467e-01	7.306203e-01	3.074707e+00	9.841622e-01	8.545691e-02	3.669792e-01	2.881198e-02	3.676735e+00	8.288256e+00	9.923406e-01	1.046047e+01	7.326473e-01	2.455993e-01	2.150948e+00	7.625843e-01	1.044544e+00	7.315291e+01	1.449596e+02	2.660417e-01	4.650660e-02	2.017856e+02	
2  113.452	2.294225e+00	1.178033e-01	7.323223e-01	3.066113e+00	9.897900e-01	8.825477e-02	3.302403e-01	2.172805e-02	3.573145e+00	7.378919e+00	9.879566e-01	1.064425e+01	7.369941e-01	2.456449e-01	2.133589e+00	7.644559e-01	1.044129e+00	7.332101e+01	1.454569e+02	2.621476e-01	4.161414e-02	1.388146e+02	
4  113.587	2.273108e+00	1.184782e-01	7.294576e-01	3.065877e+00	9.890533e-01	8.420617e-02	3.345242e-01	2.689938e-02	3.452645e+00	7.750507e+00	9.904777e-01	1.036902e+01	7.336361e-01	2.455569e-01	2.132833e+00	7.539994e-01	1.044571e+00	7.303838e+01	1.454623e+02	2.652935e-01	4.190933e-02	5.298743e+01	
11  115.707	2.273108e+00	1.184782e-01	7.294576e-01	3.065877e+00	9.890533e-01	8.420617e-02	3.345242e-01	2.689938e-02	3.452645e+00	7.750507e+00	9.879150e-01	1.036902e+01	7.336361e-01	2.455569e-01	2.132833e+00	7.539994e-01	1.044571e+00	7.303838e+01	1.454623e+02	2.652935e-01	4.190933e-02	5.298743e+01	
8  114.336	2.273108e+00	1.184782e-01	7.294576e-01	3.065877e+00	9.890533e-01	8.420617e-02	3.345242e-01	2.689938e-02	3.452645e+00	7.750507e+00	9.892001e-01	1.036902e+01	7.336361e-01	2.455569e-01	2.132833e+00	7.539994e-01	1.044571e+00	7.303838e+01	1.454623e+02	2.652935e-01	4.190933e-02	5.298743e+01	
6  115.717	2.298278e+00	1.190213e-01	7.283414e-01	3.071303e+00	9.938385e-01	8.464531e-02	3.274112e-01	3.553273e-02	3.520984e+00	7.235892e+00	9.891507e-01	1.033633e+01	7.315957e-01	2.456547e-01	2.146901e+00	7.480119e-01	1.044180e+00	7.292321e+01	1.450847e+02	2.676232e-01	4.130872e-02	1.065110e+02	
5  114.377	2.303671e+00	1.171390e-01	7.360732e-01	3.065026e+00	9.946952e-01	8.203991e-02	3.499184e-01	2.993376e-02	3.643604e+00	7.012805e+00	9.921324e-01	1.005635e+01	7.410063e-01	2.456794e-01	2.132612e+00	7.513345e-01	1.043404e+00	7.369693e+01	1.454233e+02	2.586242e-01	4.432080e-02	1.879130e+02	
1  114.696	2.304105e+00	1.173500e-01	7.364173e-01	3.073504e+00	9.917706e-01	8.533862e-02	3.522402e-01	2.290703e-02	3.546993e+00	6.484314e+00	9.934910e-01	1.035659e+01	7.400661e-01	2.456914e-01	2.151182e+00	7.636193e-01	1.043705e+00	7.371451e+01	1.453675e+02	2.592009e-01	4.415617e-02	1.221738e+02	
24  113.277	2.300540e+00	1.163491e-01	7.425231e-01	3.074442e+00	9.961141e-01	8.480119e-02	3.650648e-01	3.065785e-02	3.696890e+00	6.293308e+00	9.950659e-01	1.028853e+01	7.473097e-01	2.456715e-01	2.153793e+00	7.549860e-01	1.043875e+00	7.432388e+01	1.456086e+02	2.524241e-01	4.636352e-02	2.680580e+02	
33  112.364	2.300540e+00	1.163491e-01	7.425231e-01	3.074442e+00	9.961141e-01	8.480119e-02	3.650648e-01	3.065785e-02	3.696890e+00	6.293308e+00	9.966938e-01	1.028853e+01	7.473097e-01	2.456715e-01	2.153793e+00	7.549860e-01	1.043875e+00	7.432388e+01	1.456086e+02	2.524241e-01	4.636352e-02	2.680580e+02	
13  112.639	2.300540e+00	1.163491e-01	7.425231e-01	3.074442e+00	9.961141e-01	8.480119e-02	3.650648e-01	3.065785e-02	3.696890e+00	6.293308e+00	9.988232e-01	1.028853e+01	7.473097e-01	2.456715e-01	2.153793e+00	7.549860e-01	1.043875e+00	7.432388e+01	1.456086e+02	2.524241e-01	4.636352e-02	2.680580e+02	
9  113.263	2.315867e+00	1.174582e-01	7.437778e-01	3.077355e+00	1.000833e+00	8.330645e-02	3.886778e-01	3.627614e-02	3.846602e+00	6.730226e+00	1.000264e+00	1.013505e+01	7.464023e-01	2.457249e-01	2.160749e+00	7.568082e-01	1.044199e+00	7.446127e+01	1.450283e+02	2.535491e-01	4.980022e-02	4.330014e+02	
6  113.446	2.315867e+00	1.174582e-01	7.437778e-01	3.077355e+00	1.000833e+00	8.330645e-02	3.886778e-01	3.627614e-02	3.846602e+00	6.730226e+00	1.000538e+00	1.013505e+01	7.464023e-01	2.457249e-01	2.160749e+00	7.568082e-01	1.044199e+00	7.446127e+01	1.450283e+02	2.535491e-01	4.980022e-02	4.330014e+02	
4  115.629	2.280087e+00	1.162245e-01	7.360447e-01	3.076000e+00	9.993276e-01	8.797975e-02	3.155149e-01	3.168738e-02	3.687732e+00	6.524079e+00	9.961761e-01	1.061905e+01	7.442552e-01	2.455816e-01	2.156830e+00	7.558740e-01	1.044104e+00	7.370184e+01	1.461097e+02	2.559114e-01	4.020606e-02	2.461082e+02	
1  114.397	2.297600e+00	1.163013e-01	7.440836e-01	3.073324e+00	9.966728e-01	8.190660e-02	3.772222e-01	3.049036e-02	3.812140e+00	6.778212e+00	1.001701e+00	1.004347e+01	7.490088e-01	2.456551e-01	2.150826e+00	7.567765e-01	1.043921e+00	7.449441e+01	1.455936e+02	2.510142e-01	4.818358e-02	3.682828e+02	
7  114.065	2.297600e+00	1.163013e-01	7.440836e-01	3.073324e+00	9.966728e-01	8.190660e-02	3.772222e-01	3.049036e-02	3.812140e+00	6.778212e+00	9.986205e-01	1.004347e+01	7.490088e-01	2.456551e-01	2.150826e+00	7.567765e-01	1.043921e+00	7.449441e+01	1.455936e+02	2.510142e-01	4.818358e-02	3.682828e+02	
4  116.156	2.296366e+00	1.181137e-01	7.440220e-01	3.079518e+00	9.987715e-01	8.242659e-02	4.139997e-01	3.597834e-02	4.011152e+00	7.110255e+00	9.994228e-01	1.012145e+01	7.462250e-01	2.456452e-01	2.166158e+00	7.647879e-01	1.044647e+00	7.449242e+01	1.449568e+02	2.538934e-01	5.331064e-02	6.419090e+02	
6  116.021	2.296366e+00	1.181137e-01	7.440220e-01	3.079518e+00	9.987715e-01	8.242659e-02	4.139997e-01	3.597834e-02	4.011152e+00	7.110255e+00	1.000020e+00	1.012145e+01	7.462250e-01	2.456452e-01	2.166158e+00	7.647879e-01	1.044647e+00	7.449242e+01	1.449568e+02	2.538934e-01	5.331064e-02	6.419090e+02	
2  114.974	2.274779e+00	1.197956e-01	7.357194e-01	3.079889e+00	1.000176e+00	7.863320e-02	3.875915e-01	4.087355e-02	3.887549e+00	7.662695e+00	1.000771e+00	9.889151e+00	7.371578e-01	2.455531e-01	2.167114e+00	7.613638e-01	1.045604e+00	7.366652e+01	1.448666e+02	2.629410e-01	4.957207e-02	4.152738e+02	
11  113.663	2.308954e+00	1.167602e-01	7.443774e-01	3.069105e+00	9.982570e-01	8.298094e-02	3.681014e-01	3.002001e-02	3.806845e+00	6.881745e+00	9.955128e-01	1.011716e+01	7.483451e-01	2.456981e-01	2.142310e+00	7.582594e-01	1.044497e+00	7.452448e+01	1.453958e+02	2.516992e-01	4.711158e-02	3.745751e+02	
3  109.868	2.322805e+00	1.188129e-01	7.416007e-01	3.066139e+00	1.000856e+00	8.007990e-02	4.026989e-01	3.125768e-02	3.852425e+00	6.854196e+00	9.954593e-01	9.869556e+00	7.416379e-01	2.457519e-01	2.138328e+00	7.641007e-01	1.044374e+00	7.423543e+01	1.445417e+02	2.582321e-01	5.135898e-02	4.414230e+02	
3  109.853	2.322805e+00	1.188129e-01	7.416007e-01	3.066139e+00	1.000856e+00	8.007990e-02	4.026989e-01	3.125768e-02	3.852425e+00	6.854196e+00	9.956765e-01	9.869556e+00	7.416379e-01	2.457519e-01	2.138328e+00	7.641007e-01	1.044374e+00	7.423543e+01	1.445417e+02	2.582321e-01	5.135898e-02	4.414230e+02	
19  110.205	2.341720e+00	1.179553e-01	7.503547e-01	3.053517e+00	1.003084e+00	7.587585e-02	4.417234e-01	1.348131e-02	3.781871e+00	6.220736e+00	9.981557e-01	9.455775e+00	7.476665e-01	2.458355e-01	2.112922e+00	7.796233e-01	1.044118e+00	7.509480e+01	1.443935e+02	2.523053e-01	5.553348e-02	3.975541e+02	
8  110.222	2.341720e+00	1.179553e-01	7.503547e-01	3.053517e+00	1.003084e+00	7.587585e-02	4.417234e-01	1.348131e-02	3.781871e+00	6.220736e+00	9.988211e-01	9.455775e+00	7.476665e-01	2.458355e-01	2.112922e+00	7.796233e-01	1.044118e+00	7.509480e+01	1.443935e+02	2.523053e-01	5.553348e-02	3.975541e+02	
19  110.726	2.334039e+00	1.207346e-01	7.417127e-01	3.062504e+00	1.002410e+00	7.936454e-02	4.497545e-01	3.278248e-02	3.853856e+00	6.024041e+00	9.943579e-01	9.817955e+00	7.369282e-01	2.457996e-01	2.134316e+00	7.692819e-01	1.044513e+00	7.421832e+01	1.437144e+02	2.625454e-01	5.698728e-02	5.099161e+02	
2  111.731	2.314315e+00	1.222229e-01	7.316698e-01	3.072601e+00	1.004384e+00	8.317872e-02	4.294449e-01	4.952568e-02	3.893026e+00	5.955531e+00	9.915679e-01	1.021499e+01	7.274855e-01	2.457170e-01	2.157198e+00	7.592328e-01	1.044409e+00	7.321323e+01	1.436287e+02	2.718603e-01	5.485782e-02	5.590535e+02	
4  110.681	2.261920e+00	1.236943e-01	7.143537e-01	3.095888e+00	1.000669e+00	8.781088e-02	3.689101e-01	5.567739e-02	3.882058e+00	7.605059e+00	9.945064e-01	1.079797e+01	7.123911e-01	2.454982e-01	2.205311e+00	7.599943e-01	1.044515e+00	7.151797e+01	1.440922e+02	2.868403e-01	4.731934e-02	4.144856e+02	
7  110.702	2.261920e+00	1.236943e-01	7.143537e-01	3.095888e+00	1.000669e+00	8.781088e-02	3.689101e-01	5.567739e-02	3.882058e+00	7.605059e+00	9.949883e-01	1.079797e+01	7.123911e-01	2.454982e-01	2.205311e+00	7.599943e-01	1.044515e+00	7.151797e+01	1.440922e+02	2.868403e-01	4.731934e-02	4.144856e+02	
4  108.994	2.291369e+00	1.232174e-01	7.233684e-01	3.084494e+00	1.000617e+00	8.086099e-02	4.334975e-01	4.397227e-02	3.974742e+00	7.248554e+00	9.996484e-01	1.009252e+01	7.194260e-01	2.456259e-01	2.180583e+00	7.719859e-01	1.043692e+00	7.241063e+01	1.436010e+02	2.799719e-01	5.521453e-02	5.522230e+02	
22  108.861	2.291369e+00	1.232174e-01	7.233684e-01	3.084494e+00	1.000617e+00	8.086099e-02	4.334975e-01	4.397227e-02	3.974742e+00	7.248554e+00	9.990991e-01	1.009252e+01	7.194260e-01	2.456259e-01	2.180583e+00	7.719859e-01	1.043692e+00	7.241063e+01	1.436010e+02	2.799719e-01	5.521453e-02	5.522230e+02	
11  109.113	2.291369e+00	1.232174e-01	7.233684e-01	3.084494e+00	1.000617e+00	8.086099e-02	4.334975e-01	4.397227e-02	3.974742e+00	7.248554e+00	9.974735e-01	1.009252e+01	7.194260e-01	2.456259e-01	2.180583e+00	7.719859e-01	1.043692e+00	7.241063e+01	1.436010e+02	2.799719e-01	5.521453e-02	5.522230e+02	
7  109.104	2.291369e+00	1.232174e-01	7.233684e-01	3.084494e+00	1.000617e+00	8.086099e-02	4.334975e-01	4.397227e-02	3.974742e+00	7.248554e+00	9.999262e-01	1.009252e+01	7.194260e-01	2.456259e-01	2.180583e+00	7.719859e-01	1.043692e+00	7.241063e+01	1.436010e+02	2.799719e-01	5.521453e-02	5.522230e+02	
1  110.886	2.277263e+00	1.234958e-01	7.239971e-01	3.073453e+00	1.006568e+00	8.006142e-02	4.484273e-01	5.279294e-02	4.065156e+00	7.026998e+00	9.953500e-01	1.006138e+01	7.203496e-01	2.455603e-01	2.158336e+00	7.642169e-01	1.043981e+00	7.246028e+01	1.436028e+02	2.793898e-01	5.743413e-02	7.239738e+02	
1  111.789	2.297247e+00	1.232650e-01	7.270369e-01	3.090544e+00	9.993407e-01	8.674729e-02	4.527495e-01	5.556659e-02	4.032635e+00	6.589430e+00	9.959528e-01	1.057722e+01	7.226089e-01	2.456514e-01	2.195000e+00	7.634200e-01	1.043955e+00	7.275771e+01	1.434346e+02	2.765385e-01	5.807179e-02	7.074312e+02	
1  114.321	2.274568e+00	1.225570e-01	7.141080e-01	3.108655e+00	9.960522e-01	9.811108e-02	3.366625e-01	6.417164e-02	3.773009e+00	7.249189e+00	9.903077e-01	1.160291e+01	7.143179e-01	2.455534e-01	2.232332e+00	7.437119e-01	1.043991e+00	7.148255e+01	1.444034e+02	2.843385e-01	4.340706e-02	3.319894e+02	
7  114.67	2.237399e+00	1.217115e-01	7.082077e-01	3.133719e+00	9.932576e-01	1.093398e-01	2.974058e-01	6.017382e-02	3.496787e+00	7.429647e+00	9.924718e-01	1.266105e+01	7.112762e-01	2.454037e-01	2.284753e+00	7.427680e-01	1.043928e+00	7.090921e+01	1.451990e+02	2.862212e-01	3.792103e-02	1.452905e+02	
1  116.476	2.241238e+00	1.213068e-01	7.091411e-01	3.127570e+00	9.978274e-01	1.072302e-01	3.030644e-01	6.257949e-02	3.464987e+00	7.418331e+00	9.922912e-01	1.246065e+01	7.127815e-01	2.454158e-01	2.270215e+00	7.343354e-01	1.043553e+00	7.101562e+01	1.452240e+02	2.847733e-01	3.859410e-02	1.303669e+02	
2  114.441	2.260959e+00	1.200484e-01	7.145430e-01	3.124295e+00	9.988485e-01	1.052598e-01	2.749867e-01	6.516953e-02	3.419607e+00	6.377188e+00	9.921596e-01	1.218855e+01	7.200977e-01	2.455008e-01	2.265435e+00	7.270573e-01	1.043963e+00	7.153214e+01	1.454840e+02	2.783793e-01	3.494608e-02	1.077875e+02	
1  115.629	2.230755e+00	1.211266e-01	7.059422e-01	3.140548e+00	1.000025e+00	1.119412e-01	2.600682e-01	6.659190e-02	3.409357e+00	6.616538e+00	9.924894e-01	1.288000e+01	7.112710e-01	2.453720e-01	2.303042e+00	7.346776e-01	1.043933e+00	7.067561e+01	1.456037e+02	2.867873e-01	3.302625e-02	1.121604e+02	
2  115.795	2.241452e+00	1.237095e-01	7.009405e-01	3.136148e+00	9.929706e-01	1.099772e-01	2.924490e-01	5.748562e-02	3.473124e+00	7.048435e+00	9.909927e-01	1.275217e+01	6.999367e-01	2.454222e-01	2.294271e+00	7.536933e-01	1.043827e+00	7.016197e+01	1.446685e+02	2.973354e-01	3.709786e-02	1.332037e+02	
10  116.233	2.235207e+00	1.231493e-01	7.056025e-01	3.129090e+00	9.914825e-01	1.083331e-01	3.212169e-01	5.573827e-02	3.632218e+00	6.517344e+00	9.909027e-01	1.262570e+01	7.052599e-01	2.454062e-01	2.280468e+00	7.615829e-01	1.043744e+00	7.060627e+01	1.447717e+02	2.923120e-01	4.086370e-02	2.279645e+02	
11  116.186	2.235207e+00	1.231493e-01	7.056025e-01	3.129090e+00	9.914825e-01	1.083331e-01	3.212169e-01	5.573827e-02	3.632218e+00	6.517344e+00	9.919022e-01	1.262570e+01	7.052599e-01	2.454062e-01	2.280468e+00	7.615829e-01	1.043744e+00	7.060627e+01	1.447717e+02	2.923120e-01	4.086370e-02	2.279645e+02	
11  118.131	2.235207e+00	1.231493e-01	7.056025e-01	3.129090e+00	9.914825e-01	1.083331e-01	3.212169e-01	5.573827e-02	3.632218e+00	6.517344e+00	9.948194e-01	1.262570e+01	7.052599e-01	2.454062e-01	2.280468e+00	7.615829e-01	1.043744e+00	7.060627e+01	1.447717e+02	2.923120e-01	4.086370e-02	2.279645e+02	
11  118.061	2.235207e+00	1.231493e-01	7.056025e-01	3.129090e+00	9.914825e-01	1.083331e-01	3.212169e-01	5.573827e-02	3.632218e+00	6.517344e+00	9.947603e-01	1.262570e+01	7.052599e-01	2.454062e-01	2.280468e+00	7.615829e-01	1.043744e+00	7.060627e+01	1.447717e+02	2.923120e-01	4.086370e-02	2.279645e+02	
9  117.707	2.235207e+00	1.231493e-01	7.056025e-01	3.129090e+00	9.914825e-01	1.083331e-01	3.212169e-01	5.573827e-02	3.632218e+00	6.517344e+00	9.886528e-01	1.262570e+01	7.052599e-01	2.454062e-01	2.280468e+00	7.615829e-01	1.043744e+00	7.060627e+01	1.447717e+02	2.923120e-01	4.086370e-02	2.279645e+02	
2  114.795	2.259356e+00	1.236227e-01	7.067595e-01	3.145721e+00	9.952897e-01	1.105271e-01	3.236152e-01	5.730065e-02	3.624905e+00	6.710967e+00	9.933519e-01	1.272437e+01	7.047940e-01	2.455058e-01	2.318018e+00	7.663420e-01	1.043861e+00	7.074319e+01	1.443692e+02	2.926131e-01	4.118438e-02	2.268833e+02	
6  114.115	2.259356e+00	1.236227e-01	7.067595e-01	3.145721e+00	9.952897e-01	1.105271e-01	3.236152e-01	5.730065e-02	3.624905e+00	6.710967e+00	9.940930e-01	1.272437e+01	7.047940e-01	2.455058e-01	2.318018e+00	7.663420e-01	1.043861e+00	7.074319e+01	1.443692e+02	2.926131e-01	4.118438e-02	2.268833e+02	
5  114.949	2.261567e+00	1.238590e-01	7.045331e-01	3.137413e+00	9.919145e-01	1.099467e-01	3.270575e-01	5.689444e-02	3.619054e+00	6.949559e+00	9.905954e-01	1.267093e+01	7.020372e-01	2.455142e-01	2.298032e+00	7.617269e-01	1.043313e+00	7.051392e+01	1.442659e+02	2.951424e-01	4.165787e-02	2.152684e+02	
1  115.247	2.261567e+00	1.238590e-01	7.045331e-01	3.137413e+00	9.919145e-01	1.099467e-01	3.270575e-01	5.689444e-02	3.619054e+00	6.949559e+00	9.902350e-01	1.267093e+01	7.020372e-01	2.455142e-01	2.298032e+00	7.617269e-01	1.043313e+00	7.051392e+01	1.442659e+02	2.951424e-01	4.165787e-02	2.152684e+02	
10  114.802	2.264258e+00	1.231192e-01	7.053601e-01	3.159472e+00	9.916777e-01	1.159831e-01	3.088154e-01	5.790055e-02	3.495129e+00	6.848691e+00	9.947698e-01	1.313868e+01	7.041228e-01	2.455277e-01	2.347388e+00	7.605527e-01	1.043373e+00	7.061167e+01	1.445110e+02	2.926480e-01	3.917575e-02	1.463076e+02	
4  113.553	2.264258e+00	1.231192e-01	7.053601e-01	3.159472e+00	9.916777e-01	1.159831e-01	3.088154e-01	5.790055e-02	3.495129e+00	6.848691e+00	9.964310e-01	1.313868e+01	7.041228e-01	2.455277e-01	2.347388e+00	7.605527e-01	1.043373e+00	7.061167e+01	1.445110e+02	2.926480e-01	3.917575e-02	1.463076e+02	
5  114.182	2.309655e+00	1.198746e-01	7.282790e-01	3.102332e+00	9.922027e-01	9.319082e-02	3.584598e-01	2.859824e-02	3.404322e+00	5.716106e+00	9.990593e-01	1.106314e+01	7.277882e-01	2.457240e-01	2.216664e+00	7.721027e-01	1.043799e+00	7.288270e+01	1.446227e+02	2.704359e-01	4.452789e-02	5.361206e+01	
7  113.767	2.324797e+00	1.181413e-01	7.349559e-01	3.079838e+00	9.887440e-01	8.887872e-02	3.730947e-01	1.480172e-02	3.333283e+00	6.268951e+00	9.966232e-01	1.063501e+01	7.355180e-01	2.457855e-01	2.164148e+00	7.740324e-01	1.043177e+00	7.355122e+01	1.448302e+02	2.629356e-01	4.598195e-02	-7.827026e+00	
18  112.505	2.319859e+00	1.217638e-01	7.244829e-01	3.085812e+00	9.896946e-01	8.493367e-02	4.032211e-01	2.641791e-02	3.547404e+00	6.883179e+00	9.984683e-01	1.037313e+01	7.202914e-01	2.457565e-01	2.180634e+00	7.744001e-01	1.043022e+00	7.251471e+01	1.438090e+02	2.778835e-01	5.025459e-02	1.178247e+02	
7  113.117	2.316731e+00	1.241369e-01	7.139025e-01	3.085353e+00	9.937195e-01	8.530947e-02	3.894521e-01	3.210418e-02	3.582054e+00	7.758407e+00	9.947503e-01	1.045554e+01	7.071316e-01	2.457328e-01	2.180546e+00	7.739256e-01	1.042986e+00	7.147764e+01	1.432798e+02	2.908623e-01	4.876245e-02	1.472932e+02	
3  116.047	2.329639e+00	1.234659e-01	7.169691e-01	3.083868e+00	9.940585e-01	8.647063e-02	3.689551e-01	3.693512e-02	3.544221e+00	7.866389e+00	9.921479e-01	1.049786e+01	7.116221e-01	2.457789e-01	2.176000e+00	7.626207e-01	1.043457e+00	7.178189e+01	1.433968e+02	2.865452e-01	4.641392e-02	1.388959e+02	
17  117.336	2.329639e+00	1.234659e-01	7.169691e-01	3.083868e+00	9.940585e-01	8.647063e-02	3.689551e-01	3.693512e-02	3.544221e+00	7.866389e+00	9.941366e-01	1.049786e+01	7.116221e-01	2.457789e-01	2.176000e+00	7.626207e-01	1.043457e+00	7.178189e+01	1.433968e+02	2.865452e-01	4.641392e-02	1.388959e+02	
7  118.566	2.327930e+00	1.228424e-01	7.171105e-01	3.072993e+00	9.919293e-01	8.528568e-02	3.690960e-01	2.874487e-02	3.587185e+00	7.462604e+00	9.920518e-01	1.039275e+01	7.126502e-01	2.457777e-01	2.153645e+00	7.706041e-01	1.042839e+00	7.179323e+01	1.435929e+02	2.856260e-01	4.635288e-02	1.537664e+02	
9  116.459	2.308131e+00	1.224869e-01	7.151212e-01	3.056179e+00	9.974546e-01	8.152389e-02	3.409456e-01	2.748204e-02	3.565490e+00	8.218074e+00	9.884538e-01	1.011766e+01	7.130305e-01	2.456874e-01	2.117528e+00	7.664601e-01	1.043401e+00	7.162167e+01	1.439939e+02	2.858613e-01	4.284135e-02	1.313188e+02	
1  115.357	2.308131e+00	1.224869e-01	7.151212e-01	3.056179e+00	9.974546e-01	8.152389e-02	3.409456e-01	2.748204e-02	3.565490e+00	8.218074e+00	9.865674e-01	1.011766e+01	7.130305e-01	2.456874e-01	2.117528e+00	7.664601e-01	1.043401e+00	7.162167e+01	1.439939e+02	2.858613e-01	4.284135e-02	1.313188e+02	
10  115.971	2.305632e+00	1.216823e-01	7.152718e-01	3.056726e+00	1.001650e+00	8.326059e-02	3.357820e-01	2.790643e-02	3.542926e+00	7.936907e+00	9.864407e-01	1.026008e+01	7.148427e-01	2.456754e-01	2.118248e+00	7.639472e-01	1.042884e+00	7.164536e+01	1.442484e+02	2.840604e-01	4.217784e-02	1.216584e+02	
11  116.654	2.305632e+00	1.216823e-01	7.152718e-01	3.056726e+00	1.001650e+00	8.326059e-02	3.357820e-01	2.790643e-02	3.542926e+00	7.936907e+00	9.878609e-01	1.026008e+01	7.148427e-01	2.456754e-01	2.118248e+00	7.639472e-01	1.042884e+00	7.164536e+01	1.442484e+02	2.840604e-01	4.217784e-02	1.216584e+02	
30  117.143	2.305632e+00	1.216823e-01	7.152718e-01	3.056726e+00	1.001650e+00	8.326059e-02	3.357820e-01	2.790643e-02	3.542926e+00	7.936907e+00	9.884420e-01	1.026008e+01	7.148427e-01	2.456754e-01	2.118248e+00	7.639472e-01	1.042884e+00	7.164536e+01	1.442484e+02	2.840604e-01	4.217784e-02	1.216584e+02	
3  113.72	2.317632e+00	1.232680e-01	7.165831e-01	3.066021e+00	9.998177e-01	8.268778e-02	3.628327e-01	3.328241e-02	3.697904e+00	8.348269e+00	9.909092e-01	1.019983e+01	7.128781e-01	2.457238e-01	2.138120e+00	7.686567e-01	1.043583e+00	7.176188e+01	1.435982e+02	2.860720e-01	4.592983e-02	2.407111e+02	
27  112.649	2.317632e+00	1.232680e-01	7.165831e-01	3.066021e+00	9.998177e-01	8.268778e-02	3.628327e-01	3.328241e-02	3.697904e+00	8.348269e+00	9.896402e-01	1.019983e+01	7.128781e-01	2.457238e-01	2.138120e+00	7.686567e-01	1.043583e+00	7.176188e+01	1.435982e+02	2.860720e-01	4.592983e-02	2.407111e+02	
3  112.158	2.302772e+00	1.243361e-01	7.119578e-01	3.055948e+00	9.956232e-01	7.868052e-02	3.659607e-01	2.055820e-02	3.674871e+00	9.217532e+00	9.894315e-01	9.920703e+00	7.066044e-01	2.456696e-01	2.117211e+00	7.861793e-01	1.043772e+00	7.131298e+01	1.434507e+02	2.923240e-01	4.595233e-02	2.000186e+02	
3  111.131	2.292500e+00	1.230560e-01	7.165986e-01	3.047937e+00	9.912829e-01	7.470702e-02	3.764662e-01	1.903711e-02	3.629718e+00	8.652508e+00	9.910153e-01	9.572204e+00	7.126463e-01	2.456338e-01	2.101684e+00	7.786434e-01	1.043681e+00	7.176383e+01	1.438637e+02	2.863099e-01	4.702337e-02	1.407339e+02	
4  110.718	2.292500e+00	1.230560e-01	7.165986e-01	3.047937e+00	9.912829e-01	7.470702e-02	3.764662e-01	1.903711e-02	3.629718e+00	8.652508e+00	9.891126e-01	9.572204e+00	7.126463e-01	2.456338e-01	2.101684e+00	7.786434e-01	1.043681e+00	7.176383e+01	1.438637e+02	2.863099e-01	4.702337e-02	1.407339e+02	
7  111.065	2.247681e+00	1.225661e-01	7.120448e-01	3.060940e+00	9.885749e-01	7.944388e-02	3.470317e-01	2.807765e-02	3.604659e+00	8.962620e+00	9.896971e-01	1.010131e+01	7.116462e-01	2.454437e-01	2.126253e+00	7.677299e-01	1.044112e+00	7.132069e+01	1.445961e+02	2.872057e-01	4.366308e-02	1.235048e+02	
22  111.087	2.247681e+00	1.225661e-01	7.120448e-01	3.060940e+00	9.885749e-01	7.944388e-02	3.470317e-01	2.807765e-02	3.604659e+00	8.962620e+00	9.895949e-01	1.010131e+01	7.116462e-01	2.454437e-01	2.126253e+00	7.677299e-01	1.044112e+00	7.132069e+01	1.445961e+02	2.872057e-01	4.366308e-02	1.235048e+02	
11  111.318	2.247681e+00	1.225661e-01	7.120448e-01	3.060940e+00	9.885749e-01	7.944388e-02	3.470317e-01	2.807765e-02	3.604659e+00	8.962620e+00	9.889464e-01	1.010131e+01	7.116462e-01	2.454437e-01	2.126253e+00	7.677299e-01	1.044112e+00	7.132069e+01	1.445961e+02	2.872057e-01	4.366308e-02	1.235048e+02	
22  111.058	2.247681e+00	1.225661e-01	7.120448e-01	3.060940e+00	9.885749e-01	7.944388e-02	3.470317e-01	2.807765e-02	3.604659e+00	8.962620e+00	9.907290e-01	1.010131e+01	7.116462e-01	2.454437e-01	2.126253e+00	7.677299e-01	1.044112e+00	7.132069e+01	1.445961e+02	2.872057e-01	4.366308e-02	1.235048e+02	
11  111.097	2.247681e+00	1.225661e-01	7.120448e-01	3.060940e+00	9.885749e-01	7.944388e-02	3.470317e-01	2.807765e-02	3.604659e+00	8.962620e+00	9.895516e-01	1.010131e+01	7.116462e-01	2.454437e-01	2.126253e+00	7.677299e-01	1.044112e+00	7.132069e+01	1.445961e+02	2.872057e-01	4.366308e-02	1.235048e+02	
11  111.117	2.247681e+00	1.225661e-01	7.120448e-01	3.060940e+00	9.885749e-01	7.944388e-02	3.470317e-01	2.807765e-02	3.604659e+00	8.962620e+00	9.894788e-01	1.010131e+01	7.116462e-01	2.454437e-01	2.126253e+00	7.677299e-01	1.044112e+00	7.132069e+01	1.445961e+02	2.872057e-01	4.366308e-02	1.235048e+02	
11  111.313	2.247681e+00	1.225661e-01	7.120448e-01	3.060940e+00	9.885749e-01	7.944388e-02	3.470317e-01	2.807765e-02	3.604659e+00	8.962620e+00	9.889571e-01	1.010131e+01	7.116462e-01	2.454437e-01	2.126253e+00	7.677299e-01	1.044112e+00	7.132069e+01	1.445961e+02	2.872057e-01	4.366308e-02	1.235048e+02	
2  113.042	2.247681e+00	1.225661e-01	7.120448e-01	3.060940e+00	9.885749e-01	7.944388e-02	3.470317e-01	2.807765e-02	3.604659e+00	8.962620e+00	9.869317e-01	1.010131e+01	7.116462e-01	2.454437e-01	2.126253e+00	7.677299e-01	1.044112e+00	7.132069e+01	1.445961e+02	2.872057e-01	4.366308e-02	1.235048e+02	
9  113.361	2.231896e+00	1.225624e-01	7.115244e-01	3.045624e+00	9.883068e-01	7.196408e-02	3.691181e-01	2.332368e-02	3.645277e+00	9.198716e+00	9.884422e-01	9.460459e+00	7.109299e-01	2.453804e-01	2.096431e+00	7.703480e-01	1.043621e+00	7.127419e+01	1.446705e+02	2.882004e-01	4.620467e-02	1.169081e+02	
22  111.554	2.231896e+00	1.225624e-01	7.115244e-01	3.045624e+00	9.883068e-01	7.196408e-02	3.691181e-01	2.332368e-02	3.645277e+00	9.198716e+00	9.932258e-01	9.460459e+00	7.109299e-01	2.453804e-01	2.096431e+00	7.703480e-01	1.043621e+00	7.127419e+01	1.446705e+02	2.882004e-01	4.620467e-02	1.169081e+02	
9  111.223	2.231896e+00	1.225624e-01	7.115244e-01	3.045624e+00	9.883068e-01	7.196408e-02	3.691181e-01	2.332368e-02	3.645277e+00	9.198716e+00	9.915541e-01	9.460459e+00	7.109299e-01	2.453804e-01	2.096431e+00	7.703480e-01	1.043621e+00	7.127419e+01	1.446705e+02	2.882004e-01	4.620467e-02	1.169081e+02	
2  110.483	2.243287e+00	1.214943e-01	7.213166e-01	3.035656e+00	9.979520e-01	6.675259e-02	4.153509e-01	1.355267e-02	3.741036e+00	8.295016e+00	9.961850e-01	8.935767e+00	7.199973e-01	2.454323e-01	2.079275e+00	7.829472e-01	1.043387e+00	7.224041e+01	1.446488e+02	2.796710e-01	5.161503e-02	1.913053e+02	
6  110.894	2.243287e+00	1.214943e-01	7.213166e-01	3.035656e+00	9.979520e-01	6.675259e-02	4.153509e-01	1.355267e-02	3.741036e+00	8.295016e+00	9.947158e-01	8.935767e+00	7.199973e-01	2.454323e-01	2.079275e+00	7.829472e-01	1.043387e+00	7.224041e+01	1.446488e+02	2.796710e-01	5.161503e-02	1.913053e+02	
27  110.546	2.253102e+00	1.195081e-01	7.282228e-01	3.043970e+00	9.966440e-01	6.682081e-02	3.947413e-01	8.127473e-03	3.762298e+00	8.848432e+00	1.000231e+00	8.874653e+00	7.303393e-01	2.454748e-01	2.091643e+00	7.881196e-01	1.043748e+00	7.295408e+01	1.451408e+02	2.699006e-01	4.924401e-02	2.060321e+02	
11  110.045	2.253102e+00	1.195081e-01	7.282228e-01	3.043970e+00	9.966440e-01	6.682081e-02	3.947413e-01	8.127473e-03	3.762298e+00	8.848432e+00	1.001846e+00	8.874653e+00	7.303393e-01	2.454748e-01	2.091643e+00	7.881196e-01	1.043748e+00	7.295408e+01	1.451408e+02	2.699006e-01	4.924401e-02	2.060321e+02	
11  110.098	2.253102e+00	1.195081e-01	7.282228e-01	3.043970e+00	9.966440e-01	6.682081e-02	3.947413e-01	8.127473e-03	3.762298e+00	8.848432e+00	1.001340e+00	8.874653e+00	7.303393e-01	2.454748e-01	2.091643e+00	7.881196e-01	1.043748e+00	7.295408e+01	1.451408e+02	2.699006e-01	4.924401e-02	2.060321e+02	
28  110.051	2.253102e+00	1.195081e-01	7.282228e-01	3.043970e+00	9.966440e-01	6.682081e-02	3.947413e-01	8.127473e-03	3.762298e+00	8.848432e+00	1.001696e+00	8.874653e+00	7.303393e-01	2.454748e-01	2.091643e+00	7.881196e-01	1.043748e+00	7.295408e+01	1.451408e+02	2.699006e-01	4.924401e-02	2.060321e+02	
5  109.209	2.285379e+00	1.193935e-01	7.341538e-01	3.035174e+00	9.951731e-01	6.640139e-02	4.215386e-01	1.770332e-02	3.788941e+00	7.968880e+00	9.968836e-01	8.745584e+00	7.341613e-01	2.456063e-01	2.075525e+00	7.682557e-01	1.043336e+00	7.350011e+01	1.447012e+02	2.657548e-01	5.279829e-02	2.652325e+02	
1  110.02	2.285379e+00	1.193935e-01	7.341538e-01	3.035174e+00	9.951731e-01	6.640139e-02	4.215386e-01	1.770332e-02	3.788941e+00	7.968880e+00	9.988874e-01	8.745584e+00	7.341613e-01	2.456063e-01	2.075525e+00	7.682557e-01	1.043336e+00	7.350011e+01	1.447012e+02	2.657548e-01	5.279829e-02	2.652325e+02	
17  109.943	2.256257e+00	1.225442e-01	7.198825e-01	3.066335e+00	9.919196e-01	7.348964e-02	4.066049e-01	3.384566e-02	3.791377e+00	8.063985e+00	1.000716e+00	9.531723e+00	7.176223e-01	2.454830e-01	2.141559e+00	7.675457e-01	1.043916e+00	7.207321e+01	1.442723e+02	2.816888e-01	5.117118e-02	2.559515e+02	
8  114.536	2.257216e+00	1.221617e-01	7.206857e-01	3.055749e+00	9.906468e-01	6.963607e-02	4.111477e-01	4.085297e-02	3.774227e+00	7.884832e+00	9.988682e-01	9.155381e+00	7.189230e-01	2.454847e-01	2.120400e+00	7.503269e-01	1.043471e+00	7.213826e+01	1.443340e+02	2.804781e-01	5.176121e-02	2.315043e+02	
18  113.348	2.229361e+00	1.231752e-01	7.158345e-01	3.065548e+00	9.911098e-01	7.211829e-02	4.108645e-01	4.362513e-02	3.744350e+00	7.604899e+00	1.000095e+00	9.486531e+00	7.130515e-01	2.453696e-01	2.142750e+00	7.537424e-01	1.043926e+00	7.164991e+01	1.443891e+02	2.860772e-01	5.160691e-02	2.037045e+02	
7  113.621	2.229361e+00	1.231752e-01	7.158345e-01	3.065548e+00	9.911098e-01	7.211829e-02	4.108645e-01	4.362513e-02	3.744350e+00	7.604899e+00	9.959714e-01	9.486531e+00	7.130515e-01	2.453696e-01	2.142750e+00	7.537424e-01	1.043926e+00	7.164991e+01	1.443891e+02	2.860772e-01	5.160691e-02	2.037045e+02	
4  114.764	2.262282e+00	1.222872e-01	7.275541e-01	3.058552e+00	9.946635e-01	6.684788e-02	4.603358e-01	3.890154e-02	3.770066e+00	7.080755e+00	1.000212e+00	8.890270e+00	7.232863e-01	2.455112e-01	2.128647e+00	7.562495e-01	1.043775e+00	7.279859e+01	1.440277e+02	2.761365e-01	5.744462e-02	2.461338e+02	
3  114.768	2.262282e+00	1.222872e-01	7.275541e-01	3.058552e+00	9.946635e-01	6.684788e-02	4.603358e-01	3.890154e-02	3.770066e+00	7.080755e+00	1.000206e+00	8.890270e+00	7.232863e-01	2.455112e-01	2.128647e+00	7.562495e-01	1.043775e+00	7.279859e+01	1.440277e+02	2.761365e-01	5.744462e-02	2.461338e+02	
6  114.467	2.216712e+00	1.235643e-01	7.134997e-01	3.079742e+00	9.971265e-01	7.373553e-02	4.065507e-01	5.118852e-02	3.781528e+00	7.499524e+00	1.000019e+00	9.675666e+00	7.110620e-01	2.453120e-01	2.173235e+00	7.533040e-01	1.044141e+00	7.142474e+01	1.444418e+02	2.882485e-01	5.123472e-02	2.398234e+02	
13  113.155	2.254831e+00	1.211994e-01	7.316524e-01	3.053865e+00	9.964397e-01	6.602496e-02	4.558764e-01	3.468836e-02	3.841141e+00	7.404095e+00	1.000681e+00	8.811287e+00	7.293533e-01	2.454773e-01	2.117591e+00	7.603134e-01	1.044140e+00	7.321754e+01	1.444087e+02	2.704640e-01	5.708975e-02	3.169486e+02	
12  113.206	2.254831e+00	1.211994e-01	7.316524e-01	3.053865e+00	9.964397e-01	6.602496e-02	4.558764e-01	3.468836e-02	3.841141e+00	7.404095e+00	1.000605e+00	8.811287e+00	7.293533e-01	2.454773e-01	2.117591e+00	7.603134e-01	1.044140e+00	7.321754e+01	1.444087e+02	2.704640e-01	5.708975e-02	3.169486e+02	
4  111.682	2.256391e+00	1.202243e-01	7.298599e-01	3.055191e+00	9.991089e-01	6.808781e-02	4.153572e-01	3.557503e-02	3.822752e+00	7.784445e+00	9.993512e-01	8.981809e+00	7.306237e-01	2.454790e-01	2.117729e+00	7.563145e-01	1.043942e+00	7.306761e+01	1.448176e+02	2.694132e-01	5.235624e-02	2.924218e+02	
1  112.215	2.243678e+00	1.189740e-01	7.284049e-01	3.070986e+00	9.932240e-01	7.801322e-02	3.911595e-01	2.508376e-02	3.724018e+00	7.268261e+00	9.994991e-01	9.917608e+00	7.317784e-01	2.454373e-01	2.147802e+00	7.697760e-01	1.043532e+00	7.293241e+01	1.454182e+02	2.676723e-01	4.914093e-02	2.170891e+02	
5  113.104	2.268316e+00	1.162951e-01	7.362167e-01	3.077837e+00	9.993467e-01	8.236067e-02	3.614991e-01	2.278960e-02	3.726483e+00	6.827341e+00	1.001022e+00	1.017548e+01	7.433994e-01	2.455390e-01	2.159400e+00	7.681122e-01	1.043139e+00	7.373097e+01	1.459912e+02	2.566447e-01	4.567703e-02	2.477214e+02	
25  112.311	2.268316e+00	1.162951e-01	7.362167e-01	3.077837e+00	9.993467e-01	8.236067e-02	3.614991e-01	2.278960e-02	3.726483e+00	6.827341e+00	1.002355e+00	1.017548e+01	7.433994e-01	2.455390e-01	2.159400e+00	7.681122e-01	1.043139e+00	7.373097e+01	1.459912e+02	2.566447e-01	4.567703e-02	2.477214e+02	
3  114.465	2.251978e+00	1.150381e-01	7.350305e-01	3.075742e+00	1.001607e+00	8.236714e-02	3.206579e-01	1.214117e-02	3.553135e+00	7.000326e+00	1.003568e+00	1.020983e+01	7.452764e-01	2.454718e-01	2.151994e+00	7.759708e-01	1.043391e+00	7.363835e+01	1.466967e+02	2.551800e-01	3.988331e-02	6.853699e+01	
5  112.906	2.251174e+00	1.157757e-01	7.379655e-01	3.063588e+00	9.996444e-01	7.747512e-02	3.516122e-01	1.001696e-02	3.651175e+00	7.358893e+00	1.002641e+00	9.795382e+00	7.456565e-01	2.454685e-01	2.128035e+00	7.787282e-01	1.043976e+00	7.392077e+01	1.463701e+02	2.547857e-01	4.396407e-02	1.459490e+02	
22  113.524	2.251174e+00	1.157757e-01	7.379655e-01	3.063588e+00	9.996444e-01	7.747512e-02	3.516122e-01	1.001696e-02	3.651175e+00	7.358893e+00	1.005586e+00	9.795382e+00	7.456565e-01	2.454685e-01	2.128035e+00	7.787282e-01	1.043976e+00	7.392077e+01	1.463701e+02	2.547857e-01	4.396407e-02	1.459490e+02	
21  113.149	2.251174e+00	1.157757e-01	7.379655e-01	3.063588e+00	9.996444e-01	7.747512e-02	3.516122e-01	1.001696e-02	3.651175e+00	7.358893e+00	1.002074e+00	9.795382e+00	7.456565e-01	2.454685e-01	2.128035e+00	7.787282e-01	1.043976e+00	7.392077e+01	1.463701e+02	2.547857e-01	4.396407e-02	1.459490e+02	
1  115.424	2.290808e+00	1.144684e-01	7.486399e-01	3.065695e+00	9.998528e-01	7.659025e-02	3.814337e-01	5.063199e-03	3.771962e+00	6.793114e+00	1.005963e+00	9.578199e+00	7.548241e-01	2.456366e-01	2.132894e+00	7.822152e-01	1.043307e+00	7.496787e+01	1.461568e+02	2.459784e-01	4.797725e-02	2.968162e+02	
33  115.544	2.290808e+00	1.144684e-01	7.486399e-01	3.065695e+00	9.998528e-01	7.659025e-02	3.814337e-01	5.063199e-03	3.771962e+00	6.793114e+00	1.009568e+00	9.578199e+00	7.548241e-01	2.456366e-01	2.132894e+00	7.822152e-01	1.043307e+00	7.496787e+01	1.461568e+02	2.459784e-01	4.797725e-02	2.968162e+02	
11  115.857	2.290808e+00	1.144684e-01	7.486399e-01	3.065695e+00	9.998528e-01	7.659025e-02	3.814337e-01	5.063199e-03	3.771962e+00	6.793114e+00	1.005371e+00	9.578199e+00	7.548241e-01	2.456366e-01	2.132894e+00	7.822152e-01	1.043307e+00	7.496787e+01	1.461568e+02	2.459784e-01	4.797725e-02	2.968162e+02	
6  116.072	2.290808e+00	1.144684e-01	7.486399e-01	3.065695e+00	9.998528e-01	7.659025e-02	3.814337e-01	5.063199e-03	3.771962e+00	6.793114e+00	1.005128e+00	9.578199e+00	7.548241e-01	2.456366e-01	2.132894e+00	7.822152e-01	1.043307e+00	7.496787e+01	1.461568e+02	2.459784e-01	4.797725e-02	2.968162e+02	
16  113.87	2.273394e+00	1.159327e-01	7.421513e-01	3.075148e+00	9.896565e-01	8.127245e-02	3.917060e-01	8.742405e-03	3.809465e+00	7.140575e+00	1.002941e+00	1.006871e+01	7.477525e-01	2.455691e-01	2.152445e+00	7.841818e-01	1.043322e+00	7.431386e+01	1.459200e+02	2.521546e-01	4.936400e-02	3.261732e+02	
6  114.474	2.273394e+00	1.159327e-01	7.421513e-01	3.075148e+00	9.896565e-01	8.127245e-02	3.917060e-01	8.742405e-03	3.809465e+00	7.140575e+00	1.007893e+00	1.006871e+01	7.477525e-01	2.455691e-01	2.152445e+00	7.841818e-01	1.043322e+00	7.431386e+01	1.459200e+02	2.521546e-01	4.936400e-02	3.261732e+02	
16  113.652	2.298460e+00	1.151518e-01	7.404585e-01	3.075058e+00	9.880288e-01	8.882700e-02	3.592678e-01	4.810649e-04	3.711144e+00	6.683221e+00	1.001700e+00	1.064341e+01	7.472996e-01	2.456769e-01	2.151040e+00	7.912702e-01	1.042445e+00	7.413874e+01	1.460244e+02	2.523662e-01	4.504852e-02	2.516346e+02	
29  112.53	2.298460e+00	1.151518e-01	7.404585e-01	3.075058e+00	9.880288e-01	8.882700e-02	3.592678e-01	4.810649e-04	3.711144e+00	6.683221e+00	9.997470e-01	1.064341e+01	7.472996e-01	2.456769e-01	2.151040e+00	7.912702e-01	1.042445e+00	7.413874e+01	1.460244e+02	2.523662e-01	4.504852e-02	2.516346e+02	
11  111.751	2.280675e+00	1.167589e-01	7.317943e-01	3.080851e+00	9.862344e-01	9.137296e-02	3.313709e-01	1.274017e-02	3.562243e+00	7.467661e+00	9.960156e-01	1.093719e+01	7.386153e-01	2.455986e-01	2.161568e+00	7.785055e-01	1.043344e+00	7.328412e+01	1.458810e+02	2.603372e-01	4.145195e-02	1.097090e+02	
10  114.453	2.245260e+00	1.177868e-01	7.229386e-01	3.074866e+00	9.835544e-01	8.976864e-02	3.271939e-01	1.099788e-02	3.608013e+00	8.802509e+00	9.944603e-01	1.092369e+01	7.308606e-01	2.454484e-01	2.145760e+00	7.835925e-01	1.043234e+00	7.244369e+01	1.459842e+02	2.678596e-01	4.108798e-02	1.231222e+02	
1  114.192	2.245604e+00	1.170313e-01	7.250816e-01	3.072194e+00	9.885292e-01	8.525442e-02	3.292433e-01	2.432060e-02	3.644999e+00	8.113733e+00	9.966662e-01	1.050115e+01	7.343249e-01	2.454417e-01	2.143138e+00	7.602122e-01	1.042674e+00	7.264453e+01	1.461799e+02	2.649519e-01	4.160812e-02	1.427056e+02	
4  112.881	2.243558e+00	1.170341e-01	7.273613e-01	3.068890e+00	9.909738e-01	8.121546e-02	3.414631e-01	1.311257e-02	3.703641e+00	8.641645e+00	1.000937e+00	1.016207e+01	7.360737e-01	2.454350e-01	2.135258e+00	7.786518e-01	1.043066e+00	7.290041e+01	1.461393e+02	2.636584e-01	4.304649e-02	1.744861e+02	
26  113.051	2.243558e+00	1.170341e-01	7.273613e-01	3.068890e+00	9.909738e-01	8.121546e-02	3.414631e-01	1.311257e-02	3.703641e+00	8.641645e+00	1.001435e+00	1.016207e+01	7.360737e-01	2.454350e-01	2.135258e+00	7.786518e-01	1.043066e+00	7.290041e+01	1.461393e+02	2.636584e-01	4.304649e-02	1.744861e+02	
18  112.54	2.230016e+00	1.191706e-01	7.225132e-01	3.090798e+00	9.925862e-01	8.593059e-02	3.721050e-01	2.367191e-02	3.837676e+00	8.855357e+00	1.004619e+00	1.065325e+01	7.283736e-01	2.453798e-01	2.183488e+00	7.832326e-01	1.043341e+00	7.241647e+01	1.455710e+02	2.707030e-01	4.731087e-02	3.114055e+02	
22  112.086	2.230016e+00	1.191706e-01	7.225132e-01	3.090798e+00	9.925862e-01	8.593059e-02	3.721050e-01	2.367191e-02	3.837676e+00	8.855357e+00	1.003229e+00	1.065325e+01	7.283736e-01	2.453798e-01	2.183488e+00	7.832326e-01	1.043341e+00	7.241647e+01	1.455710e+02	2.707030e-01	4.731087e-02	3.114055e+02	
11  112.09	2.230016e+00	1.191706e-01	7.225132e-01	3.090798e+00	9.925862e-01	8.593059e-02	3.721050e-01	2.367191e-02	3.837676e+00	8.855357e+00	1.003269e+00	1.065325e+01	7.283736e-01	2.453798e-01	2.183488e+00	7.832326e-01	1.043341e+00	7.241647e+01	1.455710e+02	2.707030e-01	4.731087e-02	3.114055e+02	
22  112.767	2.230016e+00	1.191706e-01	7.225132e-01	3.090798e+00	9.925862e-01	8.593059e-02	3.721050e-01	2.367191e-02	3.837676e+00	8.855357e+00	1.004970e+00	1.065325e+01	7.283736e-01	2.453798e-01	2.183488e+00	7.832326e-01	1.043341e+00	7.241647e+01	1.455710e+02	2.707030e-01	4.731087e-02	3.114055e+02	
11  112.271	2.230016e+00	1.191706e-01	7.225132e-01	3.090798e+00	9.925862e-01	8.593059e-02	3.721050e-01	2.367191e-02	3.837676e+00	8.855357e+00	1.004052e+00	1.065325e+01	7.283736e-01	2.453798e-01	2.183488e+00	7.832326e-01	1.043341e+00	7.241647e+01	1.455710e+02	2.707030e-01	4.731087e-02	3.114055e+02	
11  112.081	2.230016e+00	1.191706e-01	7.225132e-01	3.090798e+00	9.925862e-01	8.593059e-02	3.721050e-01	2.367191e-02	3.837676e+00	8.855357e+00	1.003120e+00	1.065325e+01	7.283736e-01	2.453798e-01	2.183488e+00	7.832326e-01	1.043341e+00	7.241647e+01	1.455710e+02	2.707030e-01	4.731087e-02	3.114055e+02	
2  112.112	2.230016e+00	1.191706e-01	7.225132e-01	3.090798e+00	9.925862e-01	8.593059e-02	3.721050e-01	2.367191e-02	3.837676e+00	8.855357e+00	1.002578e+00	1.065325e+01	7.283736e-01	2.453798e-01	2.183488e+00	7.832326e-01	1.043341e+00	7.241647e+01	1.455710e+02	2.707030e-01	4.731087e-02	3.114055e+02	
17  108.655	2.270435e+00	1.186571e-01	7.310955e-01	3.050702e+00	1.001183e+00	7.221502e-02	3.982861e-01	1.239286e-02	3.946611e+00	8.285549e+00	9.996272e-01	9.304216e+00	7.349175e-01	2.455409e-01	2.104396e+00	7.851298e-01	1.042923e+00	7.324450e+01	1.451751e+02	2.656082e-01	5.051651e-02	4.528784e+02	
25  109.504	2.246493e+00	1.206863e-01	7.225088e-01	3.074333e+00	1.000567e+00	7.426540e-02	3.957278e-01	1.994799e-02	3.874221e+00	8.994342e+00	1.005524e+00	9.597710e+00	7.246482e-01	2.454420e-01	2.153092e+00	7.902231e-01	1.043569e+00	7.240860e+01	1.448812e+02	2.754307e-01	4.996415e-02	3.335778e+02	
16  109.455	2.246493e+00	1.206863e-01	7.225088e-01	3.074333e+00	1.000567e+00	7.426540e-02	3.957278e-01	1.994799e-02	3.874221e+00	8.994342e+00	1.005772e+00	9.597710e+00	7.246482e-01	2.454420e-01	2.153092e+00	7.902231e-01	1.043569e+00	7.240860e+01	1.448812e+02	2.754307e-01	4.996415e-02	3.335778e+02	
6  110.482	2.266810e+00	1.221422e-01	7.229371e-01	3.079132e+00	9.987293e-01	7.498376e-02	4.196187e-01	2.019901e-02	4.071109e+00	9.628629e+00	1.005802e+00	9.611544e+00	7.226927e-01	2.455315e-01	2.163002e+00	8.009024e-01	1.043781e+00	7.245323e+01	1.441669e+02	2.776601e-01	5.346541e-02	5.896971e+02	
31  110.527	2.266810e+00	1.221422e-01	7.229371e-01	3.079132e+00	9.987293e-01	7.498376e-02	4.196187e-01	2.019901e-02	4.071109e+00	9.628629e+00	1.006922e+00	9.611544e+00	7.226927e-01	2.455315e-01	2.163002e+00	8.009024e-01	1.043781e+00	7.245323e+01	1.441669e+02	2.776601e-01	5.346541e-02	5.896971e+02	
20  110.599	2.267384e+00	1.205028e-01	7.268366e-01	3.070782e+00	1.005720e+00	7.339793e-02	4.260858e-01	1.501178e-02	4.072719e+00	8.878691e+00	1.007978e+00	9.445792e+00	7.285642e-01	2.455302e-01	2.146140e+00	7.998757e-01	1.042912e+00	7.284093e+01	1.445770e+02	2.721303e-01	5.416540e-02	6.227888e+02	
15  111.881	2.281601e+00	1.213139e-01	7.278215e-01	3.067553e+00	1.008253e+00	7.113549e-02	4.496492e-01	1.541557e-02	4.155111e+00	9.078777e+00	1.008291e+00	9.206747e+00	7.277078e-01	2.455882e-01	2.140029e+00	8.026651e-01	1.042818e+00	7.293334e+01	1.440982e+02	2.732743e-01	5.719600e-02	7.675638e+02	
3  112.93	2.281601e+00	1.213139e-01	7.278215e-01	3.067553e+00	1.008253e+00	7.113549e-02	4.496492e-01	1.541557e-02	4.155111e+00	9.078777e+00	1.010317e+00	9.206747e+00	7.277078e-01	2.455882e-01	2.140029e+00	8.026651e-01	1.042818e+00	7.293334e+01	1.440982e+02	2.732743e-01	5.719600e-02	7.675638e+02	
4  114.17	2.265305e+00	1.215089e-01	7.220525e-01	3.073163e+00	1.004984e+00	7.427298e-02	4.211904e-01	1.612593e-02	4.141159e+00	9.407005e+00	1.008963e+00	9.536650e+00	7.234858e-01	2.455226e-01	2.150869e+00	8.043902e-01	1.042812e+00	7.237830e+01	1.443489e+02	2.772984e-01	5.383856e-02	7.165015e+02	
1  113.779	2.238926e+00	1.212686e-01	7.186479e-01	3.052254e+00	9.995639e-01	6.904730e-02	4.005491e-01	1.054348e-02	3.990525e+00	9.079322e+00	1.004675e+00	9.138278e+00	7.203401e-01	2.454113e-01	2.110392e+00	7.993734e-01	1.042940e+00	7.201495e+01	1.448274e+02	2.802274e-01	5.058726e-02	4.510726e+02	
3  112.259	2.277289e+00	1.222984e-01	7.211911e-01	3.054670e+00	9.964724e-01	6.728181e-02	4.261543e-01	5.537684e-03	4.088617e+00	9.617179e+00	1.006683e+00	8.879236e+00	7.199100e-01	2.455784e-01	2.114703e+00	8.105572e-01	1.042813e+00	7.226746e+01	1.440195e+02	2.808409e-01	5.388744e-02	6.026108e+02	
14  111.539	2.277289e+00	1.222984e-01	7.211911e-01	3.054670e+00	9.964724e-01	6.728181e-02	4.261543e-01	5.537684e-03	4.088617e+00	9.617179e+00	1.005040e+00	8.879236e+00	7.199100e-01	2.455784e-01	2.114703e+00	8.105572e-01	1.042813e+00	7.226746e+01	1.440195e+02	2.808409e-01	5.388744e-02	6.026108e+02	
8  110.926	2.273698e+00	1.214960e-01	7.271293e-01	3.058487e+00	9.957404e-01	6.708092e-02	4.491898e-01	2.878432e-03	4.030322e+00	8.964131e+00	1.008745e+00	8.871492e+00	7.253065e-01	2.455665e-01	2.123287e+00	8.111806e-01	1.043060e+00	7.283880e+01	1.441814e+02	2.752199e-01	5.631789e-02	5.328350e+02	
11  111.148	2.273698e+00	1.214960e-01	7.271293e-01	3.058487e+00	9.957404e-01	6.708092e-02	4.491898e-01	2.878432e-03	4.030322e+00	8.964131e+00	1.009399e+00	8.871492e+00	7.253065e-01	2.455665e-01	2.123287e+00	8.111806e-01	1.043060e+00	7.283880e+01	1.441814e+02	2.752199e-01	5.631789e-02	5.328350e+02	
18  111.152	2.273698e+00	1.214960e-01	7.271293e-01	3.058487e+00	9.957404e-01	6.708092e-02	4.491898e-01	2.878432e-03	4.030322e+00	8.964131e+00	1.009407e+00	8.871492e+00	7.253065e-01	2.455665e-01	2.123287e+00	8.111806e-01	1.043060e+00	7.283880e+01	1.441814e+02	2.752199e-01	5.631789e-02	5.328350e+02	
4  113.303	2.305297e+00	1.223893e-01	7.277126e-01	3.069150e+00	9.969458e-01	6.984124e-02	4.655337e-01	1.836394e-03	4.057968e+00	8.690557e+00	1.010933e+00	9.069020e+00	7.232620e-01	2.456977e-01	2.145331e+00	8.189289e-01	1.042772e+00	7.289270e+01	1.435415e+02	2.771004e-01	5.834249e-02	6.216834e+02	
11  113.141	2.305297e+00	1.223893e-01	7.277126e-01	3.069150e+00	9.969458e-01	6.984124e-02	4.655337e-01	1.836394e-03	4.057968e+00	8.690557e+00	1.008819e+00	9.069020e+00	7.232620e-01	2.456977e-01	2.145331e+00	8.189289e-01	1.042772e+00	7.289270e+01	1.435415e+02	2.771004e-01	5.834249e-02	6.216834e+02	
11  113.903	2.305297e+00	1.223893e-01	7.277126e-01	3.069150e+00	9.969458e-01	6.984124e-02	4.655337e-01	1.836394e-03	4.057968e+00	8.690557e+00	1.007453e+00	9.069020e+00	7.232620e-01	2.456977e-01	2.145331e+00	8.189289e-01	1.042772e+00	7.289270e+01	1.435415e+02	2.771004e-01	5.834249e-02	6.216834e+02	
