1  103.563	2.300001e+00	1.241399e-01	7.292297e-01	3.074446e+00	9.830367e-01	8.156149e-02	5.045365e-01	7.123974e-03	3.704034e+00	6.541790e+00	9.991324e-01	1.019808e+01	7.218830e-01	2.456615e-01	2.163499e+00	8.152835e-01	1.043445e+00	7.294053e+01	1.429342e+02	2.781418e-01	6.329357e-02	3.950128e+02	
17  103.529	2.311245e+00	1.243399e-01	7.245931e-01	3.053883e+00	9.826114e-01	7.234898e-02	4.788857e-01	1.789545e-04	3.611251e+00	7.066388e+00	9.996781e-01	9.339602e+00	7.176723e-01	2.456997e-01	2.119658e+00	8.178010e-01	1.042884e+00	7.247150e+01	1.428965e+02	2.823204e-01	6.030945e-02	3.019652e+02	
11  103.273	2.311245e+00	1.243399e-01	7.245931e-01	3.053883e+00	9.826114e-01	7.234898e-02	4.788857e-01	1.789545e-04	3.611251e+00	7.066388e+00	9.987925e-01	9.339602e+00	7.176723e-01	2.456997e-01	2.119658e+00	8.178010e-01	1.042884e+00	7.247150e+01	1.428965e+02	2.823204e-01	6.030945e-02	3.019652e+02	
11  103.329	2.311245e+00	1.243399e-01	7.245931e-01	3.053883e+00	9.826114e-01	7.234898e-02	4.788857e-01	1.789545e-04	3.611251e+00	7.066388e+00	9.990971e-01	9.339602e+00	7.176723e-01	2.456997e-01	2.119658e+00	8.178010e-01	1.042884e+00	7.247150e+01	1.428965e+02	2.823204e-01	6.030945e-02	3.019652e+02	
22  103.331	2.311245e+00	1.243399e-01	7.245931e-01	3.053883e+00	9.826114e-01	7.234898e-02	4.788857e-01	1.789545e-04	3.611251e+00	7.066388e+00	9.977722e-01	9.339602e+00	7.176723e-01	2.456997e-01	2.119658e+00	8.178010e-01	1.042884e+00	7.247150e+01	1.428965e+02	2.823204e-01	6.030945e-02	3.019652e+02	
55  103.282	2.311245e+00	1.243399e-01	7.245931e-01	3.053883e+00	9.826114e-01	7.234898e-02	4.788857e-01	1.789545e-04	3.611251e+00	7.066388e+00	9.980142e-01	9.339602e+00	7.176723e-01	2.456997e-01	2.119658e+00	8.178010e-01	1.042884e+00	7.247150e+01	1.428965e+02	2.823204e-01	6.030945e-02	3.019652e+02	
11  104.069	2.311245e+00	1.243399e-01	7.245931e-01	3.053883e+00	9.826114e-01	7.234898e-02	4.788857e-01	1.789545e-04	3.611251e+00	7.066388e+00	9.963287e-01	9.339602e+00	7.176723e-01	2.456997e-01	2.119658e+00	8.178010e-01	1.042884e+00	7.247150e+01	1.428965e+02	2.823204e-01	6.030945e-02	3.019652e+02	
11  104.167	2.311245e+00	1.243399e-01	7.245931e-01	3.053883e+00	9.826114e-01	7.234898e-02	4.788857e-01	1.789545e-04	3.611251e+00	7.066388e+00	1.000680e+00	9.339602e+00	7.176723e-01	2.456997e-01	2.119658e+00	8.178010e-01	1.042884e+00	7.247150e+01	1.428965e+02	2.823204e-01	6.030945e-02	3.019652e+02	
11  103.328	2.311245e+00	1.243399e-01	7.245931e-01	3.053883e+00	9.826114e-01	7.234898e-02	4.788857e-01	1.789545e-04	3.611251e+00	7.066388e+00	9.990943e-01	9.339602e+00	7.176723e-01	2.456997e-01	2.119658e+00	8.178010e-01	1.042884e+00	7.247150e+01	1.428965e+02	2.823204e-01	6.030945e-02	3.019652e+02	
3  103.936	2.311245e+00	1.243399e-01	7.245931e-01	3.053883e+00	9.826114e-01	7.234898e-02	4.788857e-01	1.789545e-04	3.611251e+00	7.066388e+00	1.000378e+00	9.339602e+00	7.176723e-01	2.456997e-01	2.119658e+00	8.178010e-01	1.042884e+00	7.247150e+01	1.428965e+02	2.823204e-01	6.030945e-02	3.019652e+02	
7  106.502	2.315779e+00	1.251070e-01	7.226292e-01	3.057140e+00	9.809231e-01	7.194452e-02	5.145674e-01	4.964107e-03	3.527748e+00	6.923918e+00	1.000076e+00	9.313232e+00	7.143826e-01	2.457174e-01	2.127009e+00	8.096395e-01	1.041771e+00	7.225949e+01	1.424820e+02	2.856338e-01	6.457777e-02	2.605887e+02	
11  106.635	2.315779e+00	1.251070e-01	7.226292e-01	3.057140e+00	9.809231e-01	7.194452e-02	5.145674e-01	4.964107e-03	3.527748e+00	6.923918e+00	1.000640e+00	9.313232e+00	7.143826e-01	2.457174e-01	2.127009e+00	8.096395e-01	1.041771e+00	7.225949e+01	1.424820e+02	2.856338e-01	6.457777e-02	2.605887e+02	
13  107.467	2.315779e+00	1.251070e-01	7.226292e-01	3.057140e+00	9.809231e-01	7.194452e-02	5.145674e-01	4.964107e-03	3.527748e+00	6.923918e+00	9.973963e-01	9.313232e+00	7.143826e-01	2.457174e-01	2.127009e+00	8.096395e-01	1.041771e+00	7.225949e+01	1.424820e+02	2.856338e-01	6.457777e-02	2.605887e+02	
9  106.755	2.321301e+00	1.252043e-01	7.182844e-01	3.056616e+00	9.787627e-01	7.233375e-02	4.856853e-01	3.646916e-03	3.532697e+00	7.256875e+00	9.963813e-01	9.333366e+00	7.106230e-01	2.457375e-01	2.125626e+00	8.113352e-01	1.041447e+00	7.181974e+01	1.425302e+02	2.894895e-01	6.116325e-02	2.431586e+02	
6  106.18	2.321301e+00	1.252043e-01	7.182844e-01	3.056616e+00	9.787627e-01	7.233375e-02	4.856853e-01	3.646916e-03	3.532697e+00	7.256875e+00	9.978493e-01	9.333366e+00	7.106230e-01	2.457375e-01	2.125626e+00	8.113352e-01	1.041447e+00	7.181974e+01	1.425302e+02	2.894895e-01	6.116325e-02	2.431586e+02	
5  105.038	2.326981e+00	1.249557e-01	7.202088e-01	3.057364e+00	9.796556e-01	7.192582e-02	4.339844e-01	9.208586e-04	3.563786e+00	7.383941e+00	9.987552e-01	9.271142e+00	7.128347e-01	2.457578e-01	2.126712e+00	8.189099e-01	1.043320e+00	7.201699e+01	1.427928e+02	2.871937e-01	5.498729e-02	2.296052e+02	
6  104.853	2.326981e+00	1.249557e-01	7.202088e-01	3.057364e+00	9.796556e-01	7.192582e-02	4.339844e-01	9.208586e-04	3.563786e+00	7.383941e+00	9.969087e-01	9.271142e+00	7.128347e-01	2.457578e-01	2.126712e+00	8.189099e-01	1.043320e+00	7.201699e+01	1.427928e+02	2.871937e-01	5.498729e-02	2.296052e+02	
5  106.219	2.340551e+00	1.249135e-01	7.218494e-01	3.064171e+00	9.808017e-01	7.467709e-02	4.311870e-01	7.424028e-03	3.571613e+00	7.601162e+00	9.972927e-01	9.489159e+00	7.140625e-01	2.458130e-01	2.140972e+00	8.096834e-01	1.043458e+00	7.217510e+01	1.426633e+02	2.859627e-01	5.470757e-02	2.167330e+02	
13  106.195	2.340551e+00	1.249135e-01	7.218494e-01	3.064171e+00	9.808017e-01	7.467709e-02	4.311870e-01	7.424028e-03	3.571613e+00	7.601162e+00	9.972149e-01	9.489159e+00	7.140625e-01	2.458130e-01	2.140972e+00	8.096834e-01	1.043458e+00	7.217510e+01	1.426633e+02	2.859627e-01	5.470757e-02	2.167330e+02	
9  107.74	2.353300e+00	1.239672e-01	7.251186e-01	3.078863e+00	9.870613e-01	8.206459e-02	4.443275e-01	1.034590e-02	3.587490e+00	7.455835e+00	9.983727e-01	1.009292e+01	7.181901e-01	2.458701e-01	2.172785e+00	8.080295e-01	1.042623e+00	7.250508e+01	1.426835e+02	2.818576e-01	5.634273e-02	2.493458e+02	
22  107.755	2.353300e+00	1.239672e-01	7.251186e-01	3.078863e+00	9.870613e-01	8.206459e-02	4.443275e-01	1.034590e-02	3.587490e+00	7.455835e+00	9.969790e-01	1.009292e+01	7.181901e-01	2.458701e-01	2.172785e+00	8.080295e-01	1.042623e+00	7.250508e+01	1.426835e+02	2.818576e-01	5.634273e-02	2.493458e+02	
22  107.683	2.353300e+00	1.239672e-01	7.251186e-01	3.078863e+00	9.870613e-01	8.206459e-02	4.443275e-01	1.034590e-02	3.587490e+00	7.455835e+00	9.980870e-01	1.009292e+01	7.181901e-01	2.458701e-01	2.172785e+00	8.080295e-01	1.042623e+00	7.250508e+01	1.426835e+02	2.818576e-01	5.634273e-02	2.493458e+02	
22  107.811	2.353300e+00	1.239672e-01	7.251186e-01	3.078863e+00	9.870613e-01	8.206459e-02	4.443275e-01	1.034590e-02	3.587490e+00	7.455835e+00	9.986139e-01	1.009292e+01	7.181901e-01	2.458701e-01	2.172785e+00	8.080295e-01	1.042623e+00	7.250508e+01	1.426835e+02	2.818576e-01	5.634273e-02	2.493458e+02	
22  108.36	2.353300e+00	1.239672e-01	7.251186e-01	3.078863e+00	9.870613e-01	8.206459e-02	4.443275e-01	1.034590e-02	3.587490e+00	7.455835e+00	9.996622e-01	1.009292e+01	7.181901e-01	2.458701e-01	2.172785e+00	8.080295e-01	1.042623e+00	7.250508e+01	1.426835e+02	2.818576e-01	5.634273e-02	2.493458e+02	
11  108.208	2.353300e+00	1.239672e-01	7.251186e-01	3.078863e+00	9.870613e-01	8.206459e-02	4.443275e-01	1.034590e-02	3.587490e+00	7.455835e+00	9.994357e-01	1.009292e+01	7.181901e-01	2.458701e-01	2.172785e+00	8.080295e-01	1.042623e+00	7.250508e+01	1.426835e+02	2.818576e-01	5.634273e-02	2.493458e+02	
22  107.659	2.353300e+00	1.239672e-01	7.251186e-01	3.078863e+00	9.870613e-01	8.206459e-02	4.443275e-01	1.034590e-02	3.587490e+00	7.455835e+00	9.976052e-01	1.009292e+01	7.181901e-01	2.458701e-01	2.172785e+00	8.080295e-01	1.042623e+00	7.250508e+01	1.426835e+02	2.818576e-01	5.634273e-02	2.493458e+02	
11  107.851	2.353300e+00	1.239672e-01	7.251186e-01	3.078863e+00	9.870613e-01	8.206459e-02	4.443275e-01	1.034590e-02	3.587490e+00	7.455835e+00	9.966802e-01	1.009292e+01	7.181901e-01	2.458701e-01	2.172785e+00	8.080295e-01	1.042623e+00	7.250508e+01	1.426835e+02	2.818576e-01	5.634273e-02	2.493458e+02	
11  108.376	2.353300e+00	1.239672e-01	7.251186e-01	3.078863e+00	9.870613e-01	8.206459e-02	4.443275e-01	1.034590e-02	3.587490e+00	7.455835e+00	9.957220e-01	1.009292e+01	7.181901e-01	2.458701e-01	2.172785e+00	8.080295e-01	1.042623e+00	7.250508e+01	1.426835e+02	2.818576e-01	5.634273e-02	2.493458e+02	
22  107.73	2.353300e+00	1.239672e-01	7.251186e-01	3.078863e+00	9.870613e-01	8.206459e-02	4.443275e-01	1.034590e-02	3.587490e+00	7.455835e+00	9.970779e-01	1.009292e+01	7.181901e-01	2.458701e-01	2.172785e+00	8.080295e-01	1.042623e+00	7.250508e+01	1.426835e+02	2.818576e-01	5.634273e-02	2.493458e+02	
2  107.771	2.353300e+00	1.239672e-01	7.251186e-01	3.078863e+00	9.870613e-01	8.206459e-02	4.443275e-01	1.034590e-02	3.587490e+00	7.455835e+00	9.969191e-01	1.009292e+01	7.181901e-01	2.458701e-01	2.172785e+00	8.080295e-01	1.042623e+00	7.250508e+01	1.426835e+02	2.818576e-01	5.634273e-02	2.493458e+02	
1  108.683	2.344467e+00	1.242153e-01	7.234629e-01	3.056494e+00	9.854853e-01	6.995603e-02	4.182474e-01	5.061856e-03	3.545544e+00	7.393376e+00	9.976091e-01	9.038658e+00	7.165748e-01	2.458242e-01	2.125184e+00	8.096068e-01	1.043537e+00	7.232972e+01	1.428708e+02	2.833742e-01	5.313359e-02	1.990667e+02	
11  108.354	2.332233e+00	1.244247e-01	7.144070e-01	3.062527e+00	9.853462e-01	7.433729e-02	3.680846e-01	9.184750e-03	3.530208e+00	7.218127e+00	9.964364e-01	9.472313e+00	7.090845e-01	2.457719e-01	2.137588e+00	8.069931e-01	1.043167e+00	7.141844e+01	1.431736e+02	2.910087e-01	4.707900e-02	1.882443e+02	
8  108.138	2.339873e+00	1.235490e-01	7.141391e-01	3.072970e+00	9.888286e-01	8.021656e-02	3.619588e-01	1.995781e-03	3.527798e+00	6.990143e+00	9.968605e-01	9.953340e+00	7.103959e-01	2.458040e-01	2.159841e+00	8.216096e-01	1.042208e+00	7.140952e+01	1.433268e+02	2.897140e-01	4.636570e-02	2.158538e+02	
7  108.148	2.339873e+00	1.235490e-01	7.141391e-01	3.072970e+00	9.888286e-01	8.021656e-02	3.619588e-01	1.995781e-03	3.527798e+00	6.990143e+00	9.967802e-01	9.953340e+00	7.103959e-01	2.458040e-01	2.159841e+00	8.216096e-01	1.042208e+00	7.140952e+01	1.433268e+02	2.897140e-01	4.636570e-02	2.158538e+02	
11  109.406	2.345002e+00	1.227979e-01	7.200931e-01	3.058226e+00	9.887658e-01	7.399721e-02	3.539989e-01	1.953069e-02	3.478572e+00	7.107409e+00	9.964147e-01	9.386480e+00	7.167271e-01	2.458222e-01	2.128704e+00	7.813430e-01	1.043249e+00	7.197283e+01	1.434985e+02	2.833944e-01	4.549714e-02	1.425841e+02	
15  106.424	2.336226e+00	1.236472e-01	7.253549e-01	3.080746e+00	9.853171e-01	8.218035e-02	4.393196e-01	3.641423e-03	3.435309e+00	7.240788e+00	9.982144e-01	1.014095e+01	7.194523e-01	2.458064e-01	2.177150e+00	8.185608e-01	1.042957e+00	7.252872e+01	1.429680e+02	2.805743e-01	5.575537e-02	1.718066e+02	
16  106.367	2.336226e+00	1.236472e-01	7.253549e-01	3.080746e+00	9.853171e-01	8.218035e-02	4.393196e-01	3.641423e-03	3.435309e+00	7.240788e+00	9.982954e-01	1.014095e+01	7.194523e-01	2.458064e-01	2.177150e+00	8.185608e-01	1.042957e+00	7.252872e+01	1.429680e+02	2.805743e-01	5.575537e-02	1.718066e+02	
6  105.452	2.334009e+00	1.236444e-01	7.270416e-01	3.071463e+00	9.843504e-01	7.768291e-02	4.420104e-01	7.216306e-03	3.453736e+00	6.900003e+00	9.981525e-01	9.751937e+00	7.207350e-01	2.457928e-01	2.157165e+00	8.088675e-01	1.043428e+00	7.269576e+01	1.429910e+02	2.792498e-01	5.605317e-02	1.772041e+02	
8  105.291	2.334009e+00	1.236444e-01	7.270416e-01	3.071463e+00	9.843504e-01	7.768291e-02	4.420104e-01	7.216306e-03	3.453736e+00	6.900003e+00	9.987093e-01	9.751937e+00	7.207350e-01	2.457928e-01	2.157165e+00	8.088675e-01	1.043428e+00	7.269576e+01	1.429910e+02	2.792498e-01	5.605317e-02	1.772041e+02	
1  108.58	2.342916e+00	1.233620e-01	7.286709e-01	3.065480e+00	9.866146e-01	7.775058e-02	4.297822e-01	4.386805e-03	3.525146e+00	7.074093e+00	9.962009e-01	9.724776e+00	7.223712e-01	2.458272e-01	2.143906e+00	8.126551e-01	1.043792e+00	7.286755e+01	1.430283e+02	2.775775e-01	5.458453e-02	2.130748e+02	
2  107.13	2.344634e+00	1.238325e-01	7.218655e-01	3.059865e+00	9.847100e-01	7.279645e-02	4.223954e-01	2.752081e-03	3.527566e+00	7.079225e+00	9.974531e-01	9.288260e+00	7.159597e-01	2.458272e-01	2.132329e+00	8.127288e-01	1.042552e+00	7.217741e+01	1.429318e+02	2.840756e-01	5.365084e-02	2.139102e+02	
7  106.82	2.344634e+00	1.238325e-01	7.218655e-01	3.059865e+00	9.847100e-01	7.279645e-02	4.223954e-01	2.752081e-03	3.527566e+00	7.079225e+00	9.986095e-01	9.288260e+00	7.159597e-01	2.458272e-01	2.132329e+00	8.127288e-01	1.042552e+00	7.217741e+01	1.429318e+02	2.840756e-01	5.365084e-02	2.139102e+02	
5  107.325	2.351425e+00	1.235254e-01	7.225517e-01	3.066872e+00	9.838729e-01	7.518374e-02	4.266589e-01	4.390372e-03	3.523309e+00	7.300151e+00	9.981042e-01	9.481560e+00	7.170336e-01	2.458560e-01	2.147219e+00	8.102569e-01	1.042094e+00	7.224442e+01	1.429024e+02	2.830604e-01	5.422845e-02	2.073920e+02	
1  107.045	2.331780e+00	1.252136e-01	7.261397e-01	3.059796e+00	9.775548e-01	6.959022e-02	4.889339e-01	1.243707e-02	3.481413e+00	7.239386e+00	9.981462e-01	9.061532e+00	7.169718e-01	2.457778e-01	2.132441e+00	7.962417e-01	1.043284e+00	7.259023e+01	1.424181e+02	2.829893e-01	6.157123e-02	1.795474e+02	
11  106.755	2.331780e+00	1.252136e-01	7.261397e-01	3.059796e+00	9.775548e-01	6.959022e-02	4.889339e-01	1.243707e-02	3.481413e+00	7.239386e+00	9.998648e-01	9.061532e+00	7.169718e-01	2.457778e-01	2.132441e+00	7.962417e-01	1.043284e+00	7.259023e+01	1.424181e+02	2.829893e-01	6.157123e-02	1.795474e+02	
22  106.765	2.331780e+00	1.252136e-01	7.261397e-01	3.059796e+00	9.775548e-01	6.959022e-02	4.889339e-01	1.243707e-02	3.481413e+00	7.239386e+00	9.990062e-01	9.061532e+00	7.169718e-01	2.457778e-01	2.132441e+00	7.962417e-01	1.043284e+00	7.259023e+01	1.424181e+02	2.829893e-01	6.157123e-02	1.795474e+02	
11  107.383	2.331780e+00	1.252136e-01	7.261397e-01	3.059796e+00	9.775548e-01	6.959022e-02	4.889339e-01	1.243707e-02	3.481413e+00	7.239386e+00	9.975741e-01	9.061532e+00	7.169718e-01	2.457778e-01	2.132441e+00	7.962417e-01	1.043284e+00	7.259023e+01	1.424181e+02	2.829893e-01	6.157123e-02	1.795474e+02	
33  107.24	2.331780e+00	1.252136e-01	7.261397e-01	3.059796e+00	9.775548e-01	6.959022e-02	4.889339e-01	1.243707e-02	3.481413e+00	7.239386e+00	1.001156e+00	9.061532e+00	7.169718e-01	2.457778e-01	2.132441e+00	7.962417e-01	1.043284e+00	7.259023e+01	1.424181e+02	2.829893e-01	6.157123e-02	1.795474e+02	
3  107.065	2.331780e+00	1.252136e-01	7.261397e-01	3.059796e+00	9.775548e-01	6.959022e-02	4.889339e-01	1.243707e-02	3.481413e+00	7.239386e+00	1.000838e+00	9.061532e+00	7.169718e-01	2.457778e-01	2.132441e+00	7.962417e-01	1.043284e+00	7.259023e+01	1.424181e+02	2.829893e-01	6.157123e-02	1.795474e+02	
8  105.9	2.329370e+00	1.261152e-01	7.160330e-01	3.065392e+00	9.768367e-01	7.150200e-02	4.638455e-01	2.723260e-03	3.534798e+00	7.098062e+00	1.000676e+00	9.251966e+00	7.069253e-01	2.457667e-01	2.144237e+00	8.193042e-01	1.042233e+00	7.159792e+01	1.423405e+02	2.931891e-01	5.852029e-02	2.325037e+02	
22  106.432	2.329370e+00	1.261152e-01	7.160330e-01	3.065392e+00	9.768367e-01	7.150200e-02	4.638455e-01	2.723260e-03	3.534798e+00	7.098062e+00	9.992113e-01	9.251966e+00	7.069253e-01	2.457667e-01	2.144237e+00	8.193042e-01	1.042233e+00	7.159792e+01	1.423405e+02	2.931891e-01	5.852029e-02	2.325037e+02	
11  106.388	2.329370e+00	1.261152e-01	7.160330e-01	3.065392e+00	9.768367e-01	7.150200e-02	4.638455e-01	2.723260e-03	3.534798e+00	7.098062e+00	9.992817e-01	9.251966e+00	7.069253e-01	2.457667e-01	2.144237e+00	8.193042e-01	1.042233e+00	7.159792e+01	1.423405e+02	2.931891e-01	5.852029e-02	2.325037e+02	
11  105.921	2.329370e+00	1.261152e-01	7.160330e-01	3.065392e+00	9.768367e-01	7.150200e-02	4.638455e-01	2.723260e-03	3.534798e+00	7.098062e+00	1.001353e+00	9.251966e+00	7.069253e-01	2.457667e-01	2.144237e+00	8.193042e-01	1.042233e+00	7.159792e+01	1.423405e+02	2.931891e-01	5.852029e-02	2.325037e+02	
11  105.97	2.329370e+00	1.261152e-01	7.160330e-01	3.065392e+00	9.768367e-01	7.150200e-02	4.638455e-01	2.723260e-03	3.534798e+00	7.098062e+00	1.000255e+00	9.251966e+00	7.069253e-01	2.457667e-01	2.144237e+00	8.193042e-01	1.042233e+00	7.159792e+01	1.423405e+02	2.931891e-01	5.852029e-02	2.325037e+02	
12  105.92	2.329370e+00	1.261152e-01	7.160330e-01	3.065392e+00	9.768367e-01	7.150200e-02	4.638455e-01	2.723260e-03	3.534798e+00	7.098062e+00	1.001346e+00	9.251966e+00	7.069253e-01	2.457667e-01	2.144237e+00	8.193042e-01	1.042233e+00	7.159792e+01	1.423405e+02	2.931891e-01	5.852029e-02	2.325037e+02	
10  106.449	2.326041e+00	1.251756e-01	7.138326e-01	3.072420e+00	9.783467e-01	7.596488e-02	4.237837e-01	8.304319e-03	3.540723e+00	7.102388e+00	1.001689e+00	9.648972e+00	7.071114e-01	2.457533e-01	2.158988e+00	8.106931e-01	1.042078e+00	7.136918e+01	1.427776e+02	2.930716e-01	5.378380e-02	2.232329e+02	
6  106.109	2.326041e+00	1.251756e-01	7.138326e-01	3.072420e+00	9.783467e-01	7.596488e-02	4.237837e-01	8.304319e-03	3.540723e+00	7.102388e+00	1.001337e+00	9.648972e+00	7.071114e-01	2.457533e-01	2.158988e+00	8.106931e-01	1.042078e+00	7.136918e+01	1.427776e+02	2.930716e-01	5.378380e-02	2.232329e+02	
5  104.657	2.333039e+00	1.243624e-01	7.186024e-01	3.066829e+00	9.780500e-01	7.319238e-02	4.117141e-01	2.315118e-03	3.504142e+00	7.255438e+00	1.001989e+00	9.362021e+00	7.126355e-01	2.457802e-01	2.147034e+00	8.166109e-01	1.042822e+00	7.184539e+01	1.429704e+02	2.874595e-01	5.237634e-02	1.864338e+02	
11  104.355	2.333039e+00	1.243624e-01	7.186024e-01	3.066829e+00	9.780500e-01	7.319238e-02	4.117141e-01	2.315118e-03	3.504142e+00	7.255438e+00	1.001432e+00	9.362021e+00	7.126355e-01	2.457802e-01	2.147034e+00	8.166109e-01	1.042822e+00	7.184539e+01	1.429704e+02	2.874595e-01	5.237634e-02	1.864338e+02	
3  104.234	2.333039e+00	1.243624e-01	7.186024e-01	3.066829e+00	9.780500e-01	7.319238e-02	4.117141e-01	2.315118e-03	3.504142e+00	7.255438e+00	1.001120e+00	9.362021e+00	7.126355e-01	2.457802e-01	2.147034e+00	8.166109e-01	1.042822e+00	7.184539e+01	1.429704e+02	2.874595e-01	5.237634e-02	1.864338e+02	
4  103.996	2.315739e+00	1.252504e-01	7.232537e-01	3.057023e+00	9.762741e-01	6.871061e-02	4.747027e-01	1.065454e-02	3.490609e+00	7.392976e+00	1.000089e+00	9.017016e+00	7.149202e-01	2.457125e-01	2.126594e+00	7.994873e-01	1.043419e+00	7.229918e+01	1.426475e+02	2.850746e-01	5.985127e-02	1.781681e+02	
11  104.755	2.315739e+00	1.252504e-01	7.232537e-01	3.057023e+00	9.762741e-01	6.871061e-02	4.747027e-01	1.065454e-02	3.490609e+00	7.392976e+00	1.001369e+00	9.017016e+00	7.149202e-01	2.457125e-01	2.126594e+00	7.994873e-01	1.043419e+00	7.229918e+01	1.426475e+02	2.850746e-01	5.985127e-02	1.781681e+02	
9  105.27	2.315739e+00	1.252504e-01	7.232537e-01	3.057023e+00	9.762741e-01	6.871061e-02	4.747027e-01	1.065454e-02	3.490609e+00	7.392976e+00	1.001926e+00	9.017016e+00	7.149202e-01	2.457125e-01	2.126594e+00	7.994873e-01	1.043419e+00	7.229918e+01	1.426475e+02	2.850746e-01	5.985127e-02	1.781681e+02	
2  108.713	2.316216e+00	1.271242e-01	7.197809e-01	3.080161e+00	9.758375e-01	7.113901e-02	5.137868e-01	4.010152e-04	3.448292e+00	7.158205e+00	1.013081e+00	9.273139e+00	7.083492e-01	2.457172e-01	2.176833e+00	8.313261e-01	1.042981e+00	7.198055e+01	1.420056e+02	2.916266e-01	6.445548e-02	2.016456e+02	
11  105.864	2.316216e+00	1.271242e-01	7.197809e-01	3.080161e+00	9.758375e-01	7.113901e-02	5.137868e-01	4.010152e-04	3.448292e+00	7.158205e+00	1.010203e+00	9.273139e+00	7.083492e-01	2.457172e-01	2.176833e+00	8.313261e-01	1.042981e+00	7.198055e+01	1.420056e+02	2.916266e-01	6.445548e-02	2.016456e+02	
11  106.208	2.316216e+00	1.271242e-01	7.197809e-01	3.080161e+00	9.758375e-01	7.113901e-02	5.137868e-01	4.010152e-04	3.448292e+00	7.158205e+00	1.010791e+00	9.273139e+00	7.083492e-01	2.457172e-01	2.176833e+00	8.313261e-01	1.042981e+00	7.198055e+01	1.420056e+02	2.916266e-01	6.445548e-02	2.016456e+02	
11  106.652	2.316216e+00	1.271242e-01	7.197809e-01	3.080161e+00	9.758375e-01	7.113901e-02	5.137868e-01	4.010152e-04	3.448292e+00	7.158205e+00	1.011354e+00	9.273139e+00	7.083492e-01	2.457172e-01	2.176833e+00	8.313261e-01	1.042981e+00	7.198055e+01	1.420056e+02	2.916266e-01	6.445548e-02	2.016456e+02	
22  107.722	2.316216e+00	1.271242e-01	7.197809e-01	3.080161e+00	9.758375e-01	7.113901e-02	5.137868e-01	4.010152e-04	3.448292e+00	7.158205e+00	1.012360e+00	9.273139e+00	7.083492e-01	2.457172e-01	2.176833e+00	8.313261e-01	1.042981e+00	7.198055e+01	1.420056e+02	2.916266e-01	6.445548e-02	2.016456e+02	
11  107.712	2.316216e+00	1.271242e-01	7.197809e-01	3.080161e+00	9.758375e-01	7.113901e-02	5.137868e-01	4.010152e-04	3.448292e+00	7.158205e+00	1.012352e+00	9.273139e+00	7.083492e-01	2.457172e-01	2.176833e+00	8.313261e-01	1.042981e+00	7.198055e+01	1.420056e+02	2.916266e-01	6.445548e-02	2.016456e+02	
11  105.583	2.316216e+00	1.271242e-01	7.197809e-01	3.080161e+00	9.758375e-01	7.113901e-02	5.137868e-01	4.010152e-04	3.448292e+00	7.158205e+00	1.009324e+00	9.273139e+00	7.083492e-01	2.457172e-01	2.176833e+00	8.313261e-01	1.042981e+00	7.198055e+01	1.420056e+02	2.916266e-01	6.445548e-02	2.016456e+02	
7  105.811	2.316216e+00	1.271242e-01	7.197809e-01	3.080161e+00	9.758375e-01	7.113901e-02	5.137868e-01	4.010152e-04	3.448292e+00	7.158205e+00	1.010085e+00	9.273139e+00	7.083492e-01	2.457172e-01	2.176833e+00	8.313261e-01	1.042981e+00	7.198055e+01	1.420056e+02	2.916266e-01	6.445548e-02	2.016456e+02	
2  106.104	2.285847e+00	1.292357e-01	7.050351e-01	3.102016e+00	9.800165e-01	7.711215e-02	4.819985e-01	1.692346e-02	3.345237e+00	7.259463e+00	1.010716e+00	9.956005e+00	6.919593e-01	2.455901e-01	2.225351e+00	8.148955e-01	1.042735e+00	7.045506e+01	1.419569e+02	3.081285e-01	6.051328e-02	1.155493e+02	
11  108.075	2.285847e+00	1.292357e-01	7.050351e-01	3.102016e+00	9.800165e-01	7.711215e-02	4.819985e-01	1.692346e-02	3.345237e+00	7.259463e+00	1.012258e+00	9.956005e+00	6.919593e-01	2.455901e-01	2.225351e+00	8.148955e-01	1.042735e+00	7.045506e+01	1.419569e+02	3.081285e-01	6.051328e-02	1.155493e+02	
8  107.224	2.285847e+00	1.292357e-01	7.050351e-01	3.102016e+00	9.800165e-01	7.711215e-02	4.819985e-01	1.692346e-02	3.345237e+00	7.259463e+00	1.011669e+00	9.956005e+00	6.919593e-01	2.455901e-01	2.225351e+00	8.148955e-01	1.042735e+00	7.045506e+01	1.419569e+02	3.081285e-01	6.051328e-02	1.155493e+02	
3  108.549	2.284576e+00	1.293464e-01	7.087404e-01	3.094120e+00	9.793790e-01	7.442849e-02	4.819170e-01	2.060519e-02	3.365397e+00	7.093790e+00	1.010389e+00	9.714788e+00	6.951174e-01	2.455845e-01	2.207474e+00	8.070686e-01	1.043945e+00	7.083061e+01	1.419598e+02	3.048927e-01	6.049556e-02	1.132268e+02	
11  109.011	2.284576e+00	1.293464e-01	7.087404e-01	3.094120e+00	9.793790e-01	7.442849e-02	4.819170e-01	2.060519e-02	3.365397e+00	7.093790e+00	1.010648e+00	9.714788e+00	6.951174e-01	2.455845e-01	2.207474e+00	8.070686e-01	1.043945e+00	7.083061e+01	1.419598e+02	3.048927e-01	6.049556e-02	1.132268e+02	
22  106.706	2.284576e+00	1.293464e-01	7.087404e-01	3.094120e+00	9.793790e-01	7.442849e-02	4.819170e-01	2.060519e-02	3.365397e+00	7.093790e+00	1.009177e+00	9.714788e+00	6.951174e-01	2.455845e-01	2.207474e+00	8.070686e-01	1.043945e+00	7.083061e+01	1.419598e+02	3.048927e-01	6.049556e-02	1.132268e+02	
41  107.724	2.284576e+00	1.293464e-01	7.087404e-01	3.094120e+00	9.793790e-01	7.442849e-02	4.819170e-01	2.060519e-02	3.365397e+00	7.093790e+00	1.009887e+00	9.714788e+00	6.951174e-01	2.455845e-01	2.207474e+00	8.070686e-01	1.043945e+00	7.083061e+01	1.419598e+02	3.048927e-01	6.049556e-02	1.132268e+02	
10  105.839	2.265908e+00	1.297123e-01	7.068712e-01	3.110073e+00	9.783834e-01	8.198225e-02	5.191419e-01	1.794681e-02	3.332985e+00	7.183603e+00	1.010350e+00	1.046945e+01	6.929129e-01	2.455124e-01	2.243525e+00	8.177801e-01	1.043064e+00	7.064060e+01	1.418654e+02	3.071015e-01	6.493002e-02	1.268328e+02	
11  106.783	2.265908e+00	1.297123e-01	7.068712e-01	3.110073e+00	9.783834e-01	8.198225e-02	5.191419e-01	1.794681e-02	3.332985e+00	7.183603e+00	1.011168e+00	1.046945e+01	6.929129e-01	2.455124e-01	2.243525e+00	8.177801e-01	1.043064e+00	7.064060e+01	1.418654e+02	3.071015e-01	6.493002e-02	1.268328e+02	
33  106.777	2.265908e+00	1.297123e-01	7.068712e-01	3.110073e+00	9.783834e-01	8.198225e-02	5.191419e-01	1.794681e-02	3.332985e+00	7.183603e+00	1.011163e+00	1.046945e+01	6.929129e-01	2.455124e-01	2.243525e+00	8.177801e-01	1.043064e+00	7.064060e+01	1.418654e+02	3.071015e-01	6.493002e-02	1.268328e+02	
11  104.505	2.265908e+00	1.297123e-01	7.068712e-01	3.110073e+00	9.783834e-01	8.198225e-02	5.191419e-01	1.794681e-02	3.332985e+00	7.183603e+00	1.008256e+00	1.046945e+01	6.929129e-01	2.455124e-01	2.243525e+00	8.177801e-01	1.043064e+00	7.064060e+01	1.418654e+02	3.071015e-01	6.493002e-02	1.268328e+02	
11  104.42	2.265908e+00	1.297123e-01	7.068712e-01	3.110073e+00	9.783834e-01	8.198225e-02	5.191419e-01	1.794681e-02	3.332985e+00	7.183603e+00	1.007764e+00	1.046945e+01	6.929129e-01	2.455124e-01	2.243525e+00	8.177801e-01	1.043064e+00	7.064060e+01	1.418654e+02	3.071015e-01	6.493002e-02	1.268328e+02	
11  104.524	2.265908e+00	1.297123e-01	7.068712e-01	3.110073e+00	9.783834e-01	8.198225e-02	5.191419e-01	1.794681e-02	3.332985e+00	7.183603e+00	1.008325e+00	1.046945e+01	6.929129e-01	2.455124e-01	2.243525e+00	8.177801e-01	1.043064e+00	7.064060e+01	1.418654e+02	3.071015e-01	6.493002e-02	1.268328e+02	
11  104.428	2.265908e+00	1.297123e-01	7.068712e-01	3.110073e+00	9.783834e-01	8.198225e-02	5.191419e-01	1.794681e-02	3.332985e+00	7.183603e+00	1.007838e+00	1.046945e+01	6.929129e-01	2.455124e-01	2.243525e+00	8.177801e-01	1.043064e+00	7.064060e+01	1.418654e+02	3.071015e-01	6.493002e-02	1.268328e+02	
11  104.413	2.265908e+00	1.297123e-01	7.068712e-01	3.110073e+00	9.783834e-01	8.198225e-02	5.191419e-01	1.794681e-02	3.332985e+00	7.183603e+00	1.007639e+00	1.046945e+01	6.929129e-01	2.455124e-01	2.243525e+00	8.177801e-01	1.043064e+00	7.064060e+01	1.418654e+02	3.071015e-01	6.493002e-02	1.268328e+02	
11  105.569	2.265908e+00	1.297123e-01	7.068712e-01	3.110073e+00	9.783834e-01	8.198225e-02	5.191419e-01	1.794681e-02	3.332985e+00	7.183603e+00	1.005020e+00	1.046945e+01	6.929129e-01	2.455124e-01	2.243525e+00	8.177801e-01	1.043064e+00	7.064060e+01	1.418654e+02	3.071015e-01	6.493002e-02	1.268328e+02	
11  104.827	2.265908e+00	1.297123e-01	7.068712e-01	3.110073e+00	9.783834e-01	8.198225e-02	5.191419e-01	1.794681e-02	3.332985e+00	7.183603e+00	1.006031e+00	1.046945e+01	6.929129e-01	2.455124e-01	2.243525e+00	8.177801e-01	1.043064e+00	7.064060e+01	1.418654e+02	3.071015e-01	6.493002e-02	1.268328e+02	
11  105.707	2.265908e+00	1.297123e-01	7.068712e-01	3.110073e+00	9.783834e-01	8.198225e-02	5.191419e-01	1.794681e-02	3.332985e+00	7.183603e+00	1.004874e+00	1.046945e+01	6.929129e-01	2.455124e-01	2.243525e+00	8.177801e-01	1.043064e+00	7.064060e+01	1.418654e+02	3.071015e-01	6.493002e-02	1.268328e+02	
22  104.774	2.265908e+00	1.297123e-01	7.068712e-01	3.110073e+00	9.783834e-01	8.198225e-02	5.191419e-01	1.794681e-02	3.332985e+00	7.183603e+00	1.006127e+00	1.046945e+01	6.929129e-01	2.455124e-01	2.243525e+00	8.177801e-01	1.043064e+00	7.064060e+01	1.418654e+02	3.071015e-01	6.493002e-02	1.268328e+02	
11  104.709	2.265908e+00	1.297123e-01	7.068712e-01	3.110073e+00	9.783834e-01	8.198225e-02	5.191419e-01	1.794681e-02	3.332985e+00	7.183603e+00	1.006260e+00	1.046945e+01	6.929129e-01	2.455124e-01	2.243525e+00	8.177801e-01	1.043064e+00	7.064060e+01	1.418654e+02	3.071015e-01	6.493002e-02	1.268328e+02	
11  104.442	2.265908e+00	1.297123e-01	7.068712e-01	3.110073e+00	9.783834e-01	8.198225e-02	5.191419e-01	1.794681e-02	3.332985e+00	7.183603e+00	1.007953e+00	1.046945e+01	6.929129e-01	2.455124e-01	2.243525e+00	8.177801e-01	1.043064e+00	7.064060e+01	1.418654e+02	3.071015e-01	6.493002e-02	1.268328e+02	
11  104.483	2.265908e+00	1.297123e-01	7.068712e-01	3.110073e+00	9.783834e-01	8.198225e-02	5.191419e-01	1.794681e-02	3.332985e+00	7.183603e+00	1.008167e+00	1.046945e+01	6.929129e-01	2.455124e-01	2.243525e+00	8.177801e-01	1.043064e+00	7.064060e+01	1.418654e+02	3.071015e-01	6.493002e-02	1.268328e+02	
11  104.464	2.265908e+00	1.297123e-01	7.068712e-01	3.110073e+00	9.783834e-01	8.198225e-02	5.191419e-01	1.794681e-02	3.332985e+00	7.183603e+00	1.008075e+00	1.046945e+01	6.929129e-01	2.455124e-01	2.243525e+00	8.177801e-01	1.043064e+00	7.064060e+01	1.418654e+02	3.071015e-01	6.493002e-02	1.268328e+02	
11  104.569	2.265908e+00	1.297123e-01	7.068712e-01	3.110073e+00	9.783834e-01	8.198225e-02	5.191419e-01	1.794681e-02	3.332985e+00	7.183603e+00	1.008471e+00	1.046945e+01	6.929129e-01	2.455124e-01	2.243525e+00	8.177801e-01	1.043064e+00	7.064060e+01	1.418654e+02	3.071015e-01	6.493002e-02	1.268328e+02	
33  105.506	2.265908e+00	1.297123e-01	7.068712e-01	3.110073e+00	9.783834e-01	8.198225e-02	5.191419e-01	1.794681e-02	3.332985e+00	7.183603e+00	1.009997e+00	1.046945e+01	6.929129e-01	2.455124e-01	2.243525e+00	8.177801e-01	1.043064e+00	7.064060e+01	1.418654e+02	3.071015e-01	6.493002e-02	1.268328e+02	
11  104.548	2.265908e+00	1.297123e-01	7.068712e-01	3.110073e+00	9.783834e-01	8.198225e-02	5.191419e-01	1.794681e-02	3.332985e+00	7.183603e+00	1.008404e+00	1.046945e+01	6.929129e-01	2.455124e-01	2.243525e+00	8.177801e-01	1.043064e+00	7.064060e+01	1.418654e+02	3.071015e-01	6.493002e-02	1.268328e+02	
11  105.284	2.265908e+00	1.297123e-01	7.068712e-01	3.110073e+00	9.783834e-01	8.198225e-02	5.191419e-01	1.794681e-02	3.332985e+00	7.183603e+00	1.009728e+00	1.046945e+01	6.929129e-01	2.455124e-01	2.243525e+00	8.177801e-01	1.043064e+00	7.064060e+01	1.418654e+02	3.071015e-01	6.493002e-02	1.268328e+02	
11  105.181	2.265908e+00	1.297123e-01	7.068712e-01	3.110073e+00	9.783834e-01	8.198225e-02	5.191419e-01	1.794681e-02	3.332985e+00	7.183603e+00	1.009595e+00	1.046945e+01	6.929129e-01	2.455124e-01	2.243525e+00	8.177801e-01	1.043064e+00	7.064060e+01	1.418654e+02	3.071015e-01	6.493002e-02	1.268328e+02	
22  105.329	2.265908e+00	1.297123e-01	7.068712e-01	3.110073e+00	9.783834e-01	8.198225e-02	5.191419e-01	1.794681e-02	3.332985e+00	7.183603e+00	1.009786e+00	1.046945e+01	6.929129e-01	2.455124e-01	2.243525e+00	8.177801e-01	1.043064e+00	7.064060e+01	1.418654e+02	3.071015e-01	6.493002e-02	1.268328e+02	
22  104.761	2.265908e+00	1.297123e-01	7.068712e-01	3.110073e+00	9.783834e-01	8.198225e-02	5.191419e-01	1.794681e-02	3.332985e+00	7.183603e+00	1.006152e+00	1.046945e+01	6.929129e-01	2.455124e-01	2.243525e+00	8.177801e-01	1.043064e+00	7.064060e+01	1.418654e+02	3.071015e-01	6.493002e-02	1.268328e+02	
11  104.718	2.265908e+00	1.297123e-01	7.068712e-01	3.110073e+00	9.783834e-01	8.198225e-02	5.191419e-01	1.794681e-02	3.332985e+00	7.183603e+00	1.006241e+00	1.046945e+01	6.929129e-01	2.455124e-01	2.243525e+00	8.177801e-01	1.043064e+00	7.064060e+01	1.418654e+02	3.071015e-01	6.493002e-02	1.268328e+02	
22  104.58	2.265908e+00	1.297123e-01	7.068712e-01	3.110073e+00	9.783834e-01	8.198225e-02	5.191419e-01	1.794681e-02	3.332985e+00	7.183603e+00	1.008501e+00	1.046945e+01	6.929129e-01	2.455124e-01	2.243525e+00	8.177801e-01	1.043064e+00	7.064060e+01	1.418654e+02	3.071015e-01	6.493002e-02	1.268328e+02	
22  104.63	2.265908e+00	1.297123e-01	7.068712e-01	3.110073e+00	9.783834e-01	8.198225e-02	5.191419e-01	1.794681e-02	3.332985e+00	7.183603e+00	1.008630e+00	1.046945e+01	6.929129e-01	2.455124e-01	2.243525e+00	8.177801e-01	1.043064e+00	7.064060e+01	1.418654e+02	3.071015e-01	6.493002e-02	1.268328e+02	
11  104.592	2.265908e+00	1.297123e-01	7.068712e-01	3.110073e+00	9.783834e-01	8.198225e-02	5.191419e-01	1.794681e-02	3.332985e+00	7.183603e+00	1.008535e+00	1.046945e+01	6.929129e-01	2.455124e-01	2.243525e+00	8.177801e-01	1.043064e+00	7.064060e+01	1.418654e+02	3.071015e-01	6.493002e-02	1.268328e+02	
11  104.543	2.265908e+00	1.297123e-01	7.068712e-01	3.110073e+00	9.783834e-01	8.198225e-02	5.191419e-01	1.794681e-02	3.332985e+00	7.183603e+00	1.006683e+00	1.046945e+01	6.929129e-01	2.455124e-01	2.243525e+00	8.177801e-01	1.043064e+00	7.064060e+01	1.418654e+02	3.071015e-01	6.493002e-02	1.268328e+02	
11  104.429	2.265908e+00	1.297123e-01	7.068712e-01	3.110073e+00	9.783834e-01	8.198225e-02	5.191419e-01	1.794681e-02	3.332985e+00	7.183603e+00	1.007216e+00	1.046945e+01	6.929129e-01	2.455124e-01	2.243525e+00	8.177801e-01	1.043064e+00	7.064060e+01	1.418654e+02	3.071015e-01	6.493002e-02	1.268328e+02	
11  104.45	2.265908e+00	1.297123e-01	7.068712e-01	3.110073e+00	9.783834e-01	8.198225e-02	5.191419e-01	1.794681e-02	3.332985e+00	7.183603e+00	1.007073e+00	1.046945e+01	6.929129e-01	2.455124e-01	2.243525e+00	8.177801e-01	1.043064e+00	7.064060e+01	1.418654e+02	3.071015e-01	6.493002e-02	1.268328e+02	
11  104.411	2.265908e+00	1.297123e-01	7.068712e-01	3.110073e+00	9.783834e-01	8.198225e-02	5.191419e-01	1.794681e-02	3.332985e+00	7.183603e+00	1.007600e+00	1.046945e+01	6.929129e-01	2.455124e-01	2.243525e+00	8.177801e-01	1.043064e+00	7.064060e+01	1.418654e+02	3.071015e-01	6.493002e-02	1.268328e+02	
11  104.452	2.265908e+00	1.297123e-01	7.068712e-01	3.110073e+00	9.783834e-01	8.198225e-02	5.191419e-01	1.794681e-02	3.332985e+00	7.183603e+00	1.007066e+00	1.046945e+01	6.929129e-01	2.455124e-01	2.243525e+00	8.177801e-01	1.043064e+00	7.064060e+01	1.418654e+02	3.071015e-01	6.493002e-02	1.268328e+02	
11  105.05	2.265908e+00	1.297123e-01	7.068712e-01	3.110073e+00	9.783834e-01	8.198225e-02	5.191419e-01	1.794681e-02	3.332985e+00	7.183603e+00	1.009410e+00	1.046945e+01	6.929129e-01	2.455124e-01	2.243525e+00	8.177801e-01	1.043064e+00	7.064060e+01	1.418654e+02	3.071015e-01	6.493002e-02	1.268328e+02	
11  105.494	2.265908e+00	1.297123e-01	7.068712e-01	3.110073e+00	9.783834e-01	8.198225e-02	5.191419e-01	1.794681e-02	3.332985e+00	7.183603e+00	1.009984e+00	1.046945e+01	6.929129e-01	2.455124e-01	2.243525e+00	8.177801e-01	1.043064e+00	7.064060e+01	1.418654e+02	3.071015e-01	6.493002e-02	1.268328e+02	
11  104.411	2.265908e+00	1.297123e-01	7.068712e-01	3.110073e+00	9.783834e-01	8.198225e-02	5.191419e-01	1.794681e-02	3.332985e+00	7.183603e+00	1.007467e+00	1.046945e+01	6.929129e-01	2.455124e-01	2.243525e+00	8.177801e-01	1.043064e+00	7.064060e+01	1.418654e+02	3.071015e-01	6.493002e-02	1.268328e+02	
11  104.457	2.265908e+00	1.297123e-01	7.068712e-01	3.110073e+00	9.783834e-01	8.198225e-02	5.191419e-01	1.794681e-02	3.332985e+00	7.183603e+00	1.007036e+00	1.046945e+01	6.929129e-01	2.455124e-01	2.243525e+00	8.177801e-01	1.043064e+00	7.064060e+01	1.418654e+02	3.071015e-01	6.493002e-02	1.268328e+02	
11  104.431	2.265908e+00	1.297123e-01	7.068712e-01	3.110073e+00	9.783834e-01	8.198225e-02	5.191419e-01	1.794681e-02	3.332985e+00	7.183603e+00	1.007878e+00	1.046945e+01	6.929129e-01	2.455124e-01	2.243525e+00	8.177801e-01	1.043064e+00	7.064060e+01	1.418654e+02	3.071015e-01	6.493002e-02	1.268328e+02	
11  105.342	2.265908e+00	1.297123e-01	7.068712e-01	3.110073e+00	9.783834e-01	8.198225e-02	5.191419e-01	1.794681e-02	3.332985e+00	7.183603e+00	1.009802e+00	1.046945e+01	6.929129e-01	2.455124e-01	2.243525e+00	8.177801e-01	1.043064e+00	7.064060e+01	1.418654e+02	3.071015e-01	6.493002e-02	1.268328e+02	
11  104.417	2.265908e+00	1.297123e-01	7.068712e-01	3.110073e+00	9.783834e-01	8.198225e-02	5.191419e-01	1.794681e-02	3.332985e+00	7.183603e+00	1.007330e+00	1.046945e+01	6.929129e-01	2.455124e-01	2.243525e+00	8.177801e-01	1.043064e+00	7.064060e+01	1.418654e+02	3.071015e-01	6.493002e-02	1.268328e+02	
11  104.505	2.265908e+00	1.297123e-01	7.068712e-01	3.110073e+00	9.783834e-01	8.198225e-02	5.191419e-01	1.794681e-02	3.332985e+00	7.183603e+00	1.008256e+00	1.046945e+01	6.929129e-01	2.455124e-01	2.243525e+00	8.177801e-01	1.043064e+00	7.064060e+01	1.418654e+02	3.071015e-01	6.493002e-02	1.268328e+02	
11  104.737	2.265908e+00	1.297123e-01	7.068712e-01	3.110073e+00	9.783834e-01	8.198225e-02	5.191419e-01	1.794681e-02	3.332985e+00	7.183603e+00	1.006203e+00	1.046945e+01	6.929129e-01	2.455124e-01	2.243525e+00	8.177801e-01	1.043064e+00	7.064060e+01	1.418654e+02	3.071015e-01	6.493002e-02	1.268328e+02	
5  104.604	2.265908e+00	1.297123e-01	7.068712e-01	3.110073e+00	9.783834e-01	8.198225e-02	5.191419e-01	1.794681e-02	3.332985e+00	7.183603e+00	1.006509e+00	1.046945e+01	6.929129e-01	2.455124e-01	2.243525e+00	8.177801e-01	1.043064e+00	7.064060e+01	1.418654e+02	3.071015e-01	6.493002e-02	1.268328e+02	
3  107.358	2.254729e+00	1.286044e-01	7.015532e-01	3.093471e+00	9.853810e-01	7.600761e-02	4.764585e-01	2.173801e-02	3.385443e+00	6.879160e+00	1.003786e+00	9.929352e+00	6.905915e-01	2.454610e-01	2.206596e+00	8.046355e-01	1.042175e+00	7.010841e+01	1.424676e+02	3.095799e-01	5.979519e-02	1.529413e+02	
11  106.504	2.254729e+00	1.286044e-01	7.015532e-01	3.093471e+00	9.853810e-01	7.600761e-02	4.764585e-01	2.173801e-02	3.385443e+00	6.879160e+00	1.005472e+00	9.929352e+00	6.905915e-01	2.454610e-01	2.206596e+00	8.046355e-01	1.042175e+00	7.010841e+01	1.424676e+02	3.095799e-01	5.979519e-02	1.529413e+02	
22  106.584	2.254729e+00	1.286044e-01	7.015532e-01	3.093471e+00	9.853810e-01	7.600761e-02	4.764585e-01	2.173801e-02	3.385443e+00	6.879160e+00	1.006888e+00	9.929352e+00	6.905915e-01	2.454610e-01	2.206596e+00	8.046355e-01	1.042175e+00	7.010841e+01	1.424676e+02	3.095799e-01	5.979519e-02	1.529413e+02	
11  106.57	2.254729e+00	1.286044e-01	7.015532e-01	3.093471e+00	9.853810e-01	7.600761e-02	4.764585e-01	2.173801e-02	3.385443e+00	6.879160e+00	1.006844e+00	9.929352e+00	6.905915e-01	2.454610e-01	2.206596e+00	8.046355e-01	1.042175e+00	7.010841e+01	1.424676e+02	3.095799e-01	5.979519e-02	1.529413e+02	
15  106.458	2.254729e+00	1.286044e-01	7.015532e-01	3.093471e+00	9.853810e-01	7.600761e-02	4.764585e-01	2.173801e-02	3.385443e+00	6.879160e+00	1.006256e+00	9.929352e+00	6.905915e-01	2.454610e-01	2.206596e+00	8.046355e-01	1.042175e+00	7.010841e+01	1.424676e+02	3.095799e-01	5.979519e-02	1.529413e+02	
7  107.175	2.251897e+00	1.293637e-01	7.019744e-01	3.090404e+00	9.861423e-01	7.421852e-02	4.626871e-01	3.515557e-02	3.444334e+00	7.001028e+00	1.005816e+00	9.789964e+00	6.896863e-01	2.454484e-01	2.199173e+00	7.833529e-01	1.043594e+00	7.015115e+01	1.423916e+02	3.105090e-01	5.812489e-02	1.614622e+02	
3  106.278	2.251897e+00	1.293637e-01	7.019744e-01	3.090404e+00	9.861423e-01	7.421852e-02	4.626871e-01	3.515557e-02	3.444334e+00	7.001028e+00	1.005007e+00	9.789964e+00	6.896863e-01	2.454484e-01	2.199173e+00	7.833529e-01	1.043594e+00	7.015115e+01	1.423916e+02	3.105090e-01	5.812489e-02	1.614622e+02	
1  108.903	2.261945e+00	1.296556e-01	7.010342e-01	3.086267e+00	9.877012e-01	6.995840e-02	4.915237e-01	2.925340e-02	3.442428e+00	6.703072e+00	1.006569e+00	9.368123e+00	6.878411e-01	2.454882e-01	2.190842e+00	7.923090e-01	1.042373e+00	7.005934e+01	1.420915e+02	3.123296e-01	6.151830e-02	1.815959e+02	
22  110.136	2.257017e+00	1.300913e-01	7.014430e-01	3.071242e+00	9.879567e-01	6.535752e-02	4.944818e-01	2.161179e-02	3.437306e+00	6.555745e+00	1.003619e+00	8.941970e+00	6.873983e-01	2.454657e-01	2.158363e+00	8.036163e-01	1.042945e+00	7.010844e+01	1.420508e+02	3.127494e-01	6.177954e-02	1.799929e+02	
4  108.004	2.260813e+00	1.322695e-01	7.047749e-01	3.083859e+00	9.830617e-01	6.918726e-02	5.605398e-01	4.517424e-02	3.382933e+00	6.658637e+00	1.003028e+00	9.364917e+00	6.859205e-01	2.454855e-01	2.184827e+00	7.653154e-01	1.043769e+00	7.042178e+01	1.411796e+02	3.141605e-01	6.965970e-02	1.382318e+02	
11  108.286	2.260813e+00	1.322695e-01	7.047749e-01	3.083859e+00	9.830617e-01	6.918726e-02	5.605398e-01	4.517424e-02	3.382933e+00	6.658637e+00	1.003458e+00	9.364917e+00	6.859205e-01	2.454855e-01	2.184827e+00	7.653154e-01	1.043769e+00	7.042178e+01	1.411796e+02	3.141605e-01	6.965970e-02	1.382318e+02	
5  107.659	2.260813e+00	1.322695e-01	7.047749e-01	3.083859e+00	9.830617e-01	6.918726e-02	5.605398e-01	4.517424e-02	3.382933e+00	6.658637e+00	1.000570e+00	9.364917e+00	6.859205e-01	2.454855e-01	2.184827e+00	7.653154e-01	1.043769e+00	7.042178e+01	1.411796e+02	3.141605e-01	6.965970e-02	1.382318e+02	
1  108.314	2.257842e+00	1.321007e-01	7.075096e-01	3.060874e+00	9.846689e-01	5.953442e-02	5.789077e-01	3.956929e-02	3.393112e+00	6.582714e+00	9.993124e-01	8.417035e+00	6.887331e-01	2.454700e-01	2.135779e+00	7.682427e-01	1.043856e+00	7.069570e+01	1.411987e+02	3.113658e-01	7.173435e-02	1.477759e+02	
5  108.836	2.257359e+00	1.330789e-01	6.971319e-01	3.075978e+00	9.777797e-01	6.235445e-02	5.164266e-01	3.830836e-02	3.403764e+00	6.566569e+00	1.001989e+00	8.711514e+00	6.773229e-01	2.454686e-01	2.167872e+00	7.782007e-01	1.043843e+00	6.965817e+01	1.412572e+02	3.229994e-01	6.433739e-02	1.437809e+02	
11  109.092	2.257359e+00	1.330789e-01	6.971319e-01	3.075978e+00	9.777797e-01	6.235445e-02	5.164266e-01	3.830836e-02	3.403764e+00	6.566569e+00	1.004787e+00	8.711514e+00	6.773229e-01	2.454686e-01	2.167872e+00	7.782007e-01	1.043843e+00	6.965817e+01	1.412572e+02	3.229994e-01	6.433739e-02	1.437809e+02	
22  109.379	2.257359e+00	1.330789e-01	6.971319e-01	3.075978e+00	9.777797e-01	6.235445e-02	5.164266e-01	3.830836e-02	3.403764e+00	6.566569e+00	1.005212e+00	8.711514e+00	6.773229e-01	2.454686e-01	2.167872e+00	7.782007e-01	1.043843e+00	6.965817e+01	1.412572e+02	3.229994e-01	6.433739e-02	1.437809e+02	
6  110.154	2.257359e+00	1.330789e-01	6.971319e-01	3.075978e+00	9.777797e-01	6.235445e-02	5.164266e-01	3.830836e-02	3.403764e+00	6.566569e+00	1.006070e+00	8.711514e+00	6.773229e-01	2.454686e-01	2.167872e+00	7.782007e-01	1.043843e+00	6.965817e+01	1.412572e+02	3.229994e-01	6.433739e-02	1.437809e+02	
5  107.838	2.261340e+00	1.325447e-01	7.025070e-01	3.077900e+00	9.804688e-01	6.202406e-02	5.404379e-01	3.328216e-02	3.358650e+00	6.618395e+00	1.007936e+00	8.658304e+00	6.832376e-01	2.454829e-01	2.172642e+00	7.858578e-01	1.043992e+00	7.019548e+01	1.412328e+02	3.168990e-01	6.717996e-02	1.195128e+02	
9  107.484	2.261340e+00	1.325447e-01	7.025070e-01	3.077900e+00	9.804688e-01	6.202406e-02	5.404379e-01	3.328216e-02	3.358650e+00	6.618395e+00	1.006797e+00	8.658304e+00	6.832376e-01	2.454829e-01	2.172642e+00	7.858578e-01	1.043992e+00	7.019548e+01	1.412328e+02	3.168990e-01	6.717996e-02	1.195128e+02	
2  109.349	2.260453e+00	1.333499e-01	7.062928e-01	3.086559e+00	9.794960e-01	6.398508e-02	5.799275e-01	2.768153e-02	3.360582e+00	6.729501e+00	1.008022e+00	8.870898e+00	6.850195e-01	2.454779e-01	2.191582e+00	8.020182e-01	1.044586e+00	7.059001e+01	1.408745e+02	3.148989e-01	7.185055e-02	1.222072e+02	
3  109.65	2.260453e+00	1.333499e-01	7.062928e-01	3.086559e+00	9.794960e-01	6.398508e-02	5.799275e-01	2.768153e-02	3.360582e+00	6.729501e+00	1.007594e+00	8.870898e+00	6.850195e-01	2.454779e-01	2.191582e+00	8.020182e-01	1.044586e+00	7.059001e+01	1.408745e+02	3.148989e-01	7.185055e-02	1.222072e+02	
4  108.311	2.279369e+00	1.301296e-01	7.013804e-01	3.074679e+00	9.853465e-01	6.455499e-02	4.904084e-01	3.154157e-02	3.285853e+00	7.360031e+00	1.004974e+00	8.816651e+00	6.868180e-01	2.455538e-01	2.166155e+00	7.763920e-01	1.042487e+00	7.005402e+01	1.418173e+02	3.134328e-01	6.129076e-02	6.231824e+01	
4  109.429	2.276999e+00	1.301904e-01	7.099297e-01	3.074425e+00	9.841450e-01	6.641410e-02	5.519238e-01	1.667924e-02	3.357158e+00	7.506955e+00	1.003064e+00	8.999000e+00	6.942803e-01	2.455466e-01	2.165526e+00	8.084150e-01	1.043038e+00	7.094407e+01	1.415347e+02	3.055831e-01	6.869870e-02	1.268815e+02	
9  106.422	2.269415e+00	1.306148e-01	7.136759e-01	3.075872e+00	9.846179e-01	6.773914e-02	5.694936e-01	2.571385e-02	3.383780e+00	7.025650e+00	1.003464e+00	9.161081e+00	6.969350e-01	2.455189e-01	2.168008e+00	7.953885e-01	1.044157e+00	7.132658e+01	1.414367e+02	3.028672e-01	7.077754e-02	1.389211e+02	
2  106.502	2.269415e+00	1.306148e-01	7.136759e-01	3.075872e+00	9.846179e-01	6.773914e-02	5.694936e-01	2.571385e-02	3.383780e+00	7.025650e+00	1.003276e+00	9.161081e+00	6.969350e-01	2.455189e-01	2.168008e+00	7.953885e-01	1.044157e+00	7.132658e+01	1.414367e+02	3.028672e-01	7.077754e-02	1.389211e+02	
2  107.307	2.284175e+00	1.298315e-01	7.120994e-01	3.073747e+00	9.840914e-01	6.813639e-02	5.490653e-01	1.761412e-02	3.450619e+00	6.825963e+00	1.002371e+00	9.139767e+00	6.968351e-01	2.455808e-01	2.163375e+00	8.084065e-01	1.043205e+00	7.118759e+01	1.415584e+02	3.030625e-01	6.839082e-02	1.909274e+02	
7  108.197	2.273274e+00	1.305882e-01	7.127803e-01	3.081247e+00	9.823875e-01	6.716836e-02	5.335703e-01	1.997966e-02	3.428469e+00	6.900187e+00	1.005976e+00	9.087778e+00	6.963034e-01	2.455352e-01	2.179454e+00	8.104974e-01	1.044935e+00	7.125137e+01	1.415787e+02	3.035595e-01	6.651764e-02	1.555885e+02	
5  108.251	2.273274e+00	1.305882e-01	7.127803e-01	3.081247e+00	9.823875e-01	6.716836e-02	5.335703e-01	1.997966e-02	3.428469e+00	6.900187e+00	1.005851e+00	9.087778e+00	6.963034e-01	2.455352e-01	2.179454e+00	8.104974e-01	1.044935e+00	7.125137e+01	1.415787e+02	3.035595e-01	6.651764e-02	1.555885e+02	
6  107.339	2.272642e+00	1.307358e-01	7.061967e-01	3.075806e+00	9.818843e-01	6.537687e-02	4.877625e-01	2.436639e-02	3.412665e+00	6.756954e+00	1.004828e+00	8.917537e+00	6.902764e-01	2.455307e-01	2.167446e+00	8.007038e-01	1.044709e+00	7.057828e+01	1.417683e+02	3.098163e-01	6.104960e-02	1.356343e+02	
11  107.315	2.272642e+00	1.307358e-01	7.061967e-01	3.075806e+00	9.818843e-01	6.537687e-02	4.877625e-01	2.436639e-02	3.412665e+00	6.756954e+00	1.003447e+00	8.917537e+00	6.902764e-01	2.455307e-01	2.167446e+00	8.007038e-01	1.044709e+00	7.057828e+01	1.417683e+02	3.098163e-01	6.104960e-02	1.356343e+02	
9  107.242	2.272642e+00	1.307358e-01	7.061967e-01	3.075806e+00	9.818843e-01	6.537687e-02	4.877625e-01	2.436639e-02	3.412665e+00	6.756954e+00	1.004171e+00	8.917537e+00	6.902764e-01	2.455307e-01	2.167446e+00	8.007038e-01	1.044709e+00	7.057828e+01	1.417683e+02	3.098163e-01	6.104960e-02	1.356343e+02	
13  106.631	2.269239e+00	1.313925e-01	7.008546e-01	3.083041e+00	9.800900e-01	6.661674e-02	4.791196e-01	2.553561e-02	3.416938e+00	6.870571e+00	1.005559e+00	9.058403e+00	6.841176e-01	2.455153e-01	2.183165e+00	8.019198e-01	1.044189e+00	7.004053e+01	1.416843e+02	3.160609e-01	5.998584e-02	1.356730e+02	
11  106.715	2.269239e+00	1.313925e-01	7.008546e-01	3.083041e+00	9.800900e-01	6.661674e-02	4.791196e-01	2.553561e-02	3.416938e+00	6.870571e+00	1.004352e+00	9.058403e+00	6.841176e-01	2.455153e-01	2.183165e+00	8.019198e-01	1.044189e+00	7.004053e+01	1.416843e+02	3.160609e-01	5.998584e-02	1.356730e+02	
1  106.628	2.269239e+00	1.313925e-01	7.008546e-01	3.083041e+00	9.800900e-01	6.661674e-02	4.791196e-01	2.553561e-02	3.416938e+00	6.870571e+00	1.004763e+00	9.058403e+00	6.841176e-01	2.455153e-01	2.183165e+00	8.019198e-01	1.044189e+00	7.004053e+01	1.416843e+02	3.160609e-01	5.998584e-02	1.356730e+02	
10  106.679	2.267937e+00	1.305034e-01	7.001611e-01	3.082246e+00	9.823084e-01	6.783670e-02	4.756778e-01	4.026009e-02	3.437918e+00	7.073732e+00	1.004461e+00	9.169765e+00	6.853930e-01	2.455126e-01	2.181296e+00	7.705269e-01	1.043306e+00	6.995832e+01	1.419044e+02	3.149195e-01	5.963263e-02	1.488062e+02	
9  106.444	2.267937e+00	1.305034e-01	7.001611e-01	3.082246e+00	9.823084e-01	6.783670e-02	4.756778e-01	4.026009e-02	3.437918e+00	7.073732e+00	1.004155e+00	9.169765e+00	6.853930e-01	2.455126e-01	2.181296e+00	7.705269e-01	1.043306e+00	6.995832e+01	1.419044e+02	3.149195e-01	5.963263e-02	1.488062e+02	
24  105.87	2.261499e+00	1.315960e-01	7.025765e-01	3.077581e+00	9.825526e-01	6.560035e-02	4.995421e-01	3.099867e-02	3.485416e+00	6.973627e+00	1.003090e+00	8.988100e+00	6.854732e-01	2.454846e-01	2.171065e+00	7.928535e-01	1.044441e+00	7.021751e+01	1.416242e+02	3.146943e-01	6.241758e-02	1.762025e+02	
11  105.868	2.261499e+00	1.315960e-01	7.025765e-01	3.077581e+00	9.825526e-01	6.560035e-02	4.995421e-01	3.099867e-02	3.485416e+00	6.973627e+00	1.003380e+00	8.988100e+00	6.854732e-01	2.454846e-01	2.171065e+00	7.928535e-01	1.044441e+00	7.021751e+01	1.416242e+02	3.146943e-01	6.241758e-02	1.762025e+02	
6  105.874	2.261499e+00	1.315960e-01	7.025765e-01	3.077581e+00	9.825526e-01	6.560035e-02	4.995421e-01	3.099867e-02	3.485416e+00	6.973627e+00	1.003479e+00	8.988100e+00	6.854732e-01	2.454846e-01	2.171065e+00	7.928535e-01	1.044441e+00	7.021751e+01	1.416242e+02	3.146943e-01	6.241758e-02	1.762025e+02	
1  104.835	2.281235e+00	1.309115e-01	7.078220e-01	3.086262e+00	9.835761e-01	7.105970e-02	5.147661e-01	2.976141e-02	3.496777e+00	6.955313e+00	1.002770e+00	9.448685e+00	6.911912e-01	2.455694e-01	2.189784e+00	7.960312e-01	1.044246e+00	7.075195e+01	1.414902e+02	3.088084e-01	6.430832e-02	1.883729e+02	
3  106.903	2.290932e+00	1.291850e-01	7.050111e-01	3.090293e+00	9.858280e-01	8.075052e-02	4.884651e-01	2.881875e-02	3.517431e+00	6.869970e+00	9.975766e-01	1.027546e+01	6.918675e-01	2.456139e-01	2.198556e+00	7.944137e-01	1.042374e+00	7.047130e+01	1.418857e+02	3.082331e-01	6.127364e-02	2.209031e+02	
1  107.06	2.283574e+00	1.281462e-01	7.147000e-01	3.097649e+00	9.893265e-01	8.693919e-02	4.748691e-01	2.361736e-02	3.471794e+00	6.784334e+00	9.968743e-01	1.081799e+01	7.027220e-01	2.455911e-01	2.214591e+00	8.080131e-01	1.044769e+00	7.145372e+01	1.422828e+02	2.971684e-01	5.960149e-02	1.918805e+02	
15  108.367	2.283574e+00	1.281462e-01	7.147000e-01	3.097649e+00	9.893265e-01	8.693919e-02	4.748691e-01	2.361736e-02	3.471794e+00	6.784334e+00	9.940649e-01	1.081799e+01	7.027220e-01	2.455911e-01	2.214591e+00	8.080131e-01	1.044769e+00	7.145372e+01	1.422828e+02	2.971684e-01	5.960149e-02	1.918805e+02	
1  110.496	2.278528e+00	1.276880e-01	7.130132e-01	3.095681e+00	9.929714e-01	8.682718e-02	4.578325e-01	3.008628e-02	3.448930e+00	6.693195e+00	9.941957e-01	1.081476e+01	7.022977e-01	2.455698e-01	2.210443e+00	7.946697e-01	1.044542e+00	7.127663e+01	1.425263e+02	2.976582e-01	5.758747e-02	1.774834e+02	
5  106.698	2.295480e+00	1.269807e-01	7.122639e-01	3.098912e+00	9.949800e-01	8.614475e-02	4.365124e-01	2.977018e-02	3.495377e+00	6.472283e+00	9.967751e-01	1.068561e+01	7.027798e-01	2.456364e-01	2.217685e+00	7.959397e-01	1.043863e+00	7.121022e+01	1.426175e+02	2.972641e-01	5.511117e-02	2.166744e+02	
33  106.609	2.295480e+00	1.269807e-01	7.122639e-01	3.098912e+00	9.949800e-01	8.614475e-02	4.365124e-01	2.977018e-02	3.495377e+00	6.472283e+00	9.983459e-01	1.068561e+01	7.027798e-01	2.456364e-01	2.217685e+00	7.959397e-01	1.043863e+00	7.121022e+01	1.426175e+02	2.972641e-01	5.511117e-02	2.166744e+02	
11  106.675	2.295480e+00	1.269807e-01	7.122639e-01	3.098912e+00	9.949800e-01	8.614475e-02	4.365124e-01	2.977018e-02	3.495377e+00	6.472283e+00	9.985812e-01	1.068561e+01	7.027798e-01	2.456364e-01	2.217685e+00	7.959397e-01	1.043863e+00	7.121022e+01	1.426175e+02	2.972641e-01	5.511117e-02	2.166744e+02	
33  106.859	2.295480e+00	1.269807e-01	7.122639e-01	3.098912e+00	9.949800e-01	8.614475e-02	4.365124e-01	2.977018e-02	3.495377e+00	6.472283e+00	9.990497e-01	1.068561e+01	7.027798e-01	2.456364e-01	2.217685e+00	7.959397e-01	1.043863e+00	7.121022e+01	1.426175e+02	2.972641e-01	5.511117e-02	2.166744e+02	
11  108.247	2.295480e+00	1.269807e-01	7.122639e-01	3.098912e+00	9.949800e-01	8.614475e-02	4.365124e-01	2.977018e-02	3.495377e+00	6.472283e+00	1.000784e+00	1.068561e+01	7.027798e-01	2.456364e-01	2.217685e+00	7.959397e-01	1.043863e+00	7.121022e+01	1.426175e+02	2.972641e-01	5.511117e-02	2.166744e+02	
11  108.599	2.295480e+00	1.269807e-01	7.122639e-01	3.098912e+00	9.949800e-01	8.614475e-02	4.365124e-01	2.977018e-02	3.495377e+00	6.472283e+00	1.001086e+00	1.068561e+01	7.027798e-01	2.456364e-01	2.217685e+00	7.959397e-01	1.043863e+00	7.121022e+01	1.426175e+02	2.972641e-01	5.511117e-02	2.166744e+02	
11  108.217	2.295480e+00	1.269807e-01	7.122639e-01	3.098912e+00	9.949800e-01	8.614475e-02	4.365124e-01	2.977018e-02	3.495377e+00	6.472283e+00	1.000757e+00	1.068561e+01	7.027798e-01	2.456364e-01	2.217685e+00	7.959397e-01	1.043863e+00	7.121022e+01	1.426175e+02	2.972641e-01	5.511117e-02	2.166744e+02	
11  108.913	2.295480e+00	1.269807e-01	7.122639e-01	3.098912e+00	9.949800e-01	8.614475e-02	4.365124e-01	2.977018e-02	3.495377e+00	6.472283e+00	1.001333e+00	1.068561e+01	7.027798e-01	2.456364e-01	2.217685e+00	7.959397e-01	1.043863e+00	7.121022e+01	1.426175e+02	2.972641e-01	5.511117e-02	2.166744e+02	
11  109.947	2.295480e+00	1.269807e-01	7.122639e-01	3.098912e+00	9.949800e-01	8.614475e-02	4.365124e-01	2.977018e-02	3.495377e+00	6.472283e+00	1.002054e+00	1.068561e+01	7.027798e-01	2.456364e-01	2.217685e+00	7.959397e-01	1.043863e+00	7.121022e+01	1.426175e+02	2.972641e-01	5.511117e-02	2.166744e+02	
6  106.908	2.295480e+00	1.269807e-01	7.122639e-01	3.098912e+00	9.949800e-01	8.614475e-02	4.365124e-01	2.977018e-02	3.495377e+00	6.472283e+00	9.991459e-01	1.068561e+01	7.027798e-01	2.456364e-01	2.217685e+00	7.959397e-01	1.043863e+00	7.121022e+01	1.426175e+02	2.972641e-01	5.511117e-02	2.166744e+02	
5  106.988	2.307807e+00	1.262001e-01	7.146023e-01	3.098696e+00	9.967753e-01	8.652229e-02	4.304057e-01	2.065800e-02	3.435988e+00	6.416433e+00	9.993766e-01	1.066240e+01	7.060626e-01	2.456878e-01	2.217241e+00	8.087698e-01	1.043595e+00	7.144843e+01	1.427077e+02	2.939238e-01	5.441459e-02	1.886559e+02	
11  107.099	2.307807e+00	1.262001e-01	7.146023e-01	3.098696e+00	9.967753e-01	8.652229e-02	4.304057e-01	2.065800e-02	3.435988e+00	6.416433e+00	9.987868e-01	1.066240e+01	7.060626e-01	2.456878e-01	2.217241e+00	8.087698e-01	1.043595e+00	7.144843e+01	1.427077e+02	2.939238e-01	5.441459e-02	1.886559e+02	
1  107.245	2.307807e+00	1.262001e-01	7.146023e-01	3.098696e+00	9.967753e-01	8.652229e-02	4.304057e-01	2.065800e-02	3.435988e+00	6.416433e+00	9.983924e-01	1.066240e+01	7.060626e-01	2.456878e-01	2.217241e+00	8.087698e-01	1.043595e+00	7.144843e+01	1.427077e+02	2.939238e-01	5.441459e-02	1.886559e+02	
10  106.611	2.311253e+00	1.266379e-01	7.132758e-01	3.091780e+00	9.938384e-01	8.387537e-02	4.165998e-01	2.402435e-02	3.398798e+00	6.611548e+00	9.968626e-01	1.043060e+01	7.040659e-01	2.456985e-01	2.201709e+00	7.991878e-01	1.044013e+00	7.130447e+01	1.426295e+02	2.959433e-01	5.277226e-02	1.432169e+02	
31  106.61	2.311253e+00	1.266379e-01	7.132758e-01	3.091780e+00	9.938384e-01	8.387537e-02	4.165998e-01	2.402435e-02	3.398798e+00	6.611548e+00	9.969853e-01	1.043060e+01	7.040659e-01	2.456985e-01	2.201709e+00	7.991878e-01	1.044013e+00	7.130447e+01	1.426295e+02	2.959433e-01	5.277226e-02	1.432169e+02	
2  108.297	2.316324e+00	1.270628e-01	7.112215e-01	3.096005e+00	9.962771e-01	8.545721e-02	4.075075e-01	3.282529e-02	3.456516e+00	6.675736e+00	9.970857e-01	1.056499e+01	7.014034e-01	2.457173e-01	2.210999e+00	7.879893e-01	1.044032e+00	7.109972e+01	1.425128e+02	2.986888e-01	5.168143e-02	1.732981e+02	
1  108.768	2.316324e+00	1.270628e-01	7.112215e-01	3.096005e+00	9.962771e-01	8.545721e-02	4.075075e-01	3.282529e-02	3.456516e+00	6.675736e+00	9.977008e-01	1.056499e+01	7.014034e-01	2.457173e-01	2.210999e+00	7.879893e-01	1.044032e+00	7.109972e+01	1.425128e+02	2.986888e-01	5.168143e-02	1.732981e+02	
7  110.06	2.311442e+00	1.262941e-01	7.130146e-01	3.092325e+00	9.981410e-01	8.467740e-02	3.906400e-01	3.243956e-02	3.486045e+00	7.031479e+00	9.978409e-01	1.049222e+01	7.046362e-01	2.456961e-01	2.202710e+00	7.868440e-01	1.044475e+00	7.128079e+01	1.428303e+02	2.954247e-01	4.968520e-02	1.732919e+02	
3  109.547	2.307814e+00	1.259086e-01	7.056207e-01	3.079193e+00	1.002194e+00	7.798463e-02	3.722928e-01	2.196577e-02	3.474865e+00	7.003131e+00	9.988116e-01	9.898046e+00	6.990225e-01	2.456727e-01	2.174360e+00	7.989413e-01	1.042663e+00	7.054545e+01	1.430596e+02	3.011071e-01	4.738784e-02	1.728090e+02	
22  110.12	2.307814e+00	1.259086e-01	7.056207e-01	3.079193e+00	1.002194e+00	7.798463e-02	3.722928e-01	2.196577e-02	3.474865e+00	7.003131e+00	1.000002e+00	9.898046e+00	6.990225e-01	2.456727e-01	2.174360e+00	7.989413e-01	1.042663e+00	7.054545e+01	1.430596e+02	3.011071e-01	4.738784e-02	1.728090e+02	
6  109.456	2.307814e+00	1.259086e-01	7.056207e-01	3.079193e+00	1.002194e+00	7.798463e-02	3.722928e-01	2.196577e-02	3.474865e+00	7.003131e+00	9.979368e-01	9.898046e+00	6.990225e-01	2.456727e-01	2.174360e+00	7.989413e-01	1.042663e+00	7.054545e+01	1.430596e+02	3.011071e-01	4.738784e-02	1.728090e+02	
5  110.379	2.303631e+00	1.261822e-01	7.040866e-01	3.083081e+00	1.002375e+00	7.615304e-02	3.475956e-01	3.680065e-02	3.472020e+00	7.100584e+00	1.001193e+00	9.752106e+00	6.973987e-01	2.456527e-01	2.182841e+00	7.748732e-01	1.043418e+00	7.038769e+01	1.431494e+02	3.029165e-01	4.441667e-02	1.585717e+02	
10  109.811	2.303631e+00	1.261822e-01	7.040866e-01	3.083081e+00	1.002375e+00	7.615304e-02	3.475956e-01	3.680065e-02	3.472020e+00	7.100584e+00	1.000656e+00	9.752106e+00	6.973987e-01	2.456527e-01	2.182841e+00	7.748732e-01	1.043418e+00	7.038769e+01	1.431494e+02	3.029165e-01	4.441667e-02	1.585717e+02	
1  108.129	2.298449e+00	1.265334e-01	7.045324e-01	3.086422e+00	1.002232e+00	7.823728e-02	3.644555e-01	3.240439e-02	3.609205e+00	7.047328e+00	1.000020e+00	9.957843e+00	6.971231e-01	2.456341e-01	2.189990e+00	7.902798e-01	1.043514e+00	7.045182e+01	1.430402e+02	3.030653e-01	4.646434e-02	2.623524e+02	
