140.91273920648632
135.65868616152235
123.62124770744833
138.5881732667379
125.20257486587181
126.73751711535132
125.90148667268215
168.95777353223886
116.63563366456926
128.71343489122236
109.64652798585792
149.61068324820823
119.82212541788992
161.90742926510862
135.25885882221402
130.40915242730173
177.72629176466765
130.75782810144102
116.2508221850536
181.66142104131603
147.08637764585814
180.32151627530033
140.35233786524984
147.73022829647857
116.56015060954572
151.07486161998338
136.14741416032996
137.0646841846808
161.34027624943306
133.20192146447536
113.25464554589523
134.25936971431375
170.31708470397328
186.18251081055834
126.37864511033926
126.81062392064024
165.0345955493303
152.46780816962942
151.49752171760167
134.3509925309061
132.18470312545068
153.15585734426386
141.4660023793564
177.5948357641217
122.85211178174363
128.84505763508105
123.47634493596767
176.08429392076914
118.18672462527044
132.87008634755045
126.42243577614956
123.25050032203004
138.1693387462166
128.77628331950825
154.62905172107932
115.21037918807619
121.9411921944311
183.4800996430424
112.36166705501151
123.39877648124993
130.72669292175144
123.95218925457027
111.14784777400618
121.83327593108064
177.84351396386697
149.57387146516143
139.746212617236
127.81515592948269
132.71872055685319
128.13465334659278
191.64846756289225
120.38108776783797
187.06656119785842
185.59713235108646
143.32048675160883
142.6336512399176
128.61485364264135
148.55279731808528
136.2589117086792
152.91196480410133
150.18363428612105
161.89891234874065
114.19042192689587
118.19438528805789
145.3950685245089
152.5428029894285
119.99408228795106
179.38407194393662
110.09175266703943
127.66420607890518
163.8152341982504
138.89862126917092
150.1446677108446
132.01901737821223
141.7407339046732
113.15948845141536
146.36962110532394
139.28564063551127
139.46268444232769
139.84498937291409
140.79777478915307
135.83677520556355
118.8712693118014
140.7033366943523
167.85128266252272
152.58453655437918
174.82236412591234
136.11836613564145
129.9611293862837
142.33867975352553
115.02673918584534
119.57063842157689
133.7608745785774
157.8593526102176
175.41682635115865
127.73493245196185
132.87678285218507
199.13065700322008
160.29475578107505
172.30818642434826
113.92701610394708
133.8275637522964
117.70348459500326
141.0678490437829
173.5862541173614
140.26191749514177
121.6915317321433
174.35457549775717
156.48838404270035
127.00773803342422
120.41396553287584
108.29742829547645
111.70159634158574
117.98739217244461
128.45840412680892
120.50957943210388
108.0327180175277
123.46442642383876
177.93897979171032
124.87815027959167
118.2196271747589
180.24257016188855
141.30498493715697
167.42233878179093
154.38274178995124
145.30764705584204
120.69545866821284
126.15874830332653
162.90340096323726
119.9746291843214
143.46794751219136
121.14871472365782
149.24852081558734
197.3733633781147
185.87517210922672
128.93309654825094
149.27840516287557
125.91198967317929
120.65122512268081
140.86804186466537
126.4236178657068
125.97136612998383
151.65666397344606
138.1616912907615
158.60577242855928
147.44479240815426
115.35411232876405
159.81647660677
163.46831094744425
139.27035062708197
128.68711878347906
128.53934165165612
138.4644290591462
158.30051941190487
191.53397055373568
122.8678347814477
136.27120579097152
135.34393925732502
124.99846034717454
109.55809527902157
133.96127085621043
174.52405486991816
149.15249345743672
129.62010863156578
119.48731067801289
111.49101615259158
128.42051823889466
169.81024454822068
128.5548119682951
132.1385580311797
111.50717440999276
118.26132046479393
144.92046782586473
159.88472828401095
107.9138303763114
166.60178126918572
170.435990873544
147.97361208431997
187.95378851049287
176.24494539466806
111.29012335085865
155.81928965036587
148.85129018312404
149.89362522840628
139.42282994169858
161.44444941585965
115.2759689325757
166.89046037592502
193.01140694368542
134.15119688628891
179.3586713410963
133.5978210079324
131.5684631226038
161.9605048076726
124.5351275150065
158.49689660594308
143.9475747212112
134.13867598376262
157.7775096248643
145.26123034187665
164.63473359727774
148.73847289181566
121.33915163375998
120.44127019805839
151.49786508360697
120.08960983498412
189.64844782863827
155.2391121523955
118.5409676466956
135.22101780736426
143.38110270791174
172.67995571671213
141.99105285471268
156.5531772352266
148.54992980002234
127.31998056660812
111.84503379655423
141.05457430508022
115.7325793862614
155.3070054721989
150.12452665498517
137.61688900777898
126.71054545001904
160.08874214495643
149.23221605097802
140.45851571441966
129.6476738807628
151.8014489840458
145.64214515016332
136.17832693930205
136.38181158387374
180.3073119663969
153.3726689224628
148.88642462883803
116.8127519587639
151.576727394742
169.33686980647119
123.4819788313098
109.75379465561429
145.17472002164232
135.79631520652114
150.17277708941506
158.53319494361364
133.88773149444867
129.11432399065893
162.65619485228277
194.80444537846282
136.19438378694295
139.92900791717287
150.08479234355104
143.00117479608667
185.31696191902492
116.37223965449766
113.64294481873821
119.65182714953121
124.24993464487832
146.5279379660065
152.77839469599976
110.59779589409096
128.43769437325503
136.52633022565522
131.22842639581796
114.91414020875233
132.29380778096728
136.9438012177979
159.34463267544515
137.67463475138942
162.97997195500508
150.78390055540657
118.54638168920062
196.71840057152536
172.38891602624903
128.127147873436
128.38559801397872
168.49045114567923
145.61116999621007
122.68351694953539
151.25724505037445
114.40782239089849
140.09158950427977
126.52604565115983
135.7211908969293
165.3753214801693
115.938197643388
137.1594722665738
108.41331178623022
165.68528693121073
131.979002925375
116.78485059978554
141.46114692340137
169.3310227535151
121.93450716130224
181.57451197787
158.39559968383855
171.08022457186212
115.07749157099485
134.67639775146785
139.19361977828873
166.3818856367925
128.3038044335059
121.17849352939828
131.9137379278861
165.9994252780641
152.61558614364824
120.27649050508333
145.41381606205607
123.5645298316304
181.45362219350162
144.25791411109557
117.52717114780658
136.32492186292393
155.23274491639586
156.0644541589795
169.59414701615606
148.23946317680978
114.2228011759665
117.11812575557089
159.31695208101306
174.30972101915648
129.47503396347898
135.28736880820057
155.362302883369
151.19450133579926
126.44407855725942
132.13155737497783
140.91034010510228
121.25490710783205
143.77042356120867
153.2380939268912
153.52485618475498
172.60401609068137
110.87178141641749
131.55143788406664
179.9682310054506
145.31914155784267
162.24185611264306
119.54722354228926
121.75411144814983
137.30803231694486
124.27865215166462
134.51633482922236
197.95286715357616
125.94808049004929
150.14418735834096
194.81865478666379
177.0886523547987
114.86596657113293
147.2121541220317
142.1173392086873
124.08837282515631
136.4377631833733
195.22381931072846
156.13351246094533
156.86119589645367
172.9101521960799
136.74286001829836
129.3903160572874
130.98023789334655
150.65389857878773
120.37588668395868
141.16705850049385
149.14884832047466
115.61339801219991
152.54419265699508
132.00510152167493
123.16172686950435
138.45392505838592
112.20737307370274
127.06399383380375
141.7133774979523
119.19805531636743
147.01011989487466
129.92691840606858
121.07909393885465
141.2088902396202
190.33875506008346
137.66649032249114
141.61013733445188
136.87669356405323
113.73931354541256
130.5448425789958
164.81067810405364
159.01089179764267
149.67917792901008
135.07253372014733
152.43167554112213
135.50339969962644
140.4352323563811
136.88243159229876
157.7664345097596
111.71977378996608
149.10942029312108
145.85210151848653
179.17812207675726
167.46418056605555
147.8846686623168
130.83319492955715
157.88281838230074
183.85703083154925
143.73423163675153
121.94251066899952
154.37824968558834
135.43812214778836
131.43284664616448
128.0834986598607
142.2359758460468
134.05646598121396
122.25723652190824
142.5727493446967
167.4484590678954
181.5821915095983
137.33846294287912
128.5650906591274
163.08159108370157
114.22211778722348
126.87622034828803
195.60996209811458
182.74552511189563
124.91466911931023
155.23402505068375
139.57812129779074
136.86382241632475
141.5596505672108
135.94940977370285
134.84840499005432
121.34133152981524
112.27561510488158
120.99676620002761
135.86868742680443
123.67298986134875
166.97069418922106
144.75478255133498
158.60160905490835
158.00391305636214
131.71511760388898
145.59725003460508
127.80483996888549
150.80695246879372
126.08677853032758
156.08611592501296
144.88036693077498
149.88343187293398
118.06970923147726
145.47565382665428
122.1084581813613
140.52769081647338
130.8781256125712
129.4694153033105
123.69930179426002
121.59134581862237
165.60530305533283
158.5328792211794
143.5877137348619
161.17094300444978
154.60885151838184
139.8563766271208
148.29681459464342
113.74254882374629
155.26114615298232
127.2294973974885
128.53402527828337
129.20464282067323
163.5050003860742
110.83340808616514
158.47946655456047
194.10891764705923
110.36102911126231
127.64102225639922
143.83118213215815
137.74143277966962
168.2188117905155
136.49390343956458
163.35856432649675
125.32810636827398
122.61440808481026
126.47016142275602
160.67390332074254
162.25830736390262
134.36946142734567
185.8743515435531
155.62024281162002
156.41042459782142
118.97196226798215
137.68593638733054
132.1681825887817
115.66884109595561
157.07840706315594
148.46392263143113
137.249665986745
132.14902048670788
138.419623437869
112.80006407433447
135.36842134977272
132.3171480547701
147.93203036583847
144.58863385192524
166.8136883539661
176.33209233953121
141.83462790179303
122.8969083991945
109.70213031657134
133.91692138626
124.46671418223856
123.36603307365218
119.18528372426887
157.36576561394165
117.42786070877375
145.40184664677034
130.61642500575456
152.74640783898622
126.03052239261532
134.4567296971747
142.8121114570181
130.69147867394767
154.66700705359295
179.06692326093057
137.50269754799388
185.8019636179991
128.44877217303434
141.334861901882
146.840959832637
127.87506406935515
134.0612985163319
120.65379416352981
116.5987126296836
110.57840213846832
165.35101790471117
136.64641359681974
113.26293650160808
131.35886700141475
113.76996930384779
121.59901210443294
138.70886693103282
128.3207237738225
131.06307504940966
134.90057273018178
133.3559263769838
121.9038117983735
159.5623113289201
137.00576691488934
129.80851778522955
123.32106640714699
125.73461929881071
139.040432986884
142.20309998128275
132.49328895822433
159.21302915943954
137.65467532870142
117.9153678638547
125.55907576079004
161.980694911693
171.2408276797854
159.9202235505546
128.62949466964096
118.51338609780828
125.65792638246205
118.81855706151487
158.2775824272557
146.77996174658026
116.31646790795507
138.28069768918718
141.4698970247332
123.98397432892688
170.63805502063903
135.87055910019123
135.61280091296294
114.71244218310711
127.11443250922407
121.0546920590066
128.53978847632794
183.4555771595237
159.2608278301215
185.24621233782466
120.67123266186478
126.31685708866186
141.40365418861492
120.5972063551745
124.18268111732465
143.0855518392549
177.87172453810197
114.06213752070408
124.96540758655874
148.2006543443265
128.76256813784084
121.99758156164019
169.56402943925494
155.09064263483472
113.38223429946862
143.62017375516987
125.73793338181436
171.76187721517576
148.4636623464395
120.48003593143353
137.07628346774194
160.43160560060718
144.0067400590926
141.70725459810862
150.7409169600081
128.37243421570628
131.15537570746366
114.11786401378086
117.38397993724928
138.17694459550643
169.2575152485901
134.3277614310519
137.17369610458024
131.45555158381813
126.30617128532913
131.10958453330724
168.11091456929014
146.9009202528541
175.00913572185425
168.17241195090253
153.1243990361734
156.12460607230122
116.97213758189496
146.99617898867945
149.51070492774215
188.41220299526148
127.89710860535139
171.90952488373506
149.48266762263526
126.0863277201968
158.82129078162046
161.48004853474973
121.02088553188656
129.37128014127288
157.59790983907314
124.41685670959245
127.69009500326185
131.02731052150867
156.12498371237697
120.27444050428579
161.1431961604952
155.8038610398994
157.9576114195756
149.1348849534409
138.75543861086166
126.4609302244054
168.21704699013685
128.70095456695196
137.20758189420349
181.3345593336816
162.24143796592284
170.58823394212732
165.40273616481647
121.04174101458311
129.8207983788235
117.26329675088145
120.43690183914303
181.26790066774325
159.9628637528531
126.06793377973678
135.880172289914
123.31826914312815
157.66604891640424
152.53310726898096
154.697661535939
163.43155116036743
118.15021366530668
127.9036658585421
129.10064610590945
129.36836697296732
131.27633560644583
124.46423742202417
147.13231994032765
144.33556119630765
177.64269144693776
168.45663445042837
167.4839216512691
130.77307835513432
192.64724664773289
136.72711520821758
123.30393897247299
128.0286502744651
127.29365756664139
111.27498363548905
157.40386421557284
124.48400637283635
149.1078288463628
111.89031261431839
154.81597289928538
186.75860061074823
123.45654409147677
135.48506349327948
116.66401029731713
147.74001288721965
147.511628432956
123.60146587890527
122.05502328083831
128.29647521148712
112.68684047904632
133.02558063278428
154.68255491221697
125.20447189956796
143.13275518344028
156.82708242451895
123.08267635396206
151.85840233751222
133.57272500373713
126.74269129249609
129.10110523317212
132.38845962739146
135.64150609438147
125.03078943299813
150.9212621079287
127.66899154607457
134.89631489085676
112.91202788600499
171.73901233725158
159.94563738534015
158.25290528914968
119.0455345944329
120.53135297222649
123.92607165477257
130.1201933327628
131.36173790638986
129.8380421442681
137.8822699207391
183.9780440496815
161.60771504597312
200.91561946808315
201.28205349480714
124.75379482691537
131.84430828731877
118.69085192840097
127.2746618537784
151.93008536102224
118.44135421241579
118.61098756106628
128.5193900237433
129.482982429551
127.56293129042314
138.33210744989103
110.17857967109445
163.70279757962564
187.98545075236956
143.94352043402102
112.59563784911532
135.97164109924032
140.03629544989556
140.32963292186002
127.95198263738628
120.11408530429898
158.86429403387933
142.6534871037981
121.4632437686363
133.56688582674795
110.7101315812933
177.44468867480217
151.12688528406176
144.7813627531103
133.17413084530438
125.24477872464206
171.0614639395115
138.34708548247468
109.34901060114579
139.2535982020529
151.3957743184941
127.09984411064251
136.08995667861828
127.70791105884548
153.48296728251665
181.3704676099256
163.60321524306553
147.55829991566142
130.33673024632014
137.57843106382703
127.28988274621781
172.8928045422136
133.3011439101501
154.87928440798837
131.6969699713414
143.5856024210511
134.44487309398926
157.77492205717107
117.74057909168458
141.1388069411764
113.75194414755886
137.28242221673977
152.58951329121183
113.3461511361788
125.00151508092327
129.4107757398219
132.68660955785387
146.8482192963817
159.74401749528676
168.60448926143232
147.53652337502132
142.38585989860027
169.4815272661255
159.83463006183808
123.39384453087365
153.3604539354318
170.66949714227064
155.39838247164172
170.46553078552859
110.45602886683228
158.0612316589892
140.96470989259123
129.2549737383751
157.01446641221753
108.58498223688264
164.59456623443924
138.00048405306018
118.96841234254353
152.4071721668641
151.09396480630463
143.56821177520249
125.36193775692485
129.08880309204545
147.51027490398624
122.1473212542797
141.40204408524693
115.5773984309553
137.12053437416571
143.24539361137377
177.9853028557602
127.56004039962095
118.72126461524309
135.6550277115255
122.73786265089146
145.018832279774
129.96080437292676
150.1124591664373
143.70575269243295
128.66961053659523
115.40591870426339
147.75471264111795
142.76403778457907
122.77516520141606
135.47155038563753
169.20149842760478
135.85471143960103
178.57904600504983
120.65446290213998
126.70661924687636
129.0710618510467
123.435005171806
161.222654676996
135.83126719399942
126.85752238986419
134.04892702658938
151.9430927381342
110.95725257184888
159.78189307693145
117.38957901103905
130.7936600640303
206.604013288354
150.35622106316464
122.62534199346544
131.16043001216838
152.05863588976578
111.2717909391689
167.5179609452298
126.74633020006033
113.60333247433681
134.01866248738395
131.54703245484228
141.32325531196355
115.87505553032365
147.36636231967006
152.81988810827502
124.72538051254575
146.90054611622872
147.6859717495069
147.03403985411416
159.86546056396563
151.67351746508837
136.28145811390962
130.96649780054162
120.53780341851056
120.51606231454231
145.7157568303961
126.23736912776373
193.23519486806552
125.13770540424721
145.14592020445528
145.2474182984495
150.78231510951403
126.29907793975713
116.78814046793185
129.49952868035354
117.69699639145522
166.74966831244578
197.44194380870843
148.87225746574902
151.07223505423863
136.8235157017775
120.96388902967085
115.80193068581967
138.58264517312784
124.81653669856114
170.97314140112147
129.99368905323809
109.9967675424941
123.47479737041239
152.59990198418316
160.1067968284428
121.83169633485045
150.62366888586584
157.2501419109126
117.51672480340365
177.17277588361316
129.38707310012717
136.87657573651308
147.1529188048315
124.3851803733463
129.25168942591552
133.38541076758003
162.01282208508792
185.86895722516516
134.49536196367657
163.82025175462806
125.82651373501506
125.12264693219683
153.6922980003935
116.95960572560406
164.30642044275498
130.43189375045034
110.5474677225132
129.3724189132594
183.51358934926697
120.76944505553308
173.03455810389877
128.49498601278336
124.33837865991468
169.13212511491267
160.38630795055875
118.30097250228985
134.4091500147312
113.17909379844684
137.00747906739937
154.23641323161394
129.1323350039389
112.76545504864141
126.3005659773762
131.4988016185673
116.32661530859174
142.70367796816345
158.22919359725745
144.54176717952018
124.60016370375646
140.4559738319651
136.95952979149126
129.53463918798184
113.89962309217762
111.80856798296266
131.71501185011027
153.2704607070643
121.72750697922312
120.40823662013098
150.02360538739123
118.81569522153661
158.90826979614766
148.55888633126958
127.67454128586473
141.21302284531973
133.77659840817438
146.4642128424427
149.17639778335092
157.20754798733321
126.4273839353328
152.9390688176141
119.58447922505569
159.36685415348552
150.19453323527034
