3  104.212	2.249631e+00	1.218839e-01	6.778316e-01	3.055156e+00	9.494013e-01	5.583216e-02	8.082293e-02	1.989314e-01	2.171897e+00	1.000491e+00	7.851980e+00	6.841582e-01	2.454403e-01	2.122284e+00	8.141143e-01	1.041924e+00	6.780099e+01	1.460688e+02	3.157375e-01	1.079137e-02	9.708852e-14	
1  104.009	2.277944e+00	1.217160e-01	6.942629e-01	3.060078e+00	9.594485e-01	6.631053e-02	1.695522e-01	2.290338e-01	2.022327e+00	9.958549e-01	8.818465e+00	6.987251e-01	2.455595e-01	2.132885e+00	8.157608e-01	1.042770e+00	6.942462e+01	1.453648e+02	3.012498e-01	2.229441e-02	-6.613862e-14	
6  105.186	2.241739e+00	1.262481e-01	6.635420e-01	3.000701e+00	9.456523e-01	3.389187e-02	9.787931e-02	5.100500e-01	2.805986e+00	9.916241e-01	5.487204e+00	6.610509e-01	2.454055e-01	2.010250e+00	8.042042e-01	1.041740e+00	6.637318e+01	1.449400e+02	3.388783e-01	1.321974e-02	-2.367791e-13	
11  106.877	2.241765e+00	1.268137e-01	6.534371e-01	3.011151e+00	9.438064e-01	3.959187e-02	3.429828e-02	3.980798e-01	2.284968e+00	9.886859e-01	6.166178e+00	6.494867e-01	2.454018e-01	2.031098e+00	8.107892e-01	1.041442e+00	6.535575e+01	1.451039e+02	3.504444e-01	5.016916e-03	-2.243530e-13	
9  106.688	2.241765e+00	1.268137e-01	6.534371e-01	3.011151e+00	9.438064e-01	3.959187e-02	3.429828e-02	3.980798e-01	2.284968e+00	9.889053e-01	6.166178e+00	6.494867e-01	2.454018e-01	2.031098e+00	8.107892e-01	1.041442e+00	6.535575e+01	1.451039e+02	3.504444e-01	5.016916e-03	-2.243530e-13	
1  108.592	2.266241e+00	1.339400e-01	6.721106e-01	3.009831e+00	9.482974e-01	4.174605e-02	3.799558e-01	3.245055e-01	2.820357e+00	9.882983e-01	6.478441e+00	6.523260e-01	2.455051e-01	2.028268e+00	8.227760e-01	1.041633e+00	6.718861e+01	1.415174e+02	3.475284e-01	4.874715e-02	-7.766373e-14	
3  107.541	2.266241e+00	1.339400e-01	6.721106e-01	3.009831e+00	9.482974e-01	4.174605e-02	3.799558e-01	3.245055e-01	2.820357e+00	9.921975e-01	6.478441e+00	6.523260e-01	2.455051e-01	2.028268e+00	8.227760e-01	1.041633e+00	6.718861e+01	1.415174e+02	3.475284e-01	4.874715e-02	-7.766373e-14	
5  106.284	2.266237e+00	1.310280e-01	6.758051e-01	3.036269e+00	9.484723e-01	5.722254e-02	3.251874e-01	1.847094e-02	2.974551e+00	9.916714e-01	8.121538e+00	6.623649e-01	2.455059e-01	2.082631e+00	8.270295e-01	1.041747e+00	6.757019e+01	1.424494e+02	3.375538e-01	4.192071e-02	-1.027558e-13	
4  106.26	2.261519e+00	1.310453e-01	6.776669e-01	3.025116e+00	9.452986e-01	5.054784e-02	3.340591e-01	2.159214e-01	3.251248e+00	9.926048e-01	7.439676e+00	6.642045e-01	2.454872e-01	2.059713e+00	8.218815e-01	1.042138e+00	6.776321e+01	1.424460e+02	3.357540e-01	4.296054e-02	-1.821630e-13	
10  104.157	2.306850e+00	1.306650e-01	7.050520e-01	3.059174e+00	9.590563e-01	6.804727e-02	5.144256e-01	1.026358e-01	2.996855e+00	9.976836e-01	9.094620e+00	6.893775e-01	2.456794e-01	2.130949e+00	8.332174e-01	1.042538e+00	7.048978e+01	1.412612e+02	3.105600e-01	6.460138e-02	-1.086984e-13	
4  105.788	2.360465e+00	1.323662e-01	7.373755e-01	3.028461e+00	9.804421e-01	6.325942e-02	8.206448e-01	4.364931e-01	2.669945e+00	9.957194e-01	8.551113e+00	7.118010e-01	2.458993e-01	2.066472e+00	8.221867e-01	1.041974e+00	7.373692e+01	1.390046e+02	2.880926e-01	9.921551e-02	1.596982e-13	
4  104.611	2.380795e+00	1.347858e-01	7.640338e-01	3.009427e+00	9.849848e-01	5.384050e-02	1.090189e+00	3.886932e-01	3.713765e+00	1.000464e+00	7.630184e+00	7.271100e-01	2.459812e-01	2.027669e+00	8.158918e-01	1.042602e+00	7.640398e+01	1.371247e+02	2.728302e-01	1.276662e-01	-5.309042e-14	
4  105.271	2.380795e+00	1.347858e-01	7.640338e-01	3.009427e+00	9.849848e-01	5.384050e-02	1.090189e+00	3.886932e-01	3.713765e+00	1.001407e+00	7.630184e+00	7.271100e-01	2.459812e-01	2.027669e+00	8.158918e-01	1.042602e+00	7.640398e+01	1.371247e+02	2.728302e-01	1.276662e-01	-5.309042e-14	
1  104.866	2.372797e+00	1.247209e-01	7.424761e-01	3.030272e+00	9.800757e-01	5.568874e-02	6.001860e-01	1.647590e-01	2.999552e+00	1.005745e+00	7.656760e+00	7.294973e-01	2.459467e-01	2.070302e+00	8.039651e-01	1.042629e+00	7.425180e+01	1.416037e+02	2.704680e-01	7.449920e-02	-1.223477e-13	
4  104.273	2.353968e+00	1.229604e-01	7.376032e-01	3.040358e+00	9.778335e-01	6.165554e-02	5.315542e-01	2.450912e-01	3.132563e+00	1.005160e+00	8.245322e+00	7.295316e-01	2.458714e-01	2.091342e+00	8.037028e-01	1.042233e+00	7.376752e+01	1.425320e+02	2.704368e-01	6.656009e-02	-1.322271e-13	
1  105.502	2.327145e+00	1.210348e-01	7.229908e-01	2.985703e+00	9.740290e-01	3.218634e-02	3.455393e-01	2.960489e-01	3.620490e+00	1.004153e+00	5.114036e+00	7.226819e-01	2.457604e-01	1.980069e+00	7.813669e-01	1.043067e+00	7.231245e+01	1.441744e+02	2.772522e-01	4.423904e-02	-7.062816e-14	
1  104.731	2.327145e+00	1.210348e-01	7.229908e-01	2.985703e+00	9.740290e-01	3.218634e-02	3.455393e-01	2.960489e-01	3.620490e+00	1.003134e+00	5.114036e+00	7.226819e-01	2.457604e-01	1.980069e+00	7.813669e-01	1.043067e+00	7.231245e+01	1.441744e+02	2.772522e-01	4.423904e-02	-7.062816e-14	
6  103.684	2.285665e+00	1.196672e-01	6.906475e-01	2.997600e+00	9.671875e-01	3.233365e-02	7.385157e-02	3.193476e-01	3.447597e+00	1.002829e+00	5.152067e+00	6.997226e-01	2.455896e-01	2.003751e+00	7.884590e-01	1.042687e+00	6.908470e+01	1.462801e+02	3.001951e-01	9.825636e-03	-1.967698e-14	
3  103.978	2.312255e+00	1.212049e-01	7.185926e-01	2.996841e+00	9.771408e-01	3.612146e-02	3.232935e-01	3.934344e-01	3.713429e+00	1.004492e+00	5.603091e+00	7.192553e-01	2.456989e-01	2.002351e+00	7.885996e-01	1.043141e+00	7.186862e+01	1.443980e+02	2.806744e-01	4.151742e-02	-9.549893e-14	
2  103.501	2.312255e+00	1.212049e-01	7.185926e-01	2.996841e+00	9.771408e-01	3.612146e-02	3.232935e-01	3.934344e-01	3.713429e+00	1.002917e+00	5.603091e+00	7.192553e-01	2.456989e-01	2.002351e+00	7.885996e-01	1.043141e+00	7.186862e+01	1.443980e+02	2.806744e-01	4.151742e-02	-9.549893e-14	
2  102.168	2.304149e+00	1.302016e-01	7.205807e-01	3.037128e+00	9.665349e-01	5.692640e-02	6.214218e-01	1.084433e-01	4.053351e+00	1.000347e+00	8.013419e+00	7.035653e-01	2.456699e-01	2.084343e+00	8.228219e-01	1.043106e+00	7.204898e+01	1.409234e+02	2.963639e-01	7.690597e-02	-5.477797e-14	
1  102.666	2.275120e+00	1.269733e-01	7.185348e-01	3.052909e+00	9.756276e-01	6.598987e-02	5.215707e-01	7.782187e-02	4.162105e+00	1.001383e+00	8.906034e+00	7.087103e-01	2.455501e-01	2.117694e+00	8.261048e-01	1.043390e+00	7.184227e+01	1.424399e+02	2.911958e-01	6.535891e-02	-3.300663e-14	
3  102.537	2.236164e+00	1.247871e-01	6.936743e-01	3.082114e+00	9.667188e-01	8.133759e-02	3.013009e-01	3.436727e-01	4.509319e+00	9.972490e-01	1.036721e+01	6.927415e-01	2.453870e-01	2.180604e+00	8.349115e-01	1.042409e+00	6.935983e+01	1.444064e+02	3.072115e-01	3.882688e-02	-3.216639e-14	
1  103.373	2.262626e+00	1.318584e-01	7.069032e-01	3.078852e+00	9.607818e-01	8.026891e-02	6.233946e-01	5.300722e-02	4.717581e+00	9.972282e-01	1.036591e+01	6.894577e-01	2.454978e-01	2.173366e+00	8.437514e-01	1.041900e+00	7.067974e+01	1.409578e+02	3.104689e-01	7.711169e-02	-1.609083e-14	
7  104.125	2.251620e+00	1.228833e-01	6.865519e-01	3.076571e+00	9.582708e-01	8.186932e-02	2.009901e-01	4.775894e-01	4.266748e+00	9.925198e-01	1.032863e+01	6.900730e-01	2.454503e-01	2.168575e+00	8.249454e-01	1.041368e+00	6.866331e+01	1.452073e+02	3.097650e-01	2.629291e-02	-5.543418e-14	
3  105.797	2.225580e+00	1.258673e-01	6.829936e-01	3.029323e+00	9.590928e-01	6.201174e-02	3.030656e-01	1.908256e-01	4.324178e+00	9.897531e-01	8.614618e+00	6.810745e-01	2.453406e-01	2.067622e+00	8.129283e-01	1.040630e+00	6.829730e+01	1.442470e+02	3.187033e-01	3.873973e-02	1.423340e-13	
2  105.393	2.245620e+00	1.192291e-01	6.976671e-01	3.067347e+00	9.779173e-01	8.675878e-02	1.715957e-01	4.406123e-01	3.347323e+00	9.886036e-01	1.068466e+01	7.074400e-01	2.454261e-01	2.148491e+00	8.164780e-01	1.041964e+00	6.976308e+01	1.463421e+02	2.923380e-01	2.254499e-02	6.994717e-14	
1  103.584	2.244207e+00	1.178479e-01	6.938287e-01	3.016239e+00	9.775612e-01	5.688807e-02	1.116881e-01	2.494162e-01	3.056545e+00	9.924760e-01	7.914910e+00	7.071393e-01	2.454190e-01	2.040879e+00	7.924237e-01	1.041475e+00	6.937857e+01	1.470194e+02	2.927635e-01	1.468297e-02	7.517450e-14	
6  106.023	2.277703e+00	1.247019e-01	7.392824e-01	2.960755e+00	9.838815e-01	3.339938e-02	6.671706e-01	1.907320e-01	3.218494e+00	9.964200e-01	5.399810e+00	7.289206e-01	2.455619e-01	1.931211e+00	7.790178e-01	1.042098e+00	7.389939e+01	1.423175e+02	2.710888e-01	8.225048e-02	-1.557484e-13	
1  105.803	2.245477e+00	1.263214e-01	7.173947e-01	2.956618e+00	9.731102e-01	3.168560e-02	5.626303e-01	9.104369e-02	3.300760e+00	9.913561e-01	5.244077e+00	7.094564e-01	2.454315e-01	1.923341e+00	7.831765e-01	1.041869e+00	7.171934e+01	1.427382e+02	2.904976e-01	7.008148e-02	-8.362793e-14	
3  106.947	2.264700e+00	1.302668e-01	7.469224e-01	2.953972e+00	9.765456e-01	3.175053e-02	8.922267e-01	1.638863e-02	3.570596e+00	9.946507e-01	5.280858e+00	7.246321e-01	2.455121e-01	1.918490e+00	7.867889e-01	1.042935e+00	7.468346e+01	1.401517e+02	2.753154e-01	1.069372e-01	-2.277035e-13	
1  107.147	2.294164e+00	1.265280e-01	7.603048e-01	2.969928e+00	9.831149e-01	4.542768e-02	8.723839e-01	1.530239e-01	4.237905e+00	9.928317e-01	6.787731e+00	7.401232e-01	2.456305e-01	1.949080e+00	7.824181e-01	1.042710e+00	7.599725e+01	1.407934e+02	2.597497e-01	1.048734e-01	-2.850093e-13	
7  104.905	2.313485e+00	1.268593e-01	7.615826e-01	2.999084e+00	9.896071e-01	5.866792e-02	8.700611e-01	6.454419e-03	4.059672e+00	9.937580e-01	8.123540e+00	7.401584e-01	2.457081e-01	2.006626e+00	7.966350e-01	1.042942e+00	7.614150e+01	1.405135e+02	2.597354e-01	1.046499e-01	-3.338933e-13	
3  105.696	2.313485e+00	1.268593e-01	7.615826e-01	2.999084e+00	9.896071e-01	5.866792e-02	8.700611e-01	6.454419e-03	4.059672e+00	9.961402e-01	8.123540e+00	7.401584e-01	2.457081e-01	2.006626e+00	7.966350e-01	1.042942e+00	7.614150e+01	1.405135e+02	2.597354e-01	1.046499e-01	-3.338933e-13	
3  106.831	2.272756e+00	1.250263e-01	7.448279e-01	3.009929e+00	9.813123e-01	6.325376e-02	7.074631e-01	5.565770e-02	3.643638e+00	9.944146e-01	8.620663e+00	7.322882e-01	2.455428e-01	2.028378e+00	7.983083e-01	1.042795e+00	7.445818e+01	1.420897e+02	2.675166e-01	8.672739e-02	-3.069371e-13	
4  107.311	2.323006e+00	1.282768e-01	7.803118e-01	3.030272e+00	9.928004e-01	7.522586e-02	1.064023e+00	1.477824e-01	4.154738e+00	9.991225e-01	9.687096e+00	7.499074e-01	2.457463e-01	2.070033e+00	8.089336e-01	1.043052e+00	7.800974e+01	1.392442e+02	2.499433e-01	1.252211e-01	-4.680019e-13	
3  106.649	2.323006e+00	1.282768e-01	7.803118e-01	3.030272e+00	9.928004e-01	7.522586e-02	1.064023e+00	1.477824e-01	4.154738e+00	9.980667e-01	9.687096e+00	7.499074e-01	2.457463e-01	2.070033e+00	8.089336e-01	1.043052e+00	7.800974e+01	1.392442e+02	2.499433e-01	1.252211e-01	-4.680019e-13	
1  105.581	2.271324e+00	1.314095e-01	7.464468e-01	3.058854e+00	9.769960e-01	8.094584e-02	9.317373e-01	1.898304e-01	3.325683e+00	9.987439e-01	1.039922e+01	7.221373e-01	2.455359e-01	2.129969e+00	8.310850e-01	1.042492e+00	7.463871e+01	1.396261e+02	2.777394e-01	1.112376e-01	-1.105662e-13	
7  104.901	2.234015e+00	1.262507e-01	7.153858e-01	3.066735e+00	9.743604e-01	7.982653e-02	5.495140e-01	2.068045e-01	2.695439e+00	9.988742e-01	1.028157e+01	7.082848e-01	2.453788e-01	2.146751e+00	8.284679e-01	1.041962e+00	7.153060e+01	1.429184e+02	2.915524e-01	6.863464e-02	-2.978109e-14	
2  104.413	2.247326e+00	1.295018e-01	7.283011e-01	3.027613e+00	9.715033e-01	6.082723e-02	7.437918e-01	4.652864e-01	2.854023e+00	9.997037e-01	8.527163e+00	7.121517e-01	2.454349e-01	2.064396e+00	8.162605e-01	1.042198e+00	7.282748e+01	1.411351e+02	2.877455e-01	9.074859e-02	2.595875e-14	
3  104.893	2.228624e+00	1.262437e-01	7.127022e-01	3.045203e+00	9.644634e-01	6.767914e-02	5.217857e-01	5.587783e-01	2.058867e+00	9.983138e-01	9.171894e+00	7.061050e-01	2.453559e-01	2.100932e+00	8.176524e-01	1.042240e+00	7.126392e+01	1.431169e+02	2.937352e-01	6.535243e-02	1.160419e-13	
10  104.297	2.292289e+00	1.284572e-01	7.517946e-01	3.041664e+00	9.800834e-01	6.598904e-02	8.693626e-01	4.832373e-01	2.177474e+00	1.005517e+00	8.913004e+00	7.310377e-01	2.456193e-01	2.093722e+00	8.163143e-01	1.042450e+00	7.517757e+01	1.403657e+02	2.688892e-01	1.046620e-01	-5.638339e-14	
7  104.022	2.277570e+00	1.317043e-01	7.370673e-01	3.000318e+00	9.726195e-01	4.253926e-02	8.704317e-01	6.221732e-01	2.276801e+00	1.004563e+00	6.566440e+00	7.144248e-01	2.455598e-01	2.009298e+00	8.075655e-01	1.041942e+00	7.370264e+01	1.397658e+02	2.855667e-01	1.047574e-01	2.793968e-17	
1  104.102	2.295047e+00	1.338558e-01	7.411012e-01	2.984103e+00	9.783330e-01	3.561033e-02	9.507363e-01	7.792187e-01	2.597747e+00	1.003659e+00	5.750924e+00	7.132862e-01	2.456332e-01	1.977039e+00	8.069065e-01	1.042132e+00	7.410462e+01	1.387546e+02	2.867454e-01	1.133810e-01	-1.031045e-13	
6  103.727	2.331423e+00	1.328717e-01	7.640094e-01	2.989363e+00	9.864363e-01	4.402491e-02	1.069527e+00	5.459985e-01	2.177629e+00	1.002347e+00	6.657619e+00	7.313486e-01	2.457794e-01	1.987274e+00	8.047338e-01	1.042762e+00	7.639972e+01	1.381128e+02	2.686592e-01	1.257239e-01	-7.913150e-14	
2  104.257	2.331423e+00	1.328717e-01	7.640094e-01	2.989363e+00	9.864363e-01	4.402491e-02	1.069527e+00	5.459985e-01	2.177629e+00	1.003372e+00	6.657619e+00	7.313486e-01	2.457794e-01	1.987274e+00	8.047338e-01	1.042762e+00	7.639972e+01	1.381128e+02	2.686592e-01	1.257239e-01	-7.913150e-14	
1  106.396	2.352874e+00	1.357483e-01	7.734757e-01	2.933612e+00	9.831455e-01	1.847228e-02	1.214561e+00	2.237417e-01	3.206261e+00	1.001578e+00	3.514667e+00	7.328547e-01	2.458703e-01	1.878585e+00	7.857518e-01	1.043013e+00	7.733307e+01	1.366647e+02	2.672383e-01	1.401349e-01	-6.859452e-14	
5  106.77	2.338612e+00	1.399474e-01	7.685497e-01	2.939337e+00	9.754041e-01	1.672633e-02	1.307020e+00	3.792175e-01	3.703648e+00	1.003559e+00	3.330328e+00	7.226096e-01	2.458149e-01	1.889276e+00	7.959022e-01	1.043193e+00	7.685394e+01	1.355330e+02	2.775143e-01	1.491257e-01	-1.359813e-13	
3  105.191	2.342511e+00	1.345912e-01	7.744165e-01	2.990210e+00	9.867286e-01	4.513300e-02	1.208087e+00	1.328682e-01	4.477745e+00	1.004952e+00	6.788181e+00	7.354732e-01	2.458261e-01	1.989084e+00	8.062151e-01	1.042648e+00	7.744047e+01	1.370499e+02	2.645479e-01	1.396683e-01	-1.998834e-13	
6  105.923	2.355086e+00	1.300232e-01	7.718725e-01	2.974323e+00	9.863864e-01	3.782120e-02	1.042591e+00	3.266427e-01	4.193610e+00	1.004249e+00	5.883481e+00	7.411971e-01	2.458752e-01	1.957745e+00	7.890571e-01	1.042308e+00	7.717188e+01	1.386231e+02	2.588255e-01	1.229123e-01	-1.847468e-13	
1  107.578	2.404147e+00	1.274597e-01	7.939072e-01	3.003100e+00	9.936141e-01	5.342443e-02	1.101983e+00	6.386653e-01	4.813021e+00	1.006912e+00	7.448259e+00	7.585153e-01	2.460673e-01	2.014954e+00	7.907035e-01	1.042483e+00	7.937794e+01	1.384486e+02	2.414445e-01	1.288202e-01	-2.239380e-13	
4  106.498	2.394286e+00	1.219852e-01	7.697763e-01	3.033346e+00	9.941397e-01	6.215886e-02	7.185193e-01	6.569011e-01	4.312778e+00	1.007953e+00	8.206019e+00	7.526311e-01	2.460282e-01	2.076782e+00	7.958579e-01	1.042916e+00	7.699406e+01	1.415018e+02	2.473577e-01	8.777856e-02	-1.855914e-13	
1  106.63	2.358502e+00	1.204272e-01	7.404464e-01	3.017154e+00	9.829131e-01	4.592645e-02	4.344537e-01	3.310569e-01	3.714793e+00	1.008753e+00	6.616349e+00	7.362068e-01	2.458844e-01	2.043268e+00	7.908008e-01	1.043546e+00	7.405962e+01	1.435720e+02	2.636928e-01	5.489361e-02	-5.744267e-14	
6  108.525	2.421973e+00	1.261554e-01	7.753473e-01	3.053304e+00	9.897921e-01	6.996075e-02	8.391317e-01	3.189306e-01	3.916694e+00	1.007499e+00	8.939129e+00	7.485451e-01	2.461421e-01	2.118288e+00	8.132976e-01	1.044055e+00	7.754816e+01	1.397124e+02	2.513324e-01	1.010218e-01	-6.428920e-14	
1  108.155	2.419170e+00	1.248089e-01	7.765869e-01	3.100926e+00	9.980129e-01	1.003154e-01	8.264339e-01	1.839083e-01	3.358424e+00	1.003492e+00	1.148179e+01	7.516360e-01	2.461345e-01	2.222017e+00	8.309883e-01	1.043502e+00	7.767559e+01	1.401138e+02	2.484104e-01	9.990662e-02	3.787912e-14	
1  107.872	2.419170e+00	1.248089e-01	7.765869e-01	3.100926e+00	9.980129e-01	1.003154e-01	8.264339e-01	1.839083e-01	3.358424e+00	1.003066e+00	1.148179e+01	7.516360e-01	2.461345e-01	2.222017e+00	8.309883e-01	1.043502e+00	7.767559e+01	1.401138e+02	2.484104e-01	9.990662e-02	3.787912e-14	
5  108.149	2.415319e+00	1.306729e-01	7.745587e-01	3.091839e+00	9.935170e-01	8.976602e-02	9.838329e-01	2.787355e-01	2.974596e+00	1.006338e+00	1.076948e+01	7.406857e-01	2.461207e-01	2.202132e+00	8.422577e-01	1.043883e+00	7.746293e+01	1.381500e+02	2.592469e-01	1.165530e-01	5.882867e-14	
1  108.833	2.445160e+00	1.313926e-01	7.961083e-01	3.054770e+00	9.972831e-01	8.021949e-02	1.157113e+00	4.247358e-02	3.321215e+00	1.001791e+00	9.903953e+00	7.527267e-01	2.462349e-01	2.121989e+00	8.242892e-01	1.044125e+00	7.961694e+01	1.369798e+02	2.471420e-01	1.343088e-01	-9.127147e-14	
3  106.232	2.416158e+00	1.355903e-01	7.864459e-01	3.019345e+00	9.856416e-01	5.379414e-02	1.249623e+00	1.025663e-01	3.349279e+00	1.007713e+00	7.580632e+00	7.405571e-01	2.461203e-01	2.047612e+00	8.175964e-01	1.043524e+00	7.864572e+01	1.359494e+02	2.592888e-01	1.435343e-01	-1.145583e-13	
1  105.525	2.416158e+00	1.355903e-01	7.864459e-01	3.019345e+00	9.856416e-01	5.379414e-02	1.249623e+00	1.025663e-01	3.349279e+00	1.005543e+00	7.580632e+00	7.405571e-01	2.461203e-01	2.047612e+00	8.175964e-01	1.043524e+00	7.864572e+01	1.359494e+02	2.592888e-01	1.435343e-01	-1.145583e-13	
1  104.703	2.404324e+00	1.284528e-01	7.736882e-01	3.014654e+00	9.841636e-01	5.634185e-02	9.479644e-01	9.189838e-02	3.261093e+00	1.000454e+00	7.741760e+00	7.440273e-01	2.460729e-01	2.038337e+00	8.004221e-01	1.042889e+00	7.737137e+01	1.388793e+02	2.558918e-01	1.128866e-01	-2.442298e-13	
8  104.639	2.386920e+00	1.243801e-01	7.682131e-01	3.025347e+00	9.905613e-01	6.396482e-02	7.978539e-01	1.226148e-01	3.395375e+00	9.995951e-01	8.439630e+00	7.476101e-01	2.460027e-01	2.060200e+00	7.977318e-01	1.042568e+00	7.682240e+01	1.406525e+02	2.523799e-01	9.670236e-02	-2.510469e-13	
1  105.13	2.386920e+00	1.243801e-01	7.682131e-01	3.025347e+00	9.905613e-01	6.396482e-02	7.978539e-01	1.226148e-01	3.395375e+00	9.984313e-01	8.439630e+00	7.476101e-01	2.460027e-01	2.060200e+00	7.977318e-01	1.042568e+00	7.682240e+01	1.406525e+02	2.523799e-01	9.670236e-02	-2.510469e-13	
4  104.964	2.356243e+00	1.307161e-01	7.673918e-01	3.005248e+00	9.914809e-01	5.493509e-02	1.028195e+00	9.519624e-02	2.911544e+00	9.982106e-01	7.733728e+00	7.368786e-01	2.458806e-01	2.018978e+00	8.057377e-01	1.042190e+00	7.673515e+01	1.385178e+02	2.631413e-01	1.213140e-01	-1.011010e-13	
13  105.286	2.308736e+00	1.263501e-01	7.346279e-01	3.034973e+00	9.896357e-01	5.571214e-02	6.563192e-01	4.110966e-02	3.158503e+00	1.006410e+00	7.819572e+00	7.219189e-01	2.456862e-01	2.080039e+00	8.150457e-01	1.041971e+00	7.346204e+01	1.416326e+02	2.780874e-01	8.090806e-02	-1.371074e-13	
3  106.152	2.281576e+00	1.311345e-01	7.330701e-01	3.037404e+00	9.788158e-01	4.849887e-02	7.938040e-01	1.089212e-02	3.181858e+00	1.012290e+00	7.206172e+00	7.123225e-01	2.455769e-01	2.085613e+00	8.256229e-01	1.042603e+00	7.330350e+01	1.401825e+02	2.876089e-01	9.646869e-02	-2.642758e-14	
1  104.328	2.233721e+00	1.224127e-01	6.805218e-01	3.042894e+00	9.686409e-01	4.173397e-02	1.363852e-01	2.202608e-01	3.070582e+00	1.012308e+00	6.384537e+00	6.858533e-01	2.453740e-01	2.097067e+00	8.155876e-01	1.041787e+00	6.804924e+01	1.458379e+02	3.140093e-01	1.791386e-02	4.300997e-14	
18  104.853	2.207068e+00	1.227074e-01	6.736719e-01	3.062163e+00	9.716579e-01	5.179604e-02	9.740716e-02	2.849482e-01	4.601978e+00	1.011591e+00	7.544631e+00	6.792843e-01	2.452619e-01	2.137712e+00	8.278736e-01	1.042125e+00	6.737077e+01	1.462340e+02	3.205442e-01	1.285546e-02	1.020955e-13	
6  104.81	2.207068e+00	1.227074e-01	6.736719e-01	3.062163e+00	9.716579e-01	5.179604e-02	9.740716e-02	2.849482e-01	4.601978e+00	1.011720e+00	7.544631e+00	6.792843e-01	2.452619e-01	2.137712e+00	8.278736e-01	1.042125e+00	6.737077e+01	1.462340e+02	3.205442e-01	1.285546e-02	1.020955e-13	
2  103.597	2.218198e+00	1.211504e-01	6.785290e-01	3.041880e+00	9.734328e-01	4.543126e-02	8.203373e-02	5.299572e-01	3.612232e+00	1.009216e+00	6.811683e+00	6.870782e-01	2.453076e-01	2.094896e+00	8.150451e-01	1.042184e+00	6.786162e+01	1.465917e+02	3.127693e-01	1.089251e-02	5.555376e-14	
5  103.721	2.249941e+00	1.234374e-01	7.002530e-01	3.068019e+00	9.724621e-01	6.187046e-02	3.271979e-01	3.998289e-01	3.946980e+00	1.009795e+00	8.495030e+00	7.010468e-01	2.454430e-01	2.150150e+00	8.244951e-01	1.041694e+00	7.002270e+01	1.444847e+02	2.989019e-01	4.195674e-02	3.312044e-14	
8  103.235	2.253008e+00	1.236228e-01	7.127635e-01	3.075349e+00	9.733910e-01	7.315133e-02	4.178254e-01	3.874192e-01	4.052594e+00	1.004935e+00	9.562399e+00	7.110339e-01	2.454576e-01	2.165773e+00	8.263121e-01	1.042377e+00	7.127180e+01	1.439751e+02	2.888968e-01	5.309764e-02	-4.457869e-15	
3  102.297	2.205834e+00	1.214599e-01	6.740960e-01	3.060881e+00	9.625617e-01	5.801898e-02	5.467614e-02	4.394793e-01	2.949313e+00	1.004304e+00	8.170107e+00	6.825766e-01	2.452564e-01	2.134799e+00	8.219578e-01	1.042464e+00	6.741453e+01	1.467805e+02	3.173594e-01	7.302120e-03	1.902098e-13	
1  103.002	2.230900e+00	1.270139e-01	7.053980e-01	3.016683e+00	9.677471e-01	4.695365e-02	4.700145e-01	2.525357e-01	2.778158e+00	9.997608e-01	7.063111e+00	6.984833e-01	2.453658e-01	2.042488e+00	8.112457e-01	1.042574e+00	7.053756e+01	1.431368e+02	3.014499e-01	5.932936e-02	2.191588e-15	
2  104.955	2.245146e+00	1.360384e-01	7.233539e-01	3.000344e+00	9.663171e-01	3.935099e-02	8.840010e-01	4.093969e-01	3.550498e+00	1.000868e+00	6.312140e+00	6.957595e-01	2.454280e-01	2.009553e+00	8.200192e-01	1.042734e+00	7.233870e+01	1.390588e+02	3.042328e-01	1.061278e-01	4.153699e-15	
1  104.134	2.280481e+00	1.383712e-01	7.366661e-01	3.024945e+00	9.710558e-01	5.317161e-02	1.028424e+00	5.259983e-01	4.201123e+00	1.000643e+00	7.822052e+00	7.017366e-01	2.455731e-01	2.059165e+00	8.340039e-01	1.043144e+00	7.366426e+01	1.375873e+02	2.982165e-01	1.212982e-01	1.224231e-13	
3  103.517	2.303754e+00	1.364711e-01	7.324088e-01	3.022574e+00	9.686489e-01	4.661205e-02	9.168078e-01	4.210984e-01	4.372922e+00	1.003741e+00	7.034683e+00	7.013613e-01	2.456695e-01	2.054345e+00	8.286126e-01	1.043024e+00	7.323113e+01	1.382326e+02	2.985516e-01	1.095865e-01	3.236793e-14	
2  104.178	2.326041e+00	1.324490e-01	7.485967e-01	2.978994e+00	9.802887e-01	3.437794e-02	9.078256e-01	1.080021e-01	4.117923e+00	9.994928e-01	5.535358e+00	7.210266e-01	2.457604e-01	1.966650e+00	8.023373e-01	1.043358e+00	7.486391e+01	1.389512e+02	2.788858e-01	1.086365e-01	-2.174538e-13	
2  105.852	2.376774e+00	1.268671e-01	7.567939e-01	3.013829e+00	9.851240e-01	4.853506e-02	7.464468e-01	7.556087e-02	4.301060e+00	1.002921e+00	6.964684e+00	7.358332e-01	2.459607e-01	2.036193e+00	8.028183e-01	1.043909e+00	7.568434e+01	1.404185e+02	2.640172e-01	9.093042e-02	-1.469497e-13	
6  104.286	2.366174e+00	1.252181e-01	7.463385e-01	3.016877e+00	9.839383e-01	5.355786e-02	6.307421e-01	1.769201e-01	4.540498e+00	9.985882e-01	7.469849e+00	7.315206e-01	2.459194e-01	2.042740e+00	8.015031e-01	1.043395e+00	7.463900e+01	1.414286e+02	2.684257e-01	7.799943e-02	-1.786891e-13	
5  104.434	2.341281e+00	1.262980e-01	7.198023e-01	2.989601e+00	9.701129e-01	3.370971e-02	4.837817e-01	3.153283e-01	4.037254e+00	9.985585e-01	5.327732e+00	7.097128e-01	2.458204e-01	1.987663e+00	7.942076e-01	1.042527e+00	7.198460e+01	1.420828e+02	2.901796e-01	6.101233e-02	-1.634935e-13	
4  104.367	2.343107e+00	1.307131e-01	7.332935e-01	2.978594e+00	9.723043e-01	3.597069e-02	7.315164e-01	3.085046e-01	4.810963e+00	9.939739e-01	5.661553e+00	7.120784e-01	2.458297e-01	1.966088e+00	7.976366e-01	1.042565e+00	7.333049e+01	1.399291e+02	2.878306e-01	8.945595e-02	-2.125077e-13	
1  105.38	2.343107e+00	1.307131e-01	7.332935e-01	2.978594e+00	9.723043e-01	3.597069e-02	7.315164e-01	3.085046e-01	4.810963e+00	9.926231e-01	5.661553e+00	7.120784e-01	2.458297e-01	1.966088e+00	7.976366e-01	1.042565e+00	7.333049e+01	1.399291e+02	2.878306e-01	8.945595e-02	-2.125077e-13	
2  105.183	2.312095e+00	1.275340e-01	7.134237e-01	2.963387e+00	9.671346e-01	2.361728e-02	5.107033e-01	2.817576e-01	4.167198e+00	9.945336e-01	4.117082e+00	7.026568e-01	2.457038e-01	1.936252e+00	7.865793e-01	1.041845e+00	7.133852e+01	1.419676e+02	2.972435e-01	6.418827e-02	-9.290874e-14	
1  108.828	2.362005e+00	1.232869e-01	7.207449e-01	2.972390e+00	9.773192e-01	2.344109e-02	4.063676e-01	4.562746e-01	3.634751e+00	1.000145e+00	3.980406e+00	7.158383e-01	2.459029e-01	1.953270e+00	7.805741e-01	1.041743e+00	7.206700e+01	1.429560e+02	2.840718e-01	5.159346e-02	9.369775e-14	
1  108.674	2.349911e+00	1.205701e-01	7.041749e-01	2.983629e+00	9.747581e-01	2.911575e-02	1.964959e-01	6.275324e-01	4.043558e+00	9.973020e-01	4.665233e+00	7.080167e-01	2.458524e-01	1.975635e+00	7.813765e-01	1.041611e+00	7.042845e+01	1.447628e+02	2.918981e-01	2.569956e-02	1.506779e-13	
1  109.044	2.343810e+00	1.192428e-01	6.910283e-01	2.998885e+00	9.675264e-01	3.503934e-02	5.284471e-02	7.560212e-01	4.057297e+00	9.957554e-01	5.355186e+00	6.997145e-01	2.458265e-01	2.006325e+00	7.849241e-01	1.041515e+00	6.913072e+01	1.458585e+02	3.001777e-01	7.305942e-03	8.099079e-14	
1  109.05	2.355503e+00	1.261641e-01	7.074615e-01	2.978915e+00	9.641580e-01	2.544649e-02	3.817408e-01	7.192145e-01	4.479834e+00	9.965777e-01	4.256721e+00	6.993943e-01	2.458778e-01	1.966366e+00	7.893552e-01	1.041865e+00	7.075548e+01	1.424231e+02	3.003767e-01	4.886412e-02	-9.525791e-14	
1  108.687	2.294060e+00	1.262567e-01	6.852662e-01	3.001622e+00	9.495326e-01	2.294137e-02	2.679197e-01	9.977189e-01	4.287826e+00	1.006132e+00	3.997096e+00	6.807450e-01	2.456265e-01	2.012195e+00	7.986941e-01	1.041000e+00	6.854560e+01	1.435742e+02	3.188876e-01	3.483181e-02	8.201935e-14	
2  109.033	2.311201e+00	1.263689e-01	6.890312e-01	2.972998e+00	9.500869e-01	1.198836e-02	2.799492e-01	9.986273e-01	4.437604e+00	1.002895e+00	2.477367e+00	6.836609e-01	2.456966e-01	1.953864e+00	7.872595e-01	1.041342e+00	6.892851e+01	1.432875e+02	3.159617e-01	3.621084e-02	3.931452e-13	
10  112.113	2.311201e+00	1.263689e-01	6.890312e-01	2.972998e+00	9.500869e-01	1.198836e-02	2.799492e-01	9.986273e-01	4.437604e+00	1.000615e+00	2.477367e+00	6.836609e-01	2.456966e-01	1.953864e+00	7.872595e-01	1.041342e+00	6.892851e+01	1.432875e+02	3.159617e-01	3.621084e-02	3.931452e-13	
10  110.354	2.311201e+00	1.263689e-01	6.890312e-01	2.972998e+00	9.500869e-01	1.198836e-02	2.799492e-01	9.986273e-01	4.437604e+00	1.001738e+00	2.477367e+00	6.836609e-01	2.456966e-01	1.953864e+00	7.872595e-01	1.041342e+00	6.892851e+01	1.432875e+02	3.159617e-01	3.621084e-02	3.931452e-13	
10  110.04	2.311201e+00	1.263689e-01	6.890312e-01	2.972998e+00	9.500869e-01	1.198836e-02	2.799492e-01	9.986273e-01	4.437604e+00	1.001977e+00	2.477367e+00	6.836609e-01	2.456966e-01	1.953864e+00	7.872595e-01	1.041342e+00	6.892851e+01	1.432875e+02	3.159617e-01	3.621084e-02	3.931452e-13	
5  110.031	2.311201e+00	1.263689e-01	6.890312e-01	2.972998e+00	9.500869e-01	1.198836e-02	2.799492e-01	9.986273e-01	4.437604e+00	1.008896e+00	2.477367e+00	6.836609e-01	2.456966e-01	1.953864e+00	7.872595e-01	1.041342e+00	6.892851e+01	1.432875e+02	3.159617e-01	3.621084e-02	3.931452e-13	
3  107.641	2.344384e+00	1.309865e-01	7.186085e-01	3.017108e+00	9.567607e-01	4.217202e-02	6.213278e-01	7.318446e-01	4.751079e+00	1.005686e+00	6.357366e+00	6.995324e-01	2.458340e-01	2.043452e+00	8.116341e-01	1.042224e+00	7.187110e+01	1.403091e+02	3.002417e-01	7.706576e-02	-2.046559e-13	
1  108.264	2.349448e+00	1.333191e-01	7.301133e-01	3.035633e+00	9.581530e-01	4.949056e-02	8.026414e-01	5.109390e-01	4.386569e+00	1.010105e+00	7.182870e+00	7.044060e-01	2.458562e-01	2.081983e+00	8.212811e-01	1.041747e+00	7.301590e+01	1.389395e+02	2.953073e-01	9.728706e-02	-7.522032e-14	
4  108.913	2.337724e+00	1.287264e-01	7.156619e-01	3.094188e+00	9.623751e-01	7.559584e-02	5.643410e-01	2.678294e-01	3.891234e+00	1.011982e+00	9.652993e+00	7.015440e-01	2.458109e-01	2.207547e+00	8.390776e-01	1.041200e+00	7.156296e+01	1.411776e+02	2.982197e-01	7.033585e-02	1.667813e-15	
3  107.873	2.319419e+00	1.262441e-01	7.138419e-01	3.069001e+00	9.633194e-01	6.428018e-02	4.951127e-01	3.351393e-01	3.802565e+00	1.012059e+00	8.605231e+00	7.053683e-01	2.457332e-01	2.152453e+00	8.232222e-01	1.040979e+00	7.138873e+01	1.422730e+02	2.944123e-01	6.216352e-02	2.539381e-14	
1  105.603	2.296201e+00	1.241771e-01	6.931538e-01	3.043003e+00	9.603741e-01	4.845459e-02	2.627297e-01	6.814601e-01	3.895683e+00	1.010608e+00	7.019252e+00	6.923223e-01	2.456346e-01	2.097145e+00	8.125740e-01	1.041319e+00	6.931870e+01	1.440981e+02	3.075416e-01	3.406574e-02	2.606027e-15	
13  105.764	2.295043e+00	1.226831e-01	6.828515e-01	3.025225e+00	9.627697e-01	4.061394e-02	1.237950e-01	6.932852e-01	3.983997e+00	1.007662e+00	6.128450e+00	6.861942e-01	2.456283e-01	2.059959e+00	8.053067e-01	1.041538e+00	6.829063e+01	1.451526e+02	3.136843e-01	1.645781e-02	-3.212653e-14	
4  103.291	2.295043e+00	1.226831e-01	6.828515e-01	3.025225e+00	9.627697e-01	4.061394e-02	1.237950e-01	6.932852e-01	3.983997e+00	1.004320e+00	6.128450e+00	6.861942e-01	2.456283e-01	2.059959e+00	8.053067e-01	1.041538e+00	6.829063e+01	1.451526e+02	3.136843e-01	1.645781e-02	-3.212653e-14	
2  103.204	2.276122e+00	1.246008e-01	6.793762e-01	3.009894e+00	9.617057e-01	3.178599e-02	1.690878e-01	7.222932e-01	4.395558e+00	1.005065e+00	5.142976e+00	6.792127e-01	2.455515e-01	2.028689e+00	8.042714e-01	1.041429e+00	6.793967e+01	1.446561e+02	3.206259e-01	2.227569e-02	-9.669438e-14	
1  104.581	2.304547e+00	1.282512e-01	7.079393e-01	2.977287e+00	9.745434e-01	2.173919e-02	4.705457e-01	6.133078e-01	4.443473e+00	1.004174e+00	3.882379e+00	6.966797e-01	2.456721e-01	1.962781e+00	7.986408e-01	1.042518e+00	7.079158e+01	1.420560e+02	3.031578e-01	5.926527e-02	-1.618702e-13	
1  105.693	2.250015e+00	1.225479e-01	6.831660e-01	2.999260e+00	9.720874e-01	2.315892e-02	1.142606e-01	4.153503e-01	3.579559e+00	1.009784e+00	4.080023e+00	6.875519e-01	2.454435e-01	2.006745e+00	8.007240e-01	1.043055e+00	6.833583e+01	1.457193e+02	3.121302e-01	1.483038e-02	-5.999729e-14	
2  103.043	2.286493e+00	1.219539e-01	7.012594e-01	3.020776e+00	9.778340e-01	4.016314e-02	2.393081e-01	3.179744e-01	4.089214e+00	1.008063e+00	6.106736e+00	7.041244e-01	2.455929e-01	2.050788e+00	8.037686e-01	1.042459e+00	7.012683e+01	1.448835e+02	2.957706e-01	3.103290e-02	-4.655495e-14	
3  103.154	2.286493e+00	1.219539e-01	7.012594e-01	3.020776e+00	9.778340e-01	4.016314e-02	2.393081e-01	3.179744e-01	4.089214e+00	1.007017e+00	6.106736e+00	7.041244e-01	2.455929e-01	2.050788e+00	8.037686e-01	1.042459e+00	7.012683e+01	1.448835e+02	2.957706e-01	3.103290e-02	-4.655495e-14	
2  104.215	2.292782e+00	1.198322e-01	6.900893e-01	3.004383e+00	9.718979e-01	2.835736e-02	8.880156e-02	3.384336e-01	3.808580e+00	1.007775e+00	4.643996e+00	6.987436e-01	2.456184e-01	2.017227e+00	7.917700e-01	1.041978e+00	6.902038e+01	1.460866e+02	3.011152e-01	1.163646e-02	2.139602e-14	
1  106.681	2.327773e+00	1.183216e-01	7.033391e-01	3.004691e+00	9.784436e-01	2.991876e-02	1.052389e-01	3.681608e-01	3.828261e+00	1.008118e+00	4.777210e+00	7.123666e-01	2.457589e-01	2.017548e+00	7.875157e-01	1.042768e+00	7.035271e+01	1.460205e+02	2.874785e-01	1.360658e-02	7.088203e-14	
10  104.266	2.271146e+00	1.213293e-01	6.789019e-01	3.028062e+00	9.689557e-01	3.475597e-02	4.517548e-02	2.073746e-01	3.831404e+00	1.010113e+00	5.472831e+00	6.858398e-01	2.455292e-01	2.065503e+00	8.077016e-01	1.042340e+00	6.789265e+01	1.461483e+02	3.139286e-01	5.910166e-03	5.706269e-14	
2  103.149	2.265841e+00	1.245236e-01	6.878201e-01	3.008903e+00	9.604115e-01	2.924340e-02	2.372931e-01	2.783080e-01	4.229926e+00	1.007798e+00	4.857621e+00	6.873904e-01	2.455106e-01	2.026764e+00	8.021343e-01	1.041799e+00	6.878870e+01	1.444633e+02	3.124534e-01	3.084226e-02	-3.442261e-14	
28  103.291	2.276907e+00	1.289752e-01	6.921091e-01	3.019983e+00	9.585738e-01	3.530923e-02	3.897120e-01	3.456749e-02	3.831941e+00	1.006296e+00	5.643885e+00	6.816875e-01	2.455575e-01	2.049126e+00	8.156616e-01	1.042091e+00	6.919656e+01	1.425389e+02	3.181431e-01	4.970552e-02	-8.189250e-14	
1  102.572	2.254926e+00	1.248974e-01	6.785611e-01	3.030308e+00	9.591495e-01	3.806062e-02	1.765187e-01	1.956394e-01	2.904932e+00	1.007380e+00	5.947886e+00	6.782010e-01	2.454636e-01	2.070476e+00	8.136039e-01	1.041809e+00	6.784988e+01	1.447764e+02	3.216571e-01	2.316013e-02	4.672073e-15	
3  102.89	2.219773e+00	1.264092e-01	6.719543e-01	3.036185e+00	9.619204e-01	4.114917e-02	1.803999e-01	4.864324e-01	2.593890e+00	1.006687e+00	6.403376e+00	6.692320e-01	2.453160e-01	2.082654e+00	8.231621e-01	1.042198e+00	6.719044e+01	1.447549e+02	3.306410e-01	2.369557e-02	6.230623e-14	
6  102.967	2.219773e+00	1.264092e-01	6.719543e-01	3.036185e+00	9.619204e-01	4.114917e-02	1.803999e-01	4.864324e-01	2.593890e+00	1.006508e+00	6.403376e+00	6.692320e-01	2.453160e-01	2.082654e+00	8.231621e-01	1.042198e+00	6.719044e+01	1.447549e+02	3.306410e-01	2.369557e-02	6.230623e-14	
4  104.101	2.256147e+00	1.342029e-01	7.017594e-01	2.995476e+00	9.640964e-01	3.030586e-02	6.525219e-01	5.266339e-01	3.249706e+00	1.002267e+00	5.141352e+00	6.802065e-01	2.454733e-01	1.999935e+00	8.166823e-01	1.041919e+00	7.015704e+01	1.403526e+02	3.197156e-01	8.067172e-02	-1.901647e-13	
1  103.676	2.256147e+00	1.342029e-01	7.017594e-01	2.995476e+00	9.640964e-01	3.030586e-02	6.525219e-01	5.266339e-01	3.249706e+00	1.003340e+00	5.141352e+00	6.802065e-01	2.454733e-01	1.999935e+00	8.166823e-01	1.041919e+00	7.015704e+01	1.403526e+02	3.197156e-01	8.067172e-02	-1.901647e-13	
1  102.695	2.278306e+00	1.304366e-01	6.989575e-01	3.025313e+00	9.668819e-01	4.321441e-02	5.046329e-01	6.039895e-01	3.569978e+00	1.004902e+00	6.588312e+00	6.848890e-01	2.455625e-01	2.060218e+00	8.215347e-01	1.041670e+00	6.987566e+01	1.416576e+02	3.150094e-01	6.350495e-02	-4.294589e-14	
1  103.41	2.246508e+00	1.287601e-01	6.777965e-01	2.982132e+00	9.577194e-01	2.161501e-02	3.089530e-01	5.769553e-01	3.301083e+00	1.001225e+00	3.928397e+00	6.693584e-01	2.454312e-01	1.973223e+00	8.016874e-01	1.041203e+00	6.777034e+01	1.432831e+02	3.304903e-01	3.988347e-02	-1.883429e-13	
1  102.685	2.223702e+00	1.289378e-01	6.827253e-01	3.015211e+00	9.565088e-01	3.506403e-02	3.461148e-01	5.385059e-01	3.186129e+00	1.004922e+00	5.719854e+00	6.741334e-01	2.453348e-01	2.039711e+00	8.161344e-01	1.042212e+00	6.827412e+01	1.433128e+02	3.258049e-01	4.442298e-02	-2.295934e-14	
3  104.984	2.201604e+00	1.287893e-01	6.748454e-01	3.037524e+00	9.505048e-01	3.925629e-02	3.073869e-01	7.637279e-01	3.566179e+00	1.010454e+00	6.262866e+00	6.672380e-01	2.452404e-01	2.085971e+00	8.241078e-01	1.041641e+00	6.749409e+01	1.437777e+02	3.327265e-01	3.964945e-02	1.983993e-13	
3  106.742	2.167170e+00	1.277260e-01	6.611088e-01	3.041573e+00	9.495892e-01	4.023709e-02	2.034790e-01	4.068417e-01	2.771209e+00	1.010446e+00	6.430589e+00	6.565241e-01	2.450928e-01	2.094526e+00	8.253728e-01	1.040924e+00	6.612438e+01	1.449142e+02	3.434574e-01	2.655787e-02	1.365796e-13	
3  106.969	2.167170e+00	1.277260e-01	6.611088e-01	3.041573e+00	9.495892e-01	4.023709e-02	2.034790e-01	4.068417e-01	2.771209e+00	1.012068e+00	6.430589e+00	6.565241e-01	2.450928e-01	2.094526e+00	8.253728e-01	1.040924e+00	6.612438e+01	1.449142e+02	3.434574e-01	2.655787e-02	1.365796e-13	
1  105.649	2.226818e+00	1.278388e-01	6.829227e-01	3.021965e+00	9.476464e-01	4.313587e-02	3.590167e-01	4.159999e-01	2.598198e+00	1.003126e+00	6.649015e+00	6.766477e-01	2.453450e-01	2.053527e+00	8.108789e-01	1.040670e+00	6.829636e+01	1.435060e+02	3.231581e-01	4.587287e-02	1.276709e-13	
2  106.66	2.277952e+00	1.343056e-01	7.239684e-01	2.987694e+00	9.519443e-01	3.252589e-02	8.432651e-01	2.535173e-01	3.477414e+00	1.002884e+00	5.402858e+00	6.988984e-01	2.455631e-01	1.984568e+00	8.040347e-01	1.041648e+00	7.240952e+01	1.392941e+02	3.009059e-01	1.016918e-01	9.381138e-14	
2  105.163	2.220369e+00	1.244656e-01	6.749020e-01	2.974461e+00	9.444670e-01	1.761725e-02	1.639284e-01	3.953345e-01	2.475425e+00	1.002456e+00	3.383082e+00	6.763707e-01	2.453211e-01	1.957817e+00	7.870725e-01	1.041647e+00	6.753040e+01	1.453357e+02	3.234805e-01	2.147722e-02	2.841797e-13	
1  104.397	2.256160e+00	1.262926e-01	7.030976e-01	2.975594e+00	9.542488e-01	2.559633e-02	4.184175e-01	4.586242e-01	3.795079e+00	1.000952e+00	4.449790e+00	6.974156e-01	2.454731e-01	1.960437e+00	7.885408e-01	1.042215e+00	7.033459e+01	1.432927e+02	3.024782e-01	5.315037e-02	5.884692e-14	
8  105.02	2.337672e+00	1.221502e-01	7.530779e-01	3.001557e+00	9.776652e-01	5.066518e-02	6.398702e-01	2.149677e-01	3.271744e+00	1.000410e+00	7.196657e+00	7.421992e-01	2.458046e-01	2.011813e+00	7.831088e-01	1.042587e+00	7.530160e+01	1.424130e+02	2.576745e-01	7.911915e-02	-1.671445e-13	
1  104.974	2.316909e+00	1.197422e-01	7.466213e-01	3.055034e+00	9.810916e-01	7.741451e-02	5.169361e-01	3.941306e-01	2.818542e+00	1.000115e+00	9.709980e+00	7.423548e-01	2.457214e-01	2.121912e+00	8.015816e-01	1.042885e+00	7.465191e+01	1.437898e+02	2.574888e-01	6.496200e-02	-2.165813e-13	
3  103.061	2.298571e+00	1.220632e-01	7.208011e-01	3.046902e+00	9.745247e-01	7.327216e-02	3.945199e-01	5.341723e-01	2.351443e+00	9.943324e-01	9.433335e+00	7.195022e-01	2.456463e-01	2.105183e+00	8.088054e-01	1.042610e+00	7.207282e+01	1.439776e+02	2.804381e-01	5.033888e-02	-1.530904e-13	
2  101.611	2.238750e+00	1.203916e-01	6.860504e-01	3.055255e+00	9.646969e-01	6.647545e-02	1.125722e-01	7.916859e-01	2.136015e+00	9.989234e-01	8.902047e+00	6.951951e-01	2.453945e-01	2.122661e+00	8.134433e-01	1.041998e+00	6.860686e+01	1.464116e+02	3.047439e-01	1.492254e-02	1.722705e-14	
5  101.208	2.254673e+00	1.227008e-01	6.819700e-01	3.052314e+00	9.623447e-01	5.471128e-02	1.330467e-01	9.506886e-01	2.172154e+00	1.005904e+00	7.744846e+00	6.862193e-01	2.454596e-01	2.116392e+00	8.180098e-01	1.042062e+00	6.819469e+01	1.455424e+02	3.137448e-01	1.758122e-02	9.961184e-14	
9  102.098	2.252382e+00	1.252348e-01	6.946160e-01	3.010068e+00	9.637579e-01	3.543108e-02	3.230909e-01	9.517692e-01	2.027183e+00	1.007012e+00	5.665519e+00	6.922998e-01	2.454525e-01	2.029160e+00	8.042290e-01	1.041967e+00	6.946037e+01	1.440300e+02	3.076421e-01	4.161921e-02	1.716614e-15	
3  102.226	2.280913e+00	1.290591e-01	7.196419e-01	3.026168e+00	9.714269e-01	4.686466e-02	6.110537e-01	8.395173e-01	2.264266e+00	1.007773e+00	6.989781e+00	7.054562e-01	2.455720e-01	2.061851e+00	8.170882e-01	1.042689e+00	7.195790e+01	1.414792e+02	2.944867e-01	7.587948e-02	4.970711e-14	
2  103.844	2.280913e+00	1.290591e-01	7.196419e-01	3.026168e+00	9.714269e-01	4.686466e-02	6.110537e-01	8.395173e-01	2.264266e+00	1.009913e+00	6.989781e+00	7.054562e-01	2.455720e-01	2.061851e+00	8.170882e-01	1.042689e+00	7.195790e+01	1.414792e+02	2.944867e-01	7.587948e-02	4.970711e-14	
9  103.688	2.317966e+00	1.262974e-01	7.307057e-01	3.058208e+00	9.747772e-01	6.836573e-02	6.017756e-01	8.429871e-01	2.843069e+00	1.007130e+00	9.020382e+00	7.188398e-01	2.457254e-01	2.128955e+00	8.208483e-01	1.042354e+00	7.306968e+01	1.417866e+02	2.811315e-01	7.474316e-02	-2.663918e-14	
1  103.766	2.236816e+00	1.253761e-01	6.864406e-01	3.069684e+00	9.610745e-01	6.554051e-02	2.806225e-01	3.676179e-01	2.188117e+00	1.007773e+00	8.917974e+00	6.850095e-01	2.453874e-01	2.153441e+00	8.295785e-01	1.041570e+00	6.863896e+01	1.443609e+02	3.149252e-01	3.623006e-02	7.644333e-14	
1  104.74	2.224286e+00	1.258164e-01	6.945608e-01	3.076444e+00	9.636890e-01	7.131748e-02	3.538102e-01	5.632747e-01	2.223595e+00	1.007453e+00	9.512963e+00	6.916207e-01	2.453359e-01	2.168017e+00	8.337572e-01	1.042270e+00	6.945066e+01	1.440399e+02	3.083271e-01	4.530383e-02	1.381777e-13	
7  103.489	2.244006e+00	1.277998e-01	6.917938e-01	3.025857e+00	9.595811e-01	4.638899e-02	3.948958e-01	4.213257e-01	2.147371e+00	1.005591e+00	6.979661e+00	6.846329e-01	2.454181e-01	2.061270e+00	8.153434e-01	1.041552e+00	6.917038e+01	1.431506e+02	3.153025e-01	5.033163e-02	2.288632e-14	
1  101.615	2.244006e+00	1.277998e-01	6.917938e-01	3.025857e+00	9.595811e-01	4.638899e-02	3.948958e-01	4.213257e-01	2.147371e+00	1.002526e+00	6.979661e+00	6.846329e-01	2.454181e-01	2.061270e+00	8.153434e-01	1.041552e+00	6.917038e+01	1.431506e+02	3.153025e-01	5.033163e-02	2.288632e-14	
1  101.483	2.255399e+00	1.229535e-01	6.805005e-01	3.031943e+00	9.596317e-01	4.351933e-02	1.419140e-01	5.585381e-01	2.179156e+00	1.005768e+00	6.549138e+00	6.842889e-01	2.454636e-01	2.073903e+00	8.089425e-01	1.041562e+00	6.805021e+01	1.454309e+02	3.156264e-01	1.874488e-02	3.658477e-14	
5  101.082	2.246429e+00	1.258949e-01	6.844220e-01	3.053178e+00	9.649741e-01	5.605407e-02	2.598254e-01	6.308667e-01	2.149153e+00	1.004810e+00	7.960388e+00	6.818108e-01	2.454266e-01	2.118151e+00	8.262313e-01	1.041944e+00	6.843118e+01	1.442203e+02	3.181338e-01	3.370340e-02	9.222105e-14	
3  101.387	2.269669e+00	1.260753e-01	6.994101e-01	3.055978e+00	9.731521e-01	6.197846e-02	3.630549e-01	9.924423e-01	2.315007e+00	1.003480e+00	8.506905e+00	6.944669e-01	2.455235e-01	2.124033e+00	8.273715e-01	1.042400e+00	6.993136e+01	1.434466e+02	3.054749e-01	4.644339e-02	1.203615e-13	
8  101.375	2.269669e+00	1.260753e-01	6.994101e-01	3.055978e+00	9.731521e-01	6.197846e-02	3.630549e-01	9.924423e-01	2.315007e+00	1.002979e+00	8.506905e+00	6.944669e-01	2.455235e-01	2.124033e+00	8.273715e-01	1.042400e+00	6.993136e+01	1.434466e+02	3.054749e-01	4.644339e-02	1.203615e-13	
9  101.784	2.241917e+00	1.249310e-01	6.830997e-01	3.022636e+00	9.701965e-01	4.325207e-02	2.110351e-01	8.358878e-01	2.589157e+00	1.002326e+00	6.577989e+00	6.826820e-01	2.454075e-01	2.054445e+00	8.142089e-01	1.042362e+00	6.831013e+01	1.447442e+02	3.172052e-01	2.758141e-02	8.077175e-14	
11  101.735	2.233019e+00	1.241814e-01	6.853258e-01	2.999238e+00	9.657000e-01	3.262289e-02	2.324030e-01	9.092750e-01	2.883521e+00	1.002670e+00	5.338089e+00	6.865605e-01	2.453724e-01	2.007379e+00	8.001592e-01	1.041767e+00	6.853828e+01	1.449292e+02	3.133944e-01	3.029358e-02	-7.587448e-14	
3  103.246	2.223198e+00	1.264252e-01	6.866490e-01	2.973421e+00	9.679283e-01	2.218761e-02	3.218233e-01	7.075973e-01	2.857614e+00	1.001044e+00	4.031097e+00	6.831594e-01	2.453349e-01	1.956090e+00	7.954446e-01	1.041680e+00	6.866833e+01	1.440486e+02	3.167930e-01	4.136913e-02	-1.896348e-13	
9  104.025	2.241825e+00	1.305353e-01	6.947880e-01	2.988287e+00	9.722881e-01	3.368065e-02	4.833388e-01	7.988075e-01	3.756416e+00	9.974834e-01	5.528953e+00	6.816213e-01	2.454116e-01	1.985032e+00	8.109104e-01	1.042263e+00	6.948331e+01	1.421170e+02	3.182539e-01	6.093108e-02	-1.178533e-14	
1  104.048	2.241825e+00	1.305353e-01	6.947880e-01	2.988287e+00	9.722881e-01	3.368065e-02	4.833388e-01	7.988075e-01	3.756416e+00	9.980687e-01	5.528953e+00	6.816213e-01	2.454116e-01	1.985032e+00	8.109104e-01	1.042263e+00	6.948331e+01	1.421170e+02	3.182539e-01	6.093108e-02	-1.178533e-14	
1  105.561	2.273163e+00	1.319463e-01	7.114151e-01	2.968013e+00	9.789383e-01	2.784535e-02	6.386229e-01	5.187248e-01	3.575052e+00	9.968229e-01	4.763744e+00	6.928924e-01	2.455444e-01	1.944932e+00	8.042667e-01	1.042497e+00	7.114623e+01	1.407748e+02	3.069626e-01	7.891962e-02	-2.200697e-14	
1  103.861	2.304406e+00	1.284522e-01	7.207146e-01	2.976407e+00	9.801379e-01	2.933743e-02	5.832929e-01	3.586350e-01	2.878806e+00	1.000620e+00	4.878254e+00	7.069964e-01	2.456708e-01	1.961413e+00	7.978389e-01	1.042663e+00	7.206923e+01	1.415140e+02	2.929059e-01	7.260115e-02	-1.101501e-13	
2  103.615	2.233014e+00	1.293825e-01	6.783518e-01	2.970067e+00	9.630764e-01	1.901994e-02	3.215956e-01	7.174980e-01	2.145081e+00	9.990385e-01	3.598969e+00	6.687937e-01	2.453751e-01	1.949057e+00	8.012274e-01	1.041922e+00	6.783490e+01	1.432144e+02	3.310805e-01	4.130110e-02	-1.588795e-13	
10  103.069	2.225348e+00	1.251242e-01	6.670311e-01	2.960434e+00	9.608526e-01	1.293063e-02	1.053472e-01	9.433309e-01	2.710159e+00	9.987673e-01	2.699743e+00	6.672643e-01	2.453413e-01	1.929810e+00	7.898079e-01	1.041837e+00	6.672953e+01	1.453631e+02	3.326226e-01	1.373997e-02	8.307584e-14	
5  103.822	2.214952e+00	1.304445e-01	6.793302e-01	2.984373e+00	9.595875e-01	2.052136e-02	3.754600e-01	7.485176e-01	2.469221e+00	1.004643e+00	3.858694e+00	6.677961e-01	2.453004e-01	1.977782e+00	8.082782e-01	1.041955e+00	6.793296e+01	1.429001e+02	3.321190e-01	4.798322e-02	-2.599206e-13	
3  105.697	2.214952e+00	1.304445e-01	6.793302e-01	2.984373e+00	9.595875e-01	2.052136e-02	3.754600e-01	7.485176e-01	2.469221e+00	1.007608e+00	3.858694e+00	6.677961e-01	2.453004e-01	1.977782e+00	8.082782e-01	1.041955e+00	6.793296e+01	1.429001e+02	3.321190e-01	4.798322e-02	-2.599206e-13	
6  105.711	2.244038e+00	1.324758e-01	6.805822e-01	2.974315e+00	9.548738e-01	1.920519e-02	4.246779e-01	6.257075e-01	2.470299e+00	1.002357e+00	3.644598e+00	6.641815e-01	2.454211e-01	1.957634e+00	8.061870e-01	1.041864e+00	6.804613e+01	1.418824e+02	3.356984e-01	5.392519e-02	-2.279207e-13	
1  106.231	2.302975e+00	1.365851e-01	7.193898e-01	2.973973e+00	9.606249e-01	2.384315e-02	8.181068e-01	5.238154e-01	2.897979e+00	1.003560e+00	4.265888e+00	6.902933e-01	2.456673e-01	1.956795e+00	8.084773e-01	1.042604e+00	7.192797e+01	1.386204e+02	3.095994e-01	9.896278e-02	-2.269358e-13	
2  106.581	2.302975e+00	1.365851e-01	7.193898e-01	2.973973e+00	9.606249e-01	2.384315e-02	8.181068e-01	5.238154e-01	2.897979e+00	1.003849e+00	4.265888e+00	6.902933e-01	2.456673e-01	1.956795e+00	8.084773e-01	1.042604e+00	7.192797e+01	1.386204e+02	3.095994e-01	9.896278e-02	-2.269358e-13	
1  107.321	2.311117e+00	1.360339e-01	7.130779e-01	2.991623e+00	9.684955e-01	3.253752e-02	7.386690e-01	4.551946e-01	2.533878e+00	1.002922e+00	5.347829e+00	6.855587e-01	2.456987e-01	1.991379e+00	8.184189e-01	1.042599e+00	7.128038e+01	1.390226e+02	3.142408e-01	9.028433e-02	-6.831028e-14	
3  106.679	2.263104e+00	1.331404e-01	6.945543e-01	2.970764e+00	9.649527e-01	2.448602e-02	5.409971e-01	5.617123e-01	2.887184e+00	9.992578e-01	4.345567e+00	6.756822e-01	2.455012e-01	1.950509e+00	8.067499e-01	1.042243e+00	6.944611e+01	1.410232e+02	3.241850e-01	6.767298e-02	-1.335870e-13	
3  110.708	2.309633e+00	1.378737e-01	7.340621e-01	2.932448e+00	9.776053e-01	1.583202e-02	9.568923e-01	8.589602e-01	4.613059e+00	9.963172e-01	3.174058e+00	7.001129e-01	2.456969e-01	1.876208e+00	7.981352e-01	1.043367e+00	7.341325e+01	1.377132e+02	2.998381e-01	1.133890e-01	-5.560108e-14	
2  109.322	2.265419e+00	1.322633e-01	7.299386e-01	2.949214e+00	9.799212e-01	2.513214e-02	7.903215e-01	5.262107e-01	4.492621e+00	9.979465e-01	4.438670e+00	7.079629e-01	2.455151e-01	1.909203e+00	7.952341e-01	1.043376e+00	7.301160e+01	1.401199e+02	2.919489e-01	9.572458e-02	-2.251618e-13	
1  109.438	2.225745e+00	1.297366e-01	7.148544e-01	2.996201e+00	9.713673e-01	3.950822e-02	6.029616e-01	6.840223e-01	3.795358e+00	1.003511e+00	6.265543e+00	7.011261e-01	2.453467e-01	2.001334e+00	8.103716e-01	1.043768e+00	7.149887e+01	1.419416e+02	2.987112e-01	7.478855e-02	-4.032198e-14	
2  107.804	2.225175e+00	1.259430e-01	7.115628e-01	3.032409e+00	9.724194e-01	5.408479e-02	4.667059e-01	7.778617e-01	3.104217e+00	1.006956e+00	7.817220e+00	7.058862e-01	2.453412e-01	2.074930e+00	8.169018e-01	1.043532e+00	7.115684e+01	1.434752e+02	2.939579e-01	5.897760e-02	1.071841e-13	
3  107.699	2.190358e+00	1.275524e-01	6.827339e-01	3.006621e+00	9.556981e-01	3.297259e-02	3.172877e-01	8.076178e-01	3.250437e+00	1.008117e+00	5.509951e+00	6.777232e-01	2.451957e-01	2.022476e+00	8.107269e-01	1.042709e+00	6.829623e+01	1.441537e+02	3.222453e-01	4.078198e-02	6.615855e-14	
5  107.101	2.175037e+00	1.212817e-01	6.685972e-01	3.027890e+00	9.514131e-01	4.471905e-02	4.260148e-02	8.454266e-01	2.911606e+00	1.006149e+00	6.828512e+00	6.782950e-01	2.451266e-01	2.065662e+00	8.056046e-01	1.041883e+00	6.688982e+01	1.472531e+02	3.216698e-01	5.668208e-03	2.661768e-13	
8  106.802	2.208602e+00	1.250145e-01	6.975516e-01	3.036630e+00	9.596277e-01	5.215113e-02	3.754615e-01	9.247270e-01	2.414767e+00	1.008515e+00	7.638627e+00	6.961377e-01	2.452696e-01	2.083365e+00	8.132744e-01	1.042030e+00	6.976385e+01	1.443272e+02	3.037814e-01	4.792973e-02	2.997272e-13	
4  104.666	2.208602e+00	1.250145e-01	6.975516e-01	3.036630e+00	9.596277e-01	5.215113e-02	3.754615e-01	9.247270e-01	2.414767e+00	1.005603e+00	7.638627e+00	6.961377e-01	2.452696e-01	2.083365e+00	8.132744e-01	1.042030e+00	6.976385e+01	1.443272e+02	3.037814e-01	4.792973e-02	2.997272e-13	
1  104.338	2.252066e+00	1.235086e-01	7.236479e-01	3.040872e+00	9.704787e-01	6.446844e-02	5.124698e-01	8.900410e-01	3.157654e+00	1.001705e+00	8.755057e+00	7.197978e-01	2.454534e-01	2.091927e+00	8.080686e-01	1.042244e+00	7.236186e+01	1.435833e+02	2.800566e-01	6.436126e-02	5.284846e-14	
2  104.4	2.256338e+00	1.276604e-01	7.303684e-01	2.996043e+00	9.694101e-01	4.205081e-02	6.867483e-01	6.519673e-01	3.522326e+00	1.002029e+00	6.489030e+00	7.170935e-01	2.454729e-01	2.000793e+00	7.985415e-01	1.042542e+00	7.304094e+01	1.417439e+02	2.828431e-01	8.448369e-02	3.286079e-15	
7  105.909	2.241391e+00	1.293846e-01	7.246492e-01	2.981730e+00	9.623331e-01	3.420362e-02	7.068224e-01	8.396560e-01	2.773701e+00	1.000995e+00	5.614155e+00	7.095209e-01	2.454115e-01	1.972409e+00	7.958815e-01	1.042406e+00	7.247550e+01	1.414136e+02	2.904227e-01	8.668393e-02	1.215506e-13	
10  105.948	2.251206e+00	1.279503e-01	7.253191e-01	2.963117e+00	9.631354e-01	2.263802e-02	6.539219e-01	7.791401e-01	2.875758e+00	1.002911e+00	4.103718e+00	7.126732e-01	2.454534e-01	1.935903e+00	7.856063e-01	1.042612e+00	7.254758e+01	1.418901e+02	2.872954e-01	8.071055e-02	1.776047e-13	
1  104.82	2.233701e+00	1.262454e-01	7.070712e-01	2.991778e+00	9.609145e-01	2.896345e-02	4.684211e-01	5.274292e-01	2.791694e+00	1.007176e+00	4.925489e+00	7.013712e-01	2.453786e-01	1.992529e+00	7.962598e-01	1.042258e+00	7.072201e+01	1.433247e+02	2.985584e-01	5.920583e-02	1.432057e-13	
7  104.806	2.238245e+00	1.259542e-01	7.014075e-01	2.960306e+00	9.601649e-01	1.049725e-02	4.030418e-01	2.909785e-01	2.431282e+00	1.007961e+00	2.389057e+00	6.970799e-01	2.453991e-01	1.929320e+00	7.844313e-01	1.042370e+00	7.015740e+01	1.436336e+02	3.028733e-01	5.106290e-02	4.565414e-13	
4  107.009	2.255425e+00	1.281079e-01	7.117288e-01	2.970244e+00	9.518549e-01	1.755631e-02	5.570596e-01	1.421579e-01	3.464485e+00	1.007074e+00	3.393884e+00	7.011259e-01	2.454707e-01	1.949344e+00	7.872648e-01	1.041953e+00	7.120138e+01	1.422476e+02	2.986906e-01	6.951507e-02	5.373258e-13	
14  105.73	2.283616e+00	1.331222e-01	7.280900e-01	2.945406e+00	9.573833e-01	1.006803e-02	8.039715e-01	1.346228e-01	3.456831e+00	1.003855e+00	2.353530e+00	7.046362e-01	2.455896e-01	1.900173e+00	7.873713e-01	1.042747e+00	7.282613e+01	1.396612e+02	2.953398e-01	9.710278e-02	4.141338e-13	
1  105.828	2.283616e+00	1.331222e-01	7.280900e-01	2.945406e+00	9.573833e-01	1.006803e-02	8.039715e-01	1.346228e-01	3.456831e+00	1.001877e+00	2.353530e+00	7.046362e-01	2.455896e-01	1.900173e+00	7.873713e-01	1.042747e+00	7.282613e+01	1.396612e+02	2.953398e-01	9.710278e-02	4.141338e-13	
1  102.682	2.267052e+00	1.294336e-01	7.065833e-01	3.030589e+00	9.583638e-01	4.913493e-02	5.152394e-01	1.843254e-01	3.173110e+00	1.001353e+00	7.264834e+00	6.939300e-01	2.455163e-01	2.070787e+00	8.191327e-01	1.042841e+00	7.065595e+01	1.419642e+02	3.059981e-01	6.461433e-02	7.052739e-14	
10  102.303	2.238958e+00	1.220925e-01	6.878867e-01	3.025480e+00	9.587707e-01	4.331316e-02	1.634937e-01	8.498917e-02	3.396602e+00	1.003123e+00	6.554419e+00	6.931216e-01	2.453979e-01	2.060528e+00	8.042926e-01	1.042564e+00	6.879942e+01	1.457312e+02	3.068005e-01	2.144030e-02	9.730179e-14	
1  103.501	2.245214e+00	1.218927e-01	7.000359e-01	3.045628e+00	9.630369e-01	5.169249e-02	2.669104e-01	4.830188e-01	3.147546e+00	1.007987e+00	7.451488e+00	7.040447e-01	2.454230e-01	2.102416e+00	8.095261e-01	1.042208e+00	7.001421e+01	1.452243e+02	2.958582e-01	3.456219e-02	2.670789e-13	
3  102.829	2.269844e+00	1.252260e-01	7.037035e-01	3.089067e+00	9.757039e-01	7.848762e-02	3.924904e-01	7.214837e-01	2.829616e+00	1.004127e+00	1.003516e+01	6.999339e-01	2.455268e-01	2.195807e+00	8.377925e-01	1.041793e+00	7.036715e+01	1.435168e+02	3.000149e-01	4.999089e-02	1.535490e-14	
1  102.233	2.242570e+00	1.190574e-01	6.859752e-01	3.099885e+00	9.684567e-01	8.406949e-02	7.538944e-02	8.568602e-01	2.451146e+00	1.001488e+00	1.045337e+01	6.978756e-01	2.454106e-01	2.219609e+00	8.289745e-01	1.041754e+00	6.860138e+01	1.469153e+02	3.020293e-01	1.005737e-02	6.626732e-14	
12  102.361	2.265833e+00	1.257505e-01	7.027966e-01	3.081499e+00	9.695276e-01	7.647141e-02	4.092436e-01	5.959477e-01	2.619438e+00	1.001923e+00	9.877161e+00	6.981860e-01	2.455101e-01	2.179131e+00	8.338191e-01	1.041614e+00	7.027467e+01	1.433535e+02	3.017474e-01	5.202086e-02	1.507495e-14	
12  102.235	2.298193e+00	1.256846e-01	7.191701e-01	3.078697e+00	9.782460e-01	7.718947e-02	5.027368e-01	7.925703e-01	3.053320e+00	1.002611e+00	9.858088e+00	7.113122e-01	2.456446e-01	2.173144e+00	8.319992e-01	1.042263e+00	7.191366e+01	1.425935e+02	2.886675e-01	6.319989e-02	-1.531467e-15	
2  102.492	2.310906e+00	1.295032e-01	7.242145e-01	3.062897e+00	9.713959e-01	6.523715e-02	6.516442e-01	7.792147e-01	2.491673e+00	1.005379e+00	8.799561e+00	7.077423e-01	2.456969e-01	2.139034e+00	8.310241e-01	1.042279e+00	7.241127e+01	1.408801e+02	2.922077e-01	8.042797e-02	5.096570e-14	
2  104.591	2.335023e+00	1.386618e-01	7.571561e-01	3.079329e+00	9.761181e-01	8.152981e-02	1.196903e+00	6.596323e-01	2.449523e+00	1.003368e+00	1.044024e+01	7.162026e-01	2.457975e-01	2.174852e+00	8.523814e-01	1.042351e+00	7.571147e+01	1.362973e+02	2.837611e-01	1.385301e-01	2.763793e-15	
2  105.42	2.353369e+00	1.428004e-01	7.697277e-01	3.072793e+00	9.736864e-01	8.050598e-02	1.416591e+00	5.496382e-01	3.061454e+00	1.002488e+00	1.038609e+01	7.180578e-01	2.458716e-01	2.160722e+00	8.545689e-01	1.042409e+00	7.696489e+01	1.343939e+02	2.818896e-01	1.598185e-01	-7.799454e-14	
3  107.256	2.379953e+00	1.419985e-01	7.615333e-01	3.094884e+00	9.764922e-01	9.117764e-02	1.282065e+00	7.007017e-01	2.525288e+00	9.994067e-01	1.124123e+01	7.127801e-01	2.459797e-01	2.209364e+00	8.658260e-01	1.042753e+00	7.613690e+01	1.348476e+02	2.870931e-01	1.469673e-01	-8.860864e-14	
2  107.347	2.379953e+00	1.419985e-01	7.615333e-01	3.094884e+00	9.764922e-01	9.117764e-02	1.282065e+00	7.007017e-01	2.525288e+00	9.992233e-01	1.124123e+01	7.127801e-01	2.459797e-01	2.209364e+00	8.658260e-01	1.042753e+00	7.613690e+01	1.348476e+02	2.870931e-01	1.469673e-01	-8.860864e-14	
2  106.544	2.364682e+00	1.437656e-01	7.690848e-01	3.090513e+00	9.746666e-01	9.280505e-02	1.420722e+00	1.929330e-01	2.913649e+00	9.980122e-01	1.147083e+01	7.157747e-01	2.459170e-01	2.199690e+00	8.651569e-01	1.042662e+00	7.689569e+01	1.340844e+02	2.841551e-01	1.602965e-01	-2.263602e-13	
6  104.579	2.312082e+00	1.381580e-01	7.501557e-01	3.077792e+00	9.761110e-01	8.483326e-02	1.120851e+00	2.126802e-01	2.209463e+00	9.982384e-01	1.079061e+01	7.122476e-01	2.457030e-01	2.171327e+00	8.536096e-01	1.042934e+00	7.501180e+01	1.369400e+02	2.877150e-01	1.308841e-01	-3.783591e-14	
10  104.226	2.312082e+00	1.381580e-01	7.501557e-01	3.077792e+00	9.761110e-01	8.483326e-02	1.120851e+00	2.126802e-01	2.209463e+00	9.992492e-01	1.079061e+01	7.122476e-01	2.457030e-01	2.171327e+00	8.536096e-01	1.042934e+00	7.501180e+01	1.369400e+02	2.877150e-01	1.308841e-01	-3.783591e-14	
8  104.811	2.312082e+00	1.381580e-01	7.501557e-01	3.077792e+00	9.761110e-01	8.483326e-02	1.120851e+00	2.126802e-01	2.209463e+00	1.001554e+00	1.079061e+01	7.122476e-01	2.457030e-01	2.171327e+00	8.536096e-01	1.042934e+00	7.501180e+01	1.369400e+02	2.877150e-01	1.308841e-01	-3.783591e-14	
4  107.303	2.349547e+00	1.418233e-01	7.676881e-01	3.118323e+00	9.770896e-01	1.010246e-01	1.349104e+00	3.100105e-02	2.951498e+00	1.007010e+00	1.218277e+01	7.184057e-01	2.458580e-01	2.261808e+00	8.752564e-01	1.043094e+00	7.675871e+01	1.348974e+02	2.815930e-01	1.535243e-01	-1.894783e-13	
2  107.106	2.374726e+00	1.306162e-01	7.644961e-01	3.165508e+00	9.824372e-01	1.238361e-01	9.492794e-01	3.614417e-01	2.443529e+00	1.008053e+00	1.367025e+01	7.348567e-01	2.459587e-01	2.369866e+00	8.718352e-01	1.043283e+00	7.643710e+01	1.386904e+02	2.651779e-01	1.131218e-01	2.117772e-13	
4  107.788	2.338499e+00	1.313896e-01	7.580164e-01	3.170144e+00	9.765021e-01	1.252954e-01	9.390325e-01	3.064160e-01	2.198882e+00	1.007871e+00	1.394054e+01	7.295934e-01	2.458100e-01	2.380497e+00	8.763936e-01	1.043575e+00	7.577529e+01	1.389254e+02	2.704468e-01	1.119661e-01	2.164129e-13	
2  107.433	2.356869e+00	1.351196e-01	7.646715e-01	3.147762e+00	9.767268e-01	1.137632e-01	1.097413e+00	8.190584e-01	3.005635e+00	1.008420e+00	1.304524e+01	7.274964e-01	2.458872e-01	2.328319e+00	8.738031e-01	1.043523e+00	7.644822e+01	1.372529e+02	2.725415e-01	1.285125e-01	1.040209e-13	
1  108.64	2.356869e+00	1.351196e-01	7.646715e-01	3.147762e+00	9.767268e-01	1.137632e-01	1.097413e+00	8.190584e-01	3.005635e+00	1.009703e+00	1.304524e+01	7.274964e-01	2.458872e-01	2.328319e+00	8.738031e-01	1.043523e+00	7.644822e+01	1.372529e+02	2.725415e-01	1.285125e-01	1.040209e-13	
3  109.045	2.299034e+00	1.366737e-01	7.352793e-01	3.146496e+00	9.658435e-01	1.077428e-01	9.485737e-01	9.408264e-01	3.298031e+00	1.009355e+00	1.278208e+01	7.032881e-01	2.456498e-01	2.325496e+00	8.804851e-01	1.043133e+00	7.350520e+01	1.381033e+02	2.967722e-01	1.130498e-01	1.001660e-13	
5  108.66	2.301187e+00	1.395425e-01	7.375585e-01	3.135594e+00	9.681598e-01	1.040306e-01	1.065897e+00	8.649790e-01	3.047276e+00	1.008305e+00	1.253391e+01	6.998315e-01	2.456580e-01	2.300791e+00	8.817493e-01	1.042732e+00	7.374066e+01	1.369742e+02	3.001770e-01	1.253912e-01	-3.396236e-14	
1  108.675	2.314762e+00	1.399285e-01	7.340509e-01	3.100115e+00	9.577646e-01	8.318666e-02	1.026291e+00	5.925377e-01	3.557829e+00	1.008322e+00	1.067040e+01	6.959323e-01	2.457145e-01	2.219737e+00	8.644469e-01	1.042958e+00	7.338378e+01	1.369226e+02	3.040070e-01	1.210618e-01	1.621965e-13	
2  106.786	2.314762e+00	1.399285e-01	7.340509e-01	3.100115e+00	9.577646e-01	8.318666e-02	1.026291e+00	5.925377e-01	3.557829e+00	1.005739e+00	1.067040e+01	6.959323e-01	2.457145e-01	2.219737e+00	8.644469e-01	1.042958e+00	7.338378e+01	1.369226e+02	3.040070e-01	1.210618e-01	1.621965e-13	
6  104.661	2.312311e+00	1.314029e-01	7.208873e-01	3.118241e+00	9.659428e-01	9.021818e-02	6.627936e-01	4.740273e-01	3.446792e+00	1.007387e+00	1.109980e+01	7.012460e-01	2.457067e-01	2.260818e+00	8.587398e-01	1.042795e+00	7.206641e+01	1.403785e+02	2.987459e-01	8.173415e-02	9.893291e-14	
1  104.017	2.310225e+00	1.340405e-01	7.281092e-01	3.067961e+00	9.628029e-01	6.599117e-02	7.962742e-01	5.137331e-01	2.704995e+00	1.007022e+00	8.965917e+00	7.022352e-01	2.456955e-01	2.149381e+00	8.413169e-01	1.043141e+00	7.279609e+01	1.392172e+02	2.976784e-01	9.650935e-02	1.989838e-13	
1  105.012	2.294826e+00	1.325481e-01	7.180648e-01	3.077588e+00	9.591360e-01	6.657262e-02	6.742059e-01	4.936288e-01	2.531183e+00	1.009016e+00	9.027457e+00	6.969819e-01	2.456322e-01	2.169938e+00	8.434865e-01	1.043210e+00	7.178806e+01	1.402428e+02	3.029338e-01	8.289643e-02	3.370825e-13	
4  104.973	2.294826e+00	1.325481e-01	7.180648e-01	3.077588e+00	9.591360e-01	6.657262e-02	6.742059e-01	4.936288e-01	2.531183e+00	1.008379e+00	9.027457e+00	6.969819e-01	2.456322e-01	2.169938e+00	8.434865e-01	1.043210e+00	7.178806e+01	1.402428e+02	3.029338e-01	8.289643e-02	3.370825e-13	
6  103.692	2.322176e+00	1.302256e-01	7.409099e-01	3.073311e+00	9.753548e-01	7.329723e-02	7.683448e-01	7.613645e-01	2.819206e+00	1.006179e+00	9.550401e+00	7.192711e-01	2.457439e-01	2.161115e+00	8.364112e-01	1.043604e+00	7.408099e+01	1.400899e+02	2.806636e-01	9.347504e-02	1.138698e-13	
1  104.447	2.322176e+00	1.302256e-01	7.409099e-01	3.073311e+00	9.753548e-01	7.329723e-02	7.683448e-01	7.613645e-01	2.819206e+00	1.008337e+00	9.550401e+00	7.192711e-01	2.457439e-01	2.161115e+00	8.364112e-01	1.043604e+00	7.408099e+01	1.400899e+02	2.806636e-01	9.347504e-02	1.138698e-13	
3  106.118	2.314670e+00	1.307955e-01	7.420816e-01	3.037334e+00	9.666687e-01	5.494166e-02	7.913114e-01	9.762649e-01	2.709953e+00	1.007889e+00	7.810490e+00	7.191808e-01	2.457117e-01	2.084086e+00	8.203623e-01	1.043955e+00	7.421533e+01	1.399429e+02	2.806831e-01	9.591415e-02	2.615851e-13	
2  106.086	2.304781e+00	1.219981e-01	7.303714e-01	3.033462e+00	9.712766e-01	5.377409e-02	4.309851e-01	9.520363e-01	2.174951e+00	1.007023e+00	7.557193e+00	7.267829e-01	2.456685e-01	2.076574e+00	8.017532e-01	1.043890e+00	7.304237e+01	1.437748e+02	2.730812e-01	5.459616e-02	1.934148e-13	
4  106.176	2.330609e+00	1.282684e-01	7.648795e-01	2.986384e+00	9.754760e-01	4.163554e-02	9.076277e-01	8.545946e-01	2.159448e+00	1.003102e+00	6.331638e+00	7.397422e-01	2.457746e-01	1.981148e+00	7.902880e-01	1.043598e+00	7.649165e+01	1.398633e+02	2.601279e-01	1.086772e-01	1.747496e-14	
17  106.023	2.330609e+00	1.282684e-01	7.648795e-01	2.986384e+00	9.754760e-01	4.163554e-02	9.076277e-01	8.545946e-01	2.159448e+00	1.002880e+00	6.331638e+00	7.397422e-01	2.457746e-01	1.981148e+00	7.902880e-01	1.043598e+00	7.649165e+01	1.398633e+02	2.601279e-01	1.086772e-01	1.747496e-14	
3  105.213	2.323463e+00	1.284170e-01	7.342744e-01	2.965637e+00	9.649736e-01	2.365835e-02	6.709689e-01	7.071157e-01	2.319111e+00	1.002577e+00	4.144176e+00	7.174712e-01	2.457483e-01	1.940082e+00	7.858235e-01	1.043071e+00	7.344357e+01	1.409239e+02	2.824285e-01	8.257600e-02	4.935525e-14	
1  105.238	2.323463e+00	1.284170e-01	7.342744e-01	2.965637e+00	9.649736e-01	2.365835e-02	6.709689e-01	7.071157e-01	2.319111e+00	1.002615e+00	4.144176e+00	7.174712e-01	2.457483e-01	1.940082e+00	7.858235e-01	1.043071e+00	7.344357e+01	1.409239e+02	2.824285e-01	8.257600e-02	4.935525e-14	
5  103.41	2.297199e+00	1.322103e-01	7.333740e-01	3.001215e+00	9.694773e-01	4.991479e-02	8.036924e-01	5.350630e-01	2.242119e+00	9.956744e-01	7.342144e+00	7.102230e-01	2.456407e-01	2.010956e+00	8.105414e-01	1.042978e+00	7.333619e+01	1.397362e+02	2.897103e-01	9.733039e-02	-6.359518e-14	
1  105.157	2.310151e+00	1.397655e-01	7.655170e-01	3.005564e+00	9.754907e-01	5.258800e-02	1.301868e+00	5.446175e-01	2.576799e+00	1.001383e+00	7.728718e+00	7.209712e-01	2.456940e-01	2.019552e+00	8.232825e-01	1.043147e+00	7.655942e+01	1.358895e+02	2.790231e-01	1.487678e-01	1.768358e-14	
1  104.033	2.331077e+00	1.391874e-01	7.613620e-01	3.014139e+00	9.739281e-01	5.269818e-02	1.231810e+00	4.572485e-01	2.929291e+00	1.003311e+00	7.687864e+00	7.185537e-01	2.457799e-01	2.037073e+00	8.256148e-01	1.043030e+00	7.613869e+01	1.360838e+02	2.814120e-01	1.419028e-01	-2.449527e-14	
1  104.953	2.328076e+00	1.376352e-01	7.567891e-01	2.985862e+00	9.800489e-01	3.591274e-02	1.158844e+00	4.423666e-01	3.438677e+00	1.006250e+00	5.787792e+00	7.179109e-01	2.457697e-01	1.980523e+00	8.133077e-01	1.042661e+00	7.567702e+01	1.367329e+02	2.820950e-01	1.348044e-01	-1.414761e-13	
1  105.138	2.243104e+00	1.304370e-01	7.095286e-01	2.997512e+00	9.771615e-01	3.489953e-02	6.097158e-01	4.215224e-01	2.904883e+00	1.006597e+00	5.692587e+00	6.948588e-01	2.454184e-01	2.003826e+00	8.126539e-01	1.042249e+00	7.095220e+01	1.415531e+02	3.050588e-01	7.578738e-02	-1.849618e-13	
9  104.796	2.243104e+00	1.304370e-01	7.095286e-01	2.997512e+00	9.771615e-01	3.489953e-02	6.097158e-01	4.215224e-01	2.904883e+00	1.005916e+00	5.692587e+00	6.948588e-01	2.454184e-01	2.003826e+00	8.126539e-01	1.042249e+00	7.095220e+01	1.415531e+02	3.050588e-01	7.578738e-02	-1.849618e-13	
4  104.189	2.210482e+00	1.293405e-01	6.842977e-01	3.021987e+00	9.642937e-01	3.975245e-02	4.067954e-01	7.100658e-01	2.595624e+00	1.007837e+00	6.312296e+00	6.749807e-01	2.452783e-01	2.053575e+00	8.206481e-01	1.041411e+00	6.842257e+01	1.430802e+02	3.249764e-01	5.184814e-02	-6.438904e-14	
17  103.63	2.206538e+00	1.276753e-01	6.704462e-01	3.059699e+00	9.625060e-01	5.398811e-02	2.399530e-01	8.547002e-01	2.078784e+00	1.009026e+00	7.864642e+00	6.652596e-01	2.452582e-01	2.131978e+00	8.350195e-01	1.041350e+00	6.703985e+01	1.443046e+02	3.346729e-01	3.123467e-02	9.933878e-14	
5  104.612	2.206538e+00	1.276753e-01	6.704462e-01	3.059699e+00	9.625060e-01	5.398811e-02	2.399530e-01	8.547002e-01	2.078784e+00	1.010444e+00	7.864642e+00	6.652596e-01	2.452582e-01	2.131978e+00	8.350195e-01	1.041350e+00	6.703985e+01	1.443046e+02	3.346729e-01	3.123467e-02	9.933878e-14	
2  105.338	2.175911e+00	1.271403e-01	6.526005e-01	3.056234e+00	9.577478e-01	4.960283e-02	8.721757e-02	9.603387e-01	2.191514e+00	1.009428e+00	7.449487e+00	6.488138e-01	2.451266e-01	2.124445e+00	8.355243e-01	1.041491e+00	6.527499e+01	1.454922e+02	3.511196e-01	1.172183e-02	1.575679e-13	
11  104.606	2.182962e+00	1.256315e-01	6.552251e-01	3.073306e+00	9.590318e-01	6.202501e-02	6.128987e-02	8.350002e-01	2.558673e+00	1.006767e+00	8.698457e+00	6.550290e-01	2.451563e-01	2.160907e+00	8.389155e-01	1.041467e+00	6.554202e+01	1.459220e+02	3.449196e-01	8.260630e-03	1.844715e-13	
1  105.115	2.212196e+00	1.282429e-01	6.721771e-01	3.100878e+00	9.576152e-01	7.563675e-02	2.508683e-01	8.926209e-01	3.230387e+00	1.008537e+00	9.991403e+00	6.656479e-01	2.452833e-01	2.221610e+00	8.526416e-01	1.041909e+00	6.721807e+01	1.440473e+02	3.343611e-01	3.262088e-02	1.179524e-13	
3  105.551	2.221828e+00	1.301513e-01	6.746683e-01	3.100061e+00	9.552417e-01	7.678036e-02	3.387627e-01	7.448098e-01	3.713663e+00	1.007337e+00	1.011155e+01	6.637625e-01	2.453238e-01	2.219864e+00	8.541263e-01	1.041326e+00	6.746771e+01	1.430774e+02	3.362076e-01	4.350843e-02	5.997121e-14	
1  104.895	2.209453e+00	1.249307e-01	6.592216e-01	3.099465e+00	9.606203e-01	7.863236e-02	5.807167e-02	6.238018e-01	3.046446e+00	1.003850e+00	1.019107e+01	6.602429e-01	2.452694e-01	2.218451e+00	8.472800e-01	1.041357e+00	6.594225e+01	1.458363e+02	3.396832e-01	7.896807e-03	8.234829e-14	
6  104.894	2.193159e+00	1.282216e-01	6.547863e-01	3.051350e+00	9.568387e-01	5.672019e-02	1.174459e-01	7.633033e-01	2.728729e+00	9.999574e-01	8.178658e+00	6.485341e-01	2.451981e-01	2.113558e+00	8.353665e-01	1.041725e+00	6.549402e+01	1.448837e+02	3.514162e-01	1.565548e-02	2.775837e-13	
1  104.814	2.207086e+00	1.263781e-01	6.641479e-01	2.988263e+00	9.615462e-01	2.737481e-02	1.286540e-01	7.522049e-01	2.985151e+00	1.000373e+00	4.722045e+00	6.619357e-01	2.452634e-01	1.985164e+00	8.049871e-01	1.041945e+00	6.643541e+01	1.451458e+02	3.379426e-01	1.699984e-02	-8.975081e-14	
1  104.305	2.207086e+00	1.263781e-01	6.641479e-01	2.988263e+00	9.615462e-01	2.737481e-02	1.286540e-01	7.522049e-01	2.985151e+00	9.998635e-01	4.722045e+00	6.619357e-01	2.452634e-01	1.985164e+00	8.049871e-01	1.041945e+00	6.643541e+01	1.451458e+02	3.379426e-01	1.699984e-02	-8.975081e-14	
6  104.646	2.221981e+00	1.253186e-01	6.928329e-01	2.991953e+00	9.727776e-01	3.602010e-02	3.111336e-01	4.349664e-01	3.390340e+00	1.000351e+00	5.783215e+00	6.910934e-01	2.453286e-01	1.992765e+00	8.023855e-01	1.042769e+00	6.929388e+01	1.443878e+02	3.087803e-01	4.003345e-02	-8.735620e-14	
1  103.974	2.212221e+00	1.253033e-01	6.852964e-01	2.990400e+00	9.578251e-01	2.962011e-02	2.644513e-01	5.053369e-01	2.942226e+00	1.002959e+00	5.016375e+00	6.845143e-01	2.452882e-01	1.989898e+00	7.982869e-01	1.042380e+00	6.854693e+01	1.447250e+02	3.154408e-01	3.422266e-02	-5.544387e-14	
1  104.114	2.241333e+00	1.222663e-01	6.942709e-01	2.999942e+00	9.578995e-01	3.406785e-02	2.244141e-01	5.935257e-01	3.093801e+00	1.004606e+00	5.484493e+00	6.983132e-01	2.454087e-01	2.008800e+00	7.925610e-01	1.042470e+00	6.944968e+01	1.453735e+02	3.016110e-01	2.925437e-02	1.088567e-13	
3  103.827	2.246379e+00	1.244343e-01	7.078683e-01	3.029619e+00	9.608861e-01	5.311350e-02	4.107741e-01	5.248941e-01	3.084550e+00	1.003837e+00	7.648802e+00	7.054006e-01	2.454298e-01	2.068910e+00	8.067678e-01	1.042219e+00	7.079379e+01	1.438881e+02	2.944922e-01	5.222128e-02	1.268223e-13	
2  103.403	2.288917e+00	1.306209e-01	7.304005e-01	3.013473e+00	9.641550e-01	4.803836e-02	7.599438e-01	3.349294e-01	2.342212e+00	1.003533e+00	7.133250e+00	7.109671e-01	2.456068e-01	2.035804e+00	8.096531e-01	1.042231e+00	7.304199e+01	1.403753e+02	2.889335e-01	9.260041e-02	2.705809e-14	
1  103.206	2.308975e+00	1.267406e-01	7.312596e-01	3.005839e+00	9.673909e-01	4.504047e-02	6.224336e-01	1.699036e-01	2.420278e+00	1.002816e+00	6.707784e+00	7.185383e-01	2.456889e-01	2.020345e+00	7.986125e-01	1.042525e+00	7.312750e+01	1.416879e+02	2.813645e-01	7.715939e-02	-6.538164e-14	
2  103.084	2.321488e+00	1.292288e-01	7.448923e-01	3.011188e+00	9.754212e-01	5.324677e-02	8.182708e-01	8.945449e-02	2.186844e+00	1.001160e+00	7.601117e+00	7.240754e-01	2.457404e-01	2.031071e+00	8.050819e-01	1.042144e+00	7.448164e+01	1.401049e+02	2.758580e-01	9.899808e-02	-1.225354e-13	
11  103.24	2.334681e+00	1.255800e-01	7.398684e-01	3.030229e+00	9.745471e-01	5.815795e-02	6.504218e-01	1.710388e-01	2.038628e+00	1.004083e+00	8.001091e+00	7.267455e-01	2.457932e-01	2.070154e+00	8.047242e-01	1.042151e+00	7.398405e+01	1.415660e+02	2.731800e-01	8.029960e-02	-1.067685e-13	
6  105.632	2.334555e+00	1.266215e-01	7.369628e-01	3.079665e+00	9.735617e-01	8.302758e-02	6.824024e-01	3.156653e-01	2.037806e+00	1.003853e+00	1.030548e+01	7.226236e-01	2.457955e-01	2.175090e+00	8.264978e-01	1.041350e+00	7.369582e+01	1.411841e+02	2.772145e-01	8.388080e-02	-7.909536e-15	
7  106.201	2.325469e+00	1.271848e-01	7.449051e-01	3.092713e+00	9.722820e-01	9.097634e-02	7.668718e-01	1.106084e-01	2.395979e+00	1.004304e+00	1.102885e+01	7.276270e-01	2.457588e-01	2.203351e+00	8.314280e-01	1.041649e+00	7.448696e+01	1.407782e+02	2.721733e-01	9.338722e-02	4.960150e-14	
14  104.982	2.294227e+00	1.196092e-01	7.027421e-01	3.119510e+00	9.692091e-01	1.006825e-01	1.927231e-01	4.623752e-01	2.035954e+00	1.000109e+00	1.172934e+01	7.098902e-01	2.456274e-01	2.263722e+00	8.337513e-01	1.041811e+00	7.027214e+01	1.456413e+02	2.899912e-01	2.534326e-02	1.297239e-13	
2  105.169	2.296433e+00	1.233897e-01	7.120461e-01	3.093808e+00	9.613482e-01	8.694399e-02	3.857885e-01	5.006250e-01	2.341495e+00	1.001496e+00	1.066306e+01	7.098758e-01	2.456384e-01	2.205966e+00	8.279938e-01	1.041828e+00	7.120775e+01	1.437305e+02	2.899503e-01	4.928653e-02	5.224906e-14	
3  106.307	2.290686e+00	1.164966e-01	7.074208e-01	3.088547e+00	9.688642e-01	9.017462e-02	1.166677e-01	5.338902e-01	2.619752e+00	9.965936e-01	1.077806e+01	7.198941e-01	2.456142e-01	2.194696e+00	8.127468e-01	1.042574e+00	7.074133e+01	1.468472e+02	2.799941e-01	1.565150e-02	-9.677187e-14	
2  105.892	2.290686e+00	1.164966e-01	7.074208e-01	3.088547e+00	9.688642e-01	9.017462e-02	1.166677e-01	5.338902e-01	2.619752e+00	9.960568e-01	1.077806e+01	7.198941e-01	2.456142e-01	2.194696e+00	8.127468e-01	1.042574e+00	7.074133e+01	1.468472e+02	2.799941e-01	1.565150e-02	-9.677187e-14	
3  104.127	2.359224e+00	1.274993e-01	7.646185e-01	3.053560e+00	9.836720e-01	8.105214e-02	8.827963e-01	5.223778e-01	2.712238e+00	9.978775e-01	1.010078e+01	7.403284e-01	2.458947e-01	2.119110e+00	8.163529e-01	1.042763e+00	7.645662e+01	1.398332e+02	2.596160e-01	1.060849e-01	-2.243444e-13	
3  104.637	2.384575e+00	1.333203e-01	7.789289e-01	3.007807e+00	9.824385e-01	5.895935e-02	1.170951e+00	5.417446e-01	3.036607e+00	9.984985e-01	8.125947e+00	7.397675e-01	2.459950e-01	2.024462e+00	8.072568e-01	1.042625e+00	7.789084e+01	1.370587e+02	2.601586e-01	1.358639e-01	-2.143735e-13	
9  106.661	2.406164e+00	1.375562e-01	7.879265e-01	2.977016e+00	9.782609e-01	4.273226e-02	1.357122e+00	4.544529e-01	2.998869e+00	9.990579e-01	6.457711e+00	7.385084e-01	2.460807e-01	1.963016e+00	8.007745e-01	1.042773e+00	7.878784e+01	1.351907e+02	2.613739e-01	1.540902e-01	-2.477037e-13	
1  106.774	2.395698e+00	1.418345e-01	8.015683e-01	2.978209e+00	9.809570e-01	4.405216e-02	1.598238e+00	3.596914e-01	3.535621e+00	1.001009e+00	6.686971e+00	7.409335e-01	2.460380e-01	1.965006e+00	8.093769e-01	1.043427e+00	8.015296e+01	1.334849e+02	2.590189e-01	1.764832e-01	-2.381848e-13	
1  106.723	2.382565e+00	1.431476e-01	7.847459e-01	3.068309e+00	9.751141e-01	7.932152e-02	1.501912e+00	3.185076e-01	3.713892e+00	1.005624e+00	1.021653e+01	7.277178e-01	2.459896e-01	2.150668e+00	8.516891e-01	1.043378e+00	7.846581e+01	1.337250e+02	2.722135e-01	1.676799e-01	-1.748663e-13	
2  107.177	2.362306e+00	1.392392e-01	7.838710e-01	3.094474e+00	9.790976e-01	8.845406e-02	1.384846e+00	4.559095e-01	3.640501e+00	1.010799e+00	1.099590e+01	7.338954e-01	2.459091e-01	2.207601e+00	8.564844e-01	1.043635e+00	7.838494e+01	1.351708e+02	2.660767e-01	1.568335e-01	3.877468e-14	
