10  104.513	2.354326e+00	1.194862e-01	7.389395e-01	3.056523e+00	9.815304e-01	6.820495e-02	4.297382e-01	6.946537e-01	4.472362e+00	1.004005e+00	8.782218e+00	7.369189e-01	2.458717e-01	2.125299e+00	8.021485e-01	1.042382e+00	7.391634e+01	1.438593e+02	2.630692e-01	5.442120e-02	-8.114986e-14	
6  104.416	2.354326e+00	1.194862e-01	7.389395e-01	3.056523e+00	9.815304e-01	6.820495e-02	4.297382e-01	6.946537e-01	4.472362e+00	1.004244e+00	8.782218e+00	7.369189e-01	2.458717e-01	2.125299e+00	8.021485e-01	1.042382e+00	7.391634e+01	1.438593e+02	2.630692e-01	5.442120e-02	-8.114986e-14	
4  105.089	2.357482e+00	1.189551e-01	7.457474e-01	3.065938e+00	9.864259e-01	7.256210e-02	4.447464e-01	6.895181e-01	4.352277e+00	1.005449e+00	9.158469e+00	7.425871e-01	2.458830e-01	2.145331e+00	8.054790e-01	1.043153e+00	7.459573e+01	1.438911e+02	2.573842e-01	5.619196e-02	-5.639866e-14	
10  105.59	2.357482e+00	1.189551e-01	7.457474e-01	3.065938e+00	9.864259e-01	7.256210e-02	4.447464e-01	6.895181e-01	4.352277e+00	1.004615e+00	9.158469e+00	7.425871e-01	2.458830e-01	2.145331e+00	8.054790e-01	1.043153e+00	7.459573e+01	1.438911e+02	2.573842e-01	5.619196e-02	-5.639866e-14	
4  105.342	2.357482e+00	1.189551e-01	7.457474e-01	3.065938e+00	9.864259e-01	7.256210e-02	4.447464e-01	6.895181e-01	4.352277e+00	1.004975e+00	9.158469e+00	7.425871e-01	2.458830e-01	2.145331e+00	8.054790e-01	1.043153e+00	7.459573e+01	1.438911e+02	2.573842e-01	5.619196e-02	-5.639866e-14	
3  104.705	2.360058e+00	1.179300e-01	7.431398e-01	3.043327e+00	9.850646e-01	6.499623e-02	4.026434e-01	6.880150e-01	4.342816e+00	1.002516e+00	8.452630e+00	7.426105e-01	2.458930e-01	2.097556e+00	7.931066e-01	1.042677e+00	7.433808e+01	1.443189e+02	2.573731e-01	5.112882e-02	-1.450338e-13	
3  105.944	2.347711e+00	1.174668e-01	7.435030e-01	3.051169e+00	9.889209e-01	6.594830e-02	4.163879e-01	7.058245e-01	4.433257e+00	1.006334e+00	8.558093e+00	7.440365e-01	2.458413e-01	2.113797e+00	7.954216e-01	1.042134e+00	7.437242e+01	1.445097e+02	2.559608e-01	5.266957e-02	-1.090068e-13	
3  105.64	2.347711e+00	1.174668e-01	7.435030e-01	3.051169e+00	9.889209e-01	6.594830e-02	4.163879e-01	7.058245e-01	4.433257e+00	1.007510e+00	8.558093e+00	7.440365e-01	2.458413e-01	2.113797e+00	7.954216e-01	1.042134e+00	7.437242e+01	1.445097e+02	2.559608e-01	5.266957e-02	-1.090068e-13	
3  105.785	2.350435e+00	1.165326e-01	7.418629e-01	3.054679e+00	9.895208e-01	7.050988e-02	3.707518e-01	7.107366e-01	4.400553e+00	1.005934e+00	8.946129e+00	7.445009e-01	2.458533e-01	2.121149e+00	7.948459e-01	1.042141e+00	7.421090e+01	1.449346e+02	2.554895e-01	4.716596e-02	-1.267876e-13	
2  105.338	2.343457e+00	1.175345e-01	7.434482e-01	3.060233e+00	9.859111e-01	7.075265e-02	3.859130e-01	7.227550e-01	4.464545e+00	1.007036e+00	8.999965e+00	7.438301e-01	2.458253e-01	2.133176e+00	8.003206e-01	1.043360e+00	7.436485e+01	1.446805e+02	2.560911e-01	4.911966e-02	-8.643679e-14	
2  106.943	2.338951e+00	1.168370e-01	7.516726e-01	3.059330e+00	9.877238e-01	7.390568e-02	4.200995e-01	7.161913e-01	4.481853e+00	1.004771e+00	9.276497e+00	7.506379e-01	2.458070e-01	2.131247e+00	7.973647e-01	1.043885e+00	7.518019e+01	1.447447e+02	2.491707e-01	5.326371e-02	-1.530783e-13	
2  107.67	2.338951e+00	1.168370e-01	7.516726e-01	3.059330e+00	9.877238e-01	7.390568e-02	4.200995e-01	7.161913e-01	4.481853e+00	1.006378e+00	9.276497e+00	7.506379e-01	2.458070e-01	2.131247e+00	7.973647e-01	1.043885e+00	7.518019e+01	1.447447e+02	2.491707e-01	5.326371e-02	-1.530783e-13	
11  107.788	2.344935e+00	1.161500e-01	7.434228e-01	3.064796e+00	9.906090e-01	8.056794e-02	3.889494e-01	7.250955e-01	4.511966e+00	1.003624e+00	9.830973e+00	7.462802e-01	2.458332e-01	2.142180e+00	7.971050e-01	1.041686e+00	7.435932e+01	1.450049e+02	2.536478e-01	4.940741e-02	-1.063654e-13	
3  107.439	2.356016e+00	1.154124e-01	7.521992e-01	3.082456e+00	9.931405e-01	8.905642e-02	4.052901e-01	7.150869e-01	4.511255e+00	1.004635e+00	1.049035e+01	7.532105e-01	2.458774e-01	2.180349e+00	8.016652e-01	1.042511e+00	7.523995e+01	1.449930e+02	2.466908e-01	5.147131e-02	-9.427797e-14	
4  107.753	2.358628e+00	1.158923e-01	7.564457e-01	3.082767e+00	9.927293e-01	8.855926e-02	4.630361e-01	7.095079e-01	4.527132e+00	1.004616e+00	1.045530e+01	7.551007e-01	2.458879e-01	2.180725e+00	8.012943e-01	1.042190e+00	7.566370e+01	1.445679e+02	2.447793e-01	5.833616e-02	-5.334765e-14	
2  107.996	2.358628e+00	1.158923e-01	7.564457e-01	3.082767e+00	9.927293e-01	8.855926e-02	4.630361e-01	7.095079e-01	4.527132e+00	1.003329e+00	1.045530e+01	7.551007e-01	2.458879e-01	2.180725e+00	8.012943e-01	1.042190e+00	7.566370e+01	1.445679e+02	2.447793e-01	5.833616e-02	-5.334765e-14	
1  107.008	2.372399e+00	1.159413e-01	7.557140e-01	3.071293e+00	9.924977e-01	7.923378e-02	4.328785e-01	7.269864e-01	4.489696e+00	1.006183e+00	9.639826e+00	7.543492e-01	2.459417e-01	2.156424e+00	7.975599e-01	1.042706e+00	7.560583e+01	1.445483e+02	2.455801e-01	5.462726e-02	-8.171275e-14	
7  107.112	2.373263e+00	1.165864e-01	7.543549e-01	3.080389e+00	9.907687e-01	8.105944e-02	4.424084e-01	7.022116e-01	4.471454e+00	1.007792e+00	9.802670e+00	7.523067e-01	2.459460e-01	2.176037e+00	8.027570e-01	1.042678e+00	7.547096e+01	1.443305e+02	2.476396e-01	5.578700e-02	8.873269e-15	
10  107.282	2.373263e+00	1.165864e-01	7.543549e-01	3.080389e+00	9.907687e-01	8.105944e-02	4.424084e-01	7.022116e-01	4.471454e+00	1.009181e+00	9.802670e+00	7.523067e-01	2.459460e-01	2.176037e+00	8.027570e-01	1.042678e+00	7.547096e+01	1.443305e+02	2.476396e-01	5.578700e-02	8.873269e-15	
6  107.318	2.373263e+00	1.165864e-01	7.543549e-01	3.080389e+00	9.907687e-01	8.105944e-02	4.424084e-01	7.022116e-01	4.471454e+00	1.009275e+00	9.802670e+00	7.523067e-01	2.459460e-01	2.176037e+00	8.027570e-01	1.042678e+00	7.547096e+01	1.443305e+02	2.476396e-01	5.578700e-02	8.873269e-15	
4  109.315	2.380181e+00	1.162324e-01	7.636944e-01	3.092611e+00	9.924953e-01	8.762930e-02	4.663971e-01	7.069419e-01	4.383561e+00	1.009192e+00	1.032358e+01	7.586614e-01	2.459730e-01	2.202438e+00	8.065246e-01	1.043926e+00	7.640061e+01	1.442331e+02	2.411727e-01	5.862939e-02	1.381185e-13	
2  109.193	2.380181e+00	1.162324e-01	7.636944e-01	3.092611e+00	9.924953e-01	8.762930e-02	4.663971e-01	7.069419e-01	4.383561e+00	1.008590e+00	1.032358e+01	7.586614e-01	2.459730e-01	2.202438e+00	8.065246e-01	1.043926e+00	7.640061e+01	1.442331e+02	2.411727e-01	5.862939e-02	1.381185e-13	
1  109.719	2.373227e+00	1.164823e-01	7.556873e-01	3.076652e+00	9.895738e-01	8.006433e-02	4.779483e-01	7.083446e-01	4.341781e+00	1.007895e+00	9.717184e+00	7.533980e-01	2.459463e-01	2.167578e+00	7.986842e-01	1.041721e+00	7.560404e+01	1.441939e+02	2.464983e-01	5.989414e-02	5.746782e-14	
5  106.992	2.362921e+00	1.175385e-01	7.499252e-01	3.061833e+00	9.898133e-01	7.245887e-02	4.121193e-01	7.290211e-01	4.261321e+00	1.007242e+00	9.110006e+00	7.478294e-01	2.459029e-01	2.136626e+00	8.008354e-01	1.043782e+00	7.501598e+01	1.443483e+02	2.520731e-01	5.220062e-02	-7.683561e-14	
1  106.525	2.369909e+00	1.167964e-01	7.525813e-01	3.070659e+00	9.902390e-01	7.668968e-02	4.296953e-01	7.210881e-01	4.212584e+00	1.008049e+00	9.445353e+00	7.508337e-01	2.459318e-01	2.155236e+00	8.002352e-01	1.042934e+00	7.529034e+01	1.443733e+02	2.491114e-01	5.428373e-02	-4.501604e-14	
1  107.788	2.377263e+00	1.160277e-01	7.534085e-01	3.057719e+00	9.920790e-01	7.214860e-02	3.925719e-01	7.270332e-01	4.210586e+00	1.007098e+00	9.020548e+00	7.525855e-01	2.459597e-01	2.127827e+00	7.939231e-01	1.043409e+00	7.537674e+01	1.446695e+02	2.473281e-01	4.973936e-02	-1.096778e-13	
4  107.971	2.377263e+00	1.160277e-01	7.534085e-01	3.057719e+00	9.920790e-01	7.214860e-02	3.925719e-01	7.270332e-01	4.210586e+00	1.007316e+00	9.020548e+00	7.525855e-01	2.459597e-01	2.127827e+00	7.939231e-01	1.043409e+00	7.537674e+01	1.446695e+02	2.473281e-01	4.973936e-02	-1.096778e-13	
1  106.812	2.373901e+00	1.171667e-01	7.452135e-01	3.055151e+00	9.893228e-01	6.876284e-02	3.896236e-01	7.397949e-01	4.276576e+00	1.007868e+00	8.746606e+00	7.451816e-01	2.459477e-01	2.122341e+00	7.960104e-01	1.042509e+00	7.455491e+01	1.444296e+02	2.548296e-01	4.941738e-02	-6.818865e-14	
1  107.786	2.372392e+00	1.179994e-01	7.434751e-01	3.056031e+00	9.851051e-01	6.829865e-02	4.296881e-01	7.064170e-01	4.308151e+00	1.007486e+00	8.720732e+00	7.425151e-01	2.459438e-01	2.124052e+00	7.962916e-01	1.041582e+00	7.437853e+01	1.440440e+02	2.574589e-01	5.420123e-02	-1.801234e-14	
3  107.172	2.375414e+00	1.173556e-01	7.525004e-01	3.064374e+00	9.858838e-01	7.404894e-02	4.628648e-01	6.991374e-01	4.240411e+00	1.006718e+00	9.213707e+00	7.496886e-01	2.459558e-01	2.141648e+00	7.966937e-01	1.042237e+00	7.528503e+01	1.440130e+02	2.502346e-01	5.823028e-02	-1.833029e-14	
3  106.567	2.364509e+00	1.184281e-01	7.509278e-01	3.062295e+00	9.893284e-01	7.183128e-02	4.956605e-01	6.950944e-01	4.236194e+00	1.007210e+00	9.069993e+00	7.470024e-01	2.459106e-01	2.137346e+00	8.003676e-01	1.042124e+00	7.511805e+01	1.437100e+02	2.529901e-01	6.211475e-02	-7.482618e-14	
2  106.213	2.374429e+00	1.176024e-01	7.565021e-01	3.046149e+00	9.887684e-01	6.617738e-02	4.739276e-01	7.000218e-01	4.182552e+00	1.005612e+00	8.527787e+00	7.519236e-01	2.459488e-01	2.103389e+00	7.917053e-01	1.043289e+00	7.567905e+01	1.439116e+02	2.479826e-01	5.954695e-02	-1.207959e-13	
4  105.582	2.364320e+00	1.189581e-01	7.538221e-01	3.024090e+00	9.855679e-01	5.699206e-02	5.209696e-01	6.881199e-01	4.228489e+00	1.002500e+00	7.715808e+00	7.480077e-01	2.459089e-01	2.057661e+00	7.855756e-01	1.042671e+00	7.539893e+01	1.434599e+02	2.519388e-01	6.518966e-02	-1.565464e-13	
2  105.217	2.362503e+00	1.183905e-01	7.436057e-01	3.026039e+00	9.863544e-01	6.056294e-02	4.333289e-01	6.834924e-01	4.219540e+00	1.000856e+00	8.049700e+00	7.420557e-01	2.459033e-01	2.061643e+00	7.870017e-01	1.042189e+00	7.437650e+01	1.440329e+02	2.579547e-01	5.482652e-02	-1.538541e-13	
2  105.234	2.362503e+00	1.183905e-01	7.436057e-01	3.026039e+00	9.863544e-01	6.056294e-02	4.333289e-01	6.834924e-01	4.219540e+00	9.990141e-01	8.049700e+00	7.420557e-01	2.459033e-01	2.061643e+00	7.870017e-01	1.042189e+00	7.437650e+01	1.440329e+02	2.579547e-01	5.482652e-02	-1.538541e-13	
8  105.372	2.365219e+00	1.183381e-01	7.454175e-01	3.029375e+00	9.853621e-01	6.037062e-02	4.078347e-01	6.964425e-01	4.253743e+00	1.000606e+00	8.021281e+00	7.432929e-01	2.459131e-01	2.068780e+00	7.893447e-01	1.043448e+00	7.456305e+01	1.441416e+02	2.566620e-01	5.176637e-02	-1.909232e-13	
4  105.412	2.365219e+00	1.183381e-01	7.454175e-01	3.029375e+00	9.853621e-01	6.037062e-02	4.078347e-01	6.964425e-01	4.253743e+00	1.000887e+00	8.021281e+00	7.432929e-01	2.459131e-01	2.068780e+00	7.893447e-01	1.043448e+00	7.456305e+01	1.441416e+02	2.566620e-01	5.176637e-02	-1.909232e-13	
6  104.901	2.340017e+00	1.192630e-01	7.390950e-01	3.029556e+00	9.822080e-01	6.032496e-02	3.970208e-01	6.771314e-01	4.194637e+00	1.000397e+00	8.083307e+00	7.376281e-01	2.458124e-01	2.069191e+00	7.933829e-01	1.043687e+00	7.392051e+01	1.442309e+02	2.623044e-01	5.053539e-02	-2.008129e-13	
1  104.818	2.340017e+00	1.192630e-01	7.390950e-01	3.029556e+00	9.822080e-01	6.032496e-02	3.970208e-01	6.771314e-01	4.194637e+00	9.987534e-01	8.083307e+00	7.376281e-01	2.458124e-01	2.069191e+00	7.933829e-01	1.043687e+00	7.392051e+01	1.442309e+02	2.623044e-01	5.053539e-02	-2.008129e-13	
5  107.735	2.340930e+00	1.203491e-01	7.361704e-01	3.031362e+00	9.774378e-01	6.008492e-02	3.844550e-01	6.878328e-01	4.197113e+00	9.982091e-01	8.075647e+00	7.334032e-01	2.458170e-01	2.072771e+00	7.973635e-01	1.044403e+00	7.362559e+01	1.440147e+02	2.664886e-01	4.892286e-02	-1.507079e-13	
1  108.293	2.353217e+00	1.199458e-01	7.413461e-01	3.038781e+00	9.780496e-01	6.123268e-02	4.045983e-01	6.790209e-01	4.176477e+00	1.000701e+00	8.152311e+00	7.376183e-01	2.458662e-01	2.087905e+00	7.979187e-01	1.044439e+00	7.414948e+01	1.438871e+02	2.622495e-01	5.130522e-02	-6.145276e-14	
3  106.054	2.357642e+00	1.184587e-01	7.467806e-01	3.057234e+00	9.815457e-01	7.046077e-02	4.429976e-01	6.766107e-01	4.151540e+00	1.002448e+00	8.961154e+00	7.441370e-01	2.458847e-01	2.126681e+00	7.985029e-01	1.042971e+00	7.470302e+01	1.440183e+02	2.557876e-01	5.602146e-02	-6.868150e-14	
4  105.793	2.357642e+00	1.184587e-01	7.467806e-01	3.057234e+00	9.815457e-01	7.046077e-02	4.429976e-01	6.766107e-01	4.151540e+00	1.002794e+00	8.961154e+00	7.441370e-01	2.458847e-01	2.126681e+00	7.985029e-01	1.042971e+00	7.470302e+01	1.440183e+02	2.557876e-01	5.602146e-02	-6.868150e-14	
1  105.598	2.361158e+00	1.186323e-01	7.356254e-01	3.048908e+00	9.865116e-01	6.863858e-02	3.377652e-01	6.985826e-01	4.120931e+00	1.000816e+00	8.792673e+00	7.359043e-01	2.458974e-01	2.109505e+00	8.009287e-01	1.043478e+00	7.358238e+01	1.444503e+02	2.640954e-01	4.327396e-02	-9.541549e-14	
1  105.099	2.359815e+00	1.179484e-01	7.460915e-01	3.054191e+00	9.875746e-01	6.918609e-02	4.171282e-01	7.085846e-01	4.082660e+00	1.003566e+00	8.834725e+00	7.446042e-01	2.458913e-01	2.120397e+00	7.980975e-01	1.043046e+00	7.463245e+01	1.442504e+02	2.553652e-01	5.285669e-02	-1.139525e-13	
1  105.743	2.352516e+00	1.185425e-01	7.398366e-01	3.061323e+00	9.866801e-01	7.026342e-02	4.197013e-01	7.128386e-01	4.116359e+00	1.005296e+00	8.955860e+00	7.393715e-01	2.458629e-01	2.135391e+00	8.023840e-01	1.042009e+00	7.400584e+01	1.441687e+02	2.606420e-01	5.310743e-02	-6.088204e-14	
3  105.31	2.352036e+00	1.180967e-01	7.367627e-01	3.072894e+00	9.917472e-01	7.731031e-02	3.768275e-01	6.930060e-01	4.174698e+00	1.005049e+00	9.568792e+00	7.379809e-01	2.458611e-01	2.160225e+00	8.085126e-01	1.042125e+00	7.370125e+01	1.444953e+02	2.620658e-01	4.792697e-02	-3.057346e-14	
2  105.273	2.352036e+00	1.180967e-01	7.367627e-01	3.072894e+00	9.917472e-01	7.731031e-02	3.768275e-01	6.930060e-01	4.174698e+00	1.005355e+00	9.568792e+00	7.379809e-01	2.458611e-01	2.160225e+00	8.085126e-01	1.042125e+00	7.370125e+01	1.444953e+02	2.620658e-01	4.792697e-02	-3.057346e-14	
5  104.144	2.330954e+00	1.199463e-01	7.343318e-01	3.085481e+00	9.884519e-01	8.131941e-02	3.994412e-01	7.126420e-01	4.127752e+00	1.005701e+00	1.000841e+01	7.331910e-01	2.457764e-01	2.187880e+00	8.204067e-01	1.043220e+00	7.344058e+01	1.441437e+02	2.667929e-01	5.081833e-02	-2.685227e-14	
2  105.199	2.335218e+00	1.203064e-01	7.404544e-01	3.078338e+00	9.862039e-01	7.780938e-02	4.460688e-01	7.251976e-01	4.033944e+00	1.004972e+00	9.702972e+00	7.368262e-01	2.457936e-01	2.172186e+00	8.167151e-01	1.043649e+00	7.405029e+01	1.437880e+02	2.631191e-01	5.642140e-02	-1.139864e-14	
1  105.11	2.344754e+00	1.196610e-01	7.405706e-01	3.084306e+00	9.876396e-01	7.951345e-02	4.433284e-01	7.336710e-01	4.076244e+00	1.006697e+00	9.811055e+00	7.379547e-01	2.458324e-01	2.185100e+00	8.163207e-01	1.042827e+00	7.407185e+01	1.438594e+02	2.620512e-01	5.604741e-02	-4.044548e-15	
4  106.275	2.344754e+00	1.196610e-01	7.405706e-01	3.084306e+00	9.876396e-01	7.951345e-02	4.433284e-01	7.336710e-01	4.076244e+00	1.005398e+00	9.811055e+00	7.379547e-01	2.458324e-01	2.185100e+00	8.163207e-01	1.042827e+00	7.407185e+01	1.438594e+02	2.620512e-01	5.604741e-02	-4.044548e-15	
6  107.379	2.333958e+00	1.186056e-01	7.445049e-01	3.095597e+00	9.899036e-01	8.666935e-02	4.195097e-01	7.318901e-01	4.084661e+00	1.005602e+00	1.042463e+01	7.427624e-01	2.457878e-01	2.209840e+00	8.197047e-01	1.043923e+00	7.445333e+01	1.443543e+02	2.571382e-01	5.324041e-02	3.435277e-14	
1  106.761	2.333958e+00	1.186056e-01	7.445049e-01	3.095597e+00	9.899036e-01	8.666935e-02	4.195097e-01	7.318901e-01	4.084661e+00	1.008589e+00	1.042463e+01	7.427624e-01	2.457878e-01	2.209840e+00	8.197047e-01	1.043923e+00	7.445333e+01	1.443543e+02	2.571382e-01	5.324041e-02	3.435277e-14	
2  106.333	2.314233e+00	1.196952e-01	7.433146e-01	3.093500e+00	9.887130e-01	8.560653e-02	4.621393e-01	7.176091e-01	4.108981e+00	1.007840e+00	1.041402e+01	7.403557e-01	2.457078e-01	2.205330e+00	8.219931e-01	1.043834e+00	7.432737e+01	1.440889e+02	2.595227e-01	5.843844e-02	-1.106896e-14	
2  105.222	2.307407e+00	1.209056e-01	7.385901e-01	3.089844e+00	9.840642e-01	8.075865e-02	4.901018e-01	7.222582e-01	4.121163e+00	1.009080e+00	1.004361e+01	7.349830e-01	2.456806e-01	2.197196e+00	8.222194e-01	1.043018e+00	7.386111e+01	1.437307e+02	2.649572e-01	6.175192e-02	3.523417e-14	
2  108.987	2.310857e+00	1.197713e-01	7.385813e-01	3.098391e+00	9.861547e-01	8.827932e-02	5.011414e-01	7.285273e-01	4.096812e+00	1.007419e+00	1.065477e+01	7.369964e-01	2.456949e-01	2.215414e+00	8.204370e-01	1.041327e+00	7.386433e+01	1.439398e+02	2.629131e-01	6.286237e-02	3.924780e-14	
3  108.119	2.304334e+00	1.198534e-01	7.422282e-01	3.090238e+00	9.848021e-01	8.227997e-02	4.532325e-01	7.264631e-01	4.082459e+00	1.009139e+00	1.015631e+01	7.394362e-01	2.456677e-01	2.197971e+00	8.209553e-01	1.044267e+00	7.421394e+01	1.442031e+02	2.603740e-01	5.735288e-02	1.289662e-13	
2  108.117	2.304334e+00	1.198534e-01	7.422282e-01	3.090238e+00	9.848021e-01	8.227997e-02	4.532325e-01	7.264631e-01	4.082459e+00	1.009082e+00	1.015631e+01	7.394362e-01	2.456677e-01	2.197971e+00	8.209553e-01	1.044267e+00	7.421394e+01	1.442031e+02	2.603740e-01	5.735288e-02	1.289662e-13	
1  108.194	2.299782e+00	1.202125e-01	7.384683e-01	3.086734e+00	9.880345e-01	8.078077e-02	5.099626e-01	7.336449e-01	4.064419e+00	1.008858e+00	1.005475e+01	7.363636e-01	2.456479e-01	2.190124e+00	8.184590e-01	1.041770e+00	7.385311e+01	1.438998e+02	2.635935e-01	6.397719e-02	-7.603355e-14	
7  107.701	2.290138e+00	1.204924e-01	7.424297e-01	3.080818e+00	9.894034e-01	7.758325e-02	5.236373e-01	7.293649e-01	4.058635e+00	1.009141e+00	9.804739e+00	7.388259e-01	2.456072e-01	2.177629e+00	8.184523e-01	1.043005e+00	7.424528e+01	1.438620e+02	2.610625e-01	6.579295e-02	-9.422712e-14	
1  106.966	2.290138e+00	1.204924e-01	7.424297e-01	3.080818e+00	9.894034e-01	7.758325e-02	5.236373e-01	7.293649e-01	4.058635e+00	1.010211e+00	9.804739e+00	7.388259e-01	2.456072e-01	2.177629e+00	8.184523e-01	1.043005e+00	7.424528e+01	1.438620e+02	2.610625e-01	6.579295e-02	-9.422712e-14	
4  105.637	2.297574e+00	1.198163e-01	7.352270e-01	3.062398e+00	9.917552e-01	6.773538e-02	4.518196e-01	7.474249e-01	4.080586e+00	1.011540e+00	8.884439e+00	7.348278e-01	2.456360e-01	2.137989e+00	8.108155e-01	1.042454e+00	7.353202e+01	1.442884e+02	2.651402e-01	5.712711e-02	-1.580823e-13	
2  106.924	2.289246e+00	1.205128e-01	7.289599e-01	3.077826e+00	9.926711e-01	7.149647e-02	4.203868e-01	7.354302e-01	4.177735e+00	1.014660e+00	9.260132e+00	7.290547e-01	2.456023e-01	2.171498e+00	8.215063e-01	1.042699e+00	7.290601e+01	1.443489e+02	2.708688e-01	5.335992e-02	-1.179230e-13	
3  106.411	2.286858e+00	1.204532e-01	7.282169e-01	3.068681e+00	9.867875e-01	6.899738e-02	3.912362e-01	7.257799e-01	4.168926e+00	1.012417e+00	9.032634e+00	7.286153e-01	2.455936e-01	2.151652e+00	8.171638e-01	1.043488e+00	7.282273e+01	1.445281e+02	2.712443e-01	4.989457e-02	-1.663454e-14	
2  106.125	2.286858e+00	1.204532e-01	7.282169e-01	3.068681e+00	9.867875e-01	6.899738e-02	3.912362e-01	7.257799e-01	4.168926e+00	1.012087e+00	9.032634e+00	7.286153e-01	2.455936e-01	2.151652e+00	8.171638e-01	1.043488e+00	7.282273e+01	1.445281e+02	2.712443e-01	4.989457e-02	-1.663454e-14	
8  105.917	2.281401e+00	1.197571e-01	7.274443e-01	3.078218e+00	9.886837e-01	7.525801e-02	4.079489e-01	7.202527e-01	4.193947e+00	1.011760e+00	9.602397e+00	7.295061e-01	2.455713e-01	2.171902e+00	8.177546e-01	1.042089e+00	7.275067e+01	1.446861e+02	2.704494e-01	5.185302e-02	-1.325313e-13	
17  105.994	2.281401e+00	1.197571e-01	7.274443e-01	3.078218e+00	9.886837e-01	7.525801e-02	4.079489e-01	7.202527e-01	4.193947e+00	1.009038e+00	9.602397e+00	7.295061e-01	2.455713e-01	2.171902e+00	8.177546e-01	1.042089e+00	7.275067e+01	1.446861e+02	2.704494e-01	5.185302e-02	-1.325313e-13	
3  105.459	2.264028e+00	1.218174e-01	7.231330e-01	3.082094e+00	9.810439e-01	7.443615e-02	4.290559e-01	7.256657e-01	4.158788e+00	1.009144e+00	9.614010e+00	7.225970e-01	2.455014e-01	2.180537e+00	8.248652e-01	1.042802e+00	7.231183e+01	1.442552e+02	2.773131e-01	5.451025e-02	1.922362e-14	
10  105.298	2.264028e+00	1.218174e-01	7.231330e-01	3.082094e+00	9.810439e-01	7.443615e-02	4.290559e-01	7.256657e-01	4.158788e+00	1.009438e+00	9.614010e+00	7.225970e-01	2.455014e-01	2.180537e+00	8.248652e-01	1.042802e+00	7.231183e+01	1.442552e+02	2.773131e-01	5.451025e-02	1.922362e-14	
8  105.158	2.264028e+00	1.218174e-01	7.231330e-01	3.082094e+00	9.810439e-01	7.443615e-02	4.290559e-01	7.256657e-01	4.158788e+00	1.009752e+00	9.614010e+00	7.225970e-01	2.455014e-01	2.180537e+00	8.248652e-01	1.042802e+00	7.231183e+01	1.442552e+02	2.773131e-01	5.451025e-02	1.922362e-14	
2  105.031	2.284295e+00	1.210940e-01	7.294608e-01	3.072571e+00	9.835614e-01	7.025989e-02	4.419322e-01	7.378572e-01	4.205241e+00	1.009700e+00	9.169130e+00	7.284147e-01	2.455841e-01	2.159855e+00	8.180292e-01	1.042868e+00	7.294897e+01	1.441576e+02	2.715103e-01	5.601842e-02	-5.159900e-15	
2  104.71	2.284295e+00	1.210940e-01	7.294608e-01	3.072571e+00	9.835614e-01	7.025989e-02	4.419322e-01	7.378572e-01	4.205241e+00	1.010573e+00	9.169130e+00	7.284147e-01	2.455841e-01	2.159855e+00	8.180292e-01	1.042868e+00	7.294897e+01	1.441576e+02	2.715103e-01	5.601842e-02	-5.159900e-15	
1  103.994	2.283670e+00	1.216723e-01	7.192732e-01	3.059567e+00	9.833795e-01	6.459056e-02	4.082703e-01	7.180272e-01	4.121361e+00	1.009213e+00	8.651976e+00	7.195296e-01	2.455816e-01	2.131817e+00	8.148564e-01	1.041698e+00	7.193099e+01	1.441789e+02	2.804677e-01	5.181488e-02	-7.770658e-14	
2  106.259	2.276804e+00	1.213556e-01	7.216241e-01	3.066101e+00	9.834876e-01	6.779168e-02	3.604912e-01	7.107808e-01	4.153845e+00	1.009786e+00	8.959955e+00	7.220181e-01	2.455532e-01	2.146110e+00	8.199326e-01	1.043866e+00	7.215697e+01	1.445555e+02	2.777983e-01	4.612472e-02	4.899315e-14	
18  103.615	2.281699e+00	1.210448e-01	7.227142e-01	3.060968e+00	9.848794e-01	6.577226e-02	3.997963e-01	7.042247e-01	4.161111e+00	1.009619e+00	8.756959e+00	7.234493e-01	2.455729e-01	2.134952e+00	8.145875e-01	1.042374e+00	7.227543e+01	1.443942e+02	2.765161e-01	5.089000e-02	-8.693300e-14	
3  103.139	2.284457e+00	1.207987e-01	7.230865e-01	3.055147e+00	9.851587e-01	6.517676e-02	3.820581e-01	6.941228e-01	4.169964e+00	1.007738e+00	8.688666e+00	7.241268e-01	2.455844e-01	2.122607e+00	8.121777e-01	1.042751e+00	7.231181e+01	1.445087e+02	2.758178e-01	4.877091e-02	-9.512604e-14	
14  104.296	2.287254e+00	1.212214e-01	7.300925e-01	3.051813e+00	9.866655e-01	6.256669e-02	4.361809e-01	7.118290e-01	4.159377e+00	1.008202e+00	8.445119e+00	7.285655e-01	2.455951e-01	2.115679e+00	8.114979e-01	1.043300e+00	7.301226e+01	1.441196e+02	2.713200e-01	5.533865e-02	-7.838607e-14	
3  104.283	2.287254e+00	1.212214e-01	7.300925e-01	3.051813e+00	9.866655e-01	6.256669e-02	4.361809e-01	7.118290e-01	4.159377e+00	1.008350e+00	8.445119e+00	7.285655e-01	2.455951e-01	2.115679e+00	8.114979e-01	1.043300e+00	7.301226e+01	1.441196e+02	2.713200e-01	5.533865e-02	-7.838607e-14	
1  107.115	2.296438e+00	1.202827e-01	7.355750e-01	3.044754e+00	9.892786e-01	5.889658e-02	4.210528e-01	7.055577e-01	4.127010e+00	1.009473e+00	8.053671e+00	7.341428e-01	2.456309e-01	2.100933e+00	8.068550e-01	1.044144e+00	7.356139e+01	1.443356e+02	2.656012e-01	5.346355e-02	-3.073774e-14	
1  107.293	2.282882e+00	1.209542e-01	7.267522e-01	3.058447e+00	9.885702e-01	6.568548e-02	3.795080e-01	7.131201e-01	4.168311e+00	1.009078e+00	8.741293e+00	7.265770e-01	2.455768e-01	2.129904e+00	8.164320e-01	1.044108e+00	7.267380e+01	1.445041e+02	2.731647e-01	4.844064e-02	1.928583e-15	
1  107.001	2.272876e+00	1.229383e-01	7.248100e-01	3.048043e+00	9.869702e-01	5.959861e-02	4.319241e-01	7.308467e-01	4.141118e+00	1.007894e+00	8.217148e+00	7.214942e-01	2.455361e-01	2.107827e+00	8.175435e-01	1.044128e+00	7.248063e+01	1.438702e+02	2.782163e-01	5.479055e-02	3.728531e-14	
12  106.303	2.269758e+00	1.221359e-01	7.273589e-01	3.070754e+00	9.862735e-01	7.031402e-02	4.434539e-01	7.330942e-01	4.139349e+00	1.009329e+00	9.229812e+00	7.250777e-01	2.455241e-01	2.156224e+00	8.231894e-01	1.043712e+00	7.273282e+01	1.440420e+02	2.747269e-01	5.624792e-02	-9.409711e-15	
2  104.891	2.285746e+00	1.208210e-01	7.291572e-01	3.071186e+00	9.897221e-01	7.296848e-02	4.445869e-01	7.366359e-01	4.165872e+00	1.008400e+00	9.408978e+00	7.286699e-01	2.455895e-01	2.156817e+00	8.180218e-01	1.042355e+00	7.292210e+01	1.441939e+02	2.712896e-01	5.629031e-02	-1.502778e-13	
1  104.817	2.285746e+00	1.208210e-01	7.291572e-01	3.071186e+00	9.897221e-01	7.296848e-02	4.445869e-01	7.366359e-01	4.165872e+00	1.008744e+00	9.408978e+00	7.286699e-01	2.455895e-01	2.156817e+00	8.180218e-01	1.042355e+00	7.292210e+01	1.441939e+02	2.712896e-01	5.629031e-02	-1.502778e-13	
19  104.253	2.285080e+00	1.207528e-01	7.308516e-01	3.078684e+00	9.896753e-01	8.061462e-02	4.427045e-01	7.477328e-01	4.153563e+00	1.005280e+00	1.008651e+01	7.300174e-01	2.455881e-01	2.173125e+00	8.213059e-01	1.042853e+00	7.308614e+01	1.442224e+02	2.698958e-01	5.615382e-02	-1.635298e-13	
3  104.264	2.285080e+00	1.207528e-01	7.308516e-01	3.078684e+00	9.896753e-01	8.061462e-02	4.427045e-01	7.477328e-01	4.153563e+00	1.005750e+00	1.008651e+01	7.300174e-01	2.455881e-01	2.173125e+00	8.213059e-01	1.042853e+00	7.308614e+01	1.442224e+02	2.698958e-01	5.615382e-02	-1.635298e-13	
3  103.827	2.290273e+00	1.205083e-01	7.234442e-01	3.050974e+00	9.896888e-01	6.715489e-02	3.838575e-01	7.444894e-01	4.134422e+00	1.005551e+00	8.855328e+00	7.248151e-01	2.456082e-01	2.113519e+00	8.103277e-01	1.042322e+00	7.235250e+01	1.445111e+02	2.751535e-01	4.893979e-02	-9.420812e-14	
4  103.923	2.274631e+00	1.206819e-01	7.215182e-01	3.051203e+00	9.882565e-01	6.786574e-02	3.856377e-01	7.302854e-01	4.163160e+00	1.005099e+00	8.961594e+00	7.232953e-01	2.455441e-01	2.113982e+00	8.111427e-01	1.042316e+00	7.215655e+01	1.446245e+02	2.766447e-01	4.919195e-02	-1.238354e-13	
4  103.818	2.274631e+00	1.206819e-01	7.215182e-01	3.051203e+00	9.882565e-01	6.786574e-02	3.856377e-01	7.302854e-01	4.163160e+00	1.004929e+00	8.961594e+00	7.232953e-01	2.455441e-01	2.113982e+00	8.111427e-01	1.042316e+00	7.215655e+01	1.446245e+02	2.766447e-01	4.919195e-02	-1.238354e-13	
3  103.82	2.280517e+00	1.197625e-01	7.250292e-01	3.044313e+00	9.865358e-01	6.438729e-02	3.734582e-01	7.192326e-01	4.181541e+00	1.005655e+00	8.604717e+00	7.276354e-01	2.455681e-01	2.099631e+00	8.048621e-01	1.042605e+00	7.250482e+01	1.448534e+02	2.723036e-01	4.774441e-02	-1.599385e-13	
13  104.52	2.279020e+00	1.191654e-01	7.263604e-01	3.031030e+00	9.874938e-01	5.949729e-02	3.617901e-01	7.104304e-01	4.197266e+00	1.004832e+00	8.128046e+00	7.297831e-01	2.455615e-01	2.072053e+00	7.982795e-01	1.042789e+00	7.263663e+01	1.450793e+02	2.701378e-01	4.634095e-02	-1.892865e-13	
6  103.811	2.279020e+00	1.191654e-01	7.263604e-01	3.031030e+00	9.874938e-01	5.949729e-02	3.617901e-01	7.104304e-01	4.197266e+00	1.003867e+00	8.128046e+00	7.297831e-01	2.455615e-01	2.072053e+00	7.982795e-01	1.042789e+00	7.263663e+01	1.450793e+02	2.701378e-01	4.634095e-02	-1.892865e-13	
4  104.399	2.283675e+00	1.191984e-01	7.272582e-01	3.037273e+00	9.894846e-01	6.385045e-02	3.935219e-01	6.748148e-01	4.237226e+00	1.002754e+00	8.541659e+00	7.303109e-01	2.455810e-01	2.084397e+00	7.996496e-01	1.041867e+00	7.272601e+01	1.448687e+02	2.696592e-01	5.007816e-02	-1.640543e-13	
3  104.43	2.283675e+00	1.191984e-01	7.272582e-01	3.037273e+00	9.894846e-01	6.385045e-02	3.935219e-01	6.748148e-01	4.237226e+00	1.002989e+00	8.541659e+00	7.303109e-01	2.455810e-01	2.084397e+00	7.996496e-01	1.041867e+00	7.272601e+01	1.448687e+02	2.696592e-01	5.007816e-02	-1.640543e-13	
3  103.309	2.294368e+00	1.193325e-01	7.315906e-01	3.046680e+00	9.854117e-01	6.768441e-02	4.126383e-01	6.799705e-01	4.246686e+00	1.003016e+00	8.876447e+00	7.330495e-01	2.456261e-01	2.104380e+00	8.018901e-01	1.042318e+00	7.315958e+01	1.446265e+02	2.668987e-01	5.246435e-02	-1.909459e-13	
2  103.551	2.287001e+00	1.193139e-01	7.307869e-01	3.037818e+00	9.874682e-01	6.313981e-02	3.946556e-01	6.635380e-01	4.207169e+00	1.003506e+00	8.464941e+00	7.326242e-01	2.455948e-01	2.086141e+00	8.002484e-01	1.042880e+00	7.307870e+01	1.447969e+02	2.672928e-01	5.034175e-02	-2.118863e-13	
1  104.429	2.290314e+00	1.195185e-01	7.277282e-01	3.043568e+00	9.869644e-01	6.124564e-02	4.030606e-01	6.575050e-01	4.238743e+00	1.007490e+00	8.283087e+00	7.300045e-01	2.456075e-01	2.097821e+00	8.018918e-01	1.041840e+00	7.277602e+01	1.446752e+02	2.699937e-01	5.121031e-02	-1.450397e-13	
1  105.512	2.281610e+00	1.207563e-01	7.207304e-01	3.048451e+00	9.841302e-01	6.217717e-02	4.089755e-01	6.496986e-01	4.268813e+00	1.007519e+00	8.413048e+00	7.224736e-01	2.455728e-01	2.107877e+00	8.069887e-01	1.041177e+00	7.207394e+01	1.444326e+02	2.775221e-01	5.180836e-02	-9.233840e-14	
1  105.549	2.281610e+00	1.207563e-01	7.207304e-01	3.048451e+00	9.841302e-01	6.217717e-02	4.089755e-01	6.496986e-01	4.268813e+00	1.008195e+00	8.413048e+00	7.224736e-01	2.455728e-01	2.107877e+00	8.069887e-01	1.041177e+00	7.207394e+01	1.444326e+02	2.775221e-01	5.180836e-02	-9.233840e-14	
1  103.078	2.278849e+00	1.226458e-01	7.187376e-01	3.057101e+00	9.801336e-01	6.423026e-02	4.344627e-01	6.437714e-01	4.211061e+00	1.007970e+00	8.647868e+00	7.172981e-01	2.455627e-01	2.126581e+00	8.156902e-01	1.041816e+00	7.187518e+01	1.438630e+02	2.826847e-01	5.501550e-02	-7.189289e-14	
4  102.136	2.276345e+00	1.230936e-01	7.122331e-01	3.061199e+00	9.759769e-01	6.959852e-02	3.731812e-01	6.395839e-01	4.234574e+00	1.004187e+00	9.162785e+00	7.112053e-01	2.455537e-01	2.135398e+00	8.200874e-01	1.042546e+00	7.122120e+01	1.440592e+02	2.887609e-01	4.768815e-02	-5.629212e-14	
4  102.432	2.263028e+00	1.235003e-01	7.081275e-01	3.067917e+00	9.758250e-01	7.049612e-02	3.765490e-01	6.499385e-01	4.261413e+00	1.006306e+00	9.287013e+00	7.072964e-01	2.454983e-01	2.149714e+00	8.241515e-01	1.042027e+00	7.081189e+01	1.440869e+02	2.926621e-01	4.805522e-02	-3.717561e-14	
1  102.549	2.263028e+00	1.235003e-01	7.081275e-01	3.067917e+00	9.758250e-01	7.049612e-02	3.765490e-01	6.499385e-01	4.261413e+00	1.006474e+00	9.287013e+00	7.072964e-01	2.454983e-01	2.149714e+00	8.241515e-01	1.042027e+00	7.081189e+01	1.440869e+02	2.926621e-01	4.805522e-02	-3.717561e-14	
2  103.8	2.274500e+00	1.224707e-01	7.080417e-01	3.063863e+00	9.756745e-01	6.862839e-02	3.558983e-01	6.521919e-01	4.212333e+00	1.007130e+00	9.063858e+00	7.090757e-01	2.455455e-01	2.140840e+00	8.184500e-01	1.041317e+00	7.080611e+01	1.443241e+02	2.908738e-01	4.543548e-02	-3.184006e-14	
4  106.248	2.264437e+00	1.214387e-01	7.047179e-01	3.054478e+00	9.776869e-01	6.496344e-02	3.162173e-01	6.594849e-01	4.208143e+00	1.007730e+00	8.724150e+00	7.085975e-01	2.455028e-01	2.120515e+00	8.128988e-01	1.040886e+00	7.047339e+01	1.448855e+02	2.913392e-01	4.045680e-02	-7.241592e-15	
5  104.936	2.254848e+00	1.227846e-01	7.008234e-01	3.057160e+00	9.734275e-01	6.405218e-02	3.255871e-01	6.307920e-01	4.240305e+00	1.008223e+00	8.683482e+00	7.027798e-01	2.454633e-01	2.126466e+00	8.174934e-01	1.041105e+00	7.008298e+01	1.446031e+02	2.971567e-01	4.167987e-02	-9.571761e-15	
6  103.942	2.253134e+00	1.241156e-01	6.990594e-01	3.053239e+00	9.695627e-01	6.082442e-02	3.535492e-01	6.473972e-01	4.276851e+00	1.007679e+00	8.397924e+00	6.985702e-01	2.454564e-01	2.118270e+00	8.183232e-01	1.041072e+00	6.990529e+01	1.441570e+02	3.013625e-01	4.512886e-02	7.604063e-15	
4  103.078	2.244069e+00	1.267265e-01	6.895896e-01	3.053684e+00	9.625489e-01	5.727660e-02	3.413181e-01	6.503506e-01	4.353808e+00	1.007961e+00	8.106809e+00	6.848842e-01	2.454186e-01	2.119406e+00	8.258857e-01	1.041624e+00	6.895550e+01	1.436581e+02	3.150759e-01	4.374305e-02	4.795343e-14	
6  102.039	2.261258e+00	1.256535e-01	6.995073e-01	3.056192e+00	9.662650e-01	6.048919e-02	3.714740e-01	6.297406e-01	4.410156e+00	1.007200e+00	8.372638e+00	6.956260e-01	2.454910e-01	2.124728e+00	8.235252e-01	1.041954e+00	6.994808e+01	1.435970e+02	3.043381e-01	4.743568e-02	2.559870e-14	
22  102.23	2.260211e+00	1.251797e-01	6.996285e-01	3.056897e+00	9.706435e-01	6.378790e-02	3.686404e-01	6.400125e-01	4.354906e+00	1.005420e+00	8.688645e+00	6.967330e-01	2.454864e-01	2.126090e+00	8.235106e-01	1.041629e+00	6.996084e+01	1.437385e+02	3.032248e-01	4.705866e-02	-1.384877e-15	
8  101.965	2.260211e+00	1.251797e-01	6.996285e-01	3.056897e+00	9.706435e-01	6.378790e-02	3.686404e-01	6.400125e-01	4.354906e+00	1.005044e+00	8.688645e+00	6.967330e-01	2.454864e-01	2.126090e+00	8.235106e-01	1.041629e+00	6.996084e+01	1.437385e+02	3.032248e-01	4.705866e-02	-1.384877e-15	
1  101.295	2.259150e+00	1.262157e-01	7.033356e-01	3.042275e+00	9.685682e-01	5.435846e-02	4.091108e-01	6.485893e-01	4.259267e+00	1.005732e+00	7.772957e+00	6.978274e-01	2.454822e-01	2.095381e+00	8.198521e-01	1.042432e+00	7.033055e+01	1.433063e+02	3.021328e-01	5.203315e-02	3.128853e-14	
1  102.533	2.257061e+00	1.269435e-01	6.992701e-01	3.055764e+00	9.659310e-01	5.961299e-02	3.825320e-01	6.604491e-01	4.261441e+00	1.006127e+00	8.321328e+00	6.928170e-01	2.454736e-01	2.123662e+00	8.281635e-01	1.042929e+00	6.991833e+01	1.432723e+02	3.071371e-01	4.877602e-02	1.147114e-13	
9  101.914	2.257061e+00	1.269435e-01	6.992701e-01	3.055764e+00	9.659310e-01	5.961299e-02	3.825320e-01	6.604491e-01	4.261441e+00	1.004386e+00	8.321328e+00	6.928170e-01	2.454736e-01	2.123662e+00	8.281635e-01	1.042929e+00	6.991833e+01	1.432723e+02	3.071371e-01	4.877602e-02	1.147114e-13	
2  102.63	2.262729e+00	1.271969e-01	7.071925e-01	3.045950e+00	9.663926e-01	5.557896e-02	4.534022e-01	6.443933e-01	4.286210e+00	1.003228e+00	7.910200e+00	6.990581e-01	2.454977e-01	2.102974e+00	8.229316e-01	1.042961e+00	7.071529e+01	1.428267e+02	3.008874e-01	5.732021e-02	1.001775e-13	
4  102.526	2.259863e+00	1.270677e-01	6.967867e-01	3.050244e+00	9.631820e-01	5.813890e-02	4.138477e-01	6.824862e-01	4.282982e+00	1.002790e+00	8.165941e+00	6.903535e-01	2.454848e-01	2.112147e+00	8.228106e-01	1.041213e+00	6.967532e+01	1.430726e+02	3.095710e-01	5.252472e-02	1.727324e-14	
5  101.803	2.263367e+00	1.276216e-01	6.999817e-01	3.042825e+00	9.636620e-01	5.537781e-02	4.032434e-01	6.644394e-01	4.292192e+00	1.001297e+00	7.891739e+00	6.919404e-01	2.454997e-01	2.096346e+00	8.234758e-01	1.042948e+00	6.999203e+01	1.429451e+02	3.080199e-01	5.128178e-02	6.521773e-14	
1  102.765	2.263367e+00	1.276216e-01	6.999817e-01	3.042825e+00	9.636620e-01	5.537781e-02	4.032434e-01	6.644394e-01	4.292192e+00	9.994125e-01	7.891739e+00	6.919404e-01	2.454997e-01	2.096346e+00	8.234758e-01	1.042948e+00	6.999203e+01	1.429451e+02	3.080199e-01	5.128178e-02	6.521773e-14	
7  103.234	2.249660e+00	1.273089e-01	6.996743e-01	3.060251e+00	9.635949e-01	6.627422e-02	4.015466e-01	6.762473e-01	4.253886e+00	9.980843e-01	8.997541e+00	6.925724e-01	2.454432e-01	2.133222e+00	8.302361e-01	1.042972e+00	6.995974e+01	1.431727e+02	3.074074e-01	5.106168e-02	7.530786e-14	
1  103.052	2.253654e+00	1.272713e-01	7.002035e-01	3.065394e+00	9.650522e-01	6.817751e-02	4.059644e-01	6.732018e-01	4.298896e+00	9.987474e-01	9.168185e+00	6.930447e-01	2.454599e-01	2.144246e+00	8.323106e-01	1.042834e+00	7.001187e+01	1.431188e+02	3.069354e-01	5.161566e-02	6.517395e-14	
1  102.732	2.262239e+00	1.277969e-01	6.943606e-01	3.082788e+00	9.646674e-01	7.599679e-02	3.878980e-01	6.709177e-01	4.303365e+00	9.987165e-01	9.881117e+00	6.866046e-01	2.454952e-01	2.181981e+00	8.405328e-01	1.042032e+00	6.942898e+01	1.429861e+02	3.133701e-01	4.948653e-02	1.948737e-14	
1  101.893	2.262239e+00	1.277969e-01	6.943606e-01	3.082788e+00	9.646674e-01	7.599679e-02	3.878980e-01	6.709177e-01	4.303365e+00	1.001592e+00	9.881117e+00	6.866046e-01	2.454952e-01	2.181981e+00	8.405328e-01	1.042032e+00	6.942898e+01	1.429861e+02	3.133701e-01	4.948653e-02	1.948737e-14	
6  101.33	2.267123e+00	1.269570e-01	6.999200e-01	3.072264e+00	9.671620e-01	7.212711e-02	4.034755e-01	7.037322e-01	4.305595e+00	1.001319e+00	9.495964e+00	6.931970e-01	2.455157e-01	2.159109e+00	8.337660e-01	1.042156e+00	6.998625e+01	1.430652e+02	3.067766e-01	5.135062e-02	1.121182e-14	
2  101.929	2.242919e+00	1.275643e-01	6.938547e-01	3.068263e+00	9.688026e-01	7.123742e-02	3.976298e-01	6.772686e-01	4.292638e+00	1.000414e+00	9.486280e+00	6.870250e-01	2.454141e-01	2.150284e+00	8.353619e-01	1.041857e+00	6.938422e+01	1.432001e+02	3.129189e-01	5.061097e-02	5.744584e-14	
1  103.386	2.237467e+00	1.269761e-01	6.962418e-01	3.064470e+00	9.662830e-01	6.976558e-02	4.282345e-01	6.873362e-01	4.410269e+00	1.000587e+00	9.353962e+00	6.904902e-01	2.453914e-01	2.141996e+00	8.296969e-01	1.041096e+00	6.962446e+01	1.432688e+02	3.094105e-01	5.417208e-02	4.648119e-14	
6  104.625	2.237467e+00	1.269761e-01	6.962418e-01	3.064470e+00	9.662830e-01	6.976558e-02	4.282345e-01	6.873362e-01	4.410269e+00	9.986709e-01	9.353962e+00	6.904902e-01	2.453914e-01	2.141996e+00	8.296969e-01	1.041096e+00	6.962446e+01	1.432688e+02	3.094105e-01	5.417208e-02	4.648119e-14	
1  103.231	2.234105e+00	1.276489e-01	6.952268e-01	3.058049e+00	9.649013e-01	6.659583e-02	4.265364e-01	6.663660e-01	4.347980e+00	9.978922e-01	9.073270e+00	6.882653e-01	2.453773e-01	2.128399e+00	8.294172e-01	1.041623e+00	6.952183e+01	1.431418e+02	3.116770e-01	5.403751e-02	5.257837e-14	
1  101.768	2.242153e+00	1.273833e-01	6.901121e-01	3.052810e+00	9.645617e-01	6.510634e-02	3.677403e-01	6.609227e-01	4.359492e+00	9.969226e-01	8.900329e+00	6.840632e-01	2.454102e-01	2.117250e+00	8.275923e-01	1.041604e+00	6.901038e+01	1.433903e+02	3.158789e-01	4.695367e-02	5.824379e-14	
1  101.716	2.250838e+00	1.283438e-01	6.885307e-01	3.066970e+00	9.642750e-01	6.805193e-02	3.651229e-01	6.851170e-01	4.356320e+00	9.993964e-01	9.177699e+00	6.803808e-01	2.454465e-01	2.147530e+00	8.364677e-01	1.041946e+00	6.884721e+01	1.430777e+02	3.195814e-01	4.669948e-02	6.988682e-14	
3  102.369	2.259601e+00	1.285128e-01	6.844992e-01	3.064570e+00	9.605745e-01	6.561613e-02	3.146512e-01	6.970731e-01	4.446783e+00	9.998111e-01	8.923430e+00	6.760815e-01	2.454822e-01	2.142321e+00	8.362342e-01	1.042376e+00	6.843943e+01	1.431773e+02	3.239023e-01	4.053969e-02	7.638559e-14	
8  101.841	2.250199e+00	1.290533e-01	6.815463e-01	3.053179e+00	9.595901e-01	6.034676e-02	3.258349e-01	7.213625e-01	4.415211e+00	9.990138e-01	8.437714e+00	6.723471e-01	2.454424e-01	2.118038e+00	8.324302e-01	1.041928e+00	6.814742e+01	1.430929e+02	3.276188e-01	4.192116e-02	8.003973e-14	
9  101.828	2.250199e+00	1.290533e-01	6.815463e-01	3.053179e+00	9.595901e-01	6.034676e-02	3.258349e-01	7.213625e-01	4.415211e+00	9.980732e-01	8.437714e+00	6.723471e-01	2.454424e-01	2.118038e+00	8.324302e-01	1.041928e+00	6.814742e+01	1.430929e+02	3.276188e-01	4.192116e-02	8.003973e-14	
1  102	2.254798e+00	1.288716e-01	6.827151e-01	3.045975e+00	9.544408e-01	5.626515e-02	3.341931e-01	7.138767e-01	4.415575e+00	9.981641e-01	8.012925e+00	6.737732e-01	2.454617e-01	2.103105e+00	8.266514e-01	1.041692e+00	6.826812e+01	1.430461e+02	3.261829e-01	4.295228e-02	-1.053959e-14	
9  102.018	2.254798e+00	1.288716e-01	6.827151e-01	3.045975e+00	9.544408e-01	5.626515e-02	3.341931e-01	7.138767e-01	4.415575e+00	9.996080e-01	8.012925e+00	6.737732e-01	2.454617e-01	2.103105e+00	8.266514e-01	1.041692e+00	6.826812e+01	1.430461e+02	3.261829e-01	4.295228e-02	-1.053959e-14	
1  103.705	2.250305e+00	1.293422e-01	6.892253e-01	3.044240e+00	9.555996e-01	5.375124e-02	3.634136e-01	7.173185e-01	4.454765e+00	1.000814e+00	7.780130e+00	6.788785e-01	2.454445e-01	2.099051e+00	8.286121e-01	1.043197e+00	6.891444e+01	1.428488e+02	3.211080e-01	4.636804e-02	1.338597e-13	
1  104.649	2.250305e+00	1.293422e-01	6.892253e-01	3.044240e+00	9.555996e-01	5.375124e-02	3.634136e-01	7.173185e-01	4.454765e+00	1.002726e+00	7.780130e+00	6.788785e-01	2.454445e-01	2.099051e+00	8.286121e-01	1.043197e+00	6.891444e+01	1.428488e+02	3.211080e-01	4.636804e-02	1.338597e-13	
1  102.684	2.243864e+00	1.283275e-01	6.926625e-01	3.032594e+00	9.570197e-01	4.956565e-02	3.824563e-01	7.022275e-01	4.472078e+00	1.002615e+00	7.334701e+00	6.843120e-01	2.454185e-01	2.075105e+00	8.204679e-01	1.042747e+00	6.926797e+01	1.430761e+02	3.156676e-01	4.874329e-02	6.869212e-14	
2  102.222	2.243882e+00	1.278672e-01	6.942589e-01	3.027654e+00	9.604211e-01	4.576959e-02	4.233421e-01	7.036083e-01	4.507013e+00	1.004600e+00	6.911345e+00	6.867364e-01	2.454185e-01	2.065210e+00	8.156624e-01	1.041401e+00	6.942426e+01	1.430069e+02	3.132116e-01	5.372667e-02	8.649007e-15	
5  102.696	2.254820e+00	1.261008e-01	7.092107e-01	3.029342e+00	9.627636e-01	4.868882e-02	4.702281e-01	6.859297e-01	4.544844e+00	1.004517e+00	7.188176e+00	7.031130e-01	2.454649e-01	2.068556e+00	8.105021e-01	1.042098e+00	7.093007e+01	1.431104e+02	2.968237e-01	5.934752e-02	9.896904e-14	
1  103.614	2.271008e+00	1.253178e-01	7.139233e-01	3.038724e+00	9.629587e-01	5.121348e-02	4.773025e-01	6.770806e-01	4.531827e+00	1.006919e+00	7.408015e+00	7.082635e-01	2.455318e-01	2.087997e+00	8.108782e-01	1.041982e+00	7.140585e+01	1.430995e+02	2.916393e-01	6.017696e-02	1.746532e-13	
1  103.385	2.271008e+00	1.253178e-01	7.139233e-01	3.038724e+00	9.629587e-01	5.121348e-02	4.773025e-01	6.770806e-01	4.531827e+00	1.008940e+00	7.408015e+00	7.082635e-01	2.455318e-01	2.087997e+00	8.108782e-01	1.041982e+00	7.140585e+01	1.430995e+02	2.916393e-01	6.017696e-02	1.746532e-13	
3  103.836	2.265714e+00	1.261892e-01	7.161588e-01	3.026986e+00	9.628889e-01	4.607026e-02	5.274540e-01	6.736264e-01	4.475895e+00	1.007491e+00	6.885357e+00	7.084807e-01	2.455101e-01	2.063728e+00	8.077286e-01	1.041990e+00	7.162994e+01	1.427175e+02	2.914259e-01	6.612056e-02	1.790561e-13	
3  103.555	2.274151e+00	1.255754e-01	7.121463e-01	3.021118e+00	9.646247e-01	4.394208e-02	4.352155e-01	6.655171e-01	4.481288e+00	1.007351e+00	6.622629e+00	7.062120e-01	2.455452e-01	2.051488e+00	8.071688e-01	1.043050e+00	7.122591e+01	1.431904e+02	2.937099e-01	5.516204e-02	6.048679e-14	
3  102.257	2.276077e+00	1.249401e-01	7.094772e-01	3.030591e+00	9.690122e-01	5.184122e-02	4.357527e-01	6.631303e-01	4.484884e+00	1.005464e+00	7.456494e+00	7.052865e-01	2.455525e-01	2.071073e+00	8.089088e-01	1.041559e+00	7.094771e+01	1.433192e+02	2.946705e-01	5.520389e-02	-3.606752e-14	
2  102.562	2.276077e+00	1.249401e-01	7.094772e-01	3.030591e+00	9.690122e-01	5.184122e-02	4.357527e-01	6.631303e-01	4.484884e+00	1.005920e+00	7.456494e+00	7.052865e-01	2.455525e-01	2.071073e+00	8.089088e-01	1.041559e+00	7.094771e+01	1.433192e+02	2.946705e-01	5.520389e-02	-3.606752e-14	
5  102.292	2.276473e+00	1.258231e-01	7.077153e-01	3.042684e+00	9.658653e-01	5.624015e-02	4.258344e-01	6.787076e-01	4.605568e+00	1.006189e+00	7.920306e+00	7.020161e-01	2.455545e-01	2.096241e+00	8.166100e-01	1.042271e+00	7.077283e+01	1.431406e+02	2.979462e-01	5.403795e-02	-5.283393e-15	
3  103.705	2.279987e+00	1.250731e-01	7.073640e-01	3.073984e+00	9.701834e-01	7.099162e-02	3.925367e-01	6.692590e-01	4.591430e+00	1.008046e+00	9.319791e+00	7.031493e-01	2.455696e-01	2.162862e+00	8.293331e-01	1.042424e+00	7.073129e+01	1.434413e+02	2.968315e-01	5.000837e-02	5.987473e-15	
5  101.764	2.279987e+00	1.250731e-01	7.073640e-01	3.073984e+00	9.701834e-01	7.099162e-02	3.925367e-01	6.692590e-01	4.591430e+00	1.005912e+00	9.319791e+00	7.031493e-01	2.455696e-01	2.162862e+00	8.293331e-01	1.042424e+00	7.073129e+01	1.434413e+02	2.968315e-01	5.000837e-02	5.987473e-15	
2  104.872	2.280278e+00	1.249578e-01	7.079502e-01	3.088301e+00	9.700576e-01	7.414100e-02	4.347527e-01	6.832598e-01	4.659593e+00	1.009645e+00	9.601170e+00	7.038630e-01	2.455713e-01	2.194158e+00	8.323717e-01	1.041046e+00	7.079574e+01	1.432866e+02	2.960455e-01	5.492195e-02	2.633519e-14	
1  104.996	2.253553e+00	1.275496e-01	7.103903e-01	3.076576e+00	9.629962e-01	6.991633e-02	5.319839e-01	6.883062e-01	4.700373e+00	1.005488e+00	9.339879e+00	7.012207e-01	2.454603e-01	2.168348e+00	8.327249e-01	1.041886e+00	7.104231e+01	1.424939e+02	2.987047e-01	6.655890e-02	1.763675e-13	
5  103.446	2.236758e+00	1.282756e-01	7.044378e-01	3.067144e+00	9.626401e-01	6.643505e-02	4.980711e-01	6.959492e-01	4.668748e+00	1.003995e+00	9.066440e+00	6.949926e-01	2.453900e-01	2.147952e+00	8.331768e-01	1.042473e+00	7.044250e+01	1.426414e+02	3.049759e-01	6.259081e-02	1.688238e-13	
4  102.531	2.244972e+00	1.282508e-01	6.966202e-01	3.073928e+00	9.615554e-01	7.084860e-02	4.502606e-01	6.871723e-01	4.708821e+00	1.002788e+00	9.460806e+00	6.880322e-01	2.454233e-01	2.162642e+00	8.356946e-01	1.041546e+00	6.966028e+01	1.427779e+02	3.119095e-01	5.688136e-02	5.458873e-14	
1  102.47	2.241660e+00	1.280743e-01	6.937197e-01	3.072574e+00	9.584589e-01	7.025960e-02	4.035091e-01	6.849552e-01	4.704643e+00	1.002723e+00	9.409990e+00	6.858400e-01	2.454094e-01	2.159684e+00	8.355830e-01	1.042165e+00	6.936935e+01	1.430659e+02	3.141446e-01	5.129219e-02	7.750653e-14	
2  102.336	2.247971e+00	1.271733e-01	6.918266e-01	3.063965e+00	9.635017e-01	6.482963e-02	3.776663e-01	6.977304e-01	4.677849e+00	1.004978e+00	8.853942e+00	6.859131e-01	2.454352e-01	2.141207e+00	8.305167e-01	1.041404e+00	6.917983e+01	1.433395e+02	3.140333e-01	4.814201e-02	3.024209e-14	
2  102.596	2.247971e+00	1.271733e-01	6.918266e-01	3.063965e+00	9.635017e-01	6.482963e-02	3.776663e-01	6.977304e-01	4.677849e+00	1.005382e+00	8.853942e+00	6.859131e-01	2.454352e-01	2.141207e+00	8.305167e-01	1.041404e+00	6.917983e+01	1.433395e+02	3.140333e-01	4.814201e-02	3.024209e-14	
1  102.298	2.243295e+00	1.270434e-01	6.956642e-01	3.037242e+00	9.644202e-01	5.308281e-02	3.773307e-01	6.895865e-01	4.643472e+00	1.004277e+00	7.686288e+00	6.897120e-01	2.454161e-01	2.084813e+00	8.206636e-01	1.042530e+00	6.956477e+01	1.434186e+02	3.102563e-01	4.815284e-02	4.591923e-14	
1  103.038	2.240551e+00	1.272542e-01	6.945823e-01	3.044864e+00	9.662157e-01	5.675848e-02	3.692194e-01	6.617408e-01	4.638141e+00	1.004386e+00	8.074118e+00	6.883473e-01	2.454045e-01	2.100673e+00	8.255891e-01	1.042770e+00	6.945356e+01	1.434328e+02	3.116056e-01	4.715100e-02	8.605532e-14	
2  102.428	2.233672e+00	1.273781e-01	6.925438e-01	3.058491e+00	9.680474e-01	6.351908e-02	3.856493e-01	6.628176e-01	4.628376e+00	1.004615e+00	8.766703e+00	6.863952e-01	2.453755e-01	2.129410e+00	8.312072e-01	1.041940e+00	6.925204e+01	1.433994e+02	3.135616e-01	4.914267e-02	5.869213e-14	
6  102.744	2.225101e+00	1.280082e-01	6.955230e-01	3.058015e+00	9.622452e-01	6.049412e-02	4.284960e-01	6.508171e-01	4.526659e+00	1.006207e+00	8.505292e+00	6.879162e-01	2.453403e-01	2.128526e+00	8.305483e-01	1.042247e+00	6.955137e+01	1.431449e+02	3.120593e-01	5.431350e-02	1.449032e-13	
8  102.991	2.228220e+00	1.283432e-01	6.895089e-01	3.068969e+00	9.603919e-01	6.435035e-02	4.012075e-01	6.619229e-01	4.562486e+00	1.007077e+00	8.881424e+00	6.816981e-01	2.453526e-01	2.151972e+00	8.355782e-01	1.041650e+00	6.894880e+01	1.431576e+02	3.182724e-01	5.100112e-02	1.072040e-13	
7  102.918	2.228220e+00	1.283432e-01	6.895089e-01	3.068969e+00	9.603919e-01	6.435035e-02	4.012075e-01	6.619229e-01	4.562486e+00	1.006929e+00	8.881424e+00	6.816981e-01	2.453526e-01	2.151972e+00	8.355782e-01	1.041650e+00	6.894880e+01	1.431576e+02	3.182724e-01	5.100112e-02	1.072040e-13	
3  104.018	2.236112e+00	1.289303e-01	6.917785e-01	3.076474e+00	9.616633e-01	6.578456e-02	3.954020e-01	6.560515e-01	4.625967e+00	1.008308e+00	9.014830e+00	6.823360e-01	2.453868e-01	2.167987e+00	8.420444e-01	1.042868e+00	6.916442e+01	1.429515e+02	3.176441e-01	5.031151e-02	2.237283e-13	
3  103.626	2.236112e+00	1.289303e-01	6.917785e-01	3.076474e+00	9.616633e-01	6.578456e-02	3.954020e-01	6.560515e-01	4.625967e+00	1.005401e+00	9.014830e+00	6.823360e-01	2.453868e-01	2.167987e+00	8.420444e-01	1.042868e+00	6.916442e+01	1.429515e+02	3.176441e-01	5.031151e-02	2.237283e-13	
7  102.377	2.244227e+00	1.286241e-01	6.904811e-01	3.074583e+00	9.639765e-01	6.771660e-02	3.771926e-01	6.527199e-01	4.579553e+00	1.003104e+00	9.170935e+00	6.816638e-01	2.454200e-01	2.163951e+00	8.409598e-01	1.042570e+00	6.903601e+01	1.430225e+02	3.183127e-01	4.813844e-02	1.240190e-13	
7  102.908	2.244227e+00	1.286241e-01	6.904811e-01	3.074583e+00	9.639765e-01	6.771660e-02	3.771926e-01	6.527199e-01	4.579553e+00	1.001948e+00	9.170935e+00	6.816638e-01	2.454200e-01	2.163951e+00	8.409598e-01	1.042570e+00	6.903601e+01	1.430225e+02	3.183127e-01	4.813844e-02	1.240190e-13	
1  102.603	2.264087e+00	1.274060e-01	6.966574e-01	3.072908e+00	9.692572e-01	6.896980e-02	3.867537e-01	6.754380e-01	4.723718e+00	1.001289e+00	9.213988e+00	6.894138e-01	2.455030e-01	2.160428e+00	8.368841e-01	1.042298e+00	6.965630e+01	1.430669e+02	3.105484e-01	4.930364e-02	5.895160e-14	
1  102.883	2.278004e+00	1.263285e-01	6.933836e-01	3.074825e+00	9.749318e-01	7.223907e-02	3.232720e-01	6.683699e-01	4.799090e+00	1.000460e+00	9.453823e+00	6.883948e-01	2.455602e-01	2.164393e+00	8.370543e-01	1.042008e+00	6.933710e+01	1.434889e+02	3.115220e-01	4.154471e-02	1.466267e-13	
1  103.264	2.260797e+00	1.255399e-01	6.923172e-01	3.069327e+00	9.775530e-01	7.007954e-02	3.180719e-01	6.676500e-01	4.723789e+00	1.001425e+00	9.281583e+00	6.894233e-01	2.454884e-01	2.152339e+00	8.334258e-01	1.041542e+00	6.923753e+01	1.438879e+02	3.104775e-01	4.082737e-02	1.350647e-13	
4  103.202	2.260797e+00	1.255399e-01	6.923172e-01	3.069327e+00	9.775530e-01	7.007954e-02	3.180719e-01	6.676500e-01	4.723789e+00	1.001809e+00	9.281583e+00	6.894233e-01	2.454884e-01	2.152339e+00	8.334258e-01	1.041542e+00	6.923753e+01	1.438879e+02	3.104775e-01	4.082737e-02	1.350647e-13	
2  104.567	2.250982e+00	1.273919e-01	6.845684e-01	3.067824e+00	9.731105e-01	6.804234e-02	3.314229e-01	6.522902e-01	4.727229e+00	1.000878e+00	9.147045e+00	6.785828e-01	2.454473e-01	2.148847e+00	8.366846e-01	1.040954e+00	6.846049e+01	1.434806e+02	3.212829e-01	4.244161e-02	1.670159e-13	
4  104.84	2.261699e+00	1.275838e-01	6.987356e-01	3.049893e+00	9.706668e-01	5.609084e-02	3.699646e-01	6.275883e-01	4.722129e+00	1.002931e+00	7.964865e+00	6.908702e-01	2.454923e-01	2.110931e+00	8.302240e-01	1.043710e+00	6.985822e+01	1.431346e+02	3.089592e-01	4.714017e-02	2.222626e-13	
3  104.836	2.261699e+00	1.275838e-01	6.987356e-01	3.049893e+00	9.706668e-01	5.609084e-02	3.699646e-01	6.275883e-01	4.722129e+00	1.002944e+00	7.964865e+00	6.908702e-01	2.454923e-01	2.110931e+00	8.302240e-01	1.043710e+00	6.985822e+01	1.431346e+02	3.089592e-01	4.714017e-02	2.222626e-13	
1  103.56	2.276914e+00	1.260586e-01	7.064644e-01	3.067691e+00	9.761315e-01	6.922053e-02	3.920594e-01	6.138703e-01	4.751671e+00	1.000781e+00	9.181407e+00	7.004293e-01	2.455560e-01	2.149186e+00	8.328584e-01	1.043262e+00	7.063603e+01	1.432393e+02	2.994798e-01	4.990686e-02	9.057820e-14	
1  103.017	2.277033e+00	1.255625e-01	7.042896e-01	3.062536e+00	9.784137e-01	6.823926e-02	3.654373e-01	6.228151e-01	4.717194e+00	1.000053e+00	9.075838e+00	6.995686e-01	2.455559e-01	2.138094e+00	8.303773e-01	1.043020e+00	7.042472e+01	1.434857e+02	3.003292e-01	4.668488e-02	1.121644e-13	
5  102.701	2.260598e+00	1.263106e-01	6.962453e-01	3.062779e+00	9.750601e-01	6.974744e-02	3.694522e-01	6.219027e-01	4.703979e+00	9.981293e-01	9.271371e+00	6.913799e-01	2.454879e-01	2.138370e+00	8.311565e-01	1.041751e+00	6.962666e+01	1.434547e+02	3.085424e-01	4.716273e-02	9.845458e-14	
3  103.672	2.260598e+00	1.263106e-01	6.962453e-01	3.062779e+00	9.750601e-01	6.974744e-02	3.694522e-01	6.219027e-01	4.703979e+00	9.969335e-01	9.271371e+00	6.913799e-01	2.454879e-01	2.138370e+00	8.311565e-01	1.041751e+00	6.962666e+01	1.434547e+02	3.085424e-01	4.716273e-02	9.845458e-14	
7  103.998	2.275454e+00	1.244998e-01	7.073663e-01	3.068276e+00	9.785077e-01	7.654025e-02	3.547285e-01	6.386141e-01	4.665080e+00	9.950980e-01	9.822037e+00	7.043562e-01	2.455499e-01	2.150685e+00	8.297662e-01	1.043226e+00	7.073225e+01	1.438112e+02	2.955615e-01	4.541444e-02	3.362596e-14	
10  103.884	2.275454e+00	1.244998e-01	7.073663e-01	3.068276e+00	9.785077e-01	7.654025e-02	3.547285e-01	6.386141e-01	4.665080e+00	9.952680e-01	9.822037e+00	7.043562e-01	2.455499e-01	2.150685e+00	8.297662e-01	1.043226e+00	7.073225e+01	1.438112e+02	2.955615e-01	4.541444e-02	3.362596e-14	
6  103.741	2.275454e+00	1.244998e-01	7.073663e-01	3.068276e+00	9.785077e-01	7.654025e-02	3.547285e-01	6.386141e-01	4.665080e+00	9.955161e-01	9.822037e+00	7.043562e-01	2.455499e-01	2.150685e+00	8.297662e-01	1.043226e+00	7.073225e+01	1.438112e+02	2.955615e-01	4.541444e-02	3.362596e-14	
4  102.159	2.263046e+00	1.246110e-01	6.999530e-01	3.045764e+00	9.762458e-01	6.549628e-02	3.422567e-01	6.372343e-01	4.728512e+00	9.953524e-01	8.831598e+00	6.980982e-01	2.454979e-01	2.102282e+00	8.198346e-01	1.041951e+00	6.999866e+01	1.439716e+02	3.018369e-01	4.384615e-02	7.979386e-14	
9  102.198	2.263046e+00	1.246110e-01	6.999530e-01	3.045764e+00	9.762458e-01	6.549628e-02	3.422567e-01	6.372343e-01	4.728512e+00	9.952844e-01	8.831598e+00	6.980982e-01	2.454979e-01	2.102282e+00	8.198346e-01	1.041951e+00	6.999866e+01	1.439716e+02	3.018369e-01	4.384615e-02	7.979386e-14	
4  101.597	2.275503e+00	1.242081e-01	7.048773e-01	3.061682e+00	9.748618e-01	6.846267e-02	3.434428e-01	6.415360e-01	4.688001e+00	9.998045e-01	9.076285e+00	7.028856e-01	2.455500e-01	2.136386e+00	8.246328e-01	1.042592e+00	7.048457e+01	1.439322e+02	2.970801e-01	4.402884e-02	-2.059527e-15	
1  101.572	2.260704e+00	1.242804e-01	7.025612e-01	3.057193e+00	9.744963e-01	6.595662e-02	3.367079e-01	6.383843e-01	4.634105e+00	1.000313e+00	8.876935e+00	7.010614e-01	2.454884e-01	2.126811e+00	8.237094e-01	1.042623e+00	7.025320e+01	1.441027e+02	2.988872e-01	4.319949e-02	7.955357e-15	
6  101.536	2.261385e+00	1.245627e-01	7.014458e-01	3.055057e+00	9.737013e-01	6.598568e-02	3.340965e-01	6.293749e-01	4.677703e+00	9.989333e-01	8.882761e+00	6.995175e-01	2.454912e-01	2.122251e+00	8.235887e-01	1.042656e+00	7.014153e+01	1.440376e+02	3.004322e-01	4.287735e-02	1.353174e-14	
2  101.42	2.261385e+00	1.245627e-01	7.014458e-01	3.055057e+00	9.737013e-01	6.598568e-02	3.340965e-01	6.293749e-01	4.677703e+00	1.000654e+00	8.882761e+00	6.995175e-01	2.454912e-01	2.122251e+00	8.235887e-01	1.042656e+00	7.014153e+01	1.440376e+02	3.004322e-01	4.287735e-02	1.353174e-14	
8  101.072	2.269235e+00	1.242969e-01	7.048379e-01	3.055237e+00	9.747682e-01	6.682849e-02	3.609882e-01	6.230536e-01	4.701996e+00	1.000145e+00	8.940667e+00	7.028043e-01	2.455241e-01	2.122587e+00	8.216944e-01	1.042250e+00	7.048260e+01	1.438937e+02	2.971594e-01	4.616673e-02	-2.016723e-14	
1  101.349	2.269235e+00	1.242969e-01	7.048379e-01	3.055237e+00	9.747682e-01	6.682849e-02	3.609882e-01	6.230536e-01	4.701996e+00	9.991409e-01	8.940667e+00	7.028043e-01	2.455241e-01	2.122587e+00	8.216944e-01	1.042250e+00	7.048260e+01	1.438937e+02	2.971594e-01	4.616673e-02	-2.016723e-14	
4  101.547	2.270225e+00	1.244634e-01	7.076030e-01	3.050839e+00	9.738935e-01	6.276402e-02	3.806241e-01	6.032267e-01	4.749121e+00	1.000565e+00	8.554220e+00	7.047737e-01	2.455282e-01	2.113349e+00	8.198151e-01	1.042535e+00	7.075755e+01	1.437506e+02	2.951912e-01	4.856555e-02	-2.799165e-14	
7  101.812	2.269935e+00	1.237713e-01	7.071912e-01	3.049298e+00	9.772204e-01	6.293537e-02	3.710874e-01	6.088135e-01	4.804079e+00	1.000735e+00	8.557955e+00	7.058272e-01	2.455266e-01	2.109964e+00	8.177940e-01	1.042031e+00	7.071910e+01	1.439710e+02	2.941414e-01	4.737316e-02	-3.540367e-14	
1  101.627	2.257227e+00	1.240192e-01	6.990792e-01	3.038053e+00	9.781089e-01	5.766622e-02	3.099490e-01	5.969411e-01	4.828005e+00	1.000556e+00	8.066027e+00	6.986436e-01	2.454730e-01	2.086274e+00	8.168262e-01	1.042340e+00	6.991080e+01	1.443353e+02	3.012792e-01	3.988289e-02	5.980805e-14	
7  101.449	2.257886e+00	1.242062e-01	6.953747e-01	3.037683e+00	9.751491e-01	5.291174e-02	2.919576e-01	5.809442e-01	4.850399e+00	1.004245e+00	7.581944e+00	6.950208e-01	2.454757e-01	2.085595e+00	8.165196e-01	1.042043e+00	6.953695e+01	1.443680e+02	3.049217e-01	3.764934e-02	2.173465e-14	
10  101.478	2.257886e+00	1.242062e-01	6.953747e-01	3.037683e+00	9.751491e-01	5.291174e-02	2.919576e-01	5.809442e-01	4.850399e+00	1.004359e+00	7.581944e+00	6.950208e-01	2.454757e-01	2.085595e+00	8.165196e-01	1.042043e+00	6.953695e+01	1.443680e+02	3.049217e-01	3.764934e-02	2.173465e-14	
4  101.376	2.257886e+00	1.242062e-01	6.953747e-01	3.037683e+00	9.751491e-01	5.291174e-02	2.919576e-01	5.809442e-01	4.850399e+00	1.003538e+00	7.581944e+00	6.950208e-01	2.454757e-01	2.085595e+00	8.165196e-01	1.042043e+00	6.953695e+01	1.443680e+02	3.049217e-01	3.764934e-02	2.173465e-14	
1  103.187	2.262600e+00	1.253772e-01	6.945203e-01	3.023096e+00	9.754022e-01	4.364776e-02	3.304989e-01	5.691062e-01	4.842358e+00	1.003996e+00	6.589950e+00	6.916757e-01	2.454961e-01	2.055422e+00	8.127511e-01	1.041554e+00	6.944708e+01	1.438513e+02	3.082547e-01	4.241461e-02	-4.168917e-14	
2  101.997	2.282594e+00	1.254574e-01	6.955181e-01	3.029831e+00	9.729105e-01	4.762044e-02	2.994107e-01	5.772516e-01	4.896565e+00	1.002640e+00	6.986494e+00	6.920171e-01	2.455781e-01	2.069169e+00	8.158594e-01	1.042439e+00	6.954720e+01	1.437640e+02	3.078865e-01	3.859828e-02	4.917681e-14	
2  101.543	2.260781e+00	1.269581e-01	6.905272e-01	3.047074e+00	9.682169e-01	5.417091e-02	3.251847e-01	5.928021e-01	4.911854e+00	1.003061e+00	7.750116e+00	6.848634e-01	2.454883e-01	2.105240e+00	8.261108e-01	1.042216e+00	6.904328e+01	1.434991e+02	3.150702e-01	4.178029e-02	6.539784e-14	
1  101.933	2.263845e+00	1.282641e-01	6.889040e-01	3.048876e+00	9.626894e-01	5.657286e-02	3.385483e-01	5.825319e-01	4.996819e+00	9.997618e-01	8.013673e+00	6.805974e-01	2.455007e-01	2.108949e+00	8.289626e-01	1.042508e+00	6.887840e+01	1.430838e+02	3.193595e-01	4.342651e-02	6.876886e-14	
4  101.675	2.263845e+00	1.282641e-01	6.889040e-01	3.048876e+00	9.626894e-01	5.657286e-02	3.385483e-01	5.825319e-01	4.996819e+00	1.000843e+00	8.013673e+00	6.805974e-01	2.455007e-01	2.108949e+00	8.289626e-01	1.042508e+00	6.887840e+01	1.430838e+02	3.193595e-01	4.342651e-02	6.876886e-14	
2  101.832	2.260028e+00	1.269543e-01	6.917600e-01	3.042530e+00	9.672797e-01	5.445499e-02	3.606715e-01	5.634744e-01	4.929327e+00	1.001769e+00	7.781963e+00	6.860456e-01	2.454854e-01	2.095748e+00	8.222175e-01	1.041402e+00	6.916834e+01	1.433441e+02	3.138986e-01	4.609471e-02	6.905757e-15	
2  101.137	2.260322e+00	1.268684e-01	6.898414e-01	3.051403e+00	9.675076e-01	5.917016e-02	3.229186e-01	5.339629e-01	4.887274e+00	1.001609e+00	8.257535e+00	6.844736e-01	2.454863e-01	2.114332e+00	8.272749e-01	1.042013e+00	6.897674e+01	1.435355e+02	3.154764e-01	4.149839e-02	5.620010e-14	
3  102.414	2.258634e+00	1.264877e-01	6.930278e-01	3.053481e+00	9.644908e-01	5.959702e-02	3.087225e-01	5.204425e-01	4.863608e+00	1.002360e+00	8.302711e+00	6.881685e-01	2.454797e-01	2.118727e+00	8.274153e-01	1.043083e+00	6.929189e+01	1.437116e+02	3.117907e-01	3.969146e-02	8.852259e-14	
5  101.097	2.258185e+00	1.263191e-01	6.930328e-01	3.061800e+00	9.637189e-01	6.291240e-02	3.271932e-01	5.226077e-01	4.869123e+00	1.003246e+00	8.626271e+00	6.885614e-01	2.454782e-01	2.136583e+00	8.288457e-01	1.042309e+00	6.929621e+01	1.436702e+02	3.114157e-01	4.201076e-02	3.611334e-14	
3  101.891	2.265098e+00	1.257635e-01	7.009839e-01	3.068731e+00	9.662452e-01	6.944234e-02	3.556750e-01	5.124145e-01	4.805518e+00	1.001083e+00	9.226218e+00	6.965685e-01	2.455079e-01	2.151453e+00	8.302356e-01	1.042915e+00	7.008838e+01	1.436006e+02	3.034154e-01	4.549810e-02	2.123564e-14	
5  102.486	2.279860e+00	1.257352e-01	6.956467e-01	3.059550e+00	9.664923e-01	6.743638e-02	2.991583e-01	5.099825e-01	4.793713e+00	9.984217e-01	8.996439e+00	6.916789e-01	2.455676e-01	2.131779e+00	8.273641e-01	1.042831e+00	6.955639e+01	1.437173e+02	3.083100e-01	3.858532e-02	-3.820285e-15	
6  102.988	2.279573e+00	1.253455e-01	6.929897e-01	3.068911e+00	9.629644e-01	7.651350e-02	2.959295e-01	5.018917e-01	4.757972e+00	9.945447e-01	9.827971e+00	6.901643e-01	2.455668e-01	2.152079e+00	8.279801e-01	1.041785e+00	6.930083e+01	1.438308e+02	3.097783e-01	3.827184e-02	-7.477235e-14	
10  103.829	2.279573e+00	1.253455e-01	6.929897e-01	3.068911e+00	9.629644e-01	7.651350e-02	2.959295e-01	5.018917e-01	4.757972e+00	9.959394e-01	9.827971e+00	6.901643e-01	2.455668e-01	2.152079e+00	8.279801e-01	1.041785e+00	6.930083e+01	1.438308e+02	3.097783e-01	3.827184e-02	-7.477235e-14	
2  103.88	2.279573e+00	1.253455e-01	6.929897e-01	3.068911e+00	9.629644e-01	7.651350e-02	2.959295e-01	5.018917e-01	4.757972e+00	9.959983e-01	9.827971e+00	6.901643e-01	2.455668e-01	2.152079e+00	8.279801e-01	1.041785e+00	6.930083e+01	1.438308e+02	3.097783e-01	3.827184e-02	-7.477235e-14	
3  103.707	2.282061e+00	1.249902e-01	7.033913e-01	3.078834e+00	9.662674e-01	8.355072e-02	3.433083e-01	5.030289e-01	4.734105e+00	9.946941e-01	1.044361e+01	6.998554e-01	2.455785e-01	2.173715e+00	8.314319e-01	1.042775e+00	7.033043e+01	1.436702e+02	3.001509e-01	4.409707e-02	-1.178751e-13	
3  102.809	2.282672e+00	1.250281e-01	7.031233e-01	3.061781e+00	9.673870e-01	7.602539e-02	3.505366e-01	5.082595e-01	4.734405e+00	9.938395e-01	9.772975e+00	6.995795e-01	2.455807e-01	2.136830e+00	8.243995e-01	1.042481e+00	7.030904e+01	1.436179e+02	3.003981e-01	4.496405e-02	-1.051415e-13	
1  103.25	2.288482e+00	1.245086e-01	7.024474e-01	3.056751e+00	9.681032e-01	7.259068e-02	3.623827e-01	5.262901e-01	4.730333e+00	9.951483e-01	9.435202e+00	6.999606e-01	2.456047e-01	2.125773e+00	8.191637e-01	1.041212e+00	7.024834e+01	1.436316e+02	2.999187e-01	4.632934e-02	-3.165174e-14	
1  103.657	2.296735e+00	1.238808e-01	7.076281e-01	3.056769e+00	9.739135e-01	7.280454e-02	3.839273e-01	5.079013e-01	4.724220e+00	9.959091e-01	9.422045e+00	7.054228e-01	2.456391e-01	2.125614e+00	8.179335e-01	1.041115e+00	7.076663e+01	1.436012e+02	2.944766e-01	4.889583e-02	1.399852e-14	
10  103.8	2.296735e+00	1.238808e-01	7.076281e-01	3.056769e+00	9.739135e-01	7.280454e-02	3.839273e-01	5.079013e-01	4.724220e+00	9.974511e-01	9.422045e+00	7.054228e-01	2.456391e-01	2.125614e+00	8.179335e-01	1.041115e+00	7.076663e+01	1.436012e+02	2.944766e-01	4.889583e-02	1.399852e-14	
2  103.653	2.296735e+00	1.238808e-01	7.076281e-01	3.056769e+00	9.739135e-01	7.280454e-02	3.839273e-01	5.079013e-01	4.724220e+00	9.969311e-01	9.422045e+00	7.054228e-01	2.456391e-01	2.125614e+00	8.179335e-01	1.041115e+00	7.076663e+01	1.436012e+02	2.944766e-01	4.889583e-02	1.399852e-14	
5  102.303	2.291168e+00	1.237713e-01	7.197173e-01	3.033857e+00	9.716066e-01	6.066237e-02	4.255673e-01	5.148838e-01	4.741229e+00	9.976437e-01	8.295539e+00	7.155216e-01	2.456160e-01	2.077927e+00	8.083532e-01	1.043228e+00	7.197067e+01	1.434906e+02	2.844336e-01	5.401404e-02	-1.535347e-13	
3  102.952	2.305882e+00	1.233962e-01	7.214688e-01	3.036519e+00	9.696239e-01	6.333718e-02	4.186435e-01	5.136236e-01	4.728178e+00	9.962826e-01	8.514713e+00	7.173074e-01	2.456770e-01	2.083524e+00	8.071033e-01	1.043175e+00	7.214925e+01	1.434561e+02	2.826586e-01	5.320887e-02	-2.100119e-13	
1  102.996	2.305882e+00	1.233962e-01	7.214688e-01	3.036519e+00	9.696239e-01	6.333718e-02	4.186435e-01	5.136236e-01	4.728178e+00	9.965327e-01	8.514713e+00	7.173074e-01	2.456770e-01	2.083524e+00	8.071033e-01	1.043175e+00	7.214925e+01	1.434561e+02	2.826586e-01	5.320887e-02	-2.100119e-13	
1  102.897	2.308534e+00	1.238564e-01	7.213690e-01	3.053557e+00	9.710802e-01	6.862208e-02	4.246571e-01	5.292445e-01	4.683950e+00	9.990175e-01	9.012319e+00	7.163138e-01	2.456878e-01	2.119167e+00	8.158639e-01	1.043347e+00	7.213480e+01	1.432885e+02	2.836649e-01	5.390602e-02	-1.361292e-13	
1  103.308	2.297888e+00	1.235294e-01	7.236120e-01	3.053380e+00	9.695969e-01	6.956816e-02	4.868127e-01	5.262317e-01	4.721060e+00	9.985714e-01	9.121238e+00	7.189221e-01	2.456446e-01	2.118592e+00	8.115728e-01	1.041869e+00	7.236610e+01	1.431947e+02	2.809672e-01	6.130276e-02	-1.056083e-13	
1  104.562	2.310115e+00	1.244490e-01	7.263443e-01	3.055841e+00	9.671917e-01	6.826940e-02	4.740743e-01	5.177990e-01	4.738080e+00	9.993760e-01	8.988649e+00	7.189588e-01	2.456952e-01	2.123729e+00	8.163117e-01	1.043677e+00	7.263526e+01	1.429011e+02	2.809870e-01	5.975725e-02	-6.353930e-14	
1  104.848	2.317555e+00	1.229192e-01	7.241940e-01	3.072479e+00	9.689846e-01	7.816489e-02	4.694126e-01	5.325631e-01	4.732459e+00	9.995204e-01	9.829613e+00	7.201281e-01	2.457262e-01	2.159433e+00	8.164228e-01	1.041454e+00	7.243089e+01	1.432195e+02	2.797028e-01	5.923720e-02	-6.154068e-14	
1  106.435	2.307031e+00	1.231740e-01	7.274417e-01	3.087711e+00	9.664557e-01	8.386203e-02	4.418643e-01	5.499495e-01	4.849290e+00	1.001031e+00	1.035881e+01	7.221724e-01	2.456844e-01	2.192204e+00	8.259000e-01	1.043837e+00	7.273570e+01	1.434018e+02	2.777976e-01	5.593985e-02	5.412847e-14	
3  105.006	2.308738e+00	1.217922e-01	7.289838e-01	3.083646e+00	9.684331e-01	8.365533e-02	4.273701e-01	5.473158e-01	4.872910e+00	1.000972e+00	1.030299e+01	7.259511e-01	2.456910e-01	2.183448e+00	8.199232e-01	1.043288e+00	7.289747e+01	1.437906e+02	2.739834e-01	5.429274e-02	-1.256689e-14	
1  105.709	2.321713e+00	1.210619e-01	7.277341e-01	3.077536e+00	9.722718e-01	8.092297e-02	4.424300e-01	5.464792e-01	4.877590e+00	1.001458e+00	1.001780e+01	7.262853e-01	2.457430e-01	2.170110e+00	8.135074e-01	1.041314e+00	7.278686e+01	1.437657e+02	2.735279e-01	5.598168e-02	-1.624227e-14	
1  105.603	2.321713e+00	1.210619e-01	7.277341e-01	3.077536e+00	9.722718e-01	8.092297e-02	4.424300e-01	5.464792e-01	4.877590e+00	1.002112e+00	1.001780e+01	7.262853e-01	2.457430e-01	2.170110e+00	8.135074e-01	1.041314e+00	7.278686e+01	1.437657e+02	2.735279e-01	5.598168e-02	-1.624227e-14	
4  103.03	2.317545e+00	1.210073e-01	7.316235e-01	3.063995e+00	9.763882e-01	7.822800e-02	4.366187e-01	5.589430e-01	4.827566e+00	9.989308e-01	9.797708e+00	7.293625e-01	2.457255e-01	2.141310e+00	8.105627e-01	1.042668e+00	7.316402e+01	1.438387e+02	2.705872e-01	5.542626e-02	-2.002560e-13	
5  104.01	2.331743e+00	1.206526e-01	7.312062e-01	3.074747e+00	9.758606e-01	8.416687e-02	4.257356e-01	5.636832e-01	4.841402e+00	9.983836e-01	1.026601e+01	7.294237e-01	2.457843e-01	2.164377e+00	8.128264e-01	1.042162e+00	7.312805e+01	1.438277e+02	2.705064e-01	5.414025e-02	-1.407782e-13	
2  103.99	2.331743e+00	1.206526e-01	7.312062e-01	3.074747e+00	9.758606e-01	8.416687e-02	4.257356e-01	5.636832e-01	4.841402e+00	9.982929e-01	1.026601e+01	7.294237e-01	2.457843e-01	2.164377e+00	8.128264e-01	1.042162e+00	7.312805e+01	1.438277e+02	2.705064e-01	5.414025e-02	-1.407782e-13	
3  105.504	2.335930e+00	1.192874e-01	7.363311e-01	3.084918e+00	9.785609e-01	8.811308e-02	4.345886e-01	5.500846e-01	4.784162e+00	1.000895e+00	1.055513e+01	7.356291e-01	2.458009e-01	2.186016e+00	8.120652e-01	1.041759e+00	7.364347e+01	1.440900e+02	2.642412e-01	5.513099e-02	-2.655126e-14	
15  104.311	2.334637e+00	1.197921e-01	7.343094e-01	3.089435e+00	9.800651e-01	9.121322e-02	4.225643e-01	5.383267e-01	4.825696e+00	9.997449e-01	1.083110e+01	7.332630e-01	2.457957e-01	2.196210e+00	8.169882e-01	1.042161e+00	7.343607e+01	1.440311e+02	2.666799e-01	5.375961e-02	-6.207414e-14	
3  104.312	2.334637e+00	1.197921e-01	7.343094e-01	3.089435e+00	9.800651e-01	9.121322e-02	4.225643e-01	5.383267e-01	4.825696e+00	9.985693e-01	1.083110e+01	7.332630e-01	2.457957e-01	2.196210e+00	8.169882e-01	1.042161e+00	7.343607e+01	1.440311e+02	2.666799e-01	5.375961e-02	-6.207414e-14	
4  105.123	2.347053e+00	1.204760e-01	7.343430e-01	3.094278e+00	9.781211e-01	9.262967e-02	4.389472e-01	5.506174e-01	4.768126e+00	9.982714e-01	1.092966e+01	7.317578e-01	2.458470e-01	2.206934e+00	8.196986e-01	1.042007e+00	7.344486e+01	1.436520e+02	2.681817e-01	5.573702e-02	-3.361516e-15	
3  104.034	2.327880e+00	1.206519e-01	7.259494e-01	3.083858e+00	9.775716e-01	8.815269e-02	3.944636e-01	5.605709e-01	4.725068e+00	9.978667e-01	1.061446e+01	7.255969e-01	2.457683e-01	2.184179e+00	8.179435e-01	1.041821e+00	7.260216e+01	1.440213e+02	2.743362e-01	5.034935e-02	-5.876795e-14	
2  104.255	2.327880e+00	1.206519e-01	7.259494e-01	3.083858e+00	9.775716e-01	8.815269e-02	3.944636e-01	5.605709e-01	4.725068e+00	9.988739e-01	1.061446e+01	7.255969e-01	2.457683e-01	2.184179e+00	8.179435e-01	1.041821e+00	7.260216e+01	1.440213e+02	2.743362e-01	5.034935e-02	-5.876795e-14	
4  103.999	2.306262e+00	1.217021e-01	7.236541e-01	3.077698e+00	9.729327e-01	8.187523e-02	3.845089e-01	5.621636e-01	4.730528e+00	1.000824e+00	1.015654e+01	7.222295e-01	2.456795e-01	2.170927e+00	8.199570e-01	1.043184e+00	7.236028e+01	1.440343e+02	2.777532e-01	4.913028e-02	-1.299402e-13	
5  104.043	2.308211e+00	1.203265e-01	7.260369e-01	3.080235e+00	9.760549e-01	8.539321e-02	4.015579e-01	5.468056e-01	4.812097e+00	1.000457e+00	1.042529e+01	7.266635e-01	2.456874e-01	2.176021e+00	8.153650e-01	1.041794e+00	7.260576e+01	1.442824e+02	2.732207e-01	5.115743e-02	-8.275639e-14	
9  103.851	2.308454e+00	1.198447e-01	7.319154e-01	3.085787e+00	9.778998e-01	8.789313e-02	4.169527e-01	5.598621e-01	4.818767e+00	1.001364e+00	1.062386e+01	7.319179e-01	2.456882e-01	2.188126e+00	8.164677e-01	1.042432e+00	7.318850e+01	1.443272e+02	2.679917e-01	5.307575e-02	-9.382498e-14	
1  104.215	2.308454e+00	1.198447e-01	7.319154e-01	3.085787e+00	9.778998e-01	8.789313e-02	4.169527e-01	5.598621e-01	4.818767e+00	1.002237e+00	1.062386e+01	7.319179e-01	2.456882e-01	2.188126e+00	8.164677e-01	1.042432e+00	7.318850e+01	1.443272e+02	2.679917e-01	5.307575e-02	-9.382498e-14	
2  105.726	2.313745e+00	1.194764e-01	7.385785e-01	3.075129e+00	9.808514e-01	8.503537e-02	4.222576e-01	5.496151e-01	4.799344e+00	1.000509e+00	1.035676e+01	7.372456e-01	2.457096e-01	2.165300e+00	8.122439e-01	1.043607e+00	7.384699e+01	1.443337e+02	2.626658e-01	5.372294e-02	-2.167353e-13	
1  103.879	2.306363e+00	1.200376e-01	7.308207e-01	3.048399e+00	9.792619e-01	7.266036e-02	4.317323e-01	5.333549e-01	4.799764e+00	9.990915e-01	9.316159e+00	7.308367e-01	2.456788e-01	2.107840e+00	8.017451e-01	1.041882e+00	7.308109e+01	1.442258e+02	2.690668e-01	5.474475e-02	-1.982396e-13	
4  103.729	2.308284e+00	1.201814e-01	7.334833e-01	3.041646e+00	9.782226e-01	7.107379e-02	4.332951e-01	5.247945e-01	4.775553e+00	9.971834e-01	9.169827e+00	7.324226e-01	2.456872e-01	2.094069e+00	7.997424e-01	1.042686e+00	7.334504e+01	1.441587e+02	2.674911e-01	5.501329e-02	-2.862815e-13	
14  103.902	2.301906e+00	1.209766e-01	7.278316e-01	3.029071e+00	9.726890e-01	6.395112e-02	4.355371e-01	4.931671e-01	4.800478e+00	9.968052e-01	8.544159e+00	7.268695e-01	2.456612e-01	2.067791e+00	7.954979e-01	1.042020e+00	7.278320e+01	1.440195e+02	2.730073e-01	5.522562e-02	-2.081540e-13	
11  103.199	2.297481e+00	1.214499e-01	7.225340e-01	3.026006e+00	9.748858e-01	6.161262e-02	4.129378e-01	4.970968e-01	4.794154e+00	9.973310e-01	8.338002e+00	7.220854e-01	2.456422e-01	2.061426e+00	7.973369e-01	1.041882e+00	7.225191e+01	1.440544e+02	2.778461e-01	5.248916e-02	-1.756541e-13	
3  103.354	2.310287e+00	1.212428e-01	7.277850e-01	3.030019e+00	9.747479e-01	6.498765e-02	4.276074e-01	5.170309e-01	4.815077e+00	9.959694e-01	8.626595e+00	7.261921e-01	2.456954e-01	2.069933e+00	7.975832e-01	1.042323e+00	7.277958e+01	1.438973e+02	2.737402e-01	5.431218e-02	-2.480384e-13	
4  103.957	2.311232e+00	1.196245e-01	7.344612e-01	3.021069e+00	9.799121e-01	6.079671e-02	4.173184e-01	5.314960e-01	4.846391e+00	9.978556e-01	8.197671e+00	7.341536e-01	2.456978e-01	2.051635e+00	7.906029e-01	1.042835e+00	7.344453e+01	1.443462e+02	2.657803e-01	5.307083e-02	-2.948128e-13	
1  104.009	2.311232e+00	1.196245e-01	7.344612e-01	3.021069e+00	9.799121e-01	6.079671e-02	4.173184e-01	5.314960e-01	4.846391e+00	9.979372e-01	8.197671e+00	7.341536e-01	2.456978e-01	2.051635e+00	7.906029e-01	1.042835e+00	7.344453e+01	1.443462e+02	2.657803e-01	5.307083e-02	-2.948128e-13	
5  104.337	2.323165e+00	1.190234e-01	7.341136e-01	3.036952e+00	9.832641e-01	6.814240e-02	3.914413e-01	5.488842e-01	4.804306e+00	9.990824e-01	8.845889e+00	7.348225e-01	2.457462e-01	2.084327e+00	7.959312e-01	1.042650e+00	7.341501e+01	1.444896e+02	2.651439e-01	4.993631e-02	-2.696052e-13	
4  105.503	2.327722e+00	1.180477e-01	7.377591e-01	3.044602e+00	9.880812e-01	7.593858e-02	4.000679e-01	5.504677e-01	4.808185e+00	9.967943e-01	9.516680e+00	7.391089e-01	2.457653e-01	2.099964e+00	7.961650e-01	1.042221e+00	7.377767e+01	1.446455e+02	2.608324e-01	5.095279e-02	-2.372596e-13	
1  104.857	2.327722e+00	1.180477e-01	7.377591e-01	3.044602e+00	9.880812e-01	7.593858e-02	4.000679e-01	5.504677e-01	4.808185e+00	9.953375e-01	9.516680e+00	7.391089e-01	2.457653e-01	2.099964e+00	7.961650e-01	1.042221e+00	7.377767e+01	1.446455e+02	2.608324e-01	5.095279e-02	-2.372596e-13	
1  104.753	2.313988e+00	1.179317e-01	7.389728e-01	3.028122e+00	9.871554e-01	6.846920e-02	4.019106e-01	5.904582e-01	4.819481e+00	9.950477e-01	8.878045e+00	7.404178e-01	2.457087e-01	2.065995e+00	7.898440e-01	1.042749e+00	7.389095e+01	1.448149e+02	2.594864e-01	5.119829e-02	-3.480937e-13	
