11  140.415	2.412455e+00	1.179154e-01	7.856243e-01	3.006434e+00	1.016464e+00	6.469290e-02	6.054337e-01	2.716295e-02	3.751222e+00	4.870398e+00	9.875279e-01	8.512599e+00	7.670293e-01	2.461695e-01	2.018598e+00	7.591271e-01	1.047145e+00	7.866756e+01	1.428138e+02	2.365815e-01	7.523221e-02	5.499349e+02	
11  139.302	2.412455e+00	1.179154e-01	7.856243e-01	3.006434e+00	1.016464e+00	6.469290e-02	6.054337e-01	2.716295e-02	3.751222e+00	4.870398e+00	9.857815e-01	8.512599e+00	7.670293e-01	2.461695e-01	2.018598e+00	7.591271e-01	1.047145e+00	7.866756e+01	1.428138e+02	2.365815e-01	7.523221e-02	5.499349e+02	
22  139.358	2.412455e+00	1.179154e-01	7.856243e-01	3.006434e+00	1.016464e+00	6.469290e-02	6.054337e-01	2.716295e-02	3.751222e+00	4.870398e+00	9.859422e-01	8.512599e+00	7.670293e-01	2.461695e-01	2.018598e+00	7.591271e-01	1.047145e+00	7.866756e+01	1.428138e+02	2.365815e-01	7.523221e-02	5.499349e+02	
11  139.163	2.412455e+00	1.179154e-01	7.856243e-01	3.006434e+00	1.016464e+00	6.469290e-02	6.054337e-01	2.716295e-02	3.751222e+00	4.870398e+00	9.848647e-01	8.512599e+00	7.670293e-01	2.461695e-01	2.018598e+00	7.591271e-01	1.047145e+00	7.866756e+01	1.428138e+02	2.365815e-01	7.523221e-02	5.499349e+02	
33  139.165	2.412455e+00	1.179154e-01	7.856243e-01	3.006434e+00	1.016464e+00	6.469290e-02	6.054337e-01	2.716295e-02	3.751222e+00	4.870398e+00	9.848115e-01	8.512599e+00	7.670293e-01	2.461695e-01	2.018598e+00	7.591271e-01	1.047145e+00	7.866756e+01	1.428138e+02	2.365815e-01	7.523221e-02	5.499349e+02	
22  139.179	2.412455e+00	1.179154e-01	7.856243e-01	3.006434e+00	1.016464e+00	6.469290e-02	6.054337e-01	2.716295e-02	3.751222e+00	4.870398e+00	9.852063e-01	8.512599e+00	7.670293e-01	2.461695e-01	2.018598e+00	7.591271e-01	1.047145e+00	7.866756e+01	1.428138e+02	2.365815e-01	7.523221e-02	5.499349e+02	
11  139.413	2.412455e+00	1.179154e-01	7.856243e-01	3.006434e+00	1.016464e+00	6.469290e-02	6.054337e-01	2.716295e-02	3.751222e+00	4.870398e+00	9.860789e-01	8.512599e+00	7.670293e-01	2.461695e-01	2.018598e+00	7.591271e-01	1.047145e+00	7.866756e+01	1.428138e+02	2.365815e-01	7.523221e-02	5.499349e+02	
22  140.87	2.412455e+00	1.179154e-01	7.856243e-01	3.006434e+00	1.016464e+00	6.469290e-02	6.054337e-01	2.716295e-02	3.751222e+00	4.870398e+00	9.879666e-01	8.512599e+00	7.670293e-01	2.461695e-01	2.018598e+00	7.591271e-01	1.047145e+00	7.866756e+01	1.428138e+02	2.365815e-01	7.523221e-02	5.499349e+02	
11  139.966	2.412455e+00	1.179154e-01	7.856243e-01	3.006434e+00	1.016464e+00	6.469290e-02	6.054337e-01	2.716295e-02	3.751222e+00	4.870398e+00	9.870060e-01	8.512599e+00	7.670293e-01	2.461695e-01	2.018598e+00	7.591271e-01	1.047145e+00	7.866756e+01	1.428138e+02	2.365815e-01	7.523221e-02	5.499349e+02	
22  139.201	2.412455e+00	1.179154e-01	7.856243e-01	3.006434e+00	1.016464e+00	6.469290e-02	6.054337e-01	2.716295e-02	3.751222e+00	4.870398e+00	9.844667e-01	8.512599e+00	7.670293e-01	2.461695e-01	2.018598e+00	7.591271e-01	1.047145e+00	7.866756e+01	1.428138e+02	2.365815e-01	7.523221e-02	5.499349e+02	
11  139.588	2.412455e+00	1.179154e-01	7.856243e-01	3.006434e+00	1.016464e+00	6.469290e-02	6.054337e-01	2.716295e-02	3.751222e+00	4.870398e+00	9.834168e-01	8.512599e+00	7.670293e-01	2.461695e-01	2.018598e+00	7.591271e-01	1.047145e+00	7.866756e+01	1.428138e+02	2.365815e-01	7.523221e-02	5.499349e+02	
11  139.174	2.412455e+00	1.179154e-01	7.856243e-01	3.006434e+00	1.016464e+00	6.469290e-02	6.054337e-01	2.716295e-02	3.751222e+00	4.870398e+00	9.846702e-01	8.512599e+00	7.670293e-01	2.461695e-01	2.018598e+00	7.591271e-01	1.047145e+00	7.866756e+01	1.428138e+02	2.365815e-01	7.523221e-02	5.499349e+02	
22  139.969	2.412455e+00	1.179154e-01	7.856243e-01	3.006434e+00	1.016464e+00	6.469290e-02	6.054337e-01	2.716295e-02	3.751222e+00	4.870398e+00	9.828514e-01	8.512599e+00	7.670293e-01	2.461695e-01	2.018598e+00	7.591271e-01	1.047145e+00	7.866756e+01	1.428138e+02	2.365815e-01	7.523221e-02	5.499349e+02	
11  140.143	2.412455e+00	1.179154e-01	7.856243e-01	3.006434e+00	1.016464e+00	6.469290e-02	6.054337e-01	2.716295e-02	3.751222e+00	4.870398e+00	9.826377e-01	8.512599e+00	7.670293e-01	2.461695e-01	2.018598e+00	7.591271e-01	1.047145e+00	7.866756e+01	1.428138e+02	2.365815e-01	7.523221e-02	5.499349e+02	
29  140.261	2.412455e+00	1.179154e-01	7.856243e-01	3.006434e+00	1.016464e+00	6.469290e-02	6.054337e-01	2.716295e-02	3.751222e+00	4.870398e+00	9.825037e-01	8.512599e+00	7.670293e-01	2.461695e-01	2.018598e+00	7.591271e-01	1.047145e+00	7.866756e+01	1.428138e+02	2.365815e-01	7.523221e-02	5.499349e+02	
4  140.878	2.405045e+00	1.186887e-01	7.806925e-01	3.004935e+00	1.015215e+00	6.496913e-02	5.821901e-01	2.633003e-02	3.801031e+00	4.892753e+00	9.808305e-01	8.580627e+00	7.628478e-01	2.461322e-01	2.015475e+00	7.637900e-01	1.047611e+00	7.818159e+01	1.428353e+02	2.407921e-01	7.266808e-02	6.168553e+02	
22  140.61	2.405045e+00	1.186887e-01	7.806925e-01	3.004935e+00	1.015215e+00	6.496913e-02	5.821901e-01	2.633003e-02	3.801031e+00	4.892753e+00	9.813073e-01	8.580627e+00	7.628478e-01	2.461322e-01	2.015475e+00	7.637900e-01	1.047611e+00	7.818159e+01	1.428353e+02	2.407921e-01	7.266808e-02	6.168553e+02	
11  140.509	2.405045e+00	1.186887e-01	7.806925e-01	3.004935e+00	1.015215e+00	6.496913e-02	5.821901e-01	2.633003e-02	3.801031e+00	4.892753e+00	9.815392e-01	8.580627e+00	7.628478e-01	2.461322e-01	2.015475e+00	7.637900e-01	1.047611e+00	7.818159e+01	1.428353e+02	2.407921e-01	7.266808e-02	6.168553e+02	
11  140.9	2.405045e+00	1.186887e-01	7.806925e-01	3.004935e+00	1.015215e+00	6.496913e-02	5.821901e-01	2.633003e-02	3.801031e+00	4.892753e+00	9.807971e-01	8.580627e+00	7.628478e-01	2.461322e-01	2.015475e+00	7.637900e-01	1.047611e+00	7.818159e+01	1.428353e+02	2.407921e-01	7.266808e-02	6.168553e+02	
11  140.33	2.405045e+00	1.186887e-01	7.806925e-01	3.004935e+00	1.015215e+00	6.496913e-02	5.821901e-01	2.633003e-02	3.801031e+00	4.892753e+00	9.822228e-01	8.580627e+00	7.628478e-01	2.461322e-01	2.015475e+00	7.637900e-01	1.047611e+00	7.818159e+01	1.428353e+02	2.407921e-01	7.266808e-02	6.168553e+02	
11  140.371	2.405045e+00	1.186887e-01	7.806925e-01	3.004935e+00	1.015215e+00	6.496913e-02	5.821901e-01	2.633003e-02	3.801031e+00	4.892753e+00	9.831735e-01	8.580627e+00	7.628478e-01	2.461322e-01	2.015475e+00	7.637900e-01	1.047611e+00	7.818159e+01	1.428353e+02	2.407921e-01	7.266808e-02	6.168553e+02	
11  140.416	2.405045e+00	1.186887e-01	7.806925e-01	3.004935e+00	1.015215e+00	6.496913e-02	5.821901e-01	2.633003e-02	3.801031e+00	4.892753e+00	9.833507e-01	8.580627e+00	7.628478e-01	2.461322e-01	2.015475e+00	7.637900e-01	1.047611e+00	7.818159e+01	1.428353e+02	2.407921e-01	7.266808e-02	6.168553e+02	
11  140.349	2.405045e+00	1.186887e-01	7.806925e-01	3.004935e+00	1.015215e+00	6.496913e-02	5.821901e-01	2.633003e-02	3.801031e+00	4.892753e+00	9.830675e-01	8.580627e+00	7.628478e-01	2.461322e-01	2.015475e+00	7.637900e-01	1.047611e+00	7.818159e+01	1.428353e+02	2.407921e-01	7.266808e-02	6.168553e+02	
22  141.767	2.405045e+00	1.186887e-01	7.806925e-01	3.004935e+00	1.015215e+00	6.496913e-02	5.821901e-01	2.633003e-02	3.801031e+00	4.892753e+00	9.853881e-01	8.580627e+00	7.628478e-01	2.461322e-01	2.015475e+00	7.637900e-01	1.047611e+00	7.818159e+01	1.428353e+02	2.407921e-01	7.266808e-02	6.168553e+02	
22  142.361	2.405045e+00	1.186887e-01	7.806925e-01	3.004935e+00	1.015215e+00	6.496913e-02	5.821901e-01	2.633003e-02	3.801031e+00	4.892753e+00	9.859130e-01	8.580627e+00	7.628478e-01	2.461322e-01	2.015475e+00	7.637900e-01	1.047611e+00	7.818159e+01	1.428353e+02	2.407921e-01	7.266808e-02	6.168553e+02	
11  142.328	2.405045e+00	1.186887e-01	7.806925e-01	3.004935e+00	1.015215e+00	6.496913e-02	5.821901e-01	2.633003e-02	3.801031e+00	4.892753e+00	9.858858e-01	8.580627e+00	7.628478e-01	2.461322e-01	2.015475e+00	7.637900e-01	1.047611e+00	7.818159e+01	1.428353e+02	2.407921e-01	7.266808e-02	6.168553e+02	
22  141.601	2.405045e+00	1.186887e-01	7.806925e-01	3.004935e+00	1.015215e+00	6.496913e-02	5.821901e-01	2.633003e-02	3.801031e+00	4.892753e+00	9.852225e-01	8.580627e+00	7.628478e-01	2.461322e-01	2.015475e+00	7.637900e-01	1.047611e+00	7.818159e+01	1.428353e+02	2.407921e-01	7.266808e-02	6.168553e+02	
22  142.25	2.405045e+00	1.186887e-01	7.806925e-01	3.004935e+00	1.015215e+00	6.496913e-02	5.821901e-01	2.633003e-02	3.801031e+00	4.892753e+00	9.858212e-01	8.580627e+00	7.628478e-01	2.461322e-01	2.015475e+00	7.637900e-01	1.047611e+00	7.818159e+01	1.428353e+02	2.407921e-01	7.266808e-02	6.168553e+02	
22  140.311	2.405045e+00	1.186887e-01	7.806925e-01	3.004935e+00	1.015215e+00	6.496913e-02	5.821901e-01	2.633003e-02	3.801031e+00	4.892753e+00	9.824283e-01	8.580627e+00	7.628478e-01	2.461322e-01	2.015475e+00	7.637900e-01	1.047611e+00	7.818159e+01	1.428353e+02	2.407921e-01	7.266808e-02	6.168553e+02	
11  140.56	2.405045e+00	1.186887e-01	7.806925e-01	3.004935e+00	1.015215e+00	6.496913e-02	5.821901e-01	2.633003e-02	3.801031e+00	4.892753e+00	9.837488e-01	8.580627e+00	7.628478e-01	2.461322e-01	2.015475e+00	7.637900e-01	1.047611e+00	7.818159e+01	1.428353e+02	2.407921e-01	7.266808e-02	6.168553e+02	
11  140.58	2.405045e+00	1.186887e-01	7.806925e-01	3.004935e+00	1.015215e+00	6.496913e-02	5.821901e-01	2.633003e-02	3.801031e+00	4.892753e+00	9.837949e-01	8.580627e+00	7.628478e-01	2.461322e-01	2.015475e+00	7.637900e-01	1.047611e+00	7.818159e+01	1.428353e+02	2.407921e-01	7.266808e-02	6.168553e+02	
11  141.444	2.405045e+00	1.186887e-01	7.806925e-01	3.004935e+00	1.015215e+00	6.496913e-02	5.821901e-01	2.633003e-02	3.801031e+00	4.892753e+00	9.850566e-01	8.580627e+00	7.628478e-01	2.461322e-01	2.015475e+00	7.637900e-01	1.047611e+00	7.818159e+01	1.428353e+02	2.407921e-01	7.266808e-02	6.168553e+02	
6  141.468	2.405045e+00	1.186887e-01	7.806925e-01	3.004935e+00	1.015215e+00	6.496913e-02	5.821901e-01	2.633003e-02	3.801031e+00	4.892753e+00	9.850832e-01	8.580627e+00	7.628478e-01	2.461322e-01	2.015475e+00	7.637900e-01	1.047611e+00	7.818159e+01	1.428353e+02	2.407921e-01	7.266808e-02	6.168553e+02	
5  142.658	2.414731e+00	1.189435e-01	7.857956e-01	3.008642e+00	1.017601e+00	6.581428e-02	6.125283e-01	2.603146e-02	3.736672e+00	4.873927e+00	9.856786e-01	8.625971e+00	7.654096e-01	2.461799e-01	2.023914e+00	7.657909e-01	1.047997e+00	7.869477e+01	1.425032e+02	2.381499e-01	7.605079e-02	5.191290e+02	
22  142.16	2.414731e+00	1.189435e-01	7.857956e-01	3.008642e+00	1.017601e+00	6.581428e-02	6.125283e-01	2.603146e-02	3.736672e+00	4.873927e+00	9.842940e-01	8.625971e+00	7.654096e-01	2.461799e-01	2.023914e+00	7.657909e-01	1.047997e+00	7.869477e+01	1.425032e+02	2.381499e-01	7.605079e-02	5.191290e+02	
11  142.667	2.414731e+00	1.189435e-01	7.857956e-01	3.008642e+00	1.017601e+00	6.581428e-02	6.125283e-01	2.603146e-02	3.736672e+00	4.873927e+00	9.856922e-01	8.625971e+00	7.654096e-01	2.461799e-01	2.023914e+00	7.657909e-01	1.047997e+00	7.869477e+01	1.425032e+02	2.381499e-01	7.605079e-02	5.191290e+02	
11  142.488	2.414731e+00	1.189435e-01	7.857956e-01	3.008642e+00	1.017601e+00	6.581428e-02	6.125283e-01	2.603146e-02	3.736672e+00	4.873927e+00	9.853760e-01	8.625971e+00	7.654096e-01	2.461799e-01	2.023914e+00	7.657909e-01	1.047997e+00	7.869477e+01	1.425032e+02	2.381499e-01	7.605079e-02	5.191290e+02	
3  142.153	2.414731e+00	1.189435e-01	7.857956e-01	3.008642e+00	1.017601e+00	6.581428e-02	6.125283e-01	2.603146e-02	3.736672e+00	4.873927e+00	9.842244e-01	8.625971e+00	7.654096e-01	2.461799e-01	2.023914e+00	7.657909e-01	1.047997e+00	7.869477e+01	1.425032e+02	2.381499e-01	7.605079e-02	5.191290e+02	
8  141.775	2.424998e+00	1.181766e-01	7.874702e-01	3.008750e+00	1.022441e+00	6.639505e-02	6.012055e-01	2.387038e-02	3.712742e+00	4.925592e+00	9.847093e-01	8.639986e+00	7.675157e-01	2.462250e-01	2.024283e+00	7.659402e-01	1.047735e+00	7.883784e+01	1.426385e+02	2.363564e-01	7.470198e-02	4.878530e+02	
11  141.769	2.424998e+00	1.181766e-01	7.874702e-01	3.008750e+00	1.022441e+00	6.639505e-02	6.012055e-01	2.387038e-02	3.712742e+00	4.925592e+00	9.843929e-01	8.639986e+00	7.675157e-01	2.462250e-01	2.024283e+00	7.659402e-01	1.047735e+00	7.883784e+01	1.426385e+02	2.363564e-01	7.470198e-02	4.878530e+02	
9  141.911	2.424998e+00	1.181766e-01	7.874702e-01	3.008750e+00	1.022441e+00	6.639505e-02	6.012055e-01	2.387038e-02	3.712742e+00	4.925592e+00	9.853842e-01	8.639986e+00	7.675157e-01	2.462250e-01	2.024283e+00	7.659402e-01	1.047735e+00	7.883784e+01	1.426385e+02	2.363564e-01	7.470198e-02	4.878530e+02	
24  142.338	2.434717e+00	1.171528e-01	7.863837e-01	3.015551e+00	1.022257e+00	6.836587e-02	5.716274e-01	2.249813e-02	3.697133e+00	4.898621e+00	9.875083e-01	8.774958e+00	7.682484e-01	2.462630e-01	2.037301e+00	7.655980e-01	1.047058e+00	7.871716e+01	1.429295e+02	2.358126e-01	7.134810e-02	4.834447e+02	
3  142.174	2.434717e+00	1.171528e-01	7.863837e-01	3.015551e+00	1.022257e+00	6.836587e-02	5.716274e-01	2.249813e-02	3.697133e+00	4.898621e+00	9.871857e-01	8.774958e+00	7.682484e-01	2.462630e-01	2.037301e+00	7.655980e-01	1.047058e+00	7.871716e+01	1.429295e+02	2.358126e-01	7.134810e-02	4.834447e+02	
8  141.057	2.438553e+00	1.178243e-01	7.821494e-01	3.024067e+00	1.020182e+00	6.929396e-02	5.687005e-01	2.027330e-02	3.659570e+00	5.200148e+00	9.892157e-01	8.852353e+00	7.645448e-01	2.462813e-01	2.055153e+00	7.720609e-01	1.046643e+00	7.831948e+01	1.427383e+02	2.396763e-01	7.112049e-02	3.943190e+02	
11  142.368	2.438553e+00	1.178243e-01	7.821494e-01	3.024067e+00	1.020182e+00	6.929396e-02	5.687005e-01	2.027330e-02	3.659570e+00	5.200148e+00	9.910385e-01	8.852353e+00	7.645448e-01	2.462813e-01	2.055153e+00	7.720609e-01	1.046643e+00	7.831948e+01	1.427383e+02	2.396763e-01	7.112049e-02	3.943190e+02	
11  141.429	2.438553e+00	1.178243e-01	7.821494e-01	3.024067e+00	1.020182e+00	6.929396e-02	5.687005e-01	2.027330e-02	3.659570e+00	5.200148e+00	9.899329e-01	8.852353e+00	7.645448e-01	2.462813e-01	2.055153e+00	7.720609e-01	1.046643e+00	7.831948e+01	1.427383e+02	2.396763e-01	7.112049e-02	3.943190e+02	
33  141.441	2.438553e+00	1.178243e-01	7.821494e-01	3.024067e+00	1.020182e+00	6.929396e-02	5.687005e-01	2.027330e-02	3.659570e+00	5.200148e+00	9.899500e-01	8.852353e+00	7.645448e-01	2.462813e-01	2.055153e+00	7.720609e-01	1.046643e+00	7.831948e+01	1.427383e+02	2.396763e-01	7.112049e-02	3.943190e+02	
22  141.158	2.438553e+00	1.178243e-01	7.821494e-01	3.024067e+00	1.020182e+00	6.929396e-02	5.687005e-01	2.027330e-02	3.659570e+00	5.200148e+00	9.894489e-01	8.852353e+00	7.645448e-01	2.462813e-01	2.055153e+00	7.720609e-01	1.046643e+00	7.831948e+01	1.427383e+02	2.396763e-01	7.112049e-02	3.943190e+02	
11  141.142	2.438553e+00	1.178243e-01	7.821494e-01	3.024067e+00	1.020182e+00	6.929396e-02	5.687005e-01	2.027330e-02	3.659570e+00	5.200148e+00	9.894138e-01	8.852353e+00	7.645448e-01	2.462813e-01	2.055153e+00	7.720609e-01	1.046643e+00	7.831948e+01	1.427383e+02	2.396763e-01	7.112049e-02	3.943190e+02	
11  141.298	2.438553e+00	1.178243e-01	7.821494e-01	3.024067e+00	1.020182e+00	6.929396e-02	5.687005e-01	2.027330e-02	3.659570e+00	5.200148e+00	9.897161e-01	8.852353e+00	7.645448e-01	2.462813e-01	2.055153e+00	7.720609e-01	1.046643e+00	7.831948e+01	1.427383e+02	2.396763e-01	7.112049e-02	3.943190e+02	
11  141.328	2.438553e+00	1.178243e-01	7.821494e-01	3.024067e+00	1.020182e+00	6.929396e-02	5.687005e-01	2.027330e-02	3.659570e+00	5.200148e+00	9.897692e-01	8.852353e+00	7.645448e-01	2.462813e-01	2.055153e+00	7.720609e-01	1.046643e+00	7.831948e+01	1.427383e+02	2.396763e-01	7.112049e-02	3.943190e+02	
11  141.081	2.438553e+00	1.178243e-01	7.821494e-01	3.024067e+00	1.020182e+00	6.929396e-02	5.687005e-01	2.027330e-02	3.659570e+00	5.200148e+00	9.892748e-01	8.852353e+00	7.645448e-01	2.462813e-01	2.055153e+00	7.720609e-01	1.046643e+00	7.831948e+01	1.427383e+02	2.396763e-01	7.112049e-02	3.943190e+02	
11  140.861	2.438553e+00	1.178243e-01	7.821494e-01	3.024067e+00	1.020182e+00	6.929396e-02	5.687005e-01	2.027330e-02	3.659570e+00	5.200148e+00	9.879794e-01	8.852353e+00	7.645448e-01	2.462813e-01	2.055153e+00	7.720609e-01	1.046643e+00	7.831948e+01	1.427383e+02	2.396763e-01	7.112049e-02	3.943190e+02	
12  141.072	2.438553e+00	1.178243e-01	7.821494e-01	3.024067e+00	1.020182e+00	6.929396e-02	5.687005e-01	2.027330e-02	3.659570e+00	5.200148e+00	9.870948e-01	8.852353e+00	7.645448e-01	2.462813e-01	2.055153e+00	7.720609e-01	1.046643e+00	7.831948e+01	1.427383e+02	2.396763e-01	7.112049e-02	3.943190e+02	
10  142.284	2.449566e+00	1.179124e-01	7.778521e-01	3.020901e+00	1.019387e+00	6.931608e-02	5.476642e-01	1.210838e-02	3.761289e+00	5.288424e+00	9.852006e-01	8.862419e+00	7.613964e-01	2.463085e-01	2.049137e+00	7.832792e-01	1.045998e+00	7.786665e+01	1.427553e+02	2.429959e-01	6.893092e-02	5.309769e+02	
11  142.541	2.449566e+00	1.179124e-01	7.778521e-01	3.020901e+00	1.019387e+00	6.931608e-02	5.476642e-01	1.210838e-02	3.761289e+00	5.288424e+00	9.847801e-01	8.862419e+00	7.613964e-01	2.463085e-01	2.049137e+00	7.832792e-01	1.045998e+00	7.786665e+01	1.427553e+02	2.429959e-01	6.893092e-02	5.309769e+02	
11  142.345	2.449566e+00	1.179124e-01	7.778521e-01	3.020901e+00	1.019387e+00	6.931608e-02	5.476642e-01	1.210838e-02	3.761289e+00	5.288424e+00	9.850929e-01	8.862419e+00	7.613964e-01	2.463085e-01	2.049137e+00	7.832792e-01	1.045998e+00	7.786665e+01	1.427553e+02	2.429959e-01	6.893092e-02	5.309769e+02	
11  142.197	2.449566e+00	1.179124e-01	7.778521e-01	3.020901e+00	1.019387e+00	6.931608e-02	5.476642e-01	1.210838e-02	3.761289e+00	5.288424e+00	9.853746e-01	8.862419e+00	7.613964e-01	2.463085e-01	2.049137e+00	7.832792e-01	1.045998e+00	7.786665e+01	1.427553e+02	2.429959e-01	6.893092e-02	5.309769e+02	
11  142.063	2.449566e+00	1.179124e-01	7.778521e-01	3.020901e+00	1.019387e+00	6.931608e-02	5.476642e-01	1.210838e-02	3.761289e+00	5.288424e+00	9.857062e-01	8.862419e+00	7.613964e-01	2.463085e-01	2.049137e+00	7.832792e-01	1.045998e+00	7.786665e+01	1.427553e+02	2.429959e-01	6.893092e-02	5.309769e+02	
11  141.927	2.449566e+00	1.179124e-01	7.778521e-01	3.020901e+00	1.019387e+00	6.931608e-02	5.476642e-01	1.210838e-02	3.761289e+00	5.288424e+00	9.869360e-01	8.862419e+00	7.613964e-01	2.463085e-01	2.049137e+00	7.832792e-01	1.045998e+00	7.786665e+01	1.427553e+02	2.429959e-01	6.893092e-02	5.309769e+02	
11  142.135	2.449566e+00	1.179124e-01	7.778521e-01	3.020901e+00	1.019387e+00	6.931608e-02	5.476642e-01	1.210838e-02	3.761289e+00	5.288424e+00	9.855139e-01	8.862419e+00	7.613964e-01	2.463085e-01	2.049137e+00	7.832792e-01	1.045998e+00	7.786665e+01	1.427553e+02	2.429959e-01	6.893092e-02	5.309769e+02	
22  142.013	2.449566e+00	1.179124e-01	7.778521e-01	3.020901e+00	1.019387e+00	6.931608e-02	5.476642e-01	1.210838e-02	3.761289e+00	5.288424e+00	9.873689e-01	8.862419e+00	7.613964e-01	2.463085e-01	2.049137e+00	7.832792e-01	1.045998e+00	7.786665e+01	1.427553e+02	2.429959e-01	6.893092e-02	5.309769e+02	
11  142.098	2.449566e+00	1.179124e-01	7.778521e-01	3.020901e+00	1.019387e+00	6.931608e-02	5.476642e-01	1.210838e-02	3.761289e+00	5.288424e+00	9.856072e-01	8.862419e+00	7.613964e-01	2.463085e-01	2.049137e+00	7.832792e-01	1.045998e+00	7.786665e+01	1.427553e+02	2.429959e-01	6.893092e-02	5.309769e+02	
33  141.944	2.449566e+00	1.179124e-01	7.778521e-01	3.020901e+00	1.019387e+00	6.931608e-02	5.476642e-01	1.210838e-02	3.761289e+00	5.288424e+00	9.861827e-01	8.862419e+00	7.613964e-01	2.463085e-01	2.049137e+00	7.832792e-01	1.045998e+00	7.786665e+01	1.427553e+02	2.429959e-01	6.893092e-02	5.309769e+02	
11  142.915	2.449566e+00	1.179124e-01	7.778521e-01	3.020901e+00	1.019387e+00	6.931608e-02	5.476642e-01	1.210838e-02	3.761289e+00	5.288424e+00	9.843010e-01	8.862419e+00	7.613964e-01	2.463085e-01	2.049137e+00	7.832792e-01	1.045998e+00	7.786665e+01	1.427553e+02	2.429959e-01	6.893092e-02	5.309769e+02	
11  142.248	2.449566e+00	1.179124e-01	7.778521e-01	3.020901e+00	1.019387e+00	6.931608e-02	5.476642e-01	1.210838e-02	3.761289e+00	5.288424e+00	9.852699e-01	8.862419e+00	7.613964e-01	2.463085e-01	2.049137e+00	7.832792e-01	1.045998e+00	7.786665e+01	1.427553e+02	2.429959e-01	6.893092e-02	5.309769e+02	
11  141.976	2.449566e+00	1.179124e-01	7.778521e-01	3.020901e+00	1.019387e+00	6.931608e-02	5.476642e-01	1.210838e-02	3.761289e+00	5.288424e+00	9.860167e-01	8.862419e+00	7.613964e-01	2.463085e-01	2.049137e+00	7.832792e-01	1.045998e+00	7.786665e+01	1.427553e+02	2.429959e-01	6.893092e-02	5.309769e+02	
11  141.912	2.449566e+00	1.179124e-01	7.778521e-01	3.020901e+00	1.019387e+00	6.931608e-02	5.476642e-01	1.210838e-02	3.761289e+00	5.288424e+00	9.865158e-01	8.862419e+00	7.613964e-01	2.463085e-01	2.049137e+00	7.832792e-01	1.045998e+00	7.786665e+01	1.427553e+02	2.429959e-01	6.893092e-02	5.309769e+02	
22  141.98	2.449566e+00	1.179124e-01	7.778521e-01	3.020901e+00	1.019387e+00	6.931608e-02	5.476642e-01	1.210838e-02	3.761289e+00	5.288424e+00	9.859985e-01	8.862419e+00	7.613964e-01	2.463085e-01	2.049137e+00	7.832792e-01	1.045998e+00	7.786665e+01	1.427553e+02	2.429959e-01	6.893092e-02	5.309769e+02	
8  143.268	2.449566e+00	1.179124e-01	7.778521e-01	3.020901e+00	1.019387e+00	6.931608e-02	5.476642e-01	1.210838e-02	3.761289e+00	5.288424e+00	9.839255e-01	8.862419e+00	7.613964e-01	2.463085e-01	2.049137e+00	7.832792e-01	1.045998e+00	7.786665e+01	1.427553e+02	2.429959e-01	6.893092e-02	5.309769e+02	
3  142.817	2.443173e+00	1.187947e-01	7.855270e-01	3.023569e+00	1.014899e+00	6.781540e-02	5.777940e-01	2.908150e-02	3.701062e+00	5.251371e+00	9.853437e-01	8.746700e+00	7.651865e-01	2.462964e-01	2.053619e+00	7.612542e-01	1.048150e+00	7.865174e+01	1.424043e+02	2.386838e-01	7.201898e-02	4.326105e+02	
3  143.675	2.443173e+00	1.187947e-01	7.855270e-01	3.023569e+00	1.014899e+00	6.781540e-02	5.777940e-01	2.908150e-02	3.701062e+00	5.251371e+00	9.840903e-01	8.746700e+00	7.651865e-01	2.462964e-01	2.053619e+00	7.612542e-01	1.048150e+00	7.865174e+01	1.424043e+02	2.386838e-01	7.201898e-02	4.326105e+02	
8  144.722	2.463313e+00	1.185364e-01	7.842256e-01	3.022477e+00	1.015038e+00	6.674652e-02	5.684731e-01	4.117750e-02	3.714485e+00	5.316071e+00	9.843451e-01	8.614312e+00	7.646495e-01	2.463709e-01	2.050535e+00	7.399873e-01	1.047269e+00	7.848856e+01	1.423007e+02	2.392750e-01	7.091831e-02	4.583771e+02	
11  144.553	2.463313e+00	1.185364e-01	7.842256e-01	3.022477e+00	1.015038e+00	6.674652e-02	5.684731e-01	4.117750e-02	3.714485e+00	5.316071e+00	9.861863e-01	8.614312e+00	7.646495e-01	2.463709e-01	2.050535e+00	7.399873e-01	1.047269e+00	7.848856e+01	1.423007e+02	2.392750e-01	7.091831e-02	4.583771e+02	
11  144.472	2.463313e+00	1.185364e-01	7.842256e-01	3.022477e+00	1.015038e+00	6.674652e-02	5.684731e-01	4.117750e-02	3.714485e+00	5.316071e+00	9.856905e-01	8.614312e+00	7.646495e-01	2.463709e-01	2.050535e+00	7.399873e-01	1.047269e+00	7.848856e+01	1.423007e+02	2.392750e-01	7.091831e-02	4.583771e+02	
15  144.514	2.463313e+00	1.185364e-01	7.842256e-01	3.022477e+00	1.015038e+00	6.674652e-02	5.684731e-01	4.117750e-02	3.714485e+00	5.316071e+00	9.850160e-01	8.614312e+00	7.646495e-01	2.463709e-01	2.050535e+00	7.399873e-01	1.047269e+00	7.848856e+01	1.423007e+02	2.392750e-01	7.091831e-02	4.583771e+02	
7  145.086	2.459997e+00	1.173189e-01	7.915845e-01	3.019439e+00	1.015402e+00	6.900914e-02	5.905133e-01	2.936717e-02	3.677445e+00	4.979081e+00	9.829963e-01	8.783322e+00	7.708690e-01	2.463623e-01	2.044637e+00	7.531821e-01	1.047317e+00	7.922475e+01	1.425096e+02	2.328524e-01	7.339784e-02	4.572698e+02	
11  144.824	2.459997e+00	1.173189e-01	7.915845e-01	3.019439e+00	1.015402e+00	6.900914e-02	5.905133e-01	2.936717e-02	3.677445e+00	4.979081e+00	9.833061e-01	8.783322e+00	7.708690e-01	2.463623e-01	2.044637e+00	7.531821e-01	1.047317e+00	7.922475e+01	1.425096e+02	2.328524e-01	7.339784e-02	4.572698e+02	
2  144.684	2.459997e+00	1.173189e-01	7.915845e-01	3.019439e+00	1.015402e+00	6.900914e-02	5.905133e-01	2.936717e-02	3.677445e+00	4.979081e+00	9.834921e-01	8.783322e+00	7.708690e-01	2.463623e-01	2.044637e+00	7.531821e-01	1.047317e+00	7.922475e+01	1.425096e+02	2.328524e-01	7.339784e-02	4.572698e+02	
9  145.15	2.448235e+00	1.177478e-01	7.914888e-01	3.016010e+00	1.016763e+00	6.478986e-02	6.465719e-01	2.272203e-02	3.644252e+00	5.273301e+00	9.857251e-01	8.423730e+00	7.704798e-01	2.463254e-01	2.039166e+00	7.621430e-01	1.046257e+00	7.924502e+01	1.422662e+02	2.333816e-01	7.980464e-02	3.681704e+02	
18  143.791	2.448235e+00	1.177478e-01	7.914888e-01	3.016010e+00	1.016763e+00	6.478986e-02	6.465719e-01	2.272203e-02	3.644252e+00	5.273301e+00	9.865934e-01	8.423730e+00	7.704798e-01	2.463254e-01	2.039166e+00	7.621430e-01	1.046257e+00	7.924502e+01	1.422662e+02	2.333816e-01	7.980464e-02	3.681704e+02	
15  144.011	2.443216e+00	1.180103e-01	7.947217e-01	3.008079e+00	1.014762e+00	6.319021e-02	6.285829e-01	2.621424e-02	3.728374e+00	5.226403e+00	9.841310e-01	8.318727e+00	7.721547e-01	2.463006e-01	2.022423e+00	7.567490e-01	1.048117e+00	7.954374e+01	1.423454e+02	2.315764e-01	7.763082e-02	4.761047e+02	
11  145.289	2.443216e+00	1.180103e-01	7.947217e-01	3.008079e+00	1.014762e+00	6.319021e-02	6.285829e-01	2.621424e-02	3.728374e+00	5.226403e+00	9.829582e-01	8.318727e+00	7.721547e-01	2.463006e-01	2.022423e+00	7.567490e-01	1.048117e+00	7.954374e+01	1.423454e+02	2.315764e-01	7.763082e-02	4.761047e+02	
8  144.529	2.443216e+00	1.180103e-01	7.947217e-01	3.008079e+00	1.014762e+00	6.319021e-02	6.285829e-01	2.621424e-02	3.728374e+00	5.226403e+00	9.835965e-01	8.318727e+00	7.721547e-01	2.463006e-01	2.022423e+00	7.567490e-01	1.048117e+00	7.954374e+01	1.423454e+02	2.315764e-01	7.763082e-02	4.761047e+02	
12  143.492	2.453734e+00	1.168907e-01	7.867908e-01	3.013979e+00	1.019059e+00	6.845038e-02	5.593673e-01	2.576632e-02	3.689102e+00	5.357166e+00	9.827790e-01	8.743888e+00	7.689644e-01	2.463381e-01	2.033448e+00	7.545344e-01	1.046780e+00	7.873978e+01	1.428536e+02	2.352473e-01	6.986655e-02	4.307285e+02	
19  143.858	2.446669e+00	1.165451e-01	7.925121e-01	3.008085e+00	1.018441e+00	6.585939e-02	5.708774e-01	1.866482e-02	3.680464e+00	5.599975e+00	9.829577e-01	8.518234e+00	7.732432e-01	2.463206e-01	2.021858e+00	7.608647e-01	1.047769e+00	7.931042e+01	1.429505e+02	2.311114e-01	7.097802e-02	3.865083e+02	
5  145.522	2.434293e+00	1.165775e-01	7.989127e-01	3.001137e+00	1.017889e+00	6.200698e-02	6.142495e-01	1.979778e-02	3.703723e+00	5.533013e+00	9.835406e-01	8.197440e+00	7.771440e-01	2.462755e-01	2.008139e+00	7.578329e-01	1.048421e+00	7.995029e+01	1.428568e+02	2.269210e-01	7.578901e-02	4.123671e+02	
11  144.598	2.434293e+00	1.165775e-01	7.989127e-01	3.001137e+00	1.017889e+00	6.200698e-02	6.142495e-01	1.979778e-02	3.703723e+00	5.533013e+00	9.844997e-01	8.197440e+00	7.771440e-01	2.462755e-01	2.008139e+00	7.578329e-01	1.048421e+00	7.995029e+01	1.428568e+02	2.269210e-01	7.578901e-02	4.123671e+02	
11  144.061	2.434293e+00	1.165775e-01	7.989127e-01	3.001137e+00	1.017889e+00	6.200698e-02	6.142495e-01	1.979778e-02	3.703723e+00	5.533013e+00	9.853624e-01	8.197440e+00	7.771440e-01	2.462755e-01	2.008139e+00	7.578329e-01	1.048421e+00	7.995029e+01	1.428568e+02	2.269210e-01	7.578901e-02	4.123671e+02	
11  143.79	2.434293e+00	1.165775e-01	7.989127e-01	3.001137e+00	1.017889e+00	6.200698e-02	6.142495e-01	1.979778e-02	3.703723e+00	5.533013e+00	9.867959e-01	8.197440e+00	7.771440e-01	2.462755e-01	2.008139e+00	7.578329e-01	1.048421e+00	7.995029e+01	1.428568e+02	2.269210e-01	7.578901e-02	4.123671e+02	
11  143.792	2.434293e+00	1.165775e-01	7.989127e-01	3.001137e+00	1.017889e+00	6.200698e-02	6.142495e-01	1.979778e-02	3.703723e+00	5.533013e+00	9.863455e-01	8.197440e+00	7.771440e-01	2.462755e-01	2.008139e+00	7.578329e-01	1.048421e+00	7.995029e+01	1.428568e+02	2.269210e-01	7.578901e-02	4.123671e+02	
7  143.838	2.434293e+00	1.165775e-01	7.989127e-01	3.001137e+00	1.017889e+00	6.200698e-02	6.142495e-01	1.979778e-02	3.703723e+00	5.533013e+00	9.860341e-01	8.197440e+00	7.771440e-01	2.462755e-01	2.008139e+00	7.578329e-01	1.048421e+00	7.995029e+01	1.428568e+02	2.269210e-01	7.578901e-02	4.123671e+02	
4  139.754	2.444190e+00	1.163683e-01	7.934238e-01	3.008928e+00	1.019004e+00	6.225674e-02	6.182349e-01	1.766284e-02	3.712052e+00	5.494633e+00	9.894053e-01	8.196666e+00	7.739637e-01	2.463086e-01	2.024259e+00	7.626024e-01	1.046350e+00	7.940522e+01	1.428094e+02	2.302613e-01	7.648521e-02	4.361270e+02	
22  139.47	2.444190e+00	1.163683e-01	7.934238e-01	3.008928e+00	1.019004e+00	6.225674e-02	6.182349e-01	1.766284e-02	3.712052e+00	5.494633e+00	9.901906e-01	8.196666e+00	7.739637e-01	2.463086e-01	2.024259e+00	7.626024e-01	1.046350e+00	7.940522e+01	1.428094e+02	2.302613e-01	7.648521e-02	4.361270e+02	
11  140.012	2.444190e+00	1.163683e-01	7.934238e-01	3.008928e+00	1.019004e+00	6.225674e-02	6.182349e-01	1.766284e-02	3.712052e+00	5.494633e+00	9.889719e-01	8.196666e+00	7.739637e-01	2.463086e-01	2.024259e+00	7.626024e-01	1.046350e+00	7.940522e+01	1.428094e+02	2.302613e-01	7.648521e-02	4.361270e+02	
11  139.877	2.444190e+00	1.163683e-01	7.934238e-01	3.008928e+00	1.019004e+00	6.225674e-02	6.182349e-01	1.766284e-02	3.712052e+00	5.494633e+00	9.891824e-01	8.196666e+00	7.739637e-01	2.463086e-01	2.024259e+00	7.626024e-01	1.046350e+00	7.940522e+01	1.428094e+02	2.302613e-01	7.648521e-02	4.361270e+02	
10  139.427	2.444190e+00	1.163683e-01	7.934238e-01	3.008928e+00	1.019004e+00	6.225674e-02	6.182349e-01	1.766284e-02	3.712052e+00	5.494633e+00	9.904415e-01	8.196666e+00	7.739637e-01	2.463086e-01	2.024259e+00	7.626024e-01	1.046350e+00	7.940522e+01	1.428094e+02	2.302613e-01	7.648521e-02	4.361270e+02	
12  138.235	2.443958e+00	1.167900e-01	7.860478e-01	3.019468e+00	1.017942e+00	6.475241e-02	5.630713e-01	1.189946e-02	3.765377e+00	5.411466e+00	9.924188e-01	8.447527e+00	7.686361e-01	2.462976e-01	2.045580e+00	7.779487e-01	1.046663e+00	7.867049e+01	1.430045e+02	2.358650e-01	7.040413e-02	5.153436e+02	
11  139.097	2.443958e+00	1.167900e-01	7.860478e-01	3.019468e+00	1.017942e+00	6.475241e-02	5.630713e-01	1.189946e-02	3.765377e+00	5.411466e+00	9.938674e-01	8.447527e+00	7.686361e-01	2.462976e-01	2.045580e+00	7.779487e-01	1.046663e+00	7.867049e+01	1.430045e+02	2.358650e-01	7.040413e-02	5.153436e+02	
11  138.159	2.443958e+00	1.167900e-01	7.860478e-01	3.019468e+00	1.017942e+00	6.475241e-02	5.630713e-01	1.189946e-02	3.765377e+00	5.411466e+00	9.921564e-01	8.447527e+00	7.686361e-01	2.462976e-01	2.045580e+00	7.779487e-01	1.046663e+00	7.867049e+01	1.430045e+02	2.358650e-01	7.040413e-02	5.153436e+02	
33  138.171	2.443958e+00	1.167900e-01	7.860478e-01	3.019468e+00	1.017942e+00	6.475241e-02	5.630713e-01	1.189946e-02	3.765377e+00	5.411466e+00	9.908338e-01	8.447527e+00	7.686361e-01	2.462976e-01	2.045580e+00	7.779487e-01	1.046663e+00	7.867049e+01	1.430045e+02	2.358650e-01	7.040413e-02	5.153436e+02	
11  138.085	2.443958e+00	1.167900e-01	7.860478e-01	3.019468e+00	1.017942e+00	6.475241e-02	5.630713e-01	1.189946e-02	3.765377e+00	5.411466e+00	9.914884e-01	8.447527e+00	7.686361e-01	2.462976e-01	2.045580e+00	7.779487e-01	1.046663e+00	7.867049e+01	1.430045e+02	2.358650e-01	7.040413e-02	5.153436e+02	
11  138.527	2.443958e+00	1.167900e-01	7.860478e-01	3.019468e+00	1.017942e+00	6.475241e-02	5.630713e-01	1.189946e-02	3.765377e+00	5.411466e+00	9.899699e-01	8.447527e+00	7.686361e-01	2.462976e-01	2.045580e+00	7.779487e-01	1.046663e+00	7.867049e+01	1.430045e+02	2.358650e-01	7.040413e-02	5.153436e+02	
22  138.134	2.443958e+00	1.167900e-01	7.860478e-01	3.019468e+00	1.017942e+00	6.475241e-02	5.630713e-01	1.189946e-02	3.765377e+00	5.411466e+00	9.910008e-01	8.447527e+00	7.686361e-01	2.462976e-01	2.045580e+00	7.779487e-01	1.046663e+00	7.867049e+01	1.430045e+02	2.358650e-01	7.040413e-02	5.153436e+02	
22  140.505	2.443958e+00	1.167900e-01	7.860478e-01	3.019468e+00	1.017942e+00	6.475241e-02	5.630713e-01	1.189946e-02	3.765377e+00	5.411466e+00	9.879128e-01	8.447527e+00	7.686361e-01	2.462976e-01	2.045580e+00	7.779487e-01	1.046663e+00	7.867049e+01	1.430045e+02	2.358650e-01	7.040413e-02	5.153436e+02	
11  139.264	2.443958e+00	1.167900e-01	7.860478e-01	3.019468e+00	1.017942e+00	6.475241e-02	5.630713e-01	1.189946e-02	3.765377e+00	5.411466e+00	9.889974e-01	8.447527e+00	7.686361e-01	2.462976e-01	2.045580e+00	7.779487e-01	1.046663e+00	7.867049e+01	1.430045e+02	2.358650e-01	7.040413e-02	5.153436e+02	
22  139.204	2.443958e+00	1.167900e-01	7.860478e-01	3.019468e+00	1.017942e+00	6.475241e-02	5.630713e-01	1.189946e-02	3.765377e+00	5.411466e+00	9.890627e-01	8.447527e+00	7.686361e-01	2.462976e-01	2.045580e+00	7.779487e-01	1.046663e+00	7.867049e+01	1.430045e+02	2.358650e-01	7.040413e-02	5.153436e+02	
11  139.236	2.443958e+00	1.167900e-01	7.860478e-01	3.019468e+00	1.017942e+00	6.475241e-02	5.630713e-01	1.189946e-02	3.765377e+00	5.411466e+00	9.890278e-01	8.447527e+00	7.686361e-01	2.462976e-01	2.045580e+00	7.779487e-01	1.046663e+00	7.867049e+01	1.430045e+02	2.358650e-01	7.040413e-02	5.153436e+02	
11  138.831	2.443958e+00	1.167900e-01	7.860478e-01	3.019468e+00	1.017942e+00	6.475241e-02	5.630713e-01	1.189946e-02	3.765377e+00	5.411466e+00	9.895096e-01	8.447527e+00	7.686361e-01	2.462976e-01	2.045580e+00	7.779487e-01	1.046663e+00	7.867049e+01	1.430045e+02	2.358650e-01	7.040413e-02	5.153436e+02	
11  138.637	2.443958e+00	1.167900e-01	7.860478e-01	3.019468e+00	1.017942e+00	6.475241e-02	5.630713e-01	1.189946e-02	3.765377e+00	5.411466e+00	9.897895e-01	8.447527e+00	7.686361e-01	2.462976e-01	2.045580e+00	7.779487e-01	1.046663e+00	7.867049e+01	1.430045e+02	2.358650e-01	7.040413e-02	5.153436e+02	
11  138.789	2.443958e+00	1.167900e-01	7.860478e-01	3.019468e+00	1.017942e+00	6.475241e-02	5.630713e-01	1.189946e-02	3.765377e+00	5.411466e+00	9.895667e-01	8.447527e+00	7.686361e-01	2.462976e-01	2.045580e+00	7.779487e-01	1.046663e+00	7.867049e+01	1.430045e+02	2.358650e-01	7.040413e-02	5.153436e+02	
22  138.096	2.443958e+00	1.167900e-01	7.860478e-01	3.019468e+00	1.017942e+00	6.475241e-02	5.630713e-01	1.189946e-02	3.765377e+00	5.411466e+00	9.912723e-01	8.447527e+00	7.686361e-01	2.462976e-01	2.045580e+00	7.779487e-01	1.046663e+00	7.867049e+01	1.430045e+02	2.358650e-01	7.040413e-02	5.153436e+02	
11  138.219	2.443958e+00	1.167900e-01	7.860478e-01	3.019468e+00	1.017942e+00	6.475241e-02	5.630713e-01	1.189946e-02	3.765377e+00	5.411466e+00	9.906655e-01	8.447527e+00	7.686361e-01	2.462976e-01	2.045580e+00	7.779487e-01	1.046663e+00	7.867049e+01	1.430045e+02	2.358650e-01	7.040413e-02	5.153436e+02	
11  139.116	2.443958e+00	1.167900e-01	7.860478e-01	3.019468e+00	1.017942e+00	6.475241e-02	5.630713e-01	1.189946e-02	3.765377e+00	5.411466e+00	9.891599e-01	8.447527e+00	7.686361e-01	2.462976e-01	2.045580e+00	7.779487e-01	1.046663e+00	7.867049e+01	1.430045e+02	2.358650e-01	7.040413e-02	5.153436e+02	
22  138.594	2.443958e+00	1.167900e-01	7.860478e-01	3.019468e+00	1.017942e+00	6.475241e-02	5.630713e-01	1.189946e-02	3.765377e+00	5.411466e+00	9.931821e-01	8.447527e+00	7.686361e-01	2.462976e-01	2.045580e+00	7.779487e-01	1.046663e+00	7.867049e+01	1.430045e+02	2.358650e-01	7.040413e-02	5.153436e+02	
11  138.473	2.443958e+00	1.167900e-01	7.860478e-01	3.019468e+00	1.017942e+00	6.475241e-02	5.630713e-01	1.189946e-02	3.765377e+00	5.411466e+00	9.929713e-01	8.447527e+00	7.686361e-01	2.462976e-01	2.045580e+00	7.779487e-01	1.046663e+00	7.867049e+01	1.430045e+02	2.358650e-01	7.040413e-02	5.153436e+02	
11  138.11	2.443958e+00	1.167900e-01	7.860478e-01	3.019468e+00	1.017942e+00	6.475241e-02	5.630713e-01	1.189946e-02	3.765377e+00	5.411466e+00	9.918965e-01	8.447527e+00	7.686361e-01	2.462976e-01	2.045580e+00	7.779487e-01	1.046663e+00	7.867049e+01	1.430045e+02	2.358650e-01	7.040413e-02	5.153436e+02	
11  138.105	2.443958e+00	1.167900e-01	7.860478e-01	3.019468e+00	1.017942e+00	6.475241e-02	5.630713e-01	1.189946e-02	3.765377e+00	5.411466e+00	9.911913e-01	8.447527e+00	7.686361e-01	2.462976e-01	2.045580e+00	7.779487e-01	1.046663e+00	7.867049e+01	1.430045e+02	2.358650e-01	7.040413e-02	5.153436e+02	
11  138.086	2.443958e+00	1.167900e-01	7.860478e-01	3.019468e+00	1.017942e+00	6.475241e-02	5.630713e-01	1.189946e-02	3.765377e+00	5.411466e+00	9.914418e-01	8.447527e+00	7.686361e-01	2.462976e-01	2.045580e+00	7.779487e-01	1.046663e+00	7.867049e+01	1.430045e+02	2.358650e-01	7.040413e-02	5.153436e+02	
5  138.151	2.443958e+00	1.167900e-01	7.860478e-01	3.019468e+00	1.017942e+00	6.475241e-02	5.630713e-01	1.189946e-02	3.765377e+00	5.411466e+00	9.921256e-01	8.447527e+00	7.686361e-01	2.462976e-01	2.045580e+00	7.779487e-01	1.046663e+00	7.867049e+01	1.430045e+02	2.358650e-01	7.040413e-02	5.153436e+02	
17  138.816	2.441490e+00	1.163295e-01	7.928089e-01	3.009875e+00	1.016715e+00	6.245998e-02	5.800046e-01	7.319628e-03	3.781203e+00	5.664177e+00	9.903112e-01	8.241827e+00	7.736857e-01	2.462926e-01	2.026326e+00	7.784278e-01	1.047502e+00	7.933442e+01	1.430614e+02	2.307734e-01	7.212918e-02	5.054434e+02	
22  138.827	2.441490e+00	1.163295e-01	7.928089e-01	3.009875e+00	1.016715e+00	6.245998e-02	5.800046e-01	7.319628e-03	3.781203e+00	5.664177e+00	9.901938e-01	8.241827e+00	7.736857e-01	2.462926e-01	2.026326e+00	7.784278e-01	1.047502e+00	7.933442e+01	1.430614e+02	2.307734e-01	7.212918e-02	5.054434e+02	
11  139.444	2.441490e+00	1.163295e-01	7.928089e-01	3.009875e+00	1.016715e+00	6.245998e-02	5.800046e-01	7.319628e-03	3.781203e+00	5.664177e+00	9.886556e-01	8.241827e+00	7.736857e-01	2.462926e-01	2.026326e+00	7.784278e-01	1.047502e+00	7.933442e+01	1.430614e+02	2.307734e-01	7.212918e-02	5.054434e+02	
11  140.392	2.441490e+00	1.163295e-01	7.928089e-01	3.009875e+00	1.016715e+00	6.245998e-02	5.800046e-01	7.319628e-03	3.781203e+00	5.664177e+00	9.875898e-01	8.241827e+00	7.736857e-01	2.462926e-01	2.026326e+00	7.784278e-01	1.047502e+00	7.933442e+01	1.430614e+02	2.307734e-01	7.212918e-02	5.054434e+02	
11  140.065	2.441490e+00	1.163295e-01	7.928089e-01	3.009875e+00	1.016715e+00	6.245998e-02	5.800046e-01	7.319628e-03	3.781203e+00	5.664177e+00	9.879076e-01	8.241827e+00	7.736857e-01	2.462926e-01	2.026326e+00	7.784278e-01	1.047502e+00	7.933442e+01	1.430614e+02	2.307734e-01	7.212918e-02	5.054434e+02	
1  141.231	2.441490e+00	1.163295e-01	7.928089e-01	3.009875e+00	1.016715e+00	6.245998e-02	5.800046e-01	7.319628e-03	3.781203e+00	5.664177e+00	9.869015e-01	8.241827e+00	7.736857e-01	2.462926e-01	2.026326e+00	7.784278e-01	1.047502e+00	7.933442e+01	1.430614e+02	2.307734e-01	7.212918e-02	5.054434e+02	
10  141.351	2.435774e+00	1.159920e-01	7.853185e-01	3.005337e+00	1.013838e+00	6.499234e-02	5.476932e-01	2.159145e-02	3.745246e+00	5.616603e+00	9.828073e-01	8.467719e+00	7.699888e-01	2.462657e-01	2.015030e+00	7.531884e-01	1.046291e+00	7.860543e+01	1.433369e+02	2.343044e-01	6.849156e-02	4.730480e+02	
11  140.927	2.435774e+00	1.159920e-01	7.853185e-01	3.005337e+00	1.013838e+00	6.499234e-02	5.476932e-01	2.159145e-02	3.745246e+00	5.616603e+00	9.841399e-01	8.467719e+00	7.699888e-01	2.462657e-01	2.015030e+00	7.531884e-01	1.046291e+00	7.860543e+01	1.433369e+02	2.343044e-01	6.849156e-02	4.730480e+02	
11  140.979	2.435774e+00	1.159920e-01	7.853185e-01	3.005337e+00	1.013838e+00	6.499234e-02	5.476932e-01	2.159145e-02	3.745246e+00	5.616603e+00	9.848797e-01	8.467719e+00	7.699888e-01	2.462657e-01	2.015030e+00	7.531884e-01	1.046291e+00	7.860543e+01	1.433369e+02	2.343044e-01	6.849156e-02	4.730480e+02	
11  141.082	2.435774e+00	1.159920e-01	7.853185e-01	3.005337e+00	1.013838e+00	6.499234e-02	5.476932e-01	2.159145e-02	3.745246e+00	5.616603e+00	9.833956e-01	8.467719e+00	7.699888e-01	2.462657e-01	2.015030e+00	7.531884e-01	1.046291e+00	7.860543e+01	1.433369e+02	2.343044e-01	6.849156e-02	4.730480e+02	
11  141.338	2.435774e+00	1.159920e-01	7.853185e-01	3.005337e+00	1.013838e+00	6.499234e-02	5.476932e-01	2.159145e-02	3.745246e+00	5.616603e+00	9.858227e-01	8.467719e+00	7.699888e-01	2.462657e-01	2.015030e+00	7.531884e-01	1.046291e+00	7.860543e+01	1.433369e+02	2.343044e-01	6.849156e-02	4.730480e+02	
11  141.687	2.435774e+00	1.159920e-01	7.853185e-01	3.005337e+00	1.013838e+00	6.499234e-02	5.476932e-01	2.159145e-02	3.745246e+00	5.616603e+00	9.863580e-01	8.467719e+00	7.699888e-01	2.462657e-01	2.015030e+00	7.531884e-01	1.046291e+00	7.860543e+01	1.433369e+02	2.343044e-01	6.849156e-02	4.730480e+02	
11  141.533	2.435774e+00	1.159920e-01	7.853185e-01	3.005337e+00	1.013838e+00	6.499234e-02	5.476932e-01	2.159145e-02	3.745246e+00	5.616603e+00	9.861407e-01	8.467719e+00	7.699888e-01	2.462657e-01	2.015030e+00	7.531884e-01	1.046291e+00	7.860543e+01	1.433369e+02	2.343044e-01	6.849156e-02	4.730480e+02	
11  141.716	2.435774e+00	1.159920e-01	7.853185e-01	3.005337e+00	1.013838e+00	6.499234e-02	5.476932e-01	2.159145e-02	3.745246e+00	5.616603e+00	9.863961e-01	8.467719e+00	7.699888e-01	2.462657e-01	2.015030e+00	7.531884e-01	1.046291e+00	7.860543e+01	1.433369e+02	2.343044e-01	6.849156e-02	4.730480e+02	
22  140.996	2.435774e+00	1.159920e-01	7.853185e-01	3.005337e+00	1.013838e+00	6.499234e-02	5.476932e-01	2.159145e-02	3.745246e+00	5.616603e+00	9.849608e-01	8.467719e+00	7.699888e-01	2.462657e-01	2.015030e+00	7.531884e-01	1.046291e+00	7.860543e+01	1.433369e+02	2.343044e-01	6.849156e-02	4.730480e+02	
11  140.923	2.435774e+00	1.159920e-01	7.853185e-01	3.005337e+00	1.013838e+00	6.499234e-02	5.476932e-01	2.159145e-02	3.745246e+00	5.616603e+00	9.842771e-01	8.467719e+00	7.699888e-01	2.462657e-01	2.015030e+00	7.531884e-01	1.046291e+00	7.860543e+01	1.433369e+02	2.343044e-01	6.849156e-02	4.730480e+02	
11  140.946	2.435774e+00	1.159920e-01	7.853185e-01	3.005337e+00	1.013838e+00	6.499234e-02	5.476932e-01	2.159145e-02	3.745246e+00	5.616603e+00	9.839619e-01	8.467719e+00	7.699888e-01	2.462657e-01	2.015030e+00	7.531884e-01	1.046291e+00	7.860543e+01	1.433369e+02	2.343044e-01	6.849156e-02	4.730480e+02	
11  141.012	2.435774e+00	1.159920e-01	7.853185e-01	3.005337e+00	1.013838e+00	6.499234e-02	5.476932e-01	2.159145e-02	3.745246e+00	5.616603e+00	9.850254e-01	8.467719e+00	7.699888e-01	2.462657e-01	2.015030e+00	7.531884e-01	1.046291e+00	7.860543e+01	1.433369e+02	2.343044e-01	6.849156e-02	4.730480e+02	
11  141.63	2.435774e+00	1.159920e-01	7.853185e-01	3.005337e+00	1.013838e+00	6.499234e-02	5.476932e-01	2.159145e-02	3.745246e+00	5.616603e+00	9.823795e-01	8.467719e+00	7.699888e-01	2.462657e-01	2.015030e+00	7.531884e-01	1.046291e+00	7.860543e+01	1.433369e+02	2.343044e-01	6.849156e-02	4.730480e+02	
11  141.583	2.435774e+00	1.159920e-01	7.853185e-01	3.005337e+00	1.013838e+00	6.499234e-02	5.476932e-01	2.159145e-02	3.745246e+00	5.616603e+00	9.824445e-01	8.467719e+00	7.699888e-01	2.462657e-01	2.015030e+00	7.531884e-01	1.046291e+00	7.860543e+01	1.433369e+02	2.343044e-01	6.849156e-02	4.730480e+02	
1  141.102	2.435774e+00	1.159920e-01	7.853185e-01	3.005337e+00	1.013838e+00	6.499234e-02	5.476932e-01	2.159145e-02	3.745246e+00	5.616603e+00	9.853116e-01	8.467719e+00	7.699888e-01	2.462657e-01	2.015030e+00	7.531884e-01	1.046291e+00	7.860543e+01	1.433369e+02	2.343044e-01	6.849156e-02	4.730480e+02	
10  139.332	2.415354e+00	1.179033e-01	7.811429e-01	3.006710e+00	1.008175e+00	6.400607e-02	5.557257e-01	1.975710e-02	3.798078e+00	5.686168e+00	9.848327e-01	8.466155e+00	7.646492e-01	2.461787e-01	2.018405e+00	7.647257e-01	1.047526e+00	7.823172e+01	1.430547e+02	2.393451e-01	6.951554e-02	5.130457e+02	
11  139.551	2.415354e+00	1.179033e-01	7.811429e-01	3.006710e+00	1.008175e+00	6.400607e-02	5.557257e-01	1.975710e-02	3.798078e+00	5.686168e+00	9.853262e-01	8.466155e+00	7.646492e-01	2.461787e-01	2.018405e+00	7.647257e-01	1.047526e+00	7.823172e+01	1.430547e+02	2.393451e-01	6.951554e-02	5.130457e+02	
11  139.264	2.415354e+00	1.179033e-01	7.811429e-01	3.006710e+00	1.008175e+00	6.400607e-02	5.557257e-01	1.975710e-02	3.798078e+00	5.686168e+00	9.846171e-01	8.466155e+00	7.646492e-01	2.461787e-01	2.018405e+00	7.647257e-01	1.047526e+00	7.823172e+01	1.430547e+02	2.393451e-01	6.951554e-02	5.130457e+02	
22  139.219	2.415354e+00	1.179033e-01	7.811429e-01	3.006710e+00	1.008175e+00	6.400607e-02	5.557257e-01	1.975710e-02	3.798078e+00	5.686168e+00	9.833388e-01	8.466155e+00	7.646492e-01	2.461787e-01	2.018405e+00	7.647257e-01	1.047526e+00	7.823172e+01	1.430547e+02	2.393451e-01	6.951554e-02	5.130457e+02	
11  139.492	2.415354e+00	1.179033e-01	7.811429e-01	3.006710e+00	1.008175e+00	6.400607e-02	5.557257e-01	1.975710e-02	3.798078e+00	5.686168e+00	9.825568e-01	8.466155e+00	7.646492e-01	2.461787e-01	2.018405e+00	7.647257e-01	1.047526e+00	7.823172e+01	1.430547e+02	2.393451e-01	6.951554e-02	5.130457e+02	
22  139.337	2.415354e+00	1.179033e-01	7.811429e-01	3.006710e+00	1.008175e+00	6.400607e-02	5.557257e-01	1.975710e-02	3.798078e+00	5.686168e+00	9.829257e-01	8.466155e+00	7.646492e-01	2.461787e-01	2.018405e+00	7.647257e-01	1.047526e+00	7.823172e+01	1.430547e+02	2.393451e-01	6.951554e-02	5.130457e+02	
11  139.168	2.415354e+00	1.179033e-01	7.811429e-01	3.006710e+00	1.008175e+00	6.400607e-02	5.557257e-01	1.975710e-02	3.798078e+00	5.686168e+00	9.837302e-01	8.466155e+00	7.646492e-01	2.461787e-01	2.018405e+00	7.647257e-01	1.047526e+00	7.823172e+01	1.430547e+02	2.393451e-01	6.951554e-02	5.130457e+02	
22  139.184	2.415354e+00	1.179033e-01	7.811429e-01	3.006710e+00	1.008175e+00	6.400607e-02	5.557257e-01	1.975710e-02	3.798078e+00	5.686168e+00	9.835498e-01	8.466155e+00	7.646492e-01	2.461787e-01	2.018405e+00	7.647257e-01	1.047526e+00	7.823172e+01	1.430547e+02	2.393451e-01	6.951554e-02	5.130457e+02	
11  139.169	2.415354e+00	1.179033e-01	7.811429e-01	3.006710e+00	1.008175e+00	6.400607e-02	5.557257e-01	1.975710e-02	3.798078e+00	5.686168e+00	9.840459e-01	8.466155e+00	7.646492e-01	2.461787e-01	2.018405e+00	7.647257e-01	1.047526e+00	7.823172e+01	1.430547e+02	2.393451e-01	6.951554e-02	5.130457e+02	
8  139.2	2.415354e+00	1.179033e-01	7.811429e-01	3.006710e+00	1.008175e+00	6.400607e-02	5.557257e-01	1.975710e-02	3.798078e+00	5.686168e+00	9.834397e-01	8.466155e+00	7.646492e-01	2.461787e-01	2.018405e+00	7.647257e-01	1.047526e+00	7.823172e+01	1.430547e+02	2.393451e-01	6.951554e-02	5.130457e+02	
3  142.373	2.415870e+00	1.170083e-01	7.801080e-01	3.003594e+00	1.011765e+00	6.399836e-02	5.157025e-01	2.239604e-02	3.870381e+00	5.615384e+00	9.832766e-01	8.473481e+00	7.655302e-01	2.461703e-01	2.010969e+00	7.583523e-01	1.047590e+00	7.808199e+01	1.434986e+02	2.387319e-01	6.492269e-02	6.399821e+02	
14  142.284	2.415870e+00	1.170083e-01	7.801080e-01	3.003594e+00	1.011765e+00	6.399836e-02	5.157025e-01	2.239604e-02	3.870381e+00	5.615384e+00	9.814093e-01	8.473481e+00	7.655302e-01	2.461703e-01	2.010969e+00	7.583523e-01	1.047590e+00	7.808199e+01	1.434986e+02	2.387319e-01	6.492269e-02	6.399821e+02	
8  139.934	2.415609e+00	1.164950e-01	7.750390e-01	3.009112e+00	1.013143e+00	6.555356e-02	5.087875e-01	1.715548e-02	3.844171e+00	5.699612e+00	9.831672e-01	8.596395e+00	7.630235e-01	2.461677e-01	2.022307e+00	7.653002e-01	1.045893e+00	7.758913e+01	1.436777e+02	2.414868e-01	6.433247e-02	5.969956e+02	
11  139.577	2.415609e+00	1.164950e-01	7.750390e-01	3.009112e+00	1.013143e+00	6.555356e-02	5.087875e-01	1.715548e-02	3.844171e+00	5.699612e+00	9.850658e-01	8.596395e+00	7.630235e-01	2.461677e-01	2.022307e+00	7.653002e-01	1.045893e+00	7.758913e+01	1.436777e+02	2.414868e-01	6.433247e-02	5.969956e+02	
11  139.816	2.415609e+00	1.164950e-01	7.750390e-01	3.009112e+00	1.013143e+00	6.555356e-02	5.087875e-01	1.715548e-02	3.844171e+00	5.699612e+00	9.834047e-01	8.596395e+00	7.630235e-01	2.461677e-01	2.022307e+00	7.653002e-01	1.045893e+00	7.758913e+01	1.436777e+02	2.414868e-01	6.433247e-02	5.969956e+02	
11  139.774	2.415609e+00	1.164950e-01	7.750390e-01	3.009112e+00	1.013143e+00	6.555356e-02	5.087875e-01	1.715548e-02	3.844171e+00	5.699612e+00	9.835022e-01	8.596395e+00	7.630235e-01	2.461677e-01	2.022307e+00	7.653002e-01	1.045893e+00	7.758913e+01	1.436777e+02	2.414868e-01	6.433247e-02	5.969956e+02	
22  139.793	2.415609e+00	1.164950e-01	7.750390e-01	3.009112e+00	1.013143e+00	6.555356e-02	5.087875e-01	1.715548e-02	3.844171e+00	5.699612e+00	9.834577e-01	8.596395e+00	7.630235e-01	2.461677e-01	2.022307e+00	7.653002e-01	1.045893e+00	7.758913e+01	1.436777e+02	2.414868e-01	6.433247e-02	5.969956e+02	
11  139.625	2.415609e+00	1.164950e-01	7.750390e-01	3.009112e+00	1.013143e+00	6.555356e-02	5.087875e-01	1.715548e-02	3.844171e+00	5.699612e+00	9.839472e-01	8.596395e+00	7.630235e-01	2.461677e-01	2.022307e+00	7.653002e-01	1.045893e+00	7.758913e+01	1.436777e+02	2.414868e-01	6.433247e-02	5.969956e+02	
22  139.653	2.415609e+00	1.164950e-01	7.750390e-01	3.009112e+00	1.013143e+00	6.555356e-02	5.087875e-01	1.715548e-02	3.844171e+00	5.699612e+00	9.838443e-01	8.596395e+00	7.630235e-01	2.461677e-01	2.022307e+00	7.653002e-01	1.045893e+00	7.758913e+01	1.436777e+02	2.414868e-01	6.433247e-02	5.969956e+02	
11  139.643	2.415609e+00	1.164950e-01	7.750390e-01	3.009112e+00	1.013143e+00	6.555356e-02	5.087875e-01	1.715548e-02	3.844171e+00	5.699612e+00	9.838797e-01	8.596395e+00	7.630235e-01	2.461677e-01	2.022307e+00	7.653002e-01	1.045893e+00	7.758913e+01	1.436777e+02	2.414868e-01	6.433247e-02	5.969956e+02	
11  139.699	2.415609e+00	1.164950e-01	7.750390e-01	3.009112e+00	1.013143e+00	6.555356e-02	5.087875e-01	1.715548e-02	3.844171e+00	5.699612e+00	9.836983e-01	8.596395e+00	7.630235e-01	2.461677e-01	2.022307e+00	7.653002e-01	1.045893e+00	7.758913e+01	1.436777e+02	2.414868e-01	6.433247e-02	5.969956e+02	
11  139.92	2.415609e+00	1.164950e-01	7.750390e-01	3.009112e+00	1.013143e+00	6.555356e-02	5.087875e-01	1.715548e-02	3.844171e+00	5.699612e+00	9.831930e-01	8.596395e+00	7.630235e-01	2.461677e-01	2.022307e+00	7.653002e-01	1.045893e+00	7.758913e+01	1.436777e+02	2.414868e-01	6.433247e-02	5.969956e+02	
14  139.543	2.415609e+00	1.164950e-01	7.750390e-01	3.009112e+00	1.013143e+00	6.555356e-02	5.087875e-01	1.715548e-02	3.844171e+00	5.699612e+00	9.845160e-01	8.596395e+00	7.630235e-01	2.461677e-01	2.022307e+00	7.653002e-01	1.045893e+00	7.758913e+01	1.436777e+02	2.414868e-01	6.433247e-02	5.969956e+02	
8  138.885	2.408205e+00	1.167159e-01	7.766469e-01	3.015582e+00	1.015224e+00	6.789604e-02	5.110598e-01	4.092458e-03	3.825768e+00	5.486981e+00	9.854455e-01	8.814161e+00	7.633493e-01	2.461391e-01	2.036717e+00	7.900580e-01	1.046702e+00	7.776022e+01	1.436978e+02	2.411454e-01	6.466657e-02	5.938951e+02	
33  138.67	2.408205e+00	1.167159e-01	7.766469e-01	3.015582e+00	1.015224e+00	6.789604e-02	5.110598e-01	4.092458e-03	3.825768e+00	5.486981e+00	9.860576e-01	8.814161e+00	7.633493e-01	2.461391e-01	2.036717e+00	7.900580e-01	1.046702e+00	7.776022e+01	1.436978e+02	2.411454e-01	6.466657e-02	5.938951e+02	
33  138.757	2.408205e+00	1.167159e-01	7.766469e-01	3.015582e+00	1.015224e+00	6.789604e-02	5.110598e-01	4.092458e-03	3.825768e+00	5.486981e+00	9.876450e-01	8.814161e+00	7.633493e-01	2.461391e-01	2.036717e+00	7.900580e-01	1.046702e+00	7.776022e+01	1.436978e+02	2.411454e-01	6.466657e-02	5.938951e+02	
22  139.445	2.408205e+00	1.167159e-01	7.766469e-01	3.015582e+00	1.015224e+00	6.789604e-02	5.110598e-01	4.092458e-03	3.825768e+00	5.486981e+00	9.888534e-01	8.814161e+00	7.633493e-01	2.461391e-01	2.036717e+00	7.900580e-01	1.046702e+00	7.776022e+01	1.436978e+02	2.411454e-01	6.466657e-02	5.938951e+02	
22  139.03	2.408205e+00	1.167159e-01	7.766469e-01	3.015582e+00	1.015224e+00	6.789604e-02	5.110598e-01	4.092458e-03	3.825768e+00	5.486981e+00	9.882419e-01	8.814161e+00	7.633493e-01	2.461391e-01	2.036717e+00	7.900580e-01	1.046702e+00	7.776022e+01	1.436978e+02	2.411454e-01	6.466657e-02	5.938951e+02	
11  139.109	2.408205e+00	1.167159e-01	7.766469e-01	3.015582e+00	1.015224e+00	6.789604e-02	5.110598e-01	4.092458e-03	3.825768e+00	5.486981e+00	9.883754e-01	8.814161e+00	7.633493e-01	2.461391e-01	2.036717e+00	7.900580e-01	1.046702e+00	7.776022e+01	1.436978e+02	2.411454e-01	6.466657e-02	5.938951e+02	
11  138.663	2.408205e+00	1.167159e-01	7.766469e-01	3.015582e+00	1.015224e+00	6.789604e-02	5.110598e-01	4.092458e-03	3.825768e+00	5.486981e+00	9.873228e-01	8.814161e+00	7.633493e-01	2.461391e-01	2.036717e+00	7.900580e-01	1.046702e+00	7.776022e+01	1.436978e+02	2.411454e-01	6.466657e-02	5.938951e+02	
22  138.637	2.408205e+00	1.167159e-01	7.766469e-01	3.015582e+00	1.015224e+00	6.789604e-02	5.110598e-01	4.092458e-03	3.825768e+00	5.486981e+00	9.871966e-01	8.814161e+00	7.633493e-01	2.461391e-01	2.036717e+00	7.900580e-01	1.046702e+00	7.776022e+01	1.436978e+02	2.411454e-01	6.466657e-02	5.938951e+02	
34  139.257	2.408205e+00	1.167159e-01	7.766469e-01	3.015582e+00	1.015224e+00	6.789604e-02	5.110598e-01	4.092458e-03	3.825768e+00	5.486981e+00	9.885992e-01	8.814161e+00	7.633493e-01	2.461391e-01	2.036717e+00	7.900580e-01	1.046702e+00	7.776022e+01	1.436978e+02	2.411454e-01	6.466657e-02	5.938951e+02	
10  140.555	2.411430e+00	1.164439e-01	7.743185e-01	3.009988e+00	1.016471e+00	6.833155e-02	5.137904e-01	7.631406e-03	3.854054e+00	5.092849e+00	9.859807e-01	8.846153e+00	7.621527e-01	2.461432e-01	2.024879e+00	7.827669e-01	1.045583e+00	7.750934e+01	1.437228e+02	2.422063e-01	6.509680e-02	7.052366e+02	
11  141.237	2.411430e+00	1.164439e-01	7.743185e-01	3.009988e+00	1.016471e+00	6.833155e-02	5.137904e-01	7.631406e-03	3.854054e+00	5.092849e+00	9.868240e-01	8.846153e+00	7.621527e-01	2.461432e-01	2.024879e+00	7.827669e-01	1.045583e+00	7.750934e+01	1.437228e+02	2.422063e-01	6.509680e-02	7.052366e+02	
11  140.561	2.411430e+00	1.164439e-01	7.743185e-01	3.009988e+00	1.016471e+00	6.833155e-02	5.137904e-01	7.631406e-03	3.854054e+00	5.092849e+00	9.859894e-01	8.846153e+00	7.621527e-01	2.461432e-01	2.024879e+00	7.827669e-01	1.045583e+00	7.750934e+01	1.437228e+02	2.422063e-01	6.509680e-02	7.052366e+02	
11  141.18	2.411430e+00	1.164439e-01	7.743185e-01	3.009988e+00	1.016471e+00	6.833155e-02	5.137904e-01	7.631406e-03	3.854054e+00	5.092849e+00	9.867636e-01	8.846153e+00	7.621527e-01	2.461432e-01	2.024879e+00	7.827669e-01	1.045583e+00	7.750934e+01	1.437228e+02	2.422063e-01	6.509680e-02	7.052366e+02	
33  142.083	2.411430e+00	1.164439e-01	7.743185e-01	3.009988e+00	1.016471e+00	6.833155e-02	5.137904e-01	7.631406e-03	3.854054e+00	5.092849e+00	9.875925e-01	8.846153e+00	7.621527e-01	2.461432e-01	2.024879e+00	7.827669e-01	1.045583e+00	7.750934e+01	1.437228e+02	2.422063e-01	6.509680e-02	7.052366e+02	
22  140.758	2.411430e+00	1.164439e-01	7.743185e-01	3.009988e+00	1.016471e+00	6.833155e-02	5.137904e-01	7.631406e-03	3.854054e+00	5.092849e+00	9.862664e-01	8.846153e+00	7.621527e-01	2.461432e-01	2.024879e+00	7.827669e-01	1.045583e+00	7.750934e+01	1.437228e+02	2.422063e-01	6.509680e-02	7.052366e+02	
22  141.256	2.411430e+00	1.164439e-01	7.743185e-01	3.009988e+00	1.016471e+00	6.833155e-02	5.137904e-01	7.631406e-03	3.854054e+00	5.092849e+00	9.868437e-01	8.846153e+00	7.621527e-01	2.461432e-01	2.024879e+00	7.827669e-01	1.045583e+00	7.750934e+01	1.437228e+02	2.422063e-01	6.509680e-02	7.052366e+02	
11  141.563	2.411430e+00	1.164439e-01	7.743185e-01	3.009988e+00	1.016471e+00	6.833155e-02	5.137904e-01	7.631406e-03	3.854054e+00	5.092849e+00	9.871433e-01	8.846153e+00	7.621527e-01	2.461432e-01	2.024879e+00	7.827669e-01	1.045583e+00	7.750934e+01	1.437228e+02	2.422063e-01	6.509680e-02	7.052366e+02	
11  140.089	2.411430e+00	1.164439e-01	7.743185e-01	3.009988e+00	1.016471e+00	6.833155e-02	5.137904e-01	7.631406e-03	3.854054e+00	5.092849e+00	9.849792e-01	8.846153e+00	7.621527e-01	2.461432e-01	2.024879e+00	7.827669e-01	1.045583e+00	7.750934e+01	1.437228e+02	2.422063e-01	6.509680e-02	7.052366e+02	
11  140.206	2.411430e+00	1.164439e-01	7.743185e-01	3.009988e+00	1.016471e+00	6.833155e-02	5.137904e-01	7.631406e-03	3.854054e+00	5.092849e+00	9.853227e-01	8.846153e+00	7.621527e-01	2.461432e-01	2.024879e+00	7.827669e-01	1.045583e+00	7.750934e+01	1.437228e+02	2.422063e-01	6.509680e-02	7.052366e+02	
11  140.031	2.411430e+00	1.164439e-01	7.743185e-01	3.009988e+00	1.016471e+00	6.833155e-02	5.137904e-01	7.631406e-03	3.854054e+00	5.092849e+00	9.847461e-01	8.846153e+00	7.621527e-01	2.461432e-01	2.024879e+00	7.827669e-01	1.045583e+00	7.750934e+01	1.437228e+02	2.422063e-01	6.509680e-02	7.052366e+02	
11  140.807	2.411430e+00	1.164439e-01	7.743185e-01	3.009988e+00	1.016471e+00	6.833155e-02	5.137904e-01	7.631406e-03	3.854054e+00	5.092849e+00	9.863305e-01	8.846153e+00	7.621527e-01	2.461432e-01	2.024879e+00	7.827669e-01	1.045583e+00	7.750934e+01	1.437228e+02	2.422063e-01	6.509680e-02	7.052366e+02	
11  140.531	2.411430e+00	1.164439e-01	7.743185e-01	3.009988e+00	1.016471e+00	6.833155e-02	5.137904e-01	7.631406e-03	3.854054e+00	5.092849e+00	9.859422e-01	8.846153e+00	7.621527e-01	2.461432e-01	2.024879e+00	7.827669e-01	1.045583e+00	7.750934e+01	1.437228e+02	2.422063e-01	6.509680e-02	7.052366e+02	
22  140.713	2.411430e+00	1.164439e-01	7.743185e-01	3.009988e+00	1.016471e+00	6.833155e-02	5.137904e-01	7.631406e-03	3.854054e+00	5.092849e+00	9.822383e-01	8.846153e+00	7.621527e-01	2.461432e-01	2.024879e+00	7.827669e-01	1.045583e+00	7.750934e+01	1.437228e+02	2.422063e-01	6.509680e-02	7.052366e+02	
11  140.246	2.411430e+00	1.164439e-01	7.743185e-01	3.009988e+00	1.016471e+00	6.833155e-02	5.137904e-01	7.631406e-03	3.854054e+00	5.092849e+00	9.830211e-01	8.846153e+00	7.621527e-01	2.461432e-01	2.024879e+00	7.827669e-01	1.045583e+00	7.750934e+01	1.437228e+02	2.422063e-01	6.509680e-02	7.052366e+02	
22  140.061	2.411430e+00	1.164439e-01	7.743185e-01	3.009988e+00	1.016471e+00	6.833155e-02	5.137904e-01	7.631406e-03	3.854054e+00	5.092849e+00	9.835556e-01	8.846153e+00	7.621527e-01	2.461432e-01	2.024879e+00	7.827669e-01	1.045583e+00	7.750934e+01	1.437228e+02	2.422063e-01	6.509680e-02	7.052366e+02	
11  140.053	2.411430e+00	1.164439e-01	7.743185e-01	3.009988e+00	1.016471e+00	6.833155e-02	5.137904e-01	7.631406e-03	3.854054e+00	5.092849e+00	9.835890e-01	8.846153e+00	7.621527e-01	2.461432e-01	2.024879e+00	7.827669e-01	1.045583e+00	7.750934e+01	1.437228e+02	2.422063e-01	6.509680e-02	7.052366e+02	
11  141.32	2.411430e+00	1.164439e-01	7.743185e-01	3.009988e+00	1.016471e+00	6.833155e-02	5.137904e-01	7.631406e-03	3.854054e+00	5.092849e+00	9.815435e-01	8.846153e+00	7.621527e-01	2.461432e-01	2.024879e+00	7.827669e-01	1.045583e+00	7.750934e+01	1.437228e+02	2.422063e-01	6.509680e-02	7.052366e+02	
11  143.089	2.411430e+00	1.164439e-01	7.743185e-01	3.009988e+00	1.016471e+00	6.833155e-02	5.137904e-01	7.631406e-03	3.854054e+00	5.092849e+00	9.801521e-01	8.846153e+00	7.621527e-01	2.461432e-01	2.024879e+00	7.827669e-01	1.045583e+00	7.750934e+01	1.437228e+02	2.422063e-01	6.509680e-02	7.052366e+02	
11  142.904	2.411430e+00	1.164439e-01	7.743185e-01	3.009988e+00	1.016471e+00	6.833155e-02	5.137904e-01	7.631406e-03	3.854054e+00	5.092849e+00	9.802743e-01	8.846153e+00	7.621527e-01	2.461432e-01	2.024879e+00	7.827669e-01	1.045583e+00	7.750934e+01	1.437228e+02	2.422063e-01	6.509680e-02	7.052366e+02	
7  143.232	2.411430e+00	1.164439e-01	7.743185e-01	3.009988e+00	1.016471e+00	6.833155e-02	5.137904e-01	7.631406e-03	3.854054e+00	5.092849e+00	9.800604e-01	8.846153e+00	7.621527e-01	2.461432e-01	2.024879e+00	7.827669e-01	1.045583e+00	7.750934e+01	1.437228e+02	2.422063e-01	6.509680e-02	7.052366e+02	
4  143.212	2.417868e+00	1.170637e-01	7.817641e-01	3.005531e+00	1.019914e+00	6.481137e-02	5.339628e-01	2.336561e-02	3.829385e+00	5.274248e+00	9.807025e-01	8.529008e+00	7.661622e-01	2.461831e-01	2.015804e+00	7.609097e-01	1.047427e+00	7.823618e+01	1.433660e+02	2.381419e-01	6.704240e-02	6.213257e+02	
11  142.072	2.417868e+00	1.170637e-01	7.817641e-01	3.005531e+00	1.019914e+00	6.481137e-02	5.339628e-01	2.336561e-02	3.829385e+00	5.274248e+00	9.821321e-01	8.529008e+00	7.661622e-01	2.461831e-01	2.015804e+00	7.609097e-01	1.047427e+00	7.823618e+01	1.433660e+02	2.381419e-01	6.704240e-02	6.213257e+02	
2  141.714	2.417868e+00	1.170637e-01	7.817641e-01	3.005531e+00	1.019914e+00	6.481137e-02	5.339628e-01	2.336561e-02	3.829385e+00	5.274248e+00	9.833133e-01	8.529008e+00	7.661622e-01	2.461831e-01	2.015804e+00	7.609097e-01	1.047427e+00	7.823618e+01	1.433660e+02	2.381419e-01	6.704240e-02	6.213257e+02	
9  139.778	2.422479e+00	1.164398e-01	7.800923e-01	3.010792e+00	1.021072e+00	6.524036e-02	5.436655e-01	2.132277e-02	3.770792e+00	5.372664e+00	9.859543e-01	8.528404e+00	7.659775e-01	2.462076e-01	2.026771e+00	7.616932e-01	1.045855e+00	7.808350e+01	1.434158e+02	2.384864e-01	6.824023e-02	5.282311e+02	
11  140.289	2.422479e+00	1.164398e-01	7.800923e-01	3.010792e+00	1.021072e+00	6.524036e-02	5.436655e-01	2.132277e-02	3.770792e+00	5.372664e+00	9.890248e-01	8.528404e+00	7.659775e-01	2.462076e-01	2.026771e+00	7.616932e-01	1.045855e+00	7.808350e+01	1.434158e+02	2.384864e-01	6.824023e-02	5.282311e+02	
11  139.991	2.422479e+00	1.164398e-01	7.800923e-01	3.010792e+00	1.021072e+00	6.524036e-02	5.436655e-01	2.132277e-02	3.770792e+00	5.372664e+00	9.885621e-01	8.528404e+00	7.659775e-01	2.462076e-01	2.026771e+00	7.616932e-01	1.045855e+00	7.808350e+01	1.434158e+02	2.384864e-01	6.824023e-02	5.282311e+02	
22  140.03	2.422479e+00	1.164398e-01	7.800923e-01	3.010792e+00	1.021072e+00	6.524036e-02	5.436655e-01	2.132277e-02	3.770792e+00	5.372664e+00	9.886305e-01	8.528404e+00	7.659775e-01	2.462076e-01	2.026771e+00	7.616932e-01	1.045855e+00	7.808350e+01	1.434158e+02	2.384864e-01	6.824023e-02	5.282311e+02	
11  139.938	2.422479e+00	1.164398e-01	7.800923e-01	3.010792e+00	1.021072e+00	6.524036e-02	5.436655e-01	2.132277e-02	3.770792e+00	5.372664e+00	9.884651e-01	8.528404e+00	7.659775e-01	2.462076e-01	2.026771e+00	7.616932e-01	1.045855e+00	7.808350e+01	1.434158e+02	2.384864e-01	6.824023e-02	5.282311e+02	
11  139.575	2.422479e+00	1.164398e-01	7.800923e-01	3.010792e+00	1.021072e+00	6.524036e-02	5.436655e-01	2.132277e-02	3.770792e+00	5.372664e+00	9.867430e-01	8.528404e+00	7.659775e-01	2.462076e-01	2.026771e+00	7.616932e-01	1.045855e+00	7.808350e+01	1.434158e+02	2.384864e-01	6.824023e-02	5.282311e+02	
11  139.559	2.422479e+00	1.164398e-01	7.800923e-01	3.010792e+00	1.021072e+00	6.524036e-02	5.436655e-01	2.132277e-02	3.770792e+00	5.372664e+00	9.870744e-01	8.528404e+00	7.659775e-01	2.462076e-01	2.026771e+00	7.616932e-01	1.045855e+00	7.808350e+01	1.434158e+02	2.384864e-01	6.824023e-02	5.282311e+02	
11  139.587	2.422479e+00	1.164398e-01	7.800923e-01	3.010792e+00	1.021072e+00	6.524036e-02	5.436655e-01	2.132277e-02	3.770792e+00	5.372664e+00	9.866490e-01	8.528404e+00	7.659775e-01	2.462076e-01	2.026771e+00	7.616932e-01	1.045855e+00	7.808350e+01	1.434158e+02	2.384864e-01	6.824023e-02	5.282311e+02	
11  139.561	2.422479e+00	1.164398e-01	7.800923e-01	3.010792e+00	1.021072e+00	6.524036e-02	5.436655e-01	2.132277e-02	3.770792e+00	5.372664e+00	9.871343e-01	8.528404e+00	7.659775e-01	2.462076e-01	2.026771e+00	7.616932e-01	1.045855e+00	7.808350e+01	1.434158e+02	2.384864e-01	6.824023e-02	5.282311e+02	
11  139.839	2.422479e+00	1.164398e-01	7.800923e-01	3.010792e+00	1.021072e+00	6.524036e-02	5.436655e-01	2.132277e-02	3.770792e+00	5.372664e+00	9.858142e-01	8.528404e+00	7.659775e-01	2.462076e-01	2.026771e+00	7.616932e-01	1.045855e+00	7.808350e+01	1.434158e+02	2.384864e-01	6.824023e-02	5.282311e+02	
11  139.559	2.422479e+00	1.164398e-01	7.800923e-01	3.010792e+00	1.021072e+00	6.524036e-02	5.436655e-01	2.132277e-02	3.770792e+00	5.372664e+00	9.870598e-01	8.528404e+00	7.659775e-01	2.462076e-01	2.026771e+00	7.616932e-01	1.045855e+00	7.808350e+01	1.434158e+02	2.384864e-01	6.824023e-02	5.282311e+02	
11  140.418	2.422479e+00	1.164398e-01	7.800923e-01	3.010792e+00	1.021072e+00	6.524036e-02	5.436655e-01	2.132277e-02	3.770792e+00	5.372664e+00	9.891940e-01	8.528404e+00	7.659775e-01	2.462076e-01	2.026771e+00	7.616932e-01	1.045855e+00	7.808350e+01	1.434158e+02	2.384864e-01	6.824023e-02	5.282311e+02	
8  140.214	2.422479e+00	1.164398e-01	7.800923e-01	3.010792e+00	1.021072e+00	6.524036e-02	5.436655e-01	2.132277e-02	3.770792e+00	5.372664e+00	9.889197e-01	8.528404e+00	7.659775e-01	2.462076e-01	2.026771e+00	7.616932e-01	1.045855e+00	7.808350e+01	1.434158e+02	2.384864e-01	6.824023e-02	5.282311e+02	
14  141.645	2.405834e+00	1.179278e-01	7.786314e-01	3.018625e+00	1.017051e+00	6.636722e-02	5.330322e-01	1.996561e-02	3.793804e+00	5.379107e+00	9.899429e-01	8.699790e+00	7.628140e-01	2.461380e-01	2.042832e+00	7.737250e-01	1.047868e+00	7.796845e+01	1.432819e+02	2.414136e-01	6.703514e-02	5.398036e+02	
11  140.321	2.405834e+00	1.179278e-01	7.786314e-01	3.018625e+00	1.017051e+00	6.636722e-02	5.330322e-01	1.996561e-02	3.793804e+00	5.379107e+00	9.875788e-01	8.699790e+00	7.628140e-01	2.461380e-01	2.042832e+00	7.737250e-01	1.047868e+00	7.796845e+01	1.432819e+02	2.414136e-01	6.703514e-02	5.398036e+02	
22  140.299	2.405834e+00	1.179278e-01	7.786314e-01	3.018625e+00	1.017051e+00	6.636722e-02	5.330322e-01	1.996561e-02	3.793804e+00	5.379107e+00	9.872613e-01	8.699790e+00	7.628140e-01	2.461380e-01	2.042832e+00	7.737250e-01	1.047868e+00	7.796845e+01	1.432819e+02	2.414136e-01	6.703514e-02	5.398036e+02	
22  140.491	2.405834e+00	1.179278e-01	7.786314e-01	3.018625e+00	1.017051e+00	6.636722e-02	5.330322e-01	1.996561e-02	3.793804e+00	5.379107e+00	9.882475e-01	8.699790e+00	7.628140e-01	2.461380e-01	2.042832e+00	7.737250e-01	1.047868e+00	7.796845e+01	1.432819e+02	2.414136e-01	6.703514e-02	5.398036e+02	
22  141.766	2.405834e+00	1.179278e-01	7.786314e-01	3.018625e+00	1.017051e+00	6.636722e-02	5.330322e-01	1.996561e-02	3.793804e+00	5.379107e+00	9.900621e-01	8.699790e+00	7.628140e-01	2.461380e-01	2.042832e+00	7.737250e-01	1.047868e+00	7.796845e+01	1.432819e+02	2.414136e-01	6.703514e-02	5.398036e+02	
22  140.729	2.405834e+00	1.179278e-01	7.786314e-01	3.018625e+00	1.017051e+00	6.636722e-02	5.330322e-01	1.996561e-02	3.793804e+00	5.379107e+00	9.887593e-01	8.699790e+00	7.628140e-01	2.461380e-01	2.042832e+00	7.737250e-01	1.047868e+00	7.796845e+01	1.432819e+02	2.414136e-01	6.703514e-02	5.398036e+02	
2  140.301	2.405834e+00	1.179278e-01	7.786314e-01	3.018625e+00	1.017051e+00	6.636722e-02	5.330322e-01	1.996561e-02	3.793804e+00	5.379107e+00	9.873304e-01	8.699790e+00	7.628140e-01	2.461380e-01	2.042832e+00	7.737250e-01	1.047868e+00	7.796845e+01	1.432819e+02	2.414136e-01	6.703514e-02	5.398036e+02	
9  139.526	2.413026e+00	1.180811e-01	7.702473e-01	3.020264e+00	1.020875e+00	6.652119e-02	5.114944e-01	2.096871e-02	3.814460e+00	5.513584e+00	9.879081e-01	8.710424e+00	7.570362e-01	2.461591e-01	2.046362e+00	7.730389e-01	1.046265e+00	7.712080e+01	1.433041e+02	2.476371e-01	6.478094e-02	5.608632e+02	
11  139.5	2.413026e+00	1.180811e-01	7.702473e-01	3.020264e+00	1.020875e+00	6.652119e-02	5.114944e-01	2.096871e-02	3.814460e+00	5.513584e+00	9.875919e-01	8.710424e+00	7.570362e-01	2.461591e-01	2.046362e+00	7.730389e-01	1.046265e+00	7.712080e+01	1.433041e+02	2.476371e-01	6.478094e-02	5.608632e+02	
11  139.835	2.413026e+00	1.180811e-01	7.702473e-01	3.020264e+00	1.020875e+00	6.652119e-02	5.114944e-01	2.096871e-02	3.814460e+00	5.513584e+00	9.888684e-01	8.710424e+00	7.570362e-01	2.461591e-01	2.046362e+00	7.730389e-01	1.046265e+00	7.712080e+01	1.433041e+02	2.476371e-01	6.478094e-02	5.608632e+02	
11  139.637	2.413026e+00	1.180811e-01	7.702473e-01	3.020264e+00	1.020875e+00	6.652119e-02	5.114944e-01	2.096871e-02	3.814460e+00	5.513584e+00	9.866458e-01	8.710424e+00	7.570362e-01	2.461591e-01	2.046362e+00	7.730389e-01	1.046265e+00	7.712080e+01	1.433041e+02	2.476371e-01	6.478094e-02	5.608632e+02	
11  139.674	2.413026e+00	1.180811e-01	7.702473e-01	3.020264e+00	1.020875e+00	6.652119e-02	5.114944e-01	2.096871e-02	3.814460e+00	5.513584e+00	9.865396e-01	8.710424e+00	7.570362e-01	2.461591e-01	2.046362e+00	7.730389e-01	1.046265e+00	7.712080e+01	1.433041e+02	2.476371e-01	6.478094e-02	5.608632e+02	
11  139.838	2.413026e+00	1.180811e-01	7.702473e-01	3.020264e+00	1.020875e+00	6.652119e-02	5.114944e-01	2.096871e-02	3.814460e+00	5.513584e+00	9.888753e-01	8.710424e+00	7.570362e-01	2.461591e-01	2.046362e+00	7.730389e-01	1.046265e+00	7.712080e+01	1.433041e+02	2.476371e-01	6.478094e-02	5.608632e+02	
22  140.014	2.413026e+00	1.180811e-01	7.702473e-01	3.020264e+00	1.020875e+00	6.652119e-02	5.114944e-01	2.096871e-02	3.814460e+00	5.513584e+00	9.891890e-01	8.710424e+00	7.570362e-01	2.461591e-01	2.046362e+00	7.730389e-01	1.046265e+00	7.712080e+01	1.433041e+02	2.476371e-01	6.478094e-02	5.608632e+02	
11  140.382	2.413026e+00	1.180811e-01	7.702473e-01	3.020264e+00	1.020875e+00	6.652119e-02	5.114944e-01	2.096871e-02	3.814460e+00	5.513584e+00	9.897026e-01	8.710424e+00	7.570362e-01	2.461591e-01	2.046362e+00	7.730389e-01	1.046265e+00	7.712080e+01	1.433041e+02	2.476371e-01	6.478094e-02	5.608632e+02	
11  139.626	2.413026e+00	1.180811e-01	7.702473e-01	3.020264e+00	1.020875e+00	6.652119e-02	5.114944e-01	2.096871e-02	3.814460e+00	5.513584e+00	9.883517e-01	8.710424e+00	7.570362e-01	2.461591e-01	2.046362e+00	7.730389e-01	1.046265e+00	7.712080e+01	1.433041e+02	2.476371e-01	6.478094e-02	5.608632e+02	
33  139.647	2.413026e+00	1.180811e-01	7.702473e-01	3.020264e+00	1.020875e+00	6.652119e-02	5.114944e-01	2.096871e-02	3.814460e+00	5.513584e+00	9.884179e-01	8.710424e+00	7.570362e-01	2.461591e-01	2.046362e+00	7.730389e-01	1.046265e+00	7.712080e+01	1.433041e+02	2.476371e-01	6.478094e-02	5.608632e+02	
11  139.535	2.413026e+00	1.180811e-01	7.702473e-01	3.020264e+00	1.020875e+00	6.652119e-02	5.114944e-01	2.096871e-02	3.814460e+00	5.513584e+00	9.870653e-01	8.710424e+00	7.570362e-01	2.461591e-01	2.046362e+00	7.730389e-01	1.046265e+00	7.712080e+01	1.433041e+02	2.476371e-01	6.478094e-02	5.608632e+02	
11  139.579	2.413026e+00	1.180811e-01	7.702473e-01	3.020264e+00	1.020875e+00	6.652119e-02	5.114944e-01	2.096871e-02	3.814460e+00	5.513584e+00	9.868511e-01	8.710424e+00	7.570362e-01	2.461591e-01	2.046362e+00	7.730389e-01	1.046265e+00	7.712080e+01	1.433041e+02	2.476371e-01	6.478094e-02	5.608632e+02	
11  139.603	2.413026e+00	1.180811e-01	7.702473e-01	3.020264e+00	1.020875e+00	6.652119e-02	5.114944e-01	2.096871e-02	3.814460e+00	5.513584e+00	9.867583e-01	8.710424e+00	7.570362e-01	2.461591e-01	2.046362e+00	7.730389e-01	1.046265e+00	7.712080e+01	1.433041e+02	2.476371e-01	6.478094e-02	5.608632e+02	
11  139.845	2.413026e+00	1.180811e-01	7.702473e-01	3.020264e+00	1.020875e+00	6.652119e-02	5.114944e-01	2.096871e-02	3.814460e+00	5.513584e+00	9.888884e-01	8.710424e+00	7.570362e-01	2.461591e-01	2.046362e+00	7.730389e-01	1.046265e+00	7.712080e+01	1.433041e+02	2.476371e-01	6.478094e-02	5.608632e+02	
11  139.672	2.413026e+00	1.180811e-01	7.702473e-01	3.020264e+00	1.020875e+00	6.652119e-02	5.114944e-01	2.096871e-02	3.814460e+00	5.513584e+00	9.884899e-01	8.710424e+00	7.570362e-01	2.461591e-01	2.046362e+00	7.730389e-01	1.046265e+00	7.712080e+01	1.433041e+02	2.476371e-01	6.478094e-02	5.608632e+02	
22  139.992	2.413026e+00	1.180811e-01	7.702473e-01	3.020264e+00	1.020875e+00	6.652119e-02	5.114944e-01	2.096871e-02	3.814460e+00	5.513584e+00	9.858857e-01	8.710424e+00	7.570362e-01	2.461591e-01	2.046362e+00	7.730389e-01	1.046265e+00	7.712080e+01	1.433041e+02	2.476371e-01	6.478094e-02	5.608632e+02	
11  140.226	2.413026e+00	1.180811e-01	7.702473e-01	3.020264e+00	1.020875e+00	6.652119e-02	5.114944e-01	2.096871e-02	3.814460e+00	5.513584e+00	9.855375e-01	8.710424e+00	7.570362e-01	2.461591e-01	2.046362e+00	7.730389e-01	1.046265e+00	7.712080e+01	1.433041e+02	2.476371e-01	6.478094e-02	5.608632e+02	
11  139.514	2.413026e+00	1.180811e-01	7.702473e-01	3.020264e+00	1.020875e+00	6.652119e-02	5.114944e-01	2.096871e-02	3.814460e+00	5.513584e+00	9.872158e-01	8.710424e+00	7.570362e-01	2.461591e-01	2.046362e+00	7.730389e-01	1.046265e+00	7.712080e+01	1.433041e+02	2.476371e-01	6.478094e-02	5.608632e+02	
11  139.553	2.413026e+00	1.180811e-01	7.702473e-01	3.020264e+00	1.020875e+00	6.652119e-02	5.114944e-01	2.096871e-02	3.814460e+00	5.513584e+00	9.880678e-01	8.710424e+00	7.570362e-01	2.461591e-01	2.046362e+00	7.730389e-01	1.046265e+00	7.712080e+01	1.433041e+02	2.476371e-01	6.478094e-02	5.608632e+02	
11  139.671	2.413026e+00	1.180811e-01	7.702473e-01	3.020264e+00	1.020875e+00	6.652119e-02	5.114944e-01	2.096871e-02	3.814460e+00	5.513584e+00	9.884869e-01	8.710424e+00	7.570362e-01	2.461591e-01	2.046362e+00	7.730389e-01	1.046265e+00	7.712080e+01	1.433041e+02	2.476371e-01	6.478094e-02	5.608632e+02	
11  139.549	2.413026e+00	1.180811e-01	7.702473e-01	3.020264e+00	1.020875e+00	6.652119e-02	5.114944e-01	2.096871e-02	3.814460e+00	5.513584e+00	9.880463e-01	8.710424e+00	7.570362e-01	2.461591e-01	2.046362e+00	7.730389e-01	1.046265e+00	7.712080e+01	1.433041e+02	2.476371e-01	6.478094e-02	5.608632e+02	
11  139.928	2.413026e+00	1.180811e-01	7.702473e-01	3.020264e+00	1.020875e+00	6.652119e-02	5.114944e-01	2.096871e-02	3.814460e+00	5.513584e+00	9.890440e-01	8.710424e+00	7.570362e-01	2.461591e-01	2.046362e+00	7.730389e-01	1.046265e+00	7.712080e+01	1.433041e+02	2.476371e-01	6.478094e-02	5.608632e+02	
11  140.462	2.413026e+00	1.180811e-01	7.702473e-01	3.020264e+00	1.020875e+00	6.652119e-02	5.114944e-01	2.096871e-02	3.814460e+00	5.513584e+00	9.898012e-01	8.710424e+00	7.570362e-01	2.461591e-01	2.046362e+00	7.730389e-01	1.046265e+00	7.712080e+01	1.433041e+02	2.476371e-01	6.478094e-02	5.608632e+02	
11  139.927	2.413026e+00	1.180811e-01	7.702473e-01	3.020264e+00	1.020875e+00	6.652119e-02	5.114944e-01	2.096871e-02	3.814460e+00	5.513584e+00	9.890419e-01	8.710424e+00	7.570362e-01	2.461591e-01	2.046362e+00	7.730389e-01	1.046265e+00	7.712080e+01	1.433041e+02	2.476371e-01	6.478094e-02	5.608632e+02	
11  139.511	2.413026e+00	1.180811e-01	7.702473e-01	3.020264e+00	1.020875e+00	6.652119e-02	5.114944e-01	2.096871e-02	3.814460e+00	5.513584e+00	9.872463e-01	8.710424e+00	7.570362e-01	2.461591e-01	2.046362e+00	7.730389e-01	1.046265e+00	7.712080e+01	1.433041e+02	2.476371e-01	6.478094e-02	5.608632e+02	
11  139.529	2.413026e+00	1.180811e-01	7.702473e-01	3.020264e+00	1.020875e+00	6.652119e-02	5.114944e-01	2.096871e-02	3.814460e+00	5.513584e+00	9.879313e-01	8.710424e+00	7.570362e-01	2.461591e-01	2.046362e+00	7.730389e-01	1.046265e+00	7.712080e+01	1.433041e+02	2.476371e-01	6.478094e-02	5.608632e+02	
44  139.599	2.413026e+00	1.180811e-01	7.702473e-01	3.020264e+00	1.020875e+00	6.652119e-02	5.114944e-01	2.096871e-02	3.814460e+00	5.513584e+00	9.867730e-01	8.710424e+00	7.570362e-01	2.461591e-01	2.046362e+00	7.730389e-01	1.046265e+00	7.712080e+01	1.433041e+02	2.476371e-01	6.478094e-02	5.608632e+02	
22  139.498	2.413026e+00	1.180811e-01	7.702473e-01	3.020264e+00	1.020875e+00	6.652119e-02	5.114944e-01	2.096871e-02	3.814460e+00	5.513584e+00	9.874683e-01	8.710424e+00	7.570362e-01	2.461591e-01	2.046362e+00	7.730389e-01	1.046265e+00	7.712080e+01	1.433041e+02	2.476371e-01	6.478094e-02	5.608632e+02	
21  139.518	2.413026e+00	1.180811e-01	7.702473e-01	3.020264e+00	1.020875e+00	6.652119e-02	5.114944e-01	2.096871e-02	3.814460e+00	5.513584e+00	9.871834e-01	8.710424e+00	7.570362e-01	2.461591e-01	2.046362e+00	7.730389e-01	1.046265e+00	7.712080e+01	1.433041e+02	2.476371e-01	6.478094e-02	5.608632e+02	
1  138.064	2.406390e+00	1.203067e-01	7.692022e-01	3.020785e+00	1.014057e+00	6.327160e-02	5.430571e-01	4.143976e-02	3.819602e+00	5.669068e+00	9.875950e-01	8.467499e+00	7.530741e-01	2.461350e-01	2.047081e+00	7.500392e-01	1.047439e+00	7.704992e+01	1.426412e+02	2.509992e-01	6.826226e-02	5.233727e+02	
33  137.903	2.406390e+00	1.203067e-01	7.692022e-01	3.020785e+00	1.014057e+00	6.327160e-02	5.430571e-01	4.143976e-02	3.819602e+00	5.669068e+00	9.870500e-01	8.467499e+00	7.530741e-01	2.461350e-01	2.047081e+00	7.500392e-01	1.047439e+00	7.704992e+01	1.426412e+02	2.509992e-01	6.826226e-02	5.233727e+02	
11  137.988	2.406390e+00	1.203067e-01	7.692022e-01	3.020785e+00	1.014057e+00	6.327160e-02	5.430571e-01	4.143976e-02	3.819602e+00	5.669068e+00	9.873824e-01	8.467499e+00	7.530741e-01	2.461350e-01	2.047081e+00	7.500392e-01	1.047439e+00	7.704992e+01	1.426412e+02	2.509992e-01	6.826226e-02	5.233727e+02	
11  137.997	2.406390e+00	1.203067e-01	7.692022e-01	3.020785e+00	1.014057e+00	6.327160e-02	5.430571e-01	4.143976e-02	3.819602e+00	5.669068e+00	9.874085e-01	8.467499e+00	7.530741e-01	2.461350e-01	2.047081e+00	7.500392e-01	1.047439e+00	7.704992e+01	1.426412e+02	2.509992e-01	6.826226e-02	5.233727e+02	
