3  103.75	2.279863e+00	1.255441e-01	7.185111e-01	3.060358e+00	9.839941e-01	6.958640e-02	4.935276e-01	2.106830e-02	4.385306e+00	6.773231e+00	9.997905e-01	9.207167e+00	7.110549e-01	2.455653e-01	2.133177e+00	8.023330e-01	1.042785e+00	7.185395e+01	1.428501e+02	2.888609e-01	6.238373e-02	1.608182e+03	
8  103.176	2.257358e+00	1.262550e-01	7.090092e-01	3.045857e+00	9.802641e-01	6.224354e-02	4.548916e-01	2.100801e-02	4.357356e+00	9.963641e+00	9.987070e-01	8.546804e+00	7.026477e-01	2.454807e-01	2.103596e+00	7.968962e-01	1.042612e+00	7.091006e+01	1.431175e+02	2.973305e-01	5.734732e-02	9.812780e+02	
11  104.795	2.257358e+00	1.262550e-01	7.090092e-01	3.045857e+00	9.802641e-01	6.224354e-02	4.548916e-01	2.100801e-02	4.357356e+00	9.963641e+00	1.001399e+00	8.546804e+00	7.026477e-01	2.454807e-01	2.103596e+00	7.968962e-01	1.042612e+00	7.091006e+01	1.431175e+02	2.973305e-01	5.734732e-02	9.812780e+02	
19  103.41	2.257358e+00	1.262550e-01	7.090092e-01	3.045857e+00	9.802641e-01	6.224354e-02	4.548916e-01	2.100801e-02	4.357356e+00	9.963641e+00	9.995729e-01	8.546804e+00	7.026477e-01	2.454807e-01	2.103596e+00	7.968962e-01	1.042612e+00	7.091006e+01	1.431175e+02	2.973305e-01	5.734732e-02	9.812780e+02	
25  103.832	2.257670e+00	1.254078e-01	7.083360e-01	3.043244e+00	9.792437e-01	6.367896e-02	4.341008e-01	1.320707e-02	4.367758e+00	1.015817e+01	9.982649e-01	8.665727e+00	7.038187e-01	2.454823e-01	2.098155e+00	8.031255e-01	1.042243e+00	7.084285e+01	1.434216e+02	2.961600e-01	5.477373e-02	9.896379e+02	
6  104.73	2.257670e+00	1.254078e-01	7.083360e-01	3.043244e+00	9.792437e-01	6.367896e-02	4.341008e-01	1.320707e-02	4.367758e+00	1.015817e+01	9.953443e-01	8.665727e+00	7.038187e-01	2.454823e-01	2.098155e+00	8.031255e-01	1.042243e+00	7.084285e+01	1.434216e+02	2.961600e-01	5.477373e-02	9.896379e+02	
8  104.525	2.247406e+00	1.239440e-01	7.089504e-01	3.053854e+00	9.791588e-01	6.922470e-02	3.989552e-01	1.306379e-02	4.358008e+00	9.738098e+00	9.954839e-01	9.200227e+00	7.075025e-01	2.454373e-01	2.120320e+00	8.039454e-01	1.042366e+00	7.090234e+01	1.440484e+02	2.925627e-01	5.065939e-02	1.014724e+03	
30  105.184	2.255239e+00	1.232865e-01	7.195319e-01	3.033349e+00	9.778510e-01	6.144732e-02	4.479279e-01	1.127866e-02	4.367048e+00	8.940464e+00	9.948887e-01	8.425842e+00	7.169901e-01	2.454688e-01	2.077539e+00	7.943452e-01	1.042888e+00	7.194231e+01	1.438985e+02	2.829140e-01	5.666034e-02	1.117701e+03	
41  106.689	2.255239e+00	1.232865e-01	7.195319e-01	3.033349e+00	9.778510e-01	6.144732e-02	4.479279e-01	1.127866e-02	4.367048e+00	8.940464e+00	9.936985e-01	8.425842e+00	7.169901e-01	2.454688e-01	2.077539e+00	7.943452e-01	1.042888e+00	7.194231e+01	1.438985e+02	2.829140e-01	5.666034e-02	1.117701e+03	
3  106.046	2.209777e+00	1.275861e-01	6.956482e-01	3.053503e+00	9.708818e-01	6.035285e-02	4.078473e-01	2.780131e-02	4.422783e+00	9.825140e+00	9.969221e-01	8.492917e+00	6.891679e-01	2.452759e-01	2.120903e+00	7.974468e-01	1.042908e+00	6.957999e+01	1.434931e+02	3.110496e-01	5.186184e-02	1.151854e+03	
13  105.853	2.209777e+00	1.275861e-01	6.956482e-01	3.053503e+00	9.708818e-01	6.035285e-02	4.078473e-01	2.780131e-02	4.422783e+00	9.825140e+00	9.971162e-01	8.492917e+00	6.891679e-01	2.452759e-01	2.120903e+00	7.974468e-01	1.042908e+00	6.957999e+01	1.434931e+02	3.110496e-01	5.186184e-02	1.151854e+03	
9  108.017	2.206859e+00	1.281246e-01	6.979105e-01	3.057064e+00	9.629363e-01	6.729693e-02	4.537847e-01	1.267700e-02	4.441843e+00	9.152034e+00	9.943324e-01	9.214261e+00	6.900225e-01	2.452627e-01	2.129250e+00	8.151231e-01	1.042736e+00	6.979086e+01	1.431830e+02	3.100743e-01	5.744423e-02	1.276792e+03	
77  106.292	2.206859e+00	1.281246e-01	6.979105e-01	3.057064e+00	9.629363e-01	6.729693e-02	4.537847e-01	1.267700e-02	4.441843e+00	9.152034e+00	9.966395e-01	9.214261e+00	6.900225e-01	2.452627e-01	2.129250e+00	8.151231e-01	1.042736e+00	6.979086e+01	1.431830e+02	3.100743e-01	5.744423e-02	1.276792e+03	
22  106.604	2.206859e+00	1.281246e-01	6.979105e-01	3.057064e+00	9.629363e-01	6.729693e-02	4.537847e-01	1.267700e-02	4.441843e+00	9.152034e+00	9.959433e-01	9.214261e+00	6.900225e-01	2.452627e-01	2.129250e+00	8.151231e-01	1.042736e+00	6.979086e+01	1.431830e+02	3.100743e-01	5.744423e-02	1.276792e+03	
11  107.35	2.206859e+00	1.281246e-01	6.979105e-01	3.057064e+00	9.629363e-01	6.729693e-02	4.537847e-01	1.267700e-02	4.441843e+00	9.152034e+00	1.000074e+00	9.214261e+00	6.900225e-01	2.452627e-01	2.129250e+00	8.151231e-01	1.042736e+00	6.979086e+01	1.431830e+02	3.100743e-01	5.744423e-02	1.276792e+03	
8  106.344	2.206859e+00	1.281246e-01	6.979105e-01	3.057064e+00	9.629363e-01	6.729693e-02	4.537847e-01	1.267700e-02	4.441843e+00	9.152034e+00	9.985360e-01	9.214261e+00	6.900225e-01	2.452627e-01	2.129250e+00	8.151231e-01	1.042736e+00	6.979086e+01	1.431830e+02	3.100743e-01	5.744423e-02	1.276792e+03	
25  105.957	2.257192e+00	1.262595e-01	7.104118e-01	3.046874e+00	9.704162e-01	6.127300e-02	4.587354e-01	2.811932e-02	4.319299e+00	6.721705e+00	9.992594e-01	8.469773e+00	7.031155e-01	2.454737e-01	2.106721e+00	7.875636e-01	1.042869e+00	7.103055e+01	1.430519e+02	2.967823e-01	5.824444e-02	1.396129e+03	
8  105.425	2.257192e+00	1.262595e-01	7.104118e-01	3.046874e+00	9.704162e-01	6.127300e-02	4.587354e-01	2.811932e-02	4.319299e+00	6.721705e+00	9.976865e-01	8.469773e+00	7.031155e-01	2.454737e-01	2.106721e+00	7.875636e-01	1.042869e+00	7.103055e+01	1.430519e+02	2.967823e-01	5.824444e-02	1.396129e+03	
1  105.29	2.272135e+00	1.263561e-01	7.175941e-01	3.060848e+00	9.699762e-01	6.808316e-02	5.192717e-01	1.024408e-02	4.078743e+00	9.502291e+00	1.001666e+00	9.093956e+00	7.087299e-01	2.455479e-01	2.136254e+00	8.099309e-01	1.042619e+00	7.175156e+01	1.426179e+02	2.907884e-01	6.483992e-02	5.577632e+02	
2  104.613	2.260859e+00	1.247703e-01	7.158278e-01	3.073370e+00	9.695640e-01	7.978888e-02	4.627143e-01	4.967901e-03	4.159214e+00	8.325038e+00	9.970067e-01	1.017298e+01	7.108877e-01	2.454972e-01	2.163695e+00	8.190517e-01	1.042720e+00	7.158076e+01	1.433885e+02	2.890164e-01	5.832788e-02	7.724188e+02	
8  104.822	2.260859e+00	1.247703e-01	7.158278e-01	3.073370e+00	9.695640e-01	7.978888e-02	4.627143e-01	4.967901e-03	4.159214e+00	8.325038e+00	9.998976e-01	1.017298e+01	7.108877e-01	2.454972e-01	2.163695e+00	8.190517e-01	1.042720e+00	7.158076e+01	1.433885e+02	2.890164e-01	5.832788e-02	7.724188e+02	
24  105.127	2.298967e+00	1.242267e-01	7.303833e-01	3.046756e+00	9.718177e-01	6.887354e-02	5.327923e-01	3.880074e-03	4.445082e+00	8.737910e+00	1.000027e+00	9.049066e+00	7.232037e-01	2.456548e-01	2.105341e+00	8.063173e-01	1.042970e+00	7.303182e+01	1.428131e+02	2.767665e-01	6.673425e-02	1.349623e+03	
1  105.331	2.304020e+00	1.289011e-01	7.255114e-01	3.054065e+00	9.705379e-01	6.888818e-02	6.466663e-01	9.071149e-03	4.678321e+00	9.532839e+00	1.001985e+00	9.125355e+00	7.115533e-01	2.456758e-01	2.120029e+00	8.167950e-01	1.042567e+00	7.255358e+01	1.411210e+02	2.885201e-01	7.983726e-02	2.081632e+03	
22  104.281	2.304020e+00	1.289011e-01	7.255114e-01	3.054065e+00	9.705379e-01	6.888818e-02	6.466663e-01	9.071149e-03	4.678321e+00	9.532839e+00	9.997924e-01	9.125355e+00	7.115533e-01	2.456758e-01	2.120029e+00	8.167950e-01	1.042567e+00	7.255358e+01	1.411210e+02	2.885201e-01	7.983726e-02	2.081632e+03	
22  104.279	2.304020e+00	1.289011e-01	7.255114e-01	3.054065e+00	9.705379e-01	6.888818e-02	6.466663e-01	9.071149e-03	4.678321e+00	9.532839e+00	9.993957e-01	9.125355e+00	7.115533e-01	2.456758e-01	2.120029e+00	8.167950e-01	1.042567e+00	7.255358e+01	1.411210e+02	2.885201e-01	7.983726e-02	2.081632e+03	
11  105.808	2.304020e+00	1.289011e-01	7.255114e-01	3.054065e+00	9.705379e-01	6.888818e-02	6.466663e-01	9.071149e-03	4.678321e+00	9.532839e+00	9.966898e-01	9.125355e+00	7.115533e-01	2.456758e-01	2.120029e+00	8.167950e-01	1.042567e+00	7.255358e+01	1.411210e+02	2.885201e-01	7.983726e-02	2.081632e+03	
11  104.281	2.304020e+00	1.289011e-01	7.255114e-01	3.054065e+00	9.705379e-01	6.888818e-02	6.466663e-01	9.071149e-03	4.678321e+00	9.532839e+00	9.997929e-01	9.125355e+00	7.115533e-01	2.456758e-01	2.120029e+00	8.167950e-01	1.042567e+00	7.255358e+01	1.411210e+02	2.885201e-01	7.983726e-02	2.081632e+03	
22  105.76	2.304020e+00	1.289011e-01	7.255114e-01	3.054065e+00	9.705379e-01	6.888818e-02	6.466663e-01	9.071149e-03	4.678321e+00	9.532839e+00	9.967347e-01	9.125355e+00	7.115533e-01	2.456758e-01	2.120029e+00	8.167950e-01	1.042567e+00	7.255358e+01	1.411210e+02	2.885201e-01	7.983726e-02	2.081632e+03	
11  104.365	2.304020e+00	1.289011e-01	7.255114e-01	3.054065e+00	9.705379e-01	6.888818e-02	6.466663e-01	9.071149e-03	4.678321e+00	9.532839e+00	9.988852e-01	9.125355e+00	7.115533e-01	2.456758e-01	2.120029e+00	8.167950e-01	1.042567e+00	7.255358e+01	1.411210e+02	2.885201e-01	7.983726e-02	2.081632e+03	
44  104.691	2.304020e+00	1.289011e-01	7.255114e-01	3.054065e+00	9.705379e-01	6.888818e-02	6.466663e-01	9.071149e-03	4.678321e+00	9.532839e+00	9.980730e-01	9.125355e+00	7.115533e-01	2.456758e-01	2.120029e+00	8.167950e-01	1.042567e+00	7.255358e+01	1.411210e+02	2.885201e-01	7.983726e-02	2.081632e+03	
11  104.876	2.304020e+00	1.289011e-01	7.255114e-01	3.054065e+00	9.705379e-01	6.888818e-02	6.466663e-01	9.071149e-03	4.678321e+00	9.532839e+00	9.977678e-01	9.125355e+00	7.115533e-01	2.456758e-01	2.120029e+00	8.167950e-01	1.042567e+00	7.255358e+01	1.411210e+02	2.885201e-01	7.983726e-02	2.081632e+03	
22  105.606	2.304020e+00	1.289011e-01	7.255114e-01	3.054065e+00	9.705379e-01	6.888818e-02	6.466663e-01	9.071149e-03	4.678321e+00	9.532839e+00	9.968857e-01	9.125355e+00	7.115533e-01	2.456758e-01	2.120029e+00	8.167950e-01	1.042567e+00	7.255358e+01	1.411210e+02	2.885201e-01	7.983726e-02	2.081632e+03	
11  104.292	2.304020e+00	1.289011e-01	7.255114e-01	3.054065e+00	9.705379e-01	6.888818e-02	6.466663e-01	9.071149e-03	4.678321e+00	9.532839e+00	9.992603e-01	9.125355e+00	7.115533e-01	2.456758e-01	2.120029e+00	8.167950e-01	1.042567e+00	7.255358e+01	1.411210e+02	2.885201e-01	7.983726e-02	2.081632e+03	
55  104.34	2.304020e+00	1.289011e-01	7.255114e-01	3.054065e+00	9.705379e-01	6.888818e-02	6.466663e-01	9.071149e-03	4.678321e+00	9.532839e+00	9.989961e-01	9.125355e+00	7.115533e-01	2.456758e-01	2.120029e+00	8.167950e-01	1.042567e+00	7.255358e+01	1.411210e+02	2.885201e-01	7.983726e-02	2.081632e+03	
11  106.07	2.304020e+00	1.289011e-01	7.255114e-01	3.054065e+00	9.705379e-01	6.888818e-02	6.466663e-01	9.071149e-03	4.678321e+00	9.532839e+00	9.964528e-01	9.125355e+00	7.115533e-01	2.456758e-01	2.120029e+00	8.167950e-01	1.042567e+00	7.255358e+01	1.411210e+02	2.885201e-01	7.983726e-02	2.081632e+03	
30  105.08	2.304020e+00	1.289011e-01	7.255114e-01	3.054065e+00	9.705379e-01	6.888818e-02	6.466663e-01	9.071149e-03	4.678321e+00	9.532839e+00	9.974830e-01	9.125355e+00	7.115533e-01	2.456758e-01	2.120029e+00	8.167950e-01	1.042567e+00	7.255358e+01	1.411210e+02	2.885201e-01	7.983726e-02	2.081632e+03	
3  104.725	2.314773e+00	1.300067e-01	7.236207e-01	3.048820e+00	9.750750e-01	6.621972e-02	6.653449e-01	1.790923e-02	4.607087e+00	8.128647e+00	9.963476e-01	8.876833e+00	7.070104e-01	2.457146e-01	2.108187e+00	8.087170e-01	1.042203e+00	7.236079e+01	1.406589e+02	2.929758e-01	8.207545e-02	2.144735e+03	
20  104.307	2.314773e+00	1.300067e-01	7.236207e-01	3.048820e+00	9.750750e-01	6.621972e-02	6.653449e-01	1.790923e-02	4.607087e+00	8.128647e+00	9.979243e-01	8.876833e+00	7.070104e-01	2.457146e-01	2.108187e+00	8.087170e-01	1.042203e+00	7.236079e+01	1.406589e+02	2.929758e-01	8.207545e-02	2.144735e+03	
68  104.616	2.269124e+00	1.273977e-01	7.112479e-01	3.030004e+00	9.694223e-01	6.220443e-02	5.302773e-01	4.325600e-03	4.368805e+00	1.028590e+01	9.938210e-01	8.534872e+00	7.020308e-01	2.455349e-01	2.071327e+00	8.089406e-01	1.041609e+00	7.112772e+01	1.423803e+02	2.977287e-01	6.606178e-02	9.620264e+02	
22  104.628	2.269124e+00	1.273977e-01	7.112479e-01	3.030004e+00	9.694223e-01	6.220443e-02	5.302773e-01	4.325600e-03	4.368805e+00	1.028590e+01	9.937750e-01	8.534872e+00	7.020308e-01	2.455349e-01	2.071327e+00	8.089406e-01	1.041609e+00	7.112772e+01	1.423803e+02	2.977287e-01	6.606178e-02	9.620264e+02	
9  104.533	2.269124e+00	1.273977e-01	7.112479e-01	3.030004e+00	9.694223e-01	6.220443e-02	5.302773e-01	4.325600e-03	4.368805e+00	1.028590e+01	9.943223e-01	8.534872e+00	7.020308e-01	2.455349e-01	2.071327e+00	8.089406e-01	1.041609e+00	7.112772e+01	1.423803e+02	2.977287e-01	6.606178e-02	9.620264e+02	
16  106.627	2.265667e+00	1.288925e-01	7.026330e-01	3.050233e+00	9.695137e-01	6.644352e-02	4.844518e-01	2.787091e-02	4.537676e+00	8.447891e+00	9.937999e-01	8.994197e+00	6.917678e-01	2.455106e-01	2.112096e+00	7.984095e-01	1.042252e+00	7.027381e+01	1.422180e+02	3.083470e-01	6.134190e-02	1.772362e+03	
25  106.829	2.262446e+00	1.307925e-01	7.056277e-01	3.053956e+00	9.703177e-01	6.651646e-02	5.286076e-01	3.419273e-02	4.499270e+00	7.789798e+00	9.932890e-01	9.052019e+00	6.906440e-01	2.454965e-01	2.120166e+00	7.997473e-01	1.043638e+00	7.056387e+01	1.415831e+02	3.094382e-01	6.658310e-02	1.774594e+03	
2  106.637	2.251472e+00	1.347219e-01	7.011485e-01	3.042386e+00	9.701625e-01	6.200758e-02	6.061438e-01	3.726584e-02	4.347321e+00	7.420256e+00	9.901490e-01	8.710764e+00	6.785454e-01	2.454551e-01	2.097285e+00	7.977288e-01	1.043889e+00	7.010053e+01	1.404414e+02	3.214958e-01	7.540125e-02	1.303414e+03	
14  106.757	2.280089e+00	1.332185e-01	7.139631e-01	3.039217e+00	9.783737e-01	5.632114e-02	6.225262e-01	5.173866e-02	4.382356e+00	5.709922e+00	9.937406e-01	8.043889e+00	6.921484e-01	2.455697e-01	2.089045e+00	7.862064e-01	1.044791e+00	7.139151e+01	1.403883e+02	3.077339e-01	7.739034e-02	1.947316e+03	
31  106.985	2.280089e+00	1.332185e-01	7.139631e-01	3.039217e+00	9.783737e-01	5.632114e-02	6.225262e-01	5.173866e-02	4.382356e+00	5.709922e+00	9.943767e-01	8.043889e+00	6.921484e-01	2.455697e-01	2.089045e+00	7.862064e-01	1.044791e+00	7.139151e+01	1.403883e+02	3.077339e-01	7.739034e-02	1.947316e+03	
13  104.18	2.269754e+00	1.338576e-01	7.107759e-01	3.046170e+00	9.812759e-01	6.022879e-02	6.411249e-01	4.606128e-02	4.405001e+00	6.024050e+00	9.952280e-01	8.480796e+00	6.883895e-01	2.455259e-01	2.103557e+00	7.963561e-01	1.044212e+00	7.107761e+01	1.402881e+02	3.114845e-01	7.947287e-02	1.929256e+03	
18  104.381	2.269754e+00	1.338576e-01	7.107759e-01	3.046170e+00	9.812759e-01	6.022879e-02	6.411249e-01	4.606128e-02	4.405001e+00	6.024050e+00	9.924540e-01	8.480796e+00	6.883895e-01	2.455259e-01	2.103557e+00	7.963561e-01	1.044212e+00	7.107761e+01	1.402881e+02	3.114845e-01	7.947287e-02	1.929256e+03	
3  105.349	2.315670e+00	1.299718e-01	7.323432e-01	3.058484e+00	9.834345e-01	6.783793e-02	6.767362e-01	3.554147e-02	4.365851e+00	5.500729e+00	9.966001e-01	9.040361e+00	7.131503e-01	2.457158e-01	2.129033e+00	7.979642e-01	1.044174e+00	7.323794e+01	1.405739e+02	2.866203e-01	8.351654e-02	1.938520e+03	
1  107.366	2.343937e+00	1.235899e-01	7.454440e-01	3.034779e+00	9.868706e-01	6.248485e-02	5.870982e-01	2.289217e-02	4.271560e+00	5.421008e+00	9.957508e-01	8.340415e+00	7.338150e-01	2.458266e-01	2.079605e+00	7.804297e-01	1.043550e+00	7.453072e+01	1.422185e+02	2.660014e-01	7.325194e-02	1.575697e+03	
11  107.073	2.343937e+00	1.235899e-01	7.454440e-01	3.034779e+00	9.868706e-01	6.248485e-02	5.870982e-01	2.289217e-02	4.271560e+00	5.421008e+00	1.000564e+00	8.340415e+00	7.338150e-01	2.458266e-01	2.079605e+00	7.804297e-01	1.043550e+00	7.453072e+01	1.422185e+02	2.660014e-01	7.325194e-02	1.575697e+03	
15  109.102	2.343937e+00	1.235899e-01	7.454440e-01	3.034779e+00	9.868706e-01	6.248485e-02	5.870982e-01	2.289217e-02	4.271560e+00	5.421008e+00	1.002350e+00	8.340415e+00	7.338150e-01	2.458266e-01	2.079605e+00	7.804297e-01	1.043550e+00	7.453072e+01	1.422185e+02	2.660014e-01	7.325194e-02	1.575697e+03	
7  108.125	2.363416e+00	1.213150e-01	7.671545e-01	2.992417e+00	9.883506e-01	5.491950e-02	6.887337e-01	9.400951e-04	4.284154e+00	5.818931e+00	9.974585e-01	7.527869e+00	7.523347e-01	2.459054e-01	1.993880e+00	7.764122e-01	1.043304e+00	7.667223e+01	1.421469e+02	2.474806e-01	8.464833e-02	1.499780e+03	
4  107.512	2.363416e+00	1.213150e-01	7.671545e-01	2.992417e+00	9.883506e-01	5.491950e-02	6.887337e-01	9.400951e-04	4.284154e+00	5.818931e+00	9.938789e-01	7.527869e+00	7.523347e-01	2.459054e-01	1.993880e+00	7.764122e-01	1.043304e+00	7.667223e+01	1.421469e+02	2.474806e-01	8.464833e-02	1.499780e+03	
6  105.416	2.325236e+00	1.267304e-01	7.431266e-01	3.030570e+00	9.909282e-01	7.003499e-02	6.746840e-01	8.791437e-03	4.263292e+00	5.720079e+00	9.914901e-01	9.153227e+00	7.272747e-01	2.457539e-01	2.070837e+00	8.053968e-01	1.043780e+00	7.430828e+01	1.412989e+02	2.725468e-01	8.301806e-02	1.492584e+03	
35  105.845	2.316195e+00	1.311554e-01	7.245168e-01	3.036500e+00	9.785643e-01	7.117598e-02	6.654529e-01	3.205231e-03	4.307422e+00	5.611892e+00	9.884689e-01	9.362150e+00	7.047662e-01	2.457179e-01	2.083894e+00	8.245968e-01	1.043496e+00	7.245451e+01	1.403894e+02	2.950468e-01	8.194861e-02	1.683150e+03	
30  110.067	2.234374e+00	1.375909e-01	6.794878e-01	3.061283e+00	9.673820e-01	6.986398e-02	5.447270e-01	9.358078e-03	4.569692e+00	7.212115e+00	9.907838e-01	9.598944e+00	6.521580e-01	2.453745e-01	2.136665e+00	8.496728e-01	1.042813e+00	6.799203e+01	1.402696e+02	3.477662e-01	6.831975e-02	2.279729e+03	
1  106.332	2.255982e+00	1.362144e-01	6.875023e-01	3.048655e+00	9.657745e-01	6.351759e-02	5.542772e-01	1.553770e-02	4.589602e+00	8.179893e+00	9.916900e-01	8.871593e+00	6.630037e-01	2.454697e-01	2.110158e+00	8.326281e-01	1.042950e+00	6.875688e+01	1.403087e+02	3.371010e-01	6.931244e-02	2.050105e+03	
1  105.305	2.258879e+00	1.386140e-01	6.939234e-01	3.049872e+00	9.682831e-01	6.353553e-02	6.826940e-01	1.895024e-02	4.616661e+00	7.044723e+00	9.933980e-01	8.927617e+00	6.641120e-01	2.454817e-01	2.111518e+00	8.350962e-01	1.042872e+00	6.941118e+01	1.391763e+02	3.357435e-01	8.406767e-02	2.586777e+03	
11  105.612	2.258879e+00	1.386140e-01	6.939234e-01	3.049872e+00	9.682831e-01	6.353553e-02	6.826940e-01	1.895024e-02	4.616661e+00	7.044723e+00	9.920298e-01	8.927617e+00	6.641120e-01	2.454817e-01	2.111518e+00	8.350962e-01	1.042872e+00	6.941118e+01	1.391763e+02	3.357435e-01	8.406767e-02	2.586777e+03	
2  105.319	2.258879e+00	1.386140e-01	6.939234e-01	3.049872e+00	9.682831e-01	6.353553e-02	6.826940e-01	1.895024e-02	4.616661e+00	7.044723e+00	9.930410e-01	8.927617e+00	6.641120e-01	2.454817e-01	2.111518e+00	8.350962e-01	1.042872e+00	6.941118e+01	1.391763e+02	3.357435e-01	8.406767e-02	2.586777e+03	
31  105.288	2.246458e+00	1.317614e-01	6.897262e-01	3.054412e+00	9.767194e-01	6.249410e-02	4.600455e-01	2.198697e-02	4.495365e+00	7.307912e+00	9.967878e-01	8.721685e+00	6.738793e-01	2.454230e-01	2.121677e+00	8.205516e-01	1.042609e+00	6.898757e+01	1.418547e+02	3.261405e-01	5.833619e-02	1.925081e+03	
4  105.429	2.246458e+00	1.317614e-01	6.897262e-01	3.054412e+00	9.767194e-01	6.249410e-02	4.600455e-01	2.198697e-02	4.495365e+00	7.307912e+00	9.972684e-01	8.721685e+00	6.738793e-01	2.454230e-01	2.121677e+00	8.205516e-01	1.042609e+00	6.898757e+01	1.418547e+02	3.261405e-01	5.833619e-02	1.925081e+03	
18  104.366	2.244732e+00	1.294704e-01	6.941376e-01	3.062479e+00	9.863465e-01	6.840740e-02	4.183734e-01	2.598669e-02	4.491534e+00	6.229276e+00	9.964266e-01	9.276744e+00	6.827810e-01	2.454087e-01	2.136433e+00	8.192754e-01	1.043047e+00	6.944493e+01	1.425749e+02	3.171124e-01	5.355491e-02	2.320050e+03	
22  104.446	2.244732e+00	1.294704e-01	6.941376e-01	3.062479e+00	9.863465e-01	6.840740e-02	4.183734e-01	2.598669e-02	4.491534e+00	6.229276e+00	9.967744e-01	9.276744e+00	6.827810e-01	2.454087e-01	2.136433e+00	8.192754e-01	1.043047e+00	6.944493e+01	1.425749e+02	3.171124e-01	5.355491e-02	2.320050e+03	
33  105.266	2.244732e+00	1.294704e-01	6.941376e-01	3.062479e+00	9.863465e-01	6.840740e-02	4.183734e-01	2.598669e-02	4.491534e+00	6.229276e+00	9.982535e-01	9.276744e+00	6.827810e-01	2.454087e-01	2.136433e+00	8.192754e-01	1.043047e+00	6.944493e+01	1.425749e+02	3.171124e-01	5.355491e-02	2.320050e+03	
11  104.382	2.244732e+00	1.294704e-01	6.941376e-01	3.062479e+00	9.863465e-01	6.840740e-02	4.183734e-01	2.598669e-02	4.491534e+00	6.229276e+00	9.954480e-01	9.276744e+00	6.827810e-01	2.454087e-01	2.136433e+00	8.192754e-01	1.043047e+00	6.944493e+01	1.425749e+02	3.171124e-01	5.355491e-02	2.320050e+03	
11  106.323	2.244732e+00	1.294704e-01	6.941376e-01	3.062479e+00	9.863465e-01	6.840740e-02	4.183734e-01	2.598669e-02	4.491534e+00	6.229276e+00	9.927054e-01	9.276744e+00	6.827810e-01	2.454087e-01	2.136433e+00	8.192754e-01	1.043047e+00	6.944493e+01	1.425749e+02	3.171124e-01	5.355491e-02	2.320050e+03	
8  105.694	2.244732e+00	1.294704e-01	6.941376e-01	3.062479e+00	9.863465e-01	6.840740e-02	4.183734e-01	2.598669e-02	4.491534e+00	6.229276e+00	9.932681e-01	9.276744e+00	6.827810e-01	2.454087e-01	2.136433e+00	8.192754e-01	1.043047e+00	6.944493e+01	1.425749e+02	3.171124e-01	5.355491e-02	2.320050e+03	
14  102.932	2.255695e+00	1.276181e-01	7.037357e-01	3.066325e+00	9.836339e-01	6.724356e-02	4.508147e-01	1.840224e-02	4.441242e+00	7.310375e+00	9.997341e-01	9.087543e+00	6.949644e-01	2.454632e-01	2.146417e+00	8.169149e-01	1.042673e+00	7.038139e+01	1.428056e+02	3.049942e-01	5.723597e-02	1.685771e+03	
22  102.01	2.255695e+00	1.276181e-01	7.037357e-01	3.066325e+00	9.836339e-01	6.724356e-02	4.508147e-01	1.840224e-02	4.441242e+00	7.310375e+00	1.003160e+00	9.087543e+00	6.949644e-01	2.454632e-01	2.146417e+00	8.169149e-01	1.042673e+00	7.038139e+01	1.428056e+02	3.049942e-01	5.723597e-02	1.685771e+03	
11  101.834	2.255695e+00	1.276181e-01	7.037357e-01	3.066325e+00	9.836339e-01	6.724356e-02	4.508147e-01	1.840224e-02	4.441242e+00	7.310375e+00	1.002154e+00	9.087543e+00	6.949644e-01	2.454632e-01	2.146417e+00	8.169149e-01	1.042673e+00	7.038139e+01	1.428056e+02	3.049942e-01	5.723597e-02	1.685771e+03	
11  101.837	2.255695e+00	1.276181e-01	7.037357e-01	3.066325e+00	9.836339e-01	6.724356e-02	4.508147e-01	1.840224e-02	4.441242e+00	7.310375e+00	1.002300e+00	9.087543e+00	6.949644e-01	2.454632e-01	2.146417e+00	8.169149e-01	1.042673e+00	7.038139e+01	1.428056e+02	3.049942e-01	5.723597e-02	1.685771e+03	
22  102.028	2.255695e+00	1.276181e-01	7.037357e-01	3.066325e+00	9.836339e-01	6.724356e-02	4.508147e-01	1.840224e-02	4.441242e+00	7.310375e+00	1.003208e+00	9.087543e+00	6.949644e-01	2.454632e-01	2.146417e+00	8.169149e-01	1.042673e+00	7.038139e+01	1.428056e+02	3.049942e-01	5.723597e-02	1.685771e+03	
44  102.54	2.255695e+00	1.276181e-01	7.037357e-01	3.066325e+00	9.836339e-01	6.724356e-02	4.508147e-01	1.840224e-02	4.441242e+00	7.310375e+00	1.000216e+00	9.087543e+00	6.949644e-01	2.454632e-01	2.146417e+00	8.169149e-01	1.042673e+00	7.038139e+01	1.428056e+02	3.049942e-01	5.723597e-02	1.685771e+03	
22  102.071	2.255695e+00	1.276181e-01	7.037357e-01	3.066325e+00	9.836339e-01	6.724356e-02	4.508147e-01	1.840224e-02	4.441242e+00	7.310375e+00	1.001038e+00	9.087543e+00	6.949644e-01	2.454632e-01	2.146417e+00	8.169149e-01	1.042673e+00	7.038139e+01	1.428056e+02	3.049942e-01	5.723597e-02	1.685771e+03	
9  102.877	2.255695e+00	1.276181e-01	7.037357e-01	3.066325e+00	9.836339e-01	6.724356e-02	4.508147e-01	1.840224e-02	4.441242e+00	7.310375e+00	9.997959e-01	9.087543e+00	6.949644e-01	2.454632e-01	2.146417e+00	8.169149e-01	1.042673e+00	7.038139e+01	1.428056e+02	3.049942e-01	5.723597e-02	1.685771e+03	
13  103.648	2.247375e+00	1.289860e-01	7.086304e-01	3.075778e+00	9.809040e-01	7.390931e-02	5.201429e-01	1.562477e-02	4.272908e+00	6.675740e+00	9.984247e-01	9.777347e+00	6.965880e-01	2.454325e-01	2.168278e+00	8.247665e-01	1.043416e+00	7.087236e+01	1.422569e+02	3.033271e-01	6.537368e-02	1.274217e+03	
33  103.237	2.247375e+00	1.289860e-01	7.086304e-01	3.075778e+00	9.809040e-01	7.390931e-02	5.201429e-01	1.562477e-02	4.272908e+00	6.675740e+00	9.988609e-01	9.777347e+00	6.965880e-01	2.454325e-01	2.168278e+00	8.247665e-01	1.043416e+00	7.087236e+01	1.422569e+02	3.033271e-01	6.537368e-02	1.274217e+03	
22  103.129	2.247375e+00	1.289860e-01	7.086304e-01	3.075778e+00	9.809040e-01	7.390931e-02	5.201429e-01	1.562477e-02	4.272908e+00	6.675740e+00	1.003389e+00	9.777347e+00	6.965880e-01	2.454325e-01	2.168278e+00	8.247665e-01	1.043416e+00	7.087236e+01	1.422569e+02	3.033271e-01	6.537368e-02	1.274217e+03	
11  103.108	2.247375e+00	1.289860e-01	7.086304e-01	3.075778e+00	9.809040e-01	7.390931e-02	5.201429e-01	1.562477e-02	4.272908e+00	6.675740e+00	1.003363e+00	9.777347e+00	6.965880e-01	2.454325e-01	2.168278e+00	8.247665e-01	1.043416e+00	7.087236e+01	1.422569e+02	3.033271e-01	6.537368e-02	1.274217e+03	
13  102.251	2.247375e+00	1.289860e-01	7.086304e-01	3.075778e+00	9.809040e-01	7.390931e-02	5.201429e-01	1.562477e-02	4.272908e+00	6.675740e+00	1.001021e+00	9.777347e+00	6.965880e-01	2.454325e-01	2.168278e+00	8.247665e-01	1.043416e+00	7.087236e+01	1.422569e+02	3.033271e-01	6.537368e-02	1.274217e+03	
1  102.613	2.242337e+00	1.264049e-01	7.023764e-01	3.062098e+00	9.736199e-01	7.214343e-02	4.020821e-01	3.531149e-03	4.493651e+00	7.760206e+00	9.965753e-01	9.557789e+00	6.969539e-01	2.454077e-01	2.137353e+00	8.269717e-01	1.043059e+00	7.024078e+01	1.434567e+02	3.032259e-01	5.139679e-02	1.774493e+03	
5  103.524	2.257276e+00	1.267188e-01	7.065608e-01	3.072952e+00	9.791853e-01	7.713873e-02	4.351371e-01	8.264805e-03	4.536391e+00	6.670009e+00	9.971731e-01	1.000072e+01	6.996359e-01	2.454685e-01	2.158484e+00	8.281020e-01	1.043138e+00	7.069235e+01	1.430432e+02	3.004088e-01	5.561440e-02	2.333304e+03	
14  104.796	2.277291e+00	1.270730e-01	7.129189e-01	3.081494e+00	9.893011e-01	8.039561e-02	4.636293e-01	2.215126e-02	4.041748e+00	7.362172e+00	9.974348e-01	1.024028e+01	7.037361e-01	2.455579e-01	2.180236e+00	8.120340e-01	1.043747e+00	7.129214e+01	1.426465e+02	2.963729e-01	5.858259e-02	6.998831e+02	
7  107.259	2.277291e+00	1.270730e-01	7.129189e-01	3.081494e+00	9.893011e-01	8.039561e-02	4.636293e-01	2.215126e-02	4.041748e+00	7.362172e+00	1.000656e+00	1.024028e+01	7.037361e-01	2.455579e-01	2.180236e+00	8.120340e-01	1.043747e+00	7.129214e+01	1.426465e+02	2.963729e-01	5.858259e-02	6.998831e+02	
4  107.488	2.259897e+00	1.299327e-01	6.984716e-01	3.072734e+00	9.856035e-01	7.339766e-02	4.482148e-01	2.734605e-02	4.307345e+00	9.532739e+00	9.997386e-01	9.691298e+00	6.861321e-01	2.454873e-01	2.161051e+00	8.121738e-01	1.043386e+00	6.985893e+01	1.422176e+02	3.141489e-01	5.664928e-02	9.242595e+02	
44  103.992	2.259897e+00	1.299327e-01	6.984716e-01	3.072734e+00	9.856035e-01	7.339766e-02	4.482148e-01	2.734605e-02	4.307345e+00	9.532739e+00	9.960621e-01	9.691298e+00	6.861321e-01	2.454873e-01	2.161051e+00	8.121738e-01	1.043386e+00	6.985893e+01	1.422176e+02	3.141489e-01	5.664928e-02	9.242595e+02	
5  105.196	2.259897e+00	1.299327e-01	6.984716e-01	3.072734e+00	9.856035e-01	7.339766e-02	4.482148e-01	2.734605e-02	4.307345e+00	9.532739e+00	9.979674e-01	9.691298e+00	6.861321e-01	2.454873e-01	2.161051e+00	8.121738e-01	1.043386e+00	6.985893e+01	1.422176e+02	3.141489e-01	5.664928e-02	9.242595e+02	
28  105.826	2.302754e+00	1.316303e-01	7.052869e-01	3.052240e+00	9.883141e-01	6.214573e-02	5.143757e-01	2.831505e-02	4.505630e+00	8.687516e+00	9.983156e-01	8.534536e+00	6.881878e-01	2.456619e-01	2.115687e+00	8.123190e-01	1.043693e+00	7.053130e+01	1.410804e+02	3.119062e-01	6.452893e-02	1.600131e+03	
3  104.915	2.302754e+00	1.316303e-01	7.052869e-01	3.052240e+00	9.883141e-01	6.214573e-02	5.143757e-01	2.831505e-02	4.505630e+00	8.687516e+00	9.951532e-01	8.534536e+00	6.881878e-01	2.456619e-01	2.115687e+00	8.123190e-01	1.043693e+00	7.053130e+01	1.410804e+02	3.119062e-01	6.452893e-02	1.600131e+03	
30  104.953	2.286391e+00	1.306722e-01	7.104706e-01	3.044416e+00	9.868712e-01	6.306945e-02	5.506311e-01	1.865008e-02	4.404859e+00	9.411432e+00	9.942101e-01	8.648788e+00	6.948935e-01	2.455985e-01	2.099987e+00	8.137251e-01	1.043520e+00	7.104124e+01	1.413227e+02	3.052098e-01	6.861106e-02	1.153205e+03	
11  106.867	2.286391e+00	1.306722e-01	7.104706e-01	3.044416e+00	9.868712e-01	6.306945e-02	5.506311e-01	1.865008e-02	4.404859e+00	9.411432e+00	9.919166e-01	8.648788e+00	6.948935e-01	2.455985e-01	2.099987e+00	8.137251e-01	1.043520e+00	7.104124e+01	1.413227e+02	3.052098e-01	6.861106e-02	1.153205e+03	
3  105.548	2.286391e+00	1.306722e-01	7.104706e-01	3.044416e+00	9.868712e-01	6.306945e-02	5.506311e-01	1.865008e-02	4.404859e+00	9.411432e+00	9.974362e-01	8.648788e+00	6.948935e-01	2.455985e-01	2.099987e+00	8.137251e-01	1.043520e+00	7.104124e+01	1.413227e+02	3.052098e-01	6.861106e-02	1.153205e+03	
8  109.604	2.273361e+00	1.316055e-01	7.259061e-01	3.033583e+00	1.000991e+00	6.464331e-02	7.175903e-01	1.625454e-02	4.060728e+00	7.716060e+00	9.962860e-01	8.880025e+00	7.056865e-01	2.455439e-01	2.075480e+00	8.118821e-01	1.043712e+00	7.258994e+01	1.404803e+02	2.938803e-01	8.781384e-02	7.058170e+02	
11  109.752	2.273361e+00	1.316055e-01	7.259061e-01	3.033583e+00	1.000991e+00	6.464331e-02	7.175903e-01	1.625454e-02	4.060728e+00	7.716060e+00	9.965309e-01	8.880025e+00	7.056865e-01	2.455439e-01	2.075480e+00	8.118821e-01	1.043712e+00	7.258994e+01	1.404803e+02	2.938803e-01	8.781384e-02	7.058170e+02	
11  110.881	2.273361e+00	1.316055e-01	7.259061e-01	3.033583e+00	1.000991e+00	6.464331e-02	7.175903e-01	1.625454e-02	4.060728e+00	7.716060e+00	9.917262e-01	8.880025e+00	7.056865e-01	2.455439e-01	2.075480e+00	8.118821e-01	1.043712e+00	7.258994e+01	1.404803e+02	2.938803e-01	8.781384e-02	7.058170e+02	
14  111.007	2.273361e+00	1.316055e-01	7.259061e-01	3.033583e+00	1.000991e+00	6.464331e-02	7.175903e-01	1.625454e-02	4.060728e+00	7.716060e+00	9.916183e-01	8.880025e+00	7.056865e-01	2.455439e-01	2.075480e+00	8.118821e-01	1.043712e+00	7.258994e+01	1.404803e+02	2.938803e-01	8.781384e-02	7.058170e+02	
5  107.009	2.235484e+00	1.308923e-01	7.017739e-01	3.056935e+00	9.950613e-01	6.803647e-02	5.256124e-01	3.398282e-02	3.983625e+00	9.543742e+00	9.928831e-01	9.284033e+00	6.868488e-01	2.453801e-01	2.125673e+00	7.935433e-01	1.043465e+00	7.017651e+01	1.418952e+02	3.128783e-01	6.596611e-02	4.582684e+02	
38  107.74	2.278075e+00	1.304211e-01	7.151534e-01	3.038050e+00	9.949595e-01	6.303736e-02	5.826948e-01	2.864733e-02	3.940322e+00	8.885236e+00	9.907232e-01	8.682649e+00	6.987682e-01	2.455623e-01	2.084608e+00	7.906595e-01	1.043786e+00	7.150866e+01	1.413015e+02	3.008185e-01	7.254865e-02	4.579166e+02	
9  108.568	2.261025e+00	1.302995e-01	7.118852e-01	3.021753e+00	9.896188e-01	5.709214e-02	5.880311e-01	1.413321e-02	4.054163e+00	1.017959e+01	9.909879e-01	8.114473e+00	6.964433e-01	2.454953e-01	2.050701e+00	8.051783e-01	1.043033e+00	7.118499e+01	1.414950e+02	3.029110e-01	7.292379e-02	5.114813e+02	
5  107.915	2.261025e+00	1.302995e-01	7.118852e-01	3.021753e+00	9.896188e-01	5.709214e-02	5.880311e-01	1.413321e-02	4.054163e+00	1.017959e+01	9.916267e-01	8.114473e+00	6.964433e-01	2.454953e-01	2.050701e+00	8.051783e-01	1.043033e+00	7.118499e+01	1.414950e+02	3.029110e-01	7.292379e-02	5.114813e+02	
3  108.161	2.257871e+00	1.277346e-01	7.111207e-01	3.030661e+00	9.889479e-01	5.936700e-02	4.953254e-01	2.174722e-02	4.322987e+00	8.756439e+00	9.920693e-01	8.302470e+00	7.012863e-01	2.454759e-01	2.071521e+00	7.974727e-01	1.043402e+00	7.110320e+01	1.425628e+02	2.986969e-01	6.225694e-02	1.047725e+03	
25  105.562	2.302940e+00	1.257566e-01	7.274748e-01	3.045732e+00	1.000218e+00	5.933636e-02	5.331025e-01	3.252663e-02	4.462372e+00	7.105342e+00	1.000591e+00	8.168709e+00	7.173269e-01	2.456545e-01	2.100342e+00	7.910274e-01	1.043627e+00	7.274750e+01	1.423734e+02	2.825700e-01	6.703708e-02	1.813630e+03	
22  105.4	2.302940e+00	1.257566e-01	7.274748e-01	3.045732e+00	1.000218e+00	5.933636e-02	5.331025e-01	3.252663e-02	4.462372e+00	7.105342e+00	1.005156e+00	8.168709e+00	7.173269e-01	2.456545e-01	2.100342e+00	7.910274e-01	1.043627e+00	7.274750e+01	1.423734e+02	2.825700e-01	6.703708e-02	1.813630e+03	
22  104.529	2.302940e+00	1.257566e-01	7.274748e-01	3.045732e+00	1.000218e+00	5.933636e-02	5.331025e-01	3.252663e-02	4.462372e+00	7.105342e+00	1.003045e+00	8.168709e+00	7.173269e-01	2.456545e-01	2.100342e+00	7.910274e-01	1.043627e+00	7.274750e+01	1.423734e+02	2.825700e-01	6.703708e-02	1.813630e+03	
8  105.081	2.302940e+00	1.257566e-01	7.274748e-01	3.045732e+00	1.000218e+00	5.933636e-02	5.331025e-01	3.252663e-02	4.462372e+00	7.105342e+00	1.004707e+00	8.168709e+00	7.173269e-01	2.456545e-01	2.100342e+00	7.910274e-01	1.043627e+00	7.274750e+01	1.423734e+02	2.825700e-01	6.703708e-02	1.813630e+03	
3  106.045	2.263516e+00	1.274844e-01	7.114294e-01	3.026164e+00	9.909301e-01	5.022007e-02	4.629795e-01	3.011708e-02	4.391816e+00	8.815311e+00	1.000357e+00	7.334540e+00	7.019772e-01	2.454972e-01	2.061625e+00	7.880909e-01	1.044112e+00	7.114310e+01	1.427055e+02	2.980238e-01	5.855405e-02	1.221617e+03	
22  105.842	2.263516e+00	1.274844e-01	7.114294e-01	3.026164e+00	9.909301e-01	5.022007e-02	4.629795e-01	3.011708e-02	4.391816e+00	8.815311e+00	9.965369e-01	7.334540e+00	7.019772e-01	2.454972e-01	2.061625e+00	7.880909e-01	1.044112e+00	7.114310e+01	1.427055e+02	2.980238e-01	5.855405e-02	1.221617e+03	
22  105.82	2.263516e+00	1.274844e-01	7.114294e-01	3.026164e+00	9.909301e-01	5.022007e-02	4.629795e-01	3.011708e-02	4.391816e+00	8.815311e+00	9.965710e-01	7.334540e+00	7.019772e-01	2.454972e-01	2.061625e+00	7.880909e-01	1.044112e+00	7.114310e+01	1.427055e+02	2.980238e-01	5.855405e-02	1.221617e+03	
4  105.865	2.263516e+00	1.274844e-01	7.114294e-01	3.026164e+00	9.909301e-01	5.022007e-02	4.629795e-01	3.011708e-02	4.391816e+00	8.815311e+00	1.000098e+00	7.334540e+00	7.019772e-01	2.454972e-01	2.061625e+00	7.880909e-01	1.044112e+00	7.114310e+01	1.427055e+02	2.980238e-01	5.855405e-02	1.221617e+03	
23  104.655	2.272815e+00	1.304752e-01	7.072512e-01	3.032647e+00	9.890927e-01	5.392902e-02	5.202974e-01	4.395070e-02	4.505121e+00	7.159073e+00	9.968963e-01	7.762828e+00	6.920483e-01	2.455303e-01	2.073731e+00	7.892731e-01	1.043754e+00	7.073264e+01	1.415861e+02	3.079058e-01	6.557515e-02	2.025213e+03	
10  104.984	2.258901e+00	1.301422e-01	7.035099e-01	3.047649e+00	9.885577e-01	6.213304e-02	4.837276e-01	3.293309e-02	4.425642e+00	8.715393e+00	9.967873e-01	8.616570e+00	6.901029e-01	2.454785e-01	2.106626e+00	8.012848e-01	1.043935e+00	7.035157e+01	1.420114e+02	3.100105e-01	6.102258e-02	1.325877e+03	
1  109.457	2.220930e+00	1.297579e-01	7.000686e-01	3.049400e+00	9.939087e-01	6.381210e-02	4.683611e-01	4.326314e-02	4.298993e+00	6.796424e+00	9.954695e-01	8.891030e+00	6.878382e-01	2.453109e-01	2.111076e+00	7.924113e-01	1.044087e+00	7.000999e+01	1.425551e+02	3.121020e-01	5.938787e-02	1.333040e+03	
6  108.192	2.217333e+00	1.281765e-01	6.952909e-01	3.033758e+00	9.900821e-01	6.135416e-02	4.021934e-01	4.086209e-02	4.327421e+00	7.143731e+00	9.908100e-01	8.618082e+00	6.868765e-01	2.452924e-01	2.078304e+00	7.843811e-01	1.043363e+00	6.953406e+01	1.432689e+02	3.131465e-01	5.150668e-02	1.355059e+03	
8  107.278	2.217333e+00	1.281765e-01	6.952909e-01	3.033758e+00	9.900821e-01	6.135416e-02	4.021934e-01	4.086209e-02	4.327421e+00	7.143731e+00	9.880270e-01	8.618082e+00	6.868765e-01	2.452924e-01	2.078304e+00	7.843811e-01	1.043363e+00	6.953406e+01	1.432689e+02	3.131465e-01	5.150668e-02	1.355059e+03	
25  107.821	2.250742e+00	1.294096e-01	7.135538e-01	3.015866e+00	9.920098e-01	6.294458e-02	5.845908e-01	1.938785e-02	4.463211e+00	9.217102e+00	9.852686e-01	8.701793e+00	7.006561e-01	2.454424e-01	2.039752e+00	8.002960e-01	1.043111e+00	7.136104e+01	1.418420e+02	2.993212e-01	7.275879e-02	1.338138e+03	
22  107.648	2.250742e+00	1.294096e-01	7.135538e-01	3.015866e+00	9.920098e-01	6.294458e-02	5.845908e-01	1.938785e-02	4.463211e+00	9.217102e+00	9.860161e-01	8.701793e+00	7.006561e-01	2.454424e-01	2.039752e+00	8.002960e-01	1.043111e+00	7.136104e+01	1.418420e+02	2.993212e-01	7.275879e-02	1.338138e+03	
22  109.524	2.250742e+00	1.294096e-01	7.135538e-01	3.015866e+00	9.920098e-01	6.294458e-02	5.845908e-01	1.938785e-02	4.463211e+00	9.217102e+00	9.830950e-01	8.701793e+00	7.006561e-01	2.454424e-01	2.039752e+00	8.002960e-01	1.043111e+00	7.136104e+01	1.418420e+02	2.993212e-01	7.275879e-02	1.338138e+03	
22  108.652	2.250742e+00	1.294096e-01	7.135538e-01	3.015866e+00	9.920098e-01	6.294458e-02	5.845908e-01	1.938785e-02	4.463211e+00	9.217102e+00	9.839363e-01	8.701793e+00	7.006561e-01	2.454424e-01	2.039752e+00	8.002960e-01	1.043111e+00	7.136104e+01	1.418420e+02	2.993212e-01	7.275879e-02	1.338138e+03	
11  107.816	2.250742e+00	1.294096e-01	7.135538e-01	3.015866e+00	9.920098e-01	6.294458e-02	5.845908e-01	1.938785e-02	4.463211e+00	9.217102e+00	9.852821e-01	8.701793e+00	7.006561e-01	2.454424e-01	2.039752e+00	8.002960e-01	1.043111e+00	7.136104e+01	1.418420e+02	2.993212e-01	7.275879e-02	1.338138e+03	
22  108.964	2.250742e+00	1.294096e-01	7.135538e-01	3.015866e+00	9.920098e-01	6.294458e-02	5.845908e-01	1.938785e-02	4.463211e+00	9.217102e+00	9.836029e-01	8.701793e+00	7.006561e-01	2.454424e-01	2.039752e+00	8.002960e-01	1.043111e+00	7.136104e+01	1.418420e+02	2.993212e-01	7.275879e-02	1.338138e+03	
77  108.544	2.250742e+00	1.294096e-01	7.135538e-01	3.015866e+00	9.920098e-01	6.294458e-02	5.845908e-01	1.938785e-02	4.463211e+00	9.217102e+00	9.840641e-01	8.701793e+00	7.006561e-01	2.454424e-01	2.039752e+00	8.002960e-01	1.043111e+00	7.136104e+01	1.418420e+02	2.993212e-01	7.275879e-02	1.338138e+03	
11  107.983	2.250742e+00	1.294096e-01	7.135538e-01	3.015866e+00	9.920098e-01	6.294458e-02	5.845908e-01	1.938785e-02	4.463211e+00	9.217102e+00	9.849006e-01	8.701793e+00	7.006561e-01	2.454424e-01	2.039752e+00	8.002960e-01	1.043111e+00	7.136104e+01	1.418420e+02	2.993212e-01	7.275879e-02	1.338138e+03	
22  108.114	2.250742e+00	1.294096e-01	7.135538e-01	3.015866e+00	9.920098e-01	6.294458e-02	5.845908e-01	1.938785e-02	4.463211e+00	9.217102e+00	9.846649e-01	8.701793e+00	7.006561e-01	2.454424e-01	2.039752e+00	8.002960e-01	1.043111e+00	7.136104e+01	1.418420e+02	2.993212e-01	7.275879e-02	1.338138e+03	
11  107.866	2.250742e+00	1.294096e-01	7.135538e-01	3.015866e+00	9.920098e-01	6.294458e-02	5.845908e-01	1.938785e-02	4.463211e+00	9.217102e+00	9.851547e-01	8.701793e+00	7.006561e-01	2.454424e-01	2.039752e+00	8.002960e-01	1.043111e+00	7.136104e+01	1.418420e+02	2.993212e-01	7.275879e-02	1.338138e+03	
3  107.963	2.250742e+00	1.294096e-01	7.135538e-01	3.015866e+00	9.920098e-01	6.294458e-02	5.845908e-01	1.938785e-02	4.463211e+00	9.217102e+00	9.875997e-01	8.701793e+00	7.006561e-01	2.454424e-01	2.039752e+00	8.002960e-01	1.043111e+00	7.136104e+01	1.418420e+02	2.993212e-01	7.275879e-02	1.338138e+03	
6  109.426	2.253752e+00	1.261982e-01	7.141972e-01	3.006480e+00	9.898687e-01	6.196315e-02	4.935013e-01	1.723864e-02	4.356179e+00	1.012125e+01	9.849949e-01	8.531425e+00	7.073383e-01	2.454608e-01	2.021072e+00	7.889718e-01	1.042921e+00	7.143096e+01	1.430016e+02	2.925909e-01	6.198138e-02	9.600151e+02	
13  109.691	2.256496e+00	1.257187e-01	7.193082e-01	3.010896e+00	9.875217e-01	6.745231e-02	5.611067e-01	1.701630e-03	4.325779e+00	8.534091e+00	9.864702e-01	9.059361e+00	7.119890e-01	2.454691e-01	2.030246e+00	8.039424e-01	1.041637e+00	7.193982e+01	1.427955e+02	2.876748e-01	6.995968e-02	1.085583e+03	
35  109.733	2.256496e+00	1.257187e-01	7.193082e-01	3.010896e+00	9.875217e-01	6.745231e-02	5.611067e-01	1.701630e-03	4.325779e+00	8.534091e+00	9.867129e-01	9.059361e+00	7.119890e-01	2.454691e-01	2.030246e+00	8.039424e-01	1.041637e+00	7.193982e+01	1.427955e+02	2.876748e-01	6.995968e-02	1.085583e+03	
6  111.217	2.267776e+00	1.239646e-01	7.339735e-01	2.994260e+00	9.881298e-01	5.766103e-02	6.030382e-01	6.126707e-03	4.331149e+00	7.506680e+00	9.898360e-01	8.050715e+00	7.262872e-01	2.455168e-01	1.996975e+00	7.859714e-01	1.042283e+00	7.338135e+01	1.429035e+02	2.734418e-01	7.486272e-02	1.263442e+03	
14  110.272	2.247728e+00	1.280800e-01	7.233494e-01	3.001229e+00	9.794553e-01	5.941921e-02	6.443081e-01	1.707301e-02	4.434600e+00	7.908426e+00	9.871275e-01	8.339338e+00	7.109488e-01	2.454331e-01	2.010845e+00	7.872232e-01	1.042701e+00	7.232630e+01	1.419077e+02	2.888590e-01	7.972981e-02	1.487637e+03	
9  110.175	2.247728e+00	1.280800e-01	7.233494e-01	3.001229e+00	9.794553e-01	5.941921e-02	6.443081e-01	1.707301e-02	4.434600e+00	7.908426e+00	9.833928e-01	8.339338e+00	7.109488e-01	2.454331e-01	2.010845e+00	7.872232e-01	1.042701e+00	7.232630e+01	1.419077e+02	2.888590e-01	7.972981e-02	1.487637e+03	
1  108.493	2.208218e+00	1.265194e-01	7.053211e-01	3.009173e+00	9.799573e-01	5.435220e-02	4.701269e-01	2.162010e-02	4.457691e+00	8.938736e+00	9.879324e-01	7.876862e+00	6.995808e-01	2.452603e-01	2.027920e+00	7.868295e-01	1.042711e+00	7.053187e+01	1.434937e+02	3.004417e-01	5.946959e-02	1.377954e+03	
12  109.404	2.225634e+00	1.246822e-01	7.103786e-01	3.013177e+00	9.789559e-01	6.238285e-02	4.361984e-01	1.580023e-02	4.294237e+00	1.002840e+01	9.836380e-01	8.608664e+00	7.075216e-01	2.453437e-01	2.036097e+00	7.869422e-01	1.042916e+00	7.104673e+01	1.439270e+02	2.923515e-01	5.513986e-02	8.453429e+02	
2  111.414	2.225634e+00	1.246822e-01	7.103786e-01	3.013177e+00	9.789559e-01	6.238285e-02	4.361984e-01	1.580023e-02	4.294237e+00	1.002840e+01	9.820605e-01	8.608664e+00	7.075216e-01	2.453437e-01	2.036097e+00	7.869422e-01	1.042916e+00	7.104673e+01	1.439270e+02	2.923515e-01	5.513986e-02	8.453429e+02	
18  111.067	2.222052e+00	1.260975e-01	7.007421e-01	2.999848e+00	9.750164e-01	5.564285e-02	4.346731e-01	6.811996e-03	4.446302e+00	1.173299e+01	9.823855e-01	7.932921e+00	6.969488e-01	2.453328e-01	2.009618e+00	7.981395e-01	1.041744e+00	7.011357e+01	1.436494e+02	3.029700e-01	5.465436e-02	1.026962e+03	
2  106.983	2.244957e+00	1.284538e-01	7.016929e-01	2.998700e+00	9.710073e-01	4.568542e-02	4.891905e-01	7.563478e-03	4.590498e+00	1.053688e+01	9.890311e-01	6.866162e+00	6.925469e-01	2.454242e-01	2.006797e+00	8.010261e-01	1.041987e+00	7.018726e+01	1.425754e+02	3.075916e-01	6.141350e-02	1.561620e+03	
11  104.469	2.244957e+00	1.284538e-01	7.016929e-01	2.998700e+00	9.710073e-01	4.568542e-02	4.891905e-01	7.563478e-03	4.590498e+00	1.053688e+01	9.919622e-01	6.866162e+00	6.925469e-01	2.454242e-01	2.006797e+00	8.010261e-01	1.041987e+00	7.018726e+01	1.425754e+02	3.075916e-01	6.141350e-02	1.561620e+03	
22  104.37	2.244957e+00	1.284538e-01	7.016929e-01	2.998700e+00	9.710073e-01	4.568542e-02	4.891905e-01	7.563478e-03	4.590498e+00	1.053688e+01	9.932017e-01	6.866162e+00	6.925469e-01	2.454242e-01	2.006797e+00	8.010261e-01	1.041987e+00	7.018726e+01	1.425754e+02	3.075916e-01	6.141350e-02	1.561620e+03	
11  104.741	2.244957e+00	1.284538e-01	7.016929e-01	2.998700e+00	9.710073e-01	4.568542e-02	4.891905e-01	7.563478e-03	4.590498e+00	1.053688e+01	9.913284e-01	6.866162e+00	6.925469e-01	2.454242e-01	2.006797e+00	8.010261e-01	1.041987e+00	7.018726e+01	1.425754e+02	3.075916e-01	6.141350e-02	1.561620e+03	
16  104.344	2.244957e+00	1.284538e-01	7.016929e-01	2.998700e+00	9.710073e-01	4.568542e-02	4.891905e-01	7.563478e-03	4.590498e+00	1.053688e+01	9.926375e-01	6.866162e+00	6.925469e-01	2.454242e-01	2.006797e+00	8.010261e-01	1.041987e+00	7.018726e+01	1.425754e+02	3.075916e-01	6.141350e-02	1.561620e+03	
6  103.261	2.254701e+00	1.263908e-01	7.036710e-01	3.021151e+00	9.759005e-01	5.379320e-02	4.295725e-01	1.929834e-02	4.475510e+00	9.072999e+00	9.943899e-01	7.698176e+00	6.977373e-01	2.454616e-01	2.051967e+00	7.909068e-01	1.042107e+00	7.037278e+01	1.432139e+02	3.022917e-01	5.458839e-02	1.426396e+03	
9  103.266	2.254701e+00	1.263908e-01	7.036710e-01	3.021151e+00	9.759005e-01	5.379320e-02	4.295725e-01	1.929834e-02	4.475510e+00	9.072999e+00	9.944179e-01	7.698176e+00	6.977373e-01	2.454616e-01	2.051967e+00	7.909068e-01	1.042107e+00	7.037278e+01	1.432139e+02	3.022917e-01	5.458839e-02	1.426396e+03	
2  103.212	2.281558e+00	1.262881e-01	7.242286e-01	3.024030e+00	9.746834e-01	6.064413e-02	5.777838e-01	2.395101e-03	4.325739e+00	9.249348e+00	9.952489e-01	8.344634e+00	7.144189e-01	2.455843e-01	2.058291e+00	8.055744e-01	1.042291e+00	7.241120e+01	1.423022e+02	2.852132e-01	7.169239e-02	9.801476e+02	
11  103.248	2.281558e+00	1.262881e-01	7.242286e-01	3.024030e+00	9.746834e-01	6.064413e-02	5.777838e-01	2.395101e-03	4.325739e+00	9.249348e+00	9.969235e-01	8.344634e+00	7.144189e-01	2.455843e-01	2.058291e+00	8.055744e-01	1.042291e+00	7.241120e+01	1.423022e+02	2.852132e-01	7.169239e-02	9.801476e+02	
43  103.216	2.281558e+00	1.262881e-01	7.242286e-01	3.024030e+00	9.746834e-01	6.064413e-02	5.777838e-01	2.395101e-03	4.325739e+00	9.249348e+00	9.952347e-01	8.344634e+00	7.144189e-01	2.455843e-01	2.058291e+00	8.055744e-01	1.042291e+00	7.241120e+01	1.423022e+02	2.852132e-01	7.169239e-02	9.801476e+02	
1  103.048	2.292063e+00	1.279926e-01	7.234142e-01	3.003516e+00	9.742842e-01	4.868640e-02	6.130226e-01	7.439632e-04	4.540614e+00	8.679871e+00	9.959585e-01	7.118246e+00	7.105327e-01	2.456193e-01	2.015754e+00	8.043402e-01	1.042397e+00	7.231901e+01	1.416238e+02	2.894837e-01	7.593654e-02	1.699641e+03	
33  103.107	2.292063e+00	1.279926e-01	7.234142e-01	3.003516e+00	9.742842e-01	4.868640e-02	6.130226e-01	7.439632e-04	4.540614e+00	8.679871e+00	9.975364e-01	7.118246e+00	7.105327e-01	2.456193e-01	2.015754e+00	8.043402e-01	1.042397e+00	7.231901e+01	1.416238e+02	2.894837e-01	7.593654e-02	1.699641e+03	
40  102.982	2.292063e+00	1.279926e-01	7.234142e-01	3.003516e+00	9.742842e-01	4.868640e-02	6.130226e-01	7.439632e-04	4.540614e+00	8.679871e+00	9.962936e-01	7.118246e+00	7.105327e-01	2.456193e-01	2.015754e+00	8.043402e-01	1.042397e+00	7.231901e+01	1.416238e+02	2.894837e-01	7.593654e-02	1.699641e+03	
6  103.189	2.298435e+00	1.283191e-01	7.268131e-01	3.018069e+00	9.678345e-01	5.188468e-02	6.530394e-01	4.395081e-03	4.579488e+00	6.752806e+00	9.997739e-01	7.452332e+00	7.122247e-01	2.456421e-01	2.044666e+00	8.044367e-01	1.042234e+00	7.266451e+01	1.412469e+02	2.879030e-01	8.078388e-02	2.481686e+03	
31  103.677	2.278785e+00	1.295711e-01	7.284248e-01	3.029497e+00	9.713175e-01	5.469546e-02	7.173484e-01	2.700920e-03	4.503045e+00	6.624030e+00	1.003598e+00	7.816970e+00	7.111987e-01	2.455672e-01	2.069368e+00	8.146454e-01	1.042370e+00	7.281764e+01	1.409059e+02	2.886432e-01	8.782899e-02	2.118818e+03	
8  103.673	2.278785e+00	1.295711e-01	7.284248e-01	3.029497e+00	9.713175e-01	5.469546e-02	7.173484e-01	2.700920e-03	4.503045e+00	6.624030e+00	1.004511e+00	7.816970e+00	7.111987e-01	2.455672e-01	2.069368e+00	8.146454e-01	1.042370e+00	7.281764e+01	1.409059e+02	2.886432e-01	8.782899e-02	2.118818e+03	
3  104.405	2.249031e+00	1.322967e-01	7.100308e-01	3.031633e+00	9.704065e-01	4.777766e-02	6.447278e-01	1.218128e-02	4.597973e+00	7.623252e+00	1.005862e+00	7.185808e+00	6.913139e-01	2.454410e-01	2.073921e+00	8.184965e-01	1.042979e+00	7.099089e+01	1.408925e+02	3.088645e-01	7.965618e-02	2.249410e+03	
8  104.423	2.249031e+00	1.322967e-01	7.100308e-01	3.031633e+00	9.704065e-01	4.777766e-02	6.447278e-01	1.218128e-02	4.597973e+00	7.623252e+00	1.005933e+00	7.185808e+00	6.913139e-01	2.454410e-01	2.073921e+00	8.184965e-01	1.042979e+00	7.099089e+01	1.408925e+02	3.088645e-01	7.965618e-02	2.249410e+03	
3  104.985	2.285589e+00	1.268057e-01	7.285827e-01	3.001845e+00	9.717715e-01	4.273107e-02	6.153315e-01	3.334494e-03	4.563871e+00	5.539773e+00	1.001946e+00	6.476036e+00	7.164132e-01	2.455783e-01	2.011129e+00	7.986770e-01	1.042770e+00	7.283683e+01	1.418637e+02	2.840002e-01	7.655606e-02	2.967327e+03	
33  104.996	2.285589e+00	1.268057e-01	7.285827e-01	3.001845e+00	9.717715e-01	4.273107e-02	6.153315e-01	3.334494e-03	4.563871e+00	5.539773e+00	1.002036e+00	6.476036e+00	7.164132e-01	2.455783e-01	2.011129e+00	7.986770e-01	1.042770e+00	7.283683e+01	1.418637e+02	2.840002e-01	7.655606e-02	2.967327e+03	
22  105.473	2.285589e+00	1.268057e-01	7.285827e-01	3.001845e+00	9.717715e-01	4.273107e-02	6.153315e-01	3.334494e-03	4.563871e+00	5.539773e+00	1.000011e+00	6.476036e+00	7.164132e-01	2.455783e-01	2.011129e+00	7.986770e-01	1.042770e+00	7.283683e+01	1.418637e+02	2.840002e-01	7.655606e-02	2.967327e+03	
16  105.059	2.285589e+00	1.268057e-01	7.285827e-01	3.001845e+00	9.717715e-01	4.273107e-02	6.153315e-01	3.334494e-03	4.563871e+00	5.539773e+00	1.000977e+00	6.476036e+00	7.164132e-01	2.455783e-01	2.011129e+00	7.986770e-01	1.042770e+00	7.283683e+01	1.418637e+02	2.840002e-01	7.655606e-02	2.967327e+03	
6  105.014	2.307104e+00	1.253394e-01	7.308381e-01	3.028714e+00	9.758577e-01	5.359506e-02	5.940669e-01	2.706481e-03	4.552101e+00	6.266397e+00	1.004721e+00	7.561374e+00	7.203997e-01	2.456736e-01	2.065697e+00	8.040063e-01	1.042037e+00	7.307443e+01	1.421318e+02	2.796550e-01	7.411093e-02	2.525802e+03	
56  104.926	2.307104e+00	1.253394e-01	7.308381e-01	3.028714e+00	9.758577e-01	5.359506e-02	5.940669e-01	2.706481e-03	4.552101e+00	6.266397e+00	1.005918e+00	7.561374e+00	7.203997e-01	2.456736e-01	2.065697e+00	8.040063e-01	1.042037e+00	7.307443e+01	1.421318e+02	2.796550e-01	7.411093e-02	2.525802e+03	
5  105.261	2.330611e+00	1.260612e-01	7.362887e-01	3.014742e+00	9.706652e-01	5.002838e-02	6.508371e-01	5.221951e-03	4.562884e+00	5.413238e+00	1.003030e+00	7.155793e+00	7.228698e-01	2.457669e-01	2.036157e+00	7.942449e-01	1.041800e+00	7.362415e+01	1.414210e+02	2.773336e-01	8.070777e-02	3.029584e+03	
5  106.484	2.328887e+00	1.304366e-01	7.306325e-01	3.030280e+00	9.791356e-01	5.526517e-02	7.118544e-01	9.663955e-03	4.453408e+00	5.573197e+00	1.002432e+00	7.781104e+00	7.103407e-01	2.457689e-01	2.070025e+00	8.121006e-01	1.042622e+00	7.305554e+01	1.402072e+02	2.895359e-01	8.722236e-02	2.311678e+03	
29  106.677	2.328887e+00	1.304366e-01	7.306325e-01	3.030280e+00	9.791356e-01	5.526517e-02	7.118544e-01	9.663955e-03	4.453408e+00	5.573197e+00	1.000542e+00	7.781104e+00	7.103407e-01	2.457689e-01	2.070025e+00	8.121006e-01	1.042622e+00	7.305554e+01	1.402072e+02	2.895359e-01	8.722236e-02	2.311678e+03	
6  107.031	2.312603e+00	1.296010e-01	7.161450e-01	3.052856e+00	9.716683e-01	6.094776e-02	5.863081e-01	6.199752e-03	4.473541e+00	6.709360e+00	1.003054e+00	8.363469e+00	7.004203e-01	2.457060e-01	2.118299e+00	8.220309e-01	1.042188e+00	7.160903e+01	1.411351e+02	2.994129e-01	7.297212e-02	1.975651e+03	
25  106.237	2.306333e+00	1.310526e-01	7.032536e-01	3.065607e+00	9.619489e-01	6.192708e-02	5.203679e-01	2.673546e-02	4.463728e+00	7.427311e+00	1.002062e+00	8.491872e+00	6.866141e-01	2.456877e-01	2.146549e+00	8.065088e-01	1.042134e+00	7.032356e+01	1.411362e+02	3.132744e-01	6.541826e-02	1.724235e+03	
6  107.505	2.344774e+00	1.297185e-01	7.120502e-01	3.062873e+00	9.592129e-01	6.306821e-02	5.189595e-01	3.306105e-02	4.610801e+00	5.915486e+00	9.994501e-01	8.488252e+00	6.965685e-01	2.458375e-01	2.136237e+00	7.999359e-01	1.042342e+00	7.124373e+01	1.409635e+02	3.032461e-01	6.564642e-02	3.205098e+03	
22  107.542	2.344774e+00	1.297185e-01	7.120502e-01	3.062873e+00	9.592129e-01	6.306821e-02	5.189595e-01	3.306105e-02	4.610801e+00	5.915486e+00	9.990595e-01	8.488252e+00	6.965685e-01	2.458375e-01	2.136237e+00	7.999359e-01	1.042342e+00	7.124373e+01	1.409635e+02	3.032461e-01	6.564642e-02	3.205098e+03	
11  107.631	2.344774e+00	1.297185e-01	7.120502e-01	3.062873e+00	9.592129e-01	6.306821e-02	5.189595e-01	3.306105e-02	4.610801e+00	5.915486e+00	1.000363e+00	8.488252e+00	6.965685e-01	2.458375e-01	2.136237e+00	7.999359e-01	1.042342e+00	7.124373e+01	1.409635e+02	3.032461e-01	6.564642e-02	3.205098e+03	
26  107.632	2.344774e+00	1.297185e-01	7.120502e-01	3.062873e+00	9.592129e-01	6.306821e-02	5.189595e-01	3.306105e-02	4.610801e+00	5.915486e+00	1.000366e+00	8.488252e+00	6.965685e-01	2.458375e-01	2.136237e+00	7.999359e-01	1.042342e+00	7.124373e+01	1.409635e+02	3.032461e-01	6.564642e-02	3.205098e+03	
5  105.534	2.296467e+00	1.309656e-01	7.010519e-01	3.039803e+00	9.640030e-01	5.825103e-02	4.846702e-01	3.255864e-02	4.584594e+00	6.810886e+00	9.928904e-01	8.146249e+00	6.854204e-01	2.456344e-01	2.088853e+00	7.984455e-01	1.042887e+00	7.012059e+01	1.413389e+02	3.145974e-01	6.155439e-02	2.588231e+03	
2  105.224	2.271681e+00	1.307189e-01	7.029991e-01	3.012926e+00	9.579797e-01	4.704985e-02	5.273688e-01	2.103543e-02	4.519050e+00	5.383783e+00	9.934879e-01	7.025546e+00	6.875205e-01	2.455262e-01	2.035107e+00	7.965783e-01	1.042509e+00	7.029777e+01	1.414439e+02	3.125769e-01	6.653117e-02	2.841987e+03	
6  105.167	2.271681e+00	1.307189e-01	7.029991e-01	3.012926e+00	9.579797e-01	4.704985e-02	5.273688e-01	2.103543e-02	4.519050e+00	5.383783e+00	9.915109e-01	7.025546e+00	6.875205e-01	2.455262e-01	2.035107e+00	7.965783e-01	1.042509e+00	7.029777e+01	1.414439e+02	3.125769e-01	6.653117e-02	2.841987e+03	
26  104.462	2.269616e+00	1.290049e-01	6.974061e-01	3.033302e+00	9.534592e-01	5.306578e-02	4.329941e-01	1.560816e-02	4.653793e+00	5.718037e+00	9.944157e-01	7.642585e+00	6.862730e-01	2.455162e-01	2.074290e+00	8.080246e-01	1.042220e+00	6.976308e+01	1.422471e+02	3.137576e-01	5.558353e-02	3.659576e+03	
12  103.446	2.261436e+00	1.295084e-01	6.934758e-01	3.067796e+00	9.592182e-01	6.697312e-02	4.135655e-01	1.952006e-02	4.661454e+00	6.829384e+00	9.964335e-01	9.083148e+00	6.821472e-01	2.454920e-01	2.147365e+00	8.207611e-01	1.042504e+00	6.938490e+01	1.423526e+02	3.178486e-01	5.314825e-02	3.083700e+03	
11  103.468	2.261436e+00	1.295084e-01	6.934758e-01	3.067796e+00	9.592182e-01	6.697312e-02	4.135655e-01	1.952006e-02	4.661454e+00	6.829384e+00	9.963899e-01	9.083148e+00	6.821472e-01	2.454920e-01	2.147365e+00	8.207611e-01	1.042504e+00	6.938490e+01	1.423526e+02	3.178486e-01	5.314825e-02	3.083700e+03	
29  103.57	2.261436e+00	1.295084e-01	6.934758e-01	3.067796e+00	9.592182e-01	6.697312e-02	4.135655e-01	1.952006e-02	4.661454e+00	6.829384e+00	9.962126e-01	9.083148e+00	6.821472e-01	2.454920e-01	2.147365e+00	8.207611e-01	1.042504e+00	6.938490e+01	1.423526e+02	3.178486e-01	5.314825e-02	3.083700e+03	
15  104.247	2.291447e+00	1.284937e-01	7.036825e-01	3.080110e+00	9.599958e-01	7.394187e-02	4.551435e-01	6.160598e-03	4.475683e+00	5.358064e+00	9.985818e-01	9.640238e+00	6.922620e-01	2.456197e-01	2.175746e+00	8.308260e-01	1.042354e+00	7.039688e+01	1.421385e+02	3.075350e-01	5.792638e-02	2.563262e+03	
22  103.434	2.291447e+00	1.284937e-01	7.036825e-01	3.080110e+00	9.599958e-01	7.394187e-02	4.551435e-01	6.160598e-03	4.475683e+00	5.358064e+00	1.001115e+00	9.640238e+00	6.922620e-01	2.456197e-01	2.175746e+00	8.308260e-01	1.042354e+00	7.039688e+01	1.421385e+02	3.075350e-01	5.792638e-02	2.563262e+03	
11  103.505	2.291447e+00	1.284937e-01	7.036825e-01	3.080110e+00	9.599958e-01	7.394187e-02	4.551435e-01	6.160598e-03	4.475683e+00	5.358064e+00	9.999778e-01	9.640238e+00	6.922620e-01	2.456197e-01	2.175746e+00	8.308260e-01	1.042354e+00	7.039688e+01	1.421385e+02	3.075350e-01	5.792638e-02	2.563262e+03	
11  103.638	2.291447e+00	1.284937e-01	7.036825e-01	3.080110e+00	9.599958e-01	7.394187e-02	4.551435e-01	6.160598e-03	4.475683e+00	5.358064e+00	1.001854e+00	9.640238e+00	6.922620e-01	2.456197e-01	2.175746e+00	8.308260e-01	1.042354e+00	7.039688e+01	1.421385e+02	3.075350e-01	5.792638e-02	2.563262e+03	
15  103.509	2.291447e+00	1.284937e-01	7.036825e-01	3.080110e+00	9.599958e-01	7.394187e-02	4.551435e-01	6.160598e-03	4.475683e+00	5.358064e+00	1.001478e+00	9.640238e+00	6.922620e-01	2.456197e-01	2.175746e+00	8.308260e-01	1.042354e+00	7.039688e+01	1.421385e+02	3.075350e-01	5.792638e-02	2.563262e+03	
14  103.947	2.295901e+00	1.281659e-01	7.078887e-01	3.076880e+00	9.619929e-01	7.730913e-02	4.728453e-01	4.265345e-03	4.426406e+00	5.753942e+00	9.981138e-01	9.926434e+00	6.967306e-01	2.456385e-01	2.169533e+00	8.295766e-01	1.042599e+00	7.081030e+01	1.421186e+02	3.031828e-01	5.995930e-02	2.120356e+03	
12  105.435	2.311525e+00	1.328799e-01	7.129105e-01	3.059547e+00	9.634906e-01	6.727539e-02	6.270848e-01	1.725276e-02	4.367297e+00	4.574321e+00	9.974079e-01	9.041153e+00	6.912350e-01	2.457022e-01	2.132754e+00	8.219454e-01	1.043166e+00	7.130710e+01	1.401516e+02	3.085238e-01	7.781328e-02	2.347744e+03	
46  103.83	2.303853e+00	1.328386e-01	7.254431e-01	3.045388e+00	9.675569e-01	6.220897e-02	7.316807e-01	1.565721e-02	4.406123e+00	4.720558e+00	9.991610e-01	8.572779e+00	7.021714e-01	2.456710e-01	2.102382e+00	8.176035e-01	1.043564e+00	7.254357e+01	1.397872e+02	2.976299e-01	8.952592e-02	2.460377e+03	
8  103.924	2.295341e+00	1.357277e-01	7.188993e-01	3.019166e+00	9.700345e-01	4.988259e-02	7.780032e-01	2.628009e-02	4.450503e+00	5.536970e+00	9.966487e-01	7.381778e+00	6.913331e-01	2.456370e-01	2.048194e+00	8.035805e-01	1.043200e+00	7.187440e+01	1.390267e+02	3.087414e-01	9.457655e-02	2.303608e+03	
9  106.575	2.299463e+00	1.386486e-01	7.187619e-01	3.012770e+00	9.728933e-01	4.835345e-02	8.332706e-01	3.790957e-02	4.493122e+00	6.742372e+00	9.925678e-01	7.250960e+00	6.861159e-01	2.456557e-01	2.035025e+00	7.956884e-01	1.044048e+00	7.184811e+01	1.380997e+02	3.141292e-01	1.005830e-01	2.008555e+03	
26  106.545	2.355188e+00	1.342103e-01	7.534239e-01	2.998088e+00	9.834311e-01	5.211604e-02	9.714559e-01	1.771166e-02	4.467675e+00	4.407742e+00	9.930874e-01	7.481421e+00	7.209908e-01	2.458759e-01	2.003894e+00	7.996588e-01	1.043655e+00	7.534095e+01	1.379346e+02	2.791730e-01	1.151968e-01	2.993469e+03	
13  107.589	2.344588e+00	1.437349e-01	7.312797e-01	3.020727e+00	9.732844e-01	4.754873e-02	1.042717e+00	4.245587e-02	4.565528e+00	5.190208e+00	9.964861e-01	7.176071e+00	6.863338e-01	2.458432e-01	2.050769e+00	8.074873e-01	1.044257e+00	7.314772e+01	1.357310e+02	3.142368e-01	1.225725e-01	3.124741e+03	
38  107.791	2.344588e+00	1.437349e-01	7.312797e-01	3.020727e+00	9.732844e-01	4.754873e-02	1.042717e+00	4.245587e-02	4.565528e+00	5.190208e+00	9.980120e-01	7.176071e+00	6.863338e-01	2.458432e-01	2.050769e+00	8.074873e-01	1.044257e+00	7.314772e+01	1.357310e+02	3.142368e-01	1.225725e-01	3.124741e+03	
6  106.88	2.295579e+00	1.416618e-01	7.139881e-01	3.005158e+00	9.675837e-01	4.558347e-02	8.988747e-01	3.832997e-02	4.624419e+00	5.380237e+00	9.918714e-01	7.013829e+00	6.760877e-01	2.456398e-01	2.018335e+00	8.042449e-01	1.043445e+00	7.142971e+01	1.371824e+02	3.243414e-01	1.076225e-01	3.505666e+03	
22  106.778	2.295579e+00	1.416618e-01	7.139881e-01	3.005158e+00	9.675837e-01	4.558347e-02	8.988747e-01	3.832997e-02	4.624419e+00	5.380237e+00	9.916536e-01	7.013829e+00	6.760877e-01	2.456398e-01	2.018335e+00	8.042449e-01	1.043445e+00	7.142971e+01	1.371824e+02	3.243414e-01	1.076225e-01	3.505666e+03	
1  106.8	2.295579e+00	1.416618e-01	7.139881e-01	3.005158e+00	9.675837e-01	4.558347e-02	8.988747e-01	3.832997e-02	4.624419e+00	5.380237e+00	9.892762e-01	7.013829e+00	6.760877e-01	2.456398e-01	2.018335e+00	8.042449e-01	1.043445e+00	7.142971e+01	1.371824e+02	3.243414e-01	1.076225e-01	3.505666e+03	
10  106.462	2.278321e+00	1.374422e-01	7.075339e-01	3.011960e+00	9.667752e-01	4.335630e-02	7.272461e-01	2.884208e-02	4.602651e+00	5.713207e+00	9.943035e-01	6.722850e+00	6.786411e-01	2.455623e-01	2.032239e+00	8.089080e-01	1.043638e+00	7.076891e+01	1.389920e+02	3.217234e-01	8.903687e-02	3.171951e+03	
10  107.029	2.278321e+00	1.374422e-01	7.075339e-01	3.011960e+00	9.667752e-01	4.335630e-02	7.272461e-01	2.884208e-02	4.602651e+00	5.713207e+00	9.930619e-01	6.722850e+00	6.786411e-01	2.455623e-01	2.032239e+00	8.089080e-01	1.043638e+00	7.076891e+01	1.389920e+02	3.217234e-01	8.903687e-02	3.171951e+03	
18  103.614	2.274284e+00	1.380740e-01	6.965540e-01	3.024169e+00	9.716707e-01	4.751720e-02	6.641248e-01	3.943311e-02	4.552007e+00	6.588800e+00	9.920328e-01	7.192386e+00	6.670094e-01	2.455470e-01	2.058025e+00	8.047670e-01	1.043205e+00	6.966223e+01	1.392023e+02	3.331193e-01	8.197915e-02	2.435501e+03	
16  103.816	2.273915e+00	1.324695e-01	7.207734e-01	3.003740e+00	9.774598e-01	4.844169e-02	7.121366e-01	2.267428e-02	4.518853e+00	7.070524e+00	9.913286e-01	7.215137e+00	6.999874e-01	2.455425e-01	2.015942e+00	7.961845e-01	1.043384e+00	7.205502e+01	1.402754e+02	3.001700e-01	8.731097e-02	2.054109e+03	
44  103.722	2.273915e+00	1.324695e-01	7.207734e-01	3.003740e+00	9.774598e-01	4.844169e-02	7.121366e-01	2.267428e-02	4.518853e+00	7.070524e+00	9.921680e-01	7.215137e+00	6.999874e-01	2.455425e-01	2.015942e+00	7.961845e-01	1.043384e+00	7.205502e+01	1.402754e+02	3.001700e-01	8.731097e-02	2.054109e+03	
8  103.736	2.273915e+00	1.324695e-01	7.207734e-01	3.003740e+00	9.774598e-01	4.844169e-02	7.121366e-01	2.267428e-02	4.518853e+00	7.070524e+00	9.923501e-01	7.215137e+00	6.999874e-01	2.455425e-01	2.015942e+00	7.961845e-01	1.043384e+00	7.205502e+01	1.402754e+02	3.001700e-01	8.731097e-02	2.054109e+03	
14  103.494	2.250383e+00	1.348160e-01	7.021340e-01	3.044906e+00	9.707069e-01	5.782274e-02	6.365380e-01	3.017111e-02	4.588052e+00	7.837246e+00	9.968867e-01	8.289843e+00	6.796562e-01	2.454465e-01	2.101374e+00	8.127205e-01	1.043388e+00	7.020829e+01	1.403105e+02	3.204301e-01	7.886291e-02	2.142911e+03	
22  103.483	2.250383e+00	1.348160e-01	7.021340e-01	3.044906e+00	9.707069e-01	5.782274e-02	6.365380e-01	3.017111e-02	4.588052e+00	7.837246e+00	9.967563e-01	8.289843e+00	6.796562e-01	2.454465e-01	2.101374e+00	8.127205e-01	1.043388e+00	7.020829e+01	1.403105e+02	3.204301e-01	7.886291e-02	2.142911e+03	
8  103.633	2.250383e+00	1.348160e-01	7.021340e-01	3.044906e+00	9.707069e-01	5.782274e-02	6.365380e-01	3.017111e-02	4.588052e+00	7.837246e+00	9.974672e-01	8.289843e+00	6.796562e-01	2.454465e-01	2.101374e+00	8.127205e-01	1.043388e+00	7.020829e+01	1.403105e+02	3.204301e-01	7.886291e-02	2.142911e+03	
29  104.736	2.226163e+00	1.346322e-01	6.953088e-01	3.045116e+00	9.681239e-01	5.785177e-02	5.902887e-01	2.591251e-02	4.487476e+00	1.008579e+01	9.972269e-01	8.328266e+00	6.743292e-01	2.453510e-01	2.103666e+00	8.121706e-01	1.043365e+00	6.952381e+01	1.408281e+02	3.258674e-01	7.327415e-02	1.243275e+03	
14  105.329	2.292112e+00	1.345198e-01	7.281317e-01	3.011498e+00	9.803179e-01	4.761813e-02	8.082711e-01	2.284895e-02	4.495009e+00	7.281042e+00	9.976152e-01	7.127209e+00	7.019942e-01	2.456241e-01	2.032172e+00	8.016512e-01	1.043814e+00	7.278341e+01	1.392279e+02	2.981551e-01	9.778972e-02	1.853686e+03	
26  105.356	2.296978e+00	1.315260e-01	7.394842e-01	3.005062e+00	9.881626e-01	4.787237e-02	8.123542e-01	2.046876e-02	4.415622e+00	5.697399e+00	9.980312e-01	7.108543e+00	7.160339e-01	2.456403e-01	2.018847e+00	7.966471e-01	1.043836e+00	7.392302e+01	1.398350e+02	2.840374e-01	9.824443e-02	2.062052e+03	
14  105.565	2.296978e+00	1.315260e-01	7.394842e-01	3.005062e+00	9.881626e-01	4.787237e-02	8.123542e-01	2.046876e-02	4.415622e+00	5.697399e+00	9.992796e-01	7.108543e+00	7.160339e-01	2.456403e-01	2.018847e+00	7.966471e-01	1.043836e+00	7.392302e+01	1.398350e+02	2.840374e-01	9.824443e-02	2.062052e+03	
8  106.481	2.292181e+00	1.345157e-01	7.217717e-01	2.998868e+00	9.822763e-01	4.570414e-02	7.612680e-01	2.356459e-02	4.544296e+00	6.560694e+00	9.936460e-01	6.916341e+00	6.966636e-01	2.456161e-01	2.005603e+00	8.007828e-01	1.043548e+00	7.216405e+01	1.394037e+02	3.036208e-01	9.270284e-02	2.370923e+03	
11  106.793	2.292181e+00	1.345157e-01	7.217717e-01	2.998868e+00	9.822763e-01	4.570414e-02	7.612680e-01	2.356459e-02	4.544296e+00	6.560694e+00	9.941244e-01	6.916341e+00	6.966636e-01	2.456161e-01	2.005603e+00	8.007828e-01	1.043548e+00	7.216405e+01	1.394037e+02	3.036208e-01	9.270284e-02	2.370923e+03	
5  107.232	2.292181e+00	1.345157e-01	7.217717e-01	2.998868e+00	9.822763e-01	4.570414e-02	7.612680e-01	2.356459e-02	4.544296e+00	6.560694e+00	9.895775e-01	6.916341e+00	6.966636e-01	2.456161e-01	2.005603e+00	8.007828e-01	1.043548e+00	7.216405e+01	1.394037e+02	3.036208e-01	9.270284e-02	2.370923e+03	
17  107.952	2.305818e+00	1.347053e-01	7.305271e-01	3.015960e+00	9.799229e-01	5.791101e-02	8.327152e-01	9.174327e-03	4.472043e+00	6.448028e+00	9.892823e-01	8.177809e+00	7.033891e-01	2.456782e-01	2.041372e+00	8.181412e-01	1.043529e+00	7.303270e+01	1.389477e+02	2.965074e-01	1.003877e-01	2.038146e+03	
4  106.402	2.305818e+00	1.347053e-01	7.305271e-01	3.015960e+00	9.799229e-01	5.791101e-02	8.327152e-01	9.174327e-03	4.472043e+00	6.448028e+00	9.913243e-01	8.177809e+00	7.033891e-01	2.456782e-01	2.041372e+00	8.181412e-01	1.043529e+00	7.303270e+01	1.389477e+02	2.965074e-01	1.003877e-01	2.038146e+03	
18  105.959	2.275000e+00	1.305546e-01	7.283000e-01	2.998484e+00	9.729402e-01	5.759909e-02	7.291029e-01	5.506445e-03	4.520204e+00	7.323089e+00	9.856337e-01	8.130148e+00	7.100509e-01	2.455478e-01	2.005675e+00	8.030174e-01	1.043104e+00	7.280927e+01	1.406518e+02	2.898347e-01	8.919042e-02	1.967000e+03	
11  108.17	2.275000e+00	1.305546e-01	7.283000e-01	2.998484e+00	9.729402e-01	5.759909e-02	7.291029e-01	5.506445e-03	4.520204e+00	7.323089e+00	9.898226e-01	8.130148e+00	7.100509e-01	2.455478e-01	2.005675e+00	8.030174e-01	1.043104e+00	7.280927e+01	1.406518e+02	2.898347e-01	8.919042e-02	1.967000e+03	
4  109.174	2.275000e+00	1.305546e-01	7.283000e-01	2.998484e+00	9.729402e-01	5.759909e-02	7.291029e-01	5.506445e-03	4.520204e+00	7.323089e+00	9.905305e-01	8.130148e+00	7.100509e-01	2.455478e-01	2.005675e+00	8.030174e-01	1.043104e+00	7.280927e+01	1.406518e+02	2.898347e-01	8.919042e-02	1.967000e+03	
1  110.728	2.252738e+00	1.300008e-01	7.200072e-01	2.993698e+00	9.708924e-01	5.292334e-02	6.510005e-01	9.155654e-03	4.529157e+00	8.404417e+00	9.905830e-01	7.681952e+00	7.047991e-01	2.454557e-01	1.996397e+00	7.979054e-01	1.043327e+00	7.197712e+01	1.413594e+02	2.952068e-01	8.037966e-02	1.704694e+03	
14  110.557	2.251290e+00	1.272751e-01	7.219873e-01	3.009455e+00	9.736439e-01	5.614083e-02	5.636648e-01	7.935208e-03	4.291912e+00	9.676323e+00	9.948125e-01	7.973308e+00	7.114717e-01	2.454586e-01	2.028461e+00	7.990463e-01	1.043954e+00	7.218111e+01	1.424309e+02	2.882168e-01	7.006645e-02	8.628698e+02	
3  112.261	2.264533e+00	1.313568e-01	7.161681e-01	3.004032e+00	9.728809e-01	5.239181e-02	6.350392e-01	2.003595e-02	4.490076e+00	7.910243e+00	9.923961e-01	7.628170e+00	6.986094e-01	2.455051e-01	2.017060e+00	7.953260e-01	1.043730e+00	7.159129e+01	1.409736e+02	3.014818e-01	7.861182e-02	1.685605e+03	
13  108.978	2.264533e+00	1.313568e-01	7.161681e-01	3.004032e+00	9.728809e-01	5.239181e-02	6.350392e-01	2.003595e-02	4.490076e+00	7.910243e+00	9.901080e-01	7.628170e+00	6.986094e-01	2.455051e-01	2.017060e+00	7.953260e-01	1.043730e+00	7.159129e+01	1.409736e+02	3.014818e-01	7.861182e-02	1.685605e+03	
2  109.105	2.281260e+00	1.291846e-01	7.120596e-01	3.019155e+00	9.712920e-01	5.931642e-02	5.264412e-01	2.019399e-02	4.423315e+00	9.200358e+00	9.895812e-01	8.253856e+00	6.992876e-01	2.455800e-01	2.048162e+00	7.934228e-01	1.043431e+00	7.119643e+01	1.418104e+02	3.007959e-01	6.596893e-02	1.224290e+03	
1  109.762	2.285939e+00	1.278352e-01	7.071262e-01	3.037190e+00	9.728393e-01	6.578696e-02	4.290448e-01	1.798394e-02	4.412010e+00	9.773656e+00	9.903322e-01	8.841022e+00	6.979172e-01	2.456004e-01	2.085270e+00	8.017343e-01	1.043701e+00	7.071416e+01	1.425220e+02	3.023325e-01	5.432426e-02	1.135747e+03	
6  109.156	2.308629e+00	1.247246e-01	7.206565e-01	3.050120e+00	9.773108e-01	7.088513e-02	4.324058e-01	1.248077e-02	4.193585e+00	9.260239e+00	9.951440e-01	9.216220e+00	7.144535e-01	2.456947e-01	2.112597e+00	8.019474e-01	1.043716e+00	7.205411e+01	1.430273e+02	2.856171e-01	5.454944e-02	7.504576e+02	
26  108.325	2.308629e+00	1.247246e-01	7.206565e-01	3.050120e+00	9.773108e-01	7.088513e-02	4.324058e-01	1.248077e-02	4.193585e+00	9.260239e+00	9.925329e-01	9.216220e+00	7.144535e-01	2.456947e-01	2.112597e+00	8.019474e-01	1.043716e+00	7.205411e+01	1.430273e+02	2.856171e-01	5.454944e-02	7.504576e+02	
3  107.252	2.314736e+00	1.268640e-01	7.270399e-01	3.037573e+00	9.797811e-01	6.619501e-02	5.533288e-01	2.225089e-02	4.412114e+00	8.812040e+00	9.918965e-01	8.813997e+00	7.155567e-01	2.457161e-01	2.085158e+00	7.917207e-01	1.043585e+00	7.269804e+01	1.419020e+02	2.845347e-01	6.916346e-02	1.254099e+03	
17  106.234	2.272302e+00	1.245400e-01	7.183196e-01	3.047260e+00	9.874880e-01	7.284879e-02	4.322953e-01	2.104563e-02	4.258653e+00	8.388701e+00	9.898030e-01	9.501923e+00	7.135186e-01	2.455373e-01	2.105790e+00	7.945698e-01	1.043898e+00	7.182922e+01	1.434649e+02	2.865943e-01	5.487630e-02	9.581343e+02	
5  111.169	2.233783e+00	1.288951e-01	6.911822e-01	3.038345e+00	9.777132e-01	6.300569e-02	3.554341e-01	2.339917e-02	4.438439e+00	1.043514e+01	9.877994e-01	8.706472e+00	6.826092e-01	2.453756e-01	2.087549e+00	8.059188e-01	1.043977e+00	6.914199e+01	1.431472e+02	3.179188e-01	4.537349e-02	1.148659e+03	
15  106.219	2.258810e+00	1.304157e-01	7.043818e-01	3.051104e+00	9.790514e-01	6.724526e-02	4.877304e-01	2.594139e-02	4.329641e+00	9.220586e+00	9.913610e-01	9.116488e+00	6.905165e-01	2.454845e-01	2.114983e+00	8.059351e-01	1.044308e+00	7.043277e+01	1.419199e+02	3.096771e-01	6.138044e-02	9.931972e+02	
6  107.104	2.258810e+00	1.304157e-01	7.043818e-01	3.051104e+00	9.790514e-01	6.724526e-02	4.877304e-01	2.594139e-02	4.329641e+00	9.220586e+00	9.933355e-01	9.116488e+00	6.905165e-01	2.454845e-01	2.114983e+00	8.059351e-01	1.044308e+00	7.043277e+01	1.419199e+02	3.096771e-01	6.138044e-02	9.931972e+02	
5  106.688	2.218862e+00	1.326375e-01	6.945073e-01	3.047553e+00	9.764018e-01	6.605273e-02	5.035048e-01	2.289552e-02	4.450816e+00	8.159339e+00	9.915416e-01	9.155198e+00	6.775532e-01	2.453076e-01	2.107633e+00	8.184898e-01	1.044261e+00	6.945225e+01	1.417400e+02	3.225686e-01	6.345955e-02	1.495089e+03	
11  106.709	2.218862e+00	1.326375e-01	6.945073e-01	3.047553e+00	9.764018e-01	6.605273e-02	5.035048e-01	2.289552e-02	4.450816e+00	8.159339e+00	9.889205e-01	9.155198e+00	6.775532e-01	2.453076e-01	2.107633e+00	8.184898e-01	1.044261e+00	6.945225e+01	1.417400e+02	3.225686e-01	6.345955e-02	1.495089e+03	
11  106.981	2.218862e+00	1.326375e-01	6.945073e-01	3.047553e+00	9.764018e-01	6.605273e-02	5.035048e-01	2.289552e-02	4.450816e+00	8.159339e+00	9.920567e-01	9.155198e+00	6.775532e-01	2.453076e-01	2.107633e+00	8.184898e-01	1.044261e+00	6.945225e+01	1.417400e+02	3.225686e-01	6.345955e-02	1.495089e+03	
44  106.915	2.218862e+00	1.326375e-01	6.945073e-01	3.047553e+00	9.764018e-01	6.605273e-02	5.035048e-01	2.289552e-02	4.450816e+00	8.159339e+00	9.919529e-01	9.155198e+00	6.775532e-01	2.453076e-01	2.107633e+00	8.184898e-01	1.044261e+00	6.945225e+01	1.417400e+02	3.225686e-01	6.345955e-02	1.495089e+03	
22  106.403	2.218862e+00	1.326375e-01	6.945073e-01	3.047553e+00	9.764018e-01	6.605273e-02	5.035048e-01	2.289552e-02	4.450816e+00	8.159339e+00	9.905985e-01	9.155198e+00	6.775532e-01	2.453076e-01	2.107633e+00	8.184898e-01	1.044261e+00	6.945225e+01	1.417400e+02	3.225686e-01	6.345955e-02	1.495089e+03	
9  107.799	2.218862e+00	1.326375e-01	6.945073e-01	3.047553e+00	9.764018e-01	6.605273e-02	5.035048e-01	2.289552e-02	4.450816e+00	8.159339e+00	9.874922e-01	9.155198e+00	6.775532e-01	2.453076e-01	2.107633e+00	8.184898e-01	1.044261e+00	6.945225e+01	1.417400e+02	3.225686e-01	6.345955e-02	1.495089e+03	
2  106.266	2.219812e+00	1.355952e-01	6.777291e-01	3.064094e+00	9.803846e-01	6.277807e-02	4.541550e-01	3.641102e-02	4.539923e+00	7.890043e+00	9.924326e-01	8.891843e+00	6.547074e-01	2.453092e-01	2.142563e+00	8.244781e-01	1.043643e+00	6.780481e+01	1.412606e+02	3.453717e-01	5.767166e-02	1.952138e+03	
33  105.088	2.219812e+00	1.355952e-01	6.777291e-01	3.064094e+00	9.803846e-01	6.277807e-02	4.541550e-01	3.641102e-02	4.539923e+00	7.890043e+00	9.940942e-01	8.891843e+00	6.547074e-01	2.453092e-01	2.142563e+00	8.244781e-01	1.043643e+00	6.780481e+01	1.412606e+02	3.453717e-01	5.767166e-02	1.952138e+03	
22  105.316	2.219812e+00	1.355952e-01	6.777291e-01	3.064094e+00	9.803846e-01	6.277807e-02	4.541550e-01	3.641102e-02	4.539923e+00	7.890043e+00	9.936265e-01	8.891843e+00	6.547074e-01	2.453092e-01	2.142563e+00	8.244781e-01	1.043643e+00	6.780481e+01	1.412606e+02	3.453717e-01	5.767166e-02	1.952138e+03	
33  105.115	2.219812e+00	1.355952e-01	6.777291e-01	3.064094e+00	9.803846e-01	6.277807e-02	4.541550e-01	3.641102e-02	4.539923e+00	7.890043e+00	9.940284e-01	8.891843e+00	6.547074e-01	2.453092e-01	2.142563e+00	8.244781e-01	1.043643e+00	6.780481e+01	1.412606e+02	3.453717e-01	5.767166e-02	1.952138e+03	
7  108.789	2.219812e+00	1.355952e-01	6.777291e-01	3.064094e+00	9.803846e-01	6.277807e-02	4.541550e-01	3.641102e-02	4.539923e+00	7.890043e+00	9.905892e-01	8.891843e+00	6.547074e-01	2.453092e-01	2.142563e+00	8.244781e-01	1.043643e+00	6.780481e+01	1.412606e+02	3.453717e-01	5.767166e-02	1.952138e+03	
4  108	2.240157e+00	1.382965e-01	6.836748e-01	3.046534e+00	9.896496e-01	5.091804e-02	5.487709e-01	6.056018e-02	4.537207e+00	9.151470e+00	9.913843e-01	7.617251e+00	6.549654e-01	2.454029e-01	2.104783e+00	7.962243e-01	1.044343e+00	6.838636e+01	1.400409e+02	3.452363e-01	6.860563e-02	1.606520e+03	
11  105.677	2.240157e+00	1.382965e-01	6.836748e-01	3.046534e+00	9.896496e-01	5.091804e-02	5.487709e-01	6.056018e-02	4.537207e+00	9.151470e+00	9.956065e-01	7.617251e+00	6.549654e-01	2.454029e-01	2.104783e+00	7.962243e-01	1.044343e+00	6.838636e+01	1.400409e+02	3.452363e-01	6.860563e-02	1.606520e+03	
11  106.668	2.240157e+00	1.382965e-01	6.836748e-01	3.046534e+00	9.896496e-01	5.091804e-02	5.487709e-01	6.056018e-02	4.537207e+00	9.151470e+00	9.973965e-01	7.617251e+00	6.549654e-01	2.454029e-01	2.104783e+00	7.962243e-01	1.044343e+00	6.838636e+01	1.400409e+02	3.452363e-01	6.860563e-02	1.606520e+03	
33  107.033	2.240157e+00	1.382965e-01	6.836748e-01	3.046534e+00	9.896496e-01	5.091804e-02	5.487709e-01	6.056018e-02	4.537207e+00	9.151470e+00	9.922010e-01	7.617251e+00	6.549654e-01	2.454029e-01	2.104783e+00	7.962243e-01	1.044343e+00	6.838636e+01	1.400409e+02	3.452363e-01	6.860563e-02	1.606520e+03	
35  106.478	2.240157e+00	1.382965e-01	6.836748e-01	3.046534e+00	9.896496e-01	5.091804e-02	5.487709e-01	6.056018e-02	4.537207e+00	9.151470e+00	9.971704e-01	7.617251e+00	6.549654e-01	2.454029e-01	2.104783e+00	7.962243e-01	1.044343e+00	6.838636e+01	1.400409e+02	3.452363e-01	6.860563e-02	1.606520e+03	
9  107.624	2.223489e+00	1.391427e-01	6.756948e-01	3.059556e+00	9.859647e-01	5.687815e-02	5.122374e-01	6.809898e-02	4.483018e+00	8.773018e+00	9.947984e-01	8.310518e+00	6.449580e-01	2.453324e-01	2.133429e+00	7.930061e-01	1.044353e+00	6.758971e+01	1.401594e+02	3.551962e-01	6.446929e-02	1.474430e+03	
33  109.054	2.223489e+00	1.391427e-01	6.756948e-01	3.059556e+00	9.859647e-01	5.687815e-02	5.122374e-01	6.809898e-02	4.483018e+00	8.773018e+00	9.961376e-01	8.310518e+00	6.449580e-01	2.453324e-01	2.133429e+00	7.930061e-01	1.044353e+00	6.758971e+01	1.401594e+02	3.551962e-01	6.446929e-02	1.474430e+03	
66  106.9	2.223489e+00	1.391427e-01	6.756948e-01	3.059556e+00	9.859647e-01	5.687815e-02	5.122374e-01	6.809898e-02	4.483018e+00	8.773018e+00	9.914424e-01	8.310518e+00	6.449580e-01	2.453324e-01	2.133429e+00	7.930061e-01	1.044353e+00	6.758971e+01	1.401594e+02	3.551962e-01	6.446929e-02	1.474430e+03	
22  107.726	2.223489e+00	1.391427e-01	6.756948e-01	3.059556e+00	9.859647e-01	5.687815e-02	5.122374e-01	6.809898e-02	4.483018e+00	8.773018e+00	9.901614e-01	8.310518e+00	6.449580e-01	2.453324e-01	2.133429e+00	7.930061e-01	1.044353e+00	6.758971e+01	1.401594e+02	3.551962e-01	6.446929e-02	1.474430e+03	
22  107.333	2.223489e+00	1.391427e-01	6.756948e-01	3.059556e+00	9.859647e-01	5.687815e-02	5.122374e-01	6.809898e-02	4.483018e+00	8.773018e+00	9.944143e-01	8.310518e+00	6.449580e-01	2.453324e-01	2.133429e+00	7.930061e-01	1.044353e+00	6.758971e+01	1.401594e+02	3.551962e-01	6.446929e-02	1.474430e+03	
20  106.701	2.223489e+00	1.391427e-01	6.756948e-01	3.059556e+00	9.859647e-01	5.687815e-02	5.122374e-01	6.809898e-02	4.483018e+00	8.773018e+00	9.928591e-01	8.310518e+00	6.449580e-01	2.453324e-01	2.133429e+00	7.930061e-01	1.044353e+00	6.758971e+01	1.401594e+02	3.551962e-01	6.446929e-02	1.474430e+03	
24  107.988	2.249854e+00	1.360078e-01	6.840383e-01	3.067901e+00	9.928504e-01	5.965132e-02	4.647313e-01	5.846125e-02	4.444524e+00	9.772865e+00	9.968436e-01	8.472862e+00	6.601042e-01	2.454448e-01	2.150544e+00	7.968319e-01	1.044695e+00	6.842606e+01	1.408272e+02	3.401592e-01	5.866344e-02	1.207493e+03	
