22  103.348	2.267836e+00	1.275800e-01	7.064269e-01	3.062094e+00	9.710751e-01	6.263217e-02	4.628413e-01	2.332091e-02	4.402269e+00	4.616479e+00	1.001209e+00	8.604253e+00	6.964412e-01	2.455127e-01	2.137071e+00	8.086758e-01	1.042583e+00	7.065630e+01	1.425523e+02	3.032607e-01	5.887970e-02	2.530171e+03	
33  103.002	2.267836e+00	1.275800e-01	7.064269e-01	3.062094e+00	9.710751e-01	6.263217e-02	4.628413e-01	2.332091e-02	4.402269e+00	4.616479e+00	1.004566e+00	8.604253e+00	6.964412e-01	2.455127e-01	2.137071e+00	8.086758e-01	1.042583e+00	7.065630e+01	1.425523e+02	3.032607e-01	5.887970e-02	2.530171e+03	
11  102.668	2.267836e+00	1.275800e-01	7.064269e-01	3.062094e+00	9.710751e-01	6.263217e-02	4.628413e-01	2.332091e-02	4.402269e+00	4.616479e+00	1.002839e+00	8.604253e+00	6.964412e-01	2.455127e-01	2.137071e+00	8.086758e-01	1.042583e+00	7.065630e+01	1.425523e+02	3.032607e-01	5.887970e-02	2.530171e+03	
11  103.046	2.267836e+00	1.275800e-01	7.064269e-01	3.062094e+00	9.710751e-01	6.263217e-02	4.628413e-01	2.332091e-02	4.402269e+00	4.616479e+00	1.004651e+00	8.604253e+00	6.964412e-01	2.455127e-01	2.137071e+00	8.086758e-01	1.042583e+00	7.065630e+01	1.425523e+02	3.032607e-01	5.887970e-02	2.530171e+03	
11  103.668	2.267836e+00	1.275800e-01	7.064269e-01	3.062094e+00	9.710751e-01	6.263217e-02	4.628413e-01	2.332091e-02	4.402269e+00	4.616479e+00	1.005545e+00	8.604253e+00	6.964412e-01	2.455127e-01	2.137071e+00	8.086758e-01	1.042583e+00	7.065630e+01	1.425523e+02	3.032607e-01	5.887970e-02	2.530171e+03	
11  103.395	2.267836e+00	1.275800e-01	7.064269e-01	3.062094e+00	9.710751e-01	6.263217e-02	4.628413e-01	2.332091e-02	4.402269e+00	4.616479e+00	1.005201e+00	8.604253e+00	6.964412e-01	2.455127e-01	2.137071e+00	8.086758e-01	1.042583e+00	7.065630e+01	1.425523e+02	3.032607e-01	5.887970e-02	2.530171e+03	
22  104.962	2.267836e+00	1.275800e-01	7.064269e-01	3.062094e+00	9.710751e-01	6.263217e-02	4.628413e-01	2.332091e-02	4.402269e+00	4.616479e+00	9.996190e-01	8.604253e+00	6.964412e-01	2.455127e-01	2.137071e+00	8.086758e-01	1.042583e+00	7.065630e+01	1.425523e+02	3.032607e-01	5.887970e-02	2.530171e+03	
44  102.646	2.267836e+00	1.275800e-01	7.064269e-01	3.062094e+00	9.710751e-01	6.263217e-02	4.628413e-01	2.332091e-02	4.402269e+00	4.616479e+00	1.003196e+00	8.604253e+00	6.964412e-01	2.455127e-01	2.137071e+00	8.086758e-01	1.042583e+00	7.065630e+01	1.425523e+02	3.032607e-01	5.887970e-02	2.530171e+03	
11  103.267	2.267836e+00	1.275800e-01	7.064269e-01	3.062094e+00	9.710751e-01	6.263217e-02	4.628413e-01	2.332091e-02	4.402269e+00	4.616479e+00	1.005019e+00	8.604253e+00	6.964412e-01	2.455127e-01	2.137071e+00	8.086758e-01	1.042583e+00	7.065630e+01	1.425523e+02	3.032607e-01	5.887970e-02	2.530171e+03	
22  102.915	2.267836e+00	1.275800e-01	7.064269e-01	3.062094e+00	9.710751e-01	6.263217e-02	4.628413e-01	2.332091e-02	4.402269e+00	4.616479e+00	1.001961e+00	8.604253e+00	6.964412e-01	2.455127e-01	2.137071e+00	8.086758e-01	1.042583e+00	7.065630e+01	1.425523e+02	3.032607e-01	5.887970e-02	2.530171e+03	
22  103.108	2.267836e+00	1.275800e-01	7.064269e-01	3.062094e+00	9.710751e-01	6.263217e-02	4.628413e-01	2.332091e-02	4.402269e+00	4.616479e+00	1.004761e+00	8.604253e+00	6.964412e-01	2.455127e-01	2.137071e+00	8.086758e-01	1.042583e+00	7.065630e+01	1.425523e+02	3.032607e-01	5.887970e-02	2.530171e+03	
9  103.239	2.267836e+00	1.275800e-01	7.064269e-01	3.062094e+00	9.710751e-01	6.263217e-02	4.628413e-01	2.332091e-02	4.402269e+00	4.616479e+00	1.004977e+00	8.604253e+00	6.964412e-01	2.455127e-01	2.137071e+00	8.086758e-01	1.042583e+00	7.065630e+01	1.425523e+02	3.032607e-01	5.887970e-02	2.530171e+03	
2  102.527	2.258358e+00	1.305174e-01	6.956589e-01	3.067532e+00	9.715249e-01	6.364897e-02	4.508832e-01	2.974411e-02	4.541268e+00	6.037803e+00	1.002650e+00	8.789042e+00	6.816065e-01	2.454744e-01	2.147812e+00	8.164119e-01	1.043005e+00	6.959911e+01	1.420035e+02	3.182078e-01	5.752228e-02	2.678845e+03	
55  101.793	2.258358e+00	1.305174e-01	6.956589e-01	3.067532e+00	9.715249e-01	6.364897e-02	4.508832e-01	2.974411e-02	4.541268e+00	6.037803e+00	1.000930e+00	8.789042e+00	6.816065e-01	2.454744e-01	2.147812e+00	8.164119e-01	1.043005e+00	6.959911e+01	1.420035e+02	3.182078e-01	5.752228e-02	2.678845e+03	
10  104.367	2.258358e+00	1.305174e-01	6.956589e-01	3.067532e+00	9.715249e-01	6.364897e-02	4.508832e-01	2.974411e-02	4.541268e+00	6.037803e+00	9.968597e-01	8.789042e+00	6.816065e-01	2.454744e-01	2.147812e+00	8.164119e-01	1.043005e+00	6.959911e+01	1.420035e+02	3.182078e-01	5.752228e-02	2.678845e+03	
1  105.661	2.288614e+00	1.330477e-01	7.164037e-01	3.052949e+00	9.700385e-01	5.936369e-02	7.050590e-01	2.577471e-02	4.521451e+00	5.625116e+00	9.997133e-01	8.335066e+00	6.943537e-01	2.456087e-01	2.117372e+00	8.125552e-01	1.042467e+00	7.165422e+01	1.400139e+02	3.054621e-01	8.667583e-02	2.689868e+03	
10  103.341	2.288614e+00	1.330477e-01	7.164037e-01	3.052949e+00	9.700385e-01	5.936369e-02	7.050590e-01	2.577471e-02	4.521451e+00	5.625116e+00	1.002708e+00	8.335066e+00	6.943537e-01	2.456087e-01	2.117372e+00	8.125552e-01	1.042467e+00	7.165422e+01	1.400139e+02	3.054621e-01	8.667583e-02	2.689868e+03	
1  104.54	2.310904e+00	1.350408e-01	7.330167e-01	3.053299e+00	9.715294e-01	5.919857e-02	8.774240e-01	2.639843e-02	4.348647e+00	3.120442e+00	1.005283e+00	8.306808e+00	7.032633e-01	2.457104e-01	2.118247e+00	8.153573e-01	1.042850e+00	7.333713e+01	1.386063e+02	2.962921e-01	1.053444e-01	3.049560e+03	
11  104.376	2.310904e+00	1.350408e-01	7.330167e-01	3.053299e+00	9.715294e-01	5.919857e-02	8.774240e-01	2.639843e-02	4.348647e+00	3.120442e+00	1.008363e+00	8.306808e+00	7.032633e-01	2.457104e-01	2.118247e+00	8.153573e-01	1.042850e+00	7.333713e+01	1.386063e+02	2.962921e-01	1.053444e-01	3.049560e+03	
22  104.025	2.310904e+00	1.350408e-01	7.330167e-01	3.053299e+00	9.715294e-01	5.919857e-02	8.774240e-01	2.639843e-02	4.348647e+00	3.120442e+00	1.006971e+00	8.306808e+00	7.032633e-01	2.457104e-01	2.118247e+00	8.153573e-01	1.042850e+00	7.333713e+01	1.386063e+02	2.962921e-01	1.053444e-01	3.049560e+03	
11  104.347	2.310904e+00	1.350408e-01	7.330167e-01	3.053299e+00	9.715294e-01	5.919857e-02	8.774240e-01	2.639843e-02	4.348647e+00	3.120442e+00	1.008304e+00	8.306808e+00	7.032633e-01	2.457104e-01	2.118247e+00	8.153573e-01	1.042850e+00	7.333713e+01	1.386063e+02	2.962921e-01	1.053444e-01	3.049560e+03	
11  104.897	2.310904e+00	1.350408e-01	7.330167e-01	3.053299e+00	9.715294e-01	5.919857e-02	8.774240e-01	2.639843e-02	4.348647e+00	3.120442e+00	1.004785e+00	8.306808e+00	7.032633e-01	2.457104e-01	2.118247e+00	8.153573e-01	1.042850e+00	7.333713e+01	1.386063e+02	2.962921e-01	1.053444e-01	3.049560e+03	
33  106.258	2.310904e+00	1.350408e-01	7.330167e-01	3.053299e+00	9.715294e-01	5.919857e-02	8.774240e-01	2.639843e-02	4.348647e+00	3.120442e+00	1.003478e+00	8.306808e+00	7.032633e-01	2.457104e-01	2.118247e+00	8.153573e-01	1.042850e+00	7.333713e+01	1.386063e+02	2.962921e-01	1.053444e-01	3.049560e+03	
11  104.553	2.310904e+00	1.350408e-01	7.330167e-01	3.053299e+00	9.715294e-01	5.919857e-02	8.774240e-01	2.639843e-02	4.348647e+00	3.120442e+00	1.005263e+00	8.306808e+00	7.032633e-01	2.457104e-01	2.118247e+00	8.153573e-01	1.042850e+00	7.333713e+01	1.386063e+02	2.962921e-01	1.053444e-01	3.049560e+03	
11  104.399	2.310904e+00	1.350408e-01	7.330167e-01	3.053299e+00	9.715294e-01	5.919857e-02	8.774240e-01	2.639843e-02	4.348647e+00	3.120442e+00	1.008408e+00	8.306808e+00	7.032633e-01	2.457104e-01	2.118247e+00	8.153573e-01	1.042850e+00	7.333713e+01	1.386063e+02	2.962921e-01	1.053444e-01	3.049560e+03	
11  104.412	2.310904e+00	1.350408e-01	7.330167e-01	3.053299e+00	9.715294e-01	5.919857e-02	8.774240e-01	2.639843e-02	4.348647e+00	3.120442e+00	1.005506e+00	8.306808e+00	7.032633e-01	2.457104e-01	2.118247e+00	8.153573e-01	1.042850e+00	7.333713e+01	1.386063e+02	2.962921e-01	1.053444e-01	3.049560e+03	
11  104.069	2.310904e+00	1.350408e-01	7.330167e-01	3.053299e+00	9.715294e-01	5.919857e-02	8.774240e-01	2.639843e-02	4.348647e+00	3.120442e+00	1.007462e+00	8.306808e+00	7.032633e-01	2.457104e-01	2.118247e+00	8.153573e-01	1.042850e+00	7.333713e+01	1.386063e+02	2.962921e-01	1.053444e-01	3.049560e+03	
66  104.033	2.310904e+00	1.350408e-01	7.330167e-01	3.053299e+00	9.715294e-01	5.919857e-02	8.774240e-01	2.639843e-02	4.348647e+00	3.120442e+00	1.006771e+00	8.306808e+00	7.032633e-01	2.457104e-01	2.118247e+00	8.153573e-01	1.042850e+00	7.333713e+01	1.386063e+02	2.962921e-01	1.053444e-01	3.049560e+03	
33  105.466	2.310904e+00	1.350408e-01	7.330167e-01	3.053299e+00	9.715294e-01	5.919857e-02	8.774240e-01	2.639843e-02	4.348647e+00	3.120442e+00	1.009800e+00	8.306808e+00	7.032633e-01	2.457104e-01	2.118247e+00	8.153573e-01	1.042850e+00	7.333713e+01	1.386063e+02	2.962921e-01	1.053444e-01	3.049560e+03	
11  104.032	2.310904e+00	1.350408e-01	7.330167e-01	3.053299e+00	9.715294e-01	5.919857e-02	8.774240e-01	2.639843e-02	4.348647e+00	3.120442e+00	1.006792e+00	8.306808e+00	7.032633e-01	2.457104e-01	2.118247e+00	8.153573e-01	1.042850e+00	7.333713e+01	1.386063e+02	2.962921e-01	1.053444e-01	3.049560e+03	
33  105.524	2.310904e+00	1.350408e-01	7.330167e-01	3.053299e+00	9.715294e-01	5.919857e-02	8.774240e-01	2.639843e-02	4.348647e+00	3.120442e+00	1.009857e+00	8.306808e+00	7.032633e-01	2.457104e-01	2.118247e+00	8.153573e-01	1.042850e+00	7.333713e+01	1.386063e+02	2.962921e-01	1.053444e-01	3.049560e+03	
55  104.036	2.310904e+00	1.350408e-01	7.330167e-01	3.053299e+00	9.715294e-01	5.919857e-02	8.774240e-01	2.639843e-02	4.348647e+00	3.120442e+00	1.006734e+00	8.306808e+00	7.032633e-01	2.457104e-01	2.118247e+00	8.153573e-01	1.042850e+00	7.333713e+01	1.386063e+02	2.962921e-01	1.053444e-01	3.049560e+03	
22  104.228	2.310904e+00	1.350408e-01	7.330167e-01	3.053299e+00	9.715294e-01	5.919857e-02	8.774240e-01	2.639843e-02	4.348647e+00	3.120442e+00	1.005909e+00	8.306808e+00	7.032633e-01	2.457104e-01	2.118247e+00	8.153573e-01	1.042850e+00	7.333713e+01	1.386063e+02	2.962921e-01	1.053444e-01	3.049560e+03	
33  105.165	2.310904e+00	1.350408e-01	7.330167e-01	3.053299e+00	9.715294e-01	5.919857e-02	8.774240e-01	2.639843e-02	4.348647e+00	3.120442e+00	1.009485e+00	8.306808e+00	7.032633e-01	2.457104e-01	2.118247e+00	8.153573e-01	1.042850e+00	7.333713e+01	1.386063e+02	2.962921e-01	1.053444e-01	3.049560e+03	
11  105.377	2.310904e+00	1.350408e-01	7.330167e-01	3.053299e+00	9.715294e-01	5.919857e-02	8.774240e-01	2.639843e-02	4.348647e+00	3.120442e+00	1.009711e+00	8.306808e+00	7.032633e-01	2.457104e-01	2.118247e+00	8.153573e-01	1.042850e+00	7.333713e+01	1.386063e+02	2.962921e-01	1.053444e-01	3.049560e+03	
11  105.767	2.310904e+00	1.350408e-01	7.330167e-01	3.053299e+00	9.715294e-01	5.919857e-02	8.774240e-01	2.639843e-02	4.348647e+00	3.120442e+00	1.010083e+00	8.306808e+00	7.032633e-01	2.457104e-01	2.118247e+00	8.153573e-01	1.042850e+00	7.333713e+01	1.386063e+02	2.962921e-01	1.053444e-01	3.049560e+03	
11  106.528	2.310904e+00	1.350408e-01	7.330167e-01	3.053299e+00	9.715294e-01	5.919857e-02	8.774240e-01	2.639843e-02	4.348647e+00	3.120442e+00	1.010705e+00	8.306808e+00	7.032633e-01	2.457104e-01	2.118247e+00	8.153573e-01	1.042850e+00	7.333713e+01	1.386063e+02	2.962921e-01	1.053444e-01	3.049560e+03	
4  108.392	2.310904e+00	1.350408e-01	7.330167e-01	3.053299e+00	9.715294e-01	5.919857e-02	8.774240e-01	2.639843e-02	4.348647e+00	3.120442e+00	1.011912e+00	8.306808e+00	7.032633e-01	2.457104e-01	2.118247e+00	8.153573e-01	1.042850e+00	7.333713e+01	1.386063e+02	2.962921e-01	1.053444e-01	3.049560e+03	
22  109.255	2.323999e+00	1.385996e-01	7.452663e-01	3.027654e+00	9.768183e-01	4.879102e-02	1.047884e+00	4.082464e-02	4.313746e+00	2.563334e+00	1.009432e+00	7.274462e+00	7.063445e-01	2.457667e-01	2.064923e+00	8.003058e-01	1.043835e+00	7.456900e+01	1.369872e+02	2.938600e-01	1.231120e-01	3.179428e+03	
7  108.948	2.335817e+00	1.392339e-01	7.469618e-01	3.024439e+00	9.898076e-01	5.122117e-02	1.060731e+00	5.231895e-02	4.211812e+00	2.410960e+00	1.004971e+00	7.519221e+00	7.063417e-01	2.458105e-01	2.058792e+00	7.922280e-01	1.044184e+00	7.474448e+01	1.366869e+02	2.937369e-01	1.243875e-01	2.655367e+03	
44  107.266	2.335817e+00	1.392339e-01	7.469618e-01	3.024439e+00	9.898076e-01	5.122117e-02	1.060731e+00	5.231895e-02	4.211812e+00	2.410960e+00	1.003961e+00	7.519221e+00	7.063417e-01	2.458105e-01	2.058792e+00	7.922280e-01	1.044184e+00	7.474448e+01	1.366869e+02	2.937369e-01	1.243875e-01	2.655367e+03	
11  105.825	2.335817e+00	1.392339e-01	7.469618e-01	3.024439e+00	9.898076e-01	5.122117e-02	1.060731e+00	5.231895e-02	4.211812e+00	2.410960e+00	9.968374e-01	7.519221e+00	7.063417e-01	2.458105e-01	2.058792e+00	7.922280e-01	1.044184e+00	7.474448e+01	1.366869e+02	2.937369e-01	1.243875e-01	2.655367e+03	
11  104.283	2.335817e+00	1.392339e-01	7.469618e-01	3.024439e+00	9.898076e-01	5.122117e-02	1.060731e+00	5.231895e-02	4.211812e+00	2.410960e+00	1.000583e+00	7.519221e+00	7.063417e-01	2.458105e-01	2.058792e+00	7.922280e-01	1.044184e+00	7.474448e+01	1.366869e+02	2.937369e-01	1.243875e-01	2.655367e+03	
11  104.376	2.335817e+00	1.392339e-01	7.469618e-01	3.024439e+00	9.898076e-01	5.122117e-02	1.060731e+00	5.231895e-02	4.211812e+00	2.410960e+00	1.000865e+00	7.519221e+00	7.063417e-01	2.458105e-01	2.058792e+00	7.922280e-01	1.044184e+00	7.474448e+01	1.366869e+02	2.937369e-01	1.243875e-01	2.655367e+03	
33  104.384	2.335817e+00	1.392339e-01	7.469618e-01	3.024439e+00	9.898076e-01	5.122117e-02	1.060731e+00	5.231895e-02	4.211812e+00	2.410960e+00	9.987661e-01	7.519221e+00	7.063417e-01	2.458105e-01	2.058792e+00	7.922280e-01	1.044184e+00	7.474448e+01	1.366869e+02	2.937369e-01	1.243875e-01	2.655367e+03	
11  104.379	2.335817e+00	1.392339e-01	7.469618e-01	3.024439e+00	9.898076e-01	5.122117e-02	1.060731e+00	5.231895e-02	4.211812e+00	2.410960e+00	1.000874e+00	7.519221e+00	7.063417e-01	2.458105e-01	2.058792e+00	7.922280e-01	1.044184e+00	7.474448e+01	1.366869e+02	2.937369e-01	1.243875e-01	2.655367e+03	
11  105.874	2.335817e+00	1.392339e-01	7.469618e-01	3.024439e+00	9.898076e-01	5.122117e-02	1.060731e+00	5.231895e-02	4.211812e+00	2.410960e+00	1.002885e+00	7.519221e+00	7.063417e-01	2.458105e-01	2.058792e+00	7.922280e-01	1.044184e+00	7.474448e+01	1.366869e+02	2.937369e-01	1.243875e-01	2.655367e+03	
4  104.357	2.335817e+00	1.392339e-01	7.469618e-01	3.024439e+00	9.898076e-01	5.122117e-02	1.060731e+00	5.231895e-02	4.211812e+00	2.410960e+00	1.000816e+00	7.519221e+00	7.063417e-01	2.458105e-01	2.058792e+00	7.922280e-01	1.044184e+00	7.474448e+01	1.366869e+02	2.937369e-01	1.243875e-01	2.655367e+03	
7  105.822	2.311267e+00	1.437053e-01	7.274480e-01	3.062068e+00	9.865593e-01	6.216527e-02	1.041593e+00	5.683765e-02	4.415396e+00	5.330365e+00	1.002829e+00	8.778408e+00	6.831748e-01	2.457101e-01	2.138016e+00	8.099333e-01	1.044155e+00	7.275652e+01	1.360809e+02	3.169485e-01	1.227017e-01	2.180782e+03	
11  105.117	2.311267e+00	1.437053e-01	7.274480e-01	3.062068e+00	9.865593e-01	6.216527e-02	1.041593e+00	5.683765e-02	4.415396e+00	5.330365e+00	9.996193e-01	8.778408e+00	6.831748e-01	2.457101e-01	2.138016e+00	8.099333e-01	1.044155e+00	7.275652e+01	1.360809e+02	3.169485e-01	1.227017e-01	2.180782e+03	
11  108.629	2.311267e+00	1.437053e-01	7.274480e-01	3.062068e+00	9.865593e-01	6.216527e-02	1.041593e+00	5.683765e-02	4.415396e+00	5.330365e+00	9.961461e-01	8.778408e+00	6.831748e-01	2.457101e-01	2.138016e+00	8.099333e-01	1.044155e+00	7.275652e+01	1.360809e+02	3.169485e-01	1.227017e-01	2.180782e+03	
44  105.883	2.311267e+00	1.437053e-01	7.274480e-01	3.062068e+00	9.865593e-01	6.216527e-02	1.041593e+00	5.683765e-02	4.415396e+00	5.330365e+00	9.983467e-01	8.778408e+00	6.831748e-01	2.457101e-01	2.138016e+00	8.099333e-01	1.044155e+00	7.275652e+01	1.360809e+02	3.169485e-01	1.227017e-01	2.180782e+03	
22  104.939	2.311267e+00	1.437053e-01	7.274480e-01	3.062068e+00	9.865593e-01	6.216527e-02	1.041593e+00	5.683765e-02	4.415396e+00	5.330365e+00	1.000467e+00	8.778408e+00	6.831748e-01	2.457101e-01	2.138016e+00	8.099333e-01	1.044155e+00	7.275652e+01	1.360809e+02	3.169485e-01	1.227017e-01	2.180782e+03	
33  104.936	2.311267e+00	1.437053e-01	7.274480e-01	3.062068e+00	9.865593e-01	6.216527e-02	1.041593e+00	5.683765e-02	4.415396e+00	5.330365e+00	1.000555e+00	8.778408e+00	6.831748e-01	2.457101e-01	2.138016e+00	8.099333e-01	1.044155e+00	7.275652e+01	1.360809e+02	3.169485e-01	1.227017e-01	2.180782e+03	
21  105.522	2.311267e+00	1.437053e-01	7.274480e-01	3.062068e+00	9.865593e-01	6.216527e-02	1.041593e+00	5.683765e-02	4.415396e+00	5.330365e+00	1.002414e+00	8.778408e+00	6.831748e-01	2.457101e-01	2.138016e+00	8.099333e-01	1.044155e+00	7.275652e+01	1.360809e+02	3.169485e-01	1.227017e-01	2.180782e+03	
1  105.643	2.330560e+00	1.400002e-01	7.368479e-01	3.056107e+00	9.956405e-01	6.557821e-02	9.960370e-01	4.930063e-02	4.312406e+00	5.188907e+00	1.000057e+00	8.998160e+00	6.978958e-01	2.457849e-01	2.125203e+00	8.057659e-01	1.044304e+00	7.369424e+01	1.368542e+02	3.020158e-01	1.179066e-01	1.803930e+03	
22  104.858	2.330560e+00	1.400002e-01	7.368479e-01	3.056107e+00	9.956405e-01	6.557821e-02	9.960370e-01	4.930063e-02	4.312406e+00	5.188907e+00	9.988257e-01	8.998160e+00	6.978958e-01	2.457849e-01	2.125203e+00	8.057659e-01	1.044304e+00	7.369424e+01	1.368542e+02	3.020158e-01	1.179066e-01	1.803930e+03	
11  105.921	2.330560e+00	1.400002e-01	7.368479e-01	3.056107e+00	9.956405e-01	6.557821e-02	9.960370e-01	4.930063e-02	4.312406e+00	5.188907e+00	9.950378e-01	8.998160e+00	6.978958e-01	2.457849e-01	2.125203e+00	8.057659e-01	1.044304e+00	7.369424e+01	1.368542e+02	3.020158e-01	1.179066e-01	1.803930e+03	
11  106.073	2.330560e+00	1.400002e-01	7.368479e-01	3.056107e+00	9.956405e-01	6.557821e-02	9.960370e-01	4.930063e-02	4.312406e+00	5.188907e+00	1.000513e+00	8.998160e+00	6.978958e-01	2.457849e-01	2.125203e+00	8.057659e-01	1.044304e+00	7.369424e+01	1.368542e+02	3.020158e-01	1.179066e-01	1.803930e+03	
11  105.785	2.330560e+00	1.400002e-01	7.368479e-01	3.056107e+00	9.956405e-01	6.557821e-02	9.960370e-01	4.930063e-02	4.312406e+00	5.188907e+00	1.000216e+00	8.998160e+00	6.978958e-01	2.457849e-01	2.125203e+00	8.057659e-01	1.044304e+00	7.369424e+01	1.368542e+02	3.020158e-01	1.179066e-01	1.803930e+03	
1  104.781	2.330560e+00	1.400002e-01	7.368479e-01	3.056107e+00	9.956405e-01	6.557821e-02	9.960370e-01	4.930063e-02	4.312406e+00	5.188907e+00	9.967549e-01	8.998160e+00	6.978958e-01	2.457849e-01	2.125203e+00	8.057659e-01	1.044304e+00	7.369424e+01	1.368542e+02	3.020158e-01	1.179066e-01	1.803930e+03	
10  105.109	2.365404e+00	1.398676e-01	7.487405e-01	3.031767e+00	9.896494e-01	5.593517e-02	1.080251e+00	4.609383e-02	4.463903e+00	5.592176e+00	9.970177e-01	7.959522e+00	7.071316e-01	2.459252e-01	2.073846e+00	7.966244e-01	1.043913e+00	7.487320e+01	1.362139e+02	2.928820e-01	1.264913e-01	2.324995e+03	
2  106.002	2.365404e+00	1.398676e-01	7.487405e-01	3.031767e+00	9.896494e-01	5.593517e-02	1.080251e+00	4.609383e-02	4.463903e+00	5.592176e+00	9.958888e-01	7.959522e+00	7.071316e-01	2.459252e-01	2.073846e+00	7.966244e-01	1.043913e+00	7.487320e+01	1.362139e+02	2.928820e-01	1.264913e-01	2.324995e+03	
9  106.713	2.326143e+00	1.383733e-01	7.345388e-01	3.024456e+00	9.847604e-01	5.129260e-02	9.406702e-01	5.109238e-02	4.381074e+00	6.144716e+00	9.937983e-01	7.524176e+00	6.991922e-01	2.457682e-01	2.059016e+00	7.831249e-01	1.044051e+00	7.343908e+01	1.374590e+02	3.008881e-01	1.121065e-01	1.736497e+03	
11  106.614	2.326143e+00	1.383733e-01	7.345388e-01	3.024456e+00	9.847604e-01	5.129260e-02	9.406702e-01	5.109238e-02	4.381074e+00	6.144716e+00	9.941912e-01	7.524176e+00	6.991922e-01	2.457682e-01	2.059016e+00	7.831249e-01	1.044051e+00	7.343908e+01	1.374590e+02	3.008881e-01	1.121065e-01	1.736497e+03	
17  106.666	2.326143e+00	1.383733e-01	7.345388e-01	3.024456e+00	9.847604e-01	5.129260e-02	9.406702e-01	5.109238e-02	4.381074e+00	6.144716e+00	9.954276e-01	7.524176e+00	6.991922e-01	2.457682e-01	2.059016e+00	7.831249e-01	1.044051e+00	7.343908e+01	1.374590e+02	3.008881e-01	1.121065e-01	1.736497e+03	
5  105.328	2.297454e+00	1.407675e-01	7.282872e-01	3.030233e+00	9.803816e-01	5.447951e-02	9.748991e-01	4.021194e-02	4.455958e+00	5.712094e+00	9.946309e-01	7.963292e+00	6.899742e-01	2.456504e-01	2.071018e+00	8.071437e-01	1.044256e+00	7.282036e+01	1.370855e+02	3.102067e-01	1.156422e-01	2.212805e+03	
11  105.534	2.297454e+00	1.407675e-01	7.282872e-01	3.030233e+00	9.803816e-01	5.447951e-02	9.748991e-01	4.021194e-02	4.455958e+00	5.712094e+00	9.972130e-01	7.963292e+00	6.899742e-01	2.456504e-01	2.071018e+00	8.071437e-01	1.044256e+00	7.282036e+01	1.370855e+02	3.102067e-01	1.156422e-01	2.212805e+03	
11  105.119	2.297454e+00	1.407675e-01	7.282872e-01	3.030233e+00	9.803816e-01	5.447951e-02	9.748991e-01	4.021194e-02	4.455958e+00	5.712094e+00	9.955700e-01	7.963292e+00	6.899742e-01	2.456504e-01	2.071018e+00	8.071437e-01	1.044256e+00	7.282036e+01	1.370855e+02	3.102067e-01	1.156422e-01	2.212805e+03	
22  105.54	2.297454e+00	1.407675e-01	7.282872e-01	3.030233e+00	9.803816e-01	5.447951e-02	9.748991e-01	4.021194e-02	4.455958e+00	5.712094e+00	9.972230e-01	7.963292e+00	6.899742e-01	2.456504e-01	2.071018e+00	8.071437e-01	1.044256e+00	7.282036e+01	1.370855e+02	3.102067e-01	1.156422e-01	2.212805e+03	
11  105.567	2.297454e+00	1.407675e-01	7.282872e-01	3.030233e+00	9.803816e-01	5.447951e-02	9.748991e-01	4.021194e-02	4.455958e+00	5.712094e+00	9.972709e-01	7.963292e+00	6.899742e-01	2.456504e-01	2.071018e+00	8.071437e-01	1.044256e+00	7.282036e+01	1.370855e+02	3.102067e-01	1.156422e-01	2.212805e+03	
26  105.229	2.297454e+00	1.407675e-01	7.282872e-01	3.030233e+00	9.803816e-01	5.447951e-02	9.748991e-01	4.021194e-02	4.455958e+00	5.712094e+00	9.949258e-01	7.963292e+00	6.899742e-01	2.456504e-01	2.071018e+00	8.071437e-01	1.044256e+00	7.282036e+01	1.370855e+02	3.102067e-01	1.156422e-01	2.212805e+03	
11  104.685	2.254696e+00	1.355225e-01	7.116240e-01	3.028954e+00	9.756668e-01	5.721972e-02	7.417078e-01	2.363876e-02	4.425369e+00	6.783907e+00	9.928068e-01	8.240575e+00	6.862773e-01	2.454666e-01	2.068701e+00	8.108389e-01	1.043263e+00	7.114465e+01	1.396619e+02	3.136583e-01	9.056339e-02	1.727176e+03	
4  113.201	2.299714e+00	1.330186e-01	7.195573e-01	3.024642e+00	9.770724e-01	5.707275e-02	7.031033e-01	3.042002e-02	4.239727e+00	3.050850e+00	9.907247e-01	8.064781e+00	6.964248e-01	2.456498e-01	2.059300e+00	8.000488e-01	1.043072e+00	7.197564e+01	1.398907e+02	3.032812e-01	8.622250e-02	2.492834e+03	
11  110.653	2.305201e+00	1.334042e-01	7.268326e-01	3.028271e+00	9.677730e-01	6.077763e-02	7.765112e-01	1.705283e-02	4.127992e+00	2.237764e+00	9.913747e-01	8.423630e+00	7.015550e-01	2.456798e-01	2.068177e+00	8.098996e-01	1.042998e+00	7.269561e+01	1.394627e+02	2.980358e-01	9.415485e-02	2.343150e+03	
14  108.549	2.259355e+00	1.334464e-01	7.181949e-01	3.063698e+00	9.706328e-01	7.075731e-02	7.421158e-01	2.618662e-02	4.083778e+00	3.888236e+00	9.974527e-01	9.537201e+00	6.951942e-01	2.454924e-01	2.142978e+00	8.116537e-01	1.042925e+00	7.183867e+01	1.400948e+02	3.043654e-01	9.065689e-02	1.449551e+03	
9  108.695	2.259355e+00	1.334464e-01	7.181949e-01	3.063698e+00	9.706328e-01	7.075731e-02	7.421158e-01	2.618662e-02	4.083778e+00	3.888236e+00	9.988869e-01	9.537201e+00	6.951942e-01	2.454924e-01	2.142978e+00	8.116537e-01	1.042925e+00	7.183867e+01	1.400948e+02	3.043654e-01	9.065689e-02	1.449551e+03	
2  109.469	2.279704e+00	1.318636e-01	7.269685e-01	3.056708e+00	9.836678e-01	6.070392e-02	7.380404e-01	3.224943e-02	4.128459e+00	4.949621e+00	1.006012e+00	8.484426e+00	7.052347e-01	2.455791e-01	2.127756e+00	8.001637e-01	1.043414e+00	7.269945e+01	1.402733e+02	2.944381e-01	9.011292e-02	1.273156e+03	
10  109.875	2.279704e+00	1.318636e-01	7.269685e-01	3.056708e+00	9.836678e-01	6.070392e-02	7.380404e-01	3.224943e-02	4.128459e+00	4.949621e+00	1.003237e+00	8.484426e+00	7.052347e-01	2.455791e-01	2.127756e+00	8.001637e-01	1.043414e+00	7.269945e+01	1.402733e+02	2.944381e-01	9.011292e-02	1.273156e+03	
1  113.352	2.308080e+00	1.247724e-01	7.459845e-01	3.037138e+00	9.721451e-01	6.174525e-02	7.059847e-01	5.801891e-03	4.200521e+00	3.413816e+00	1.001645e+00	8.359271e+00	7.320412e-01	2.456890e-01	2.085996e+00	7.973871e-01	1.042007e+00	7.458062e+01	1.417839e+02	2.674868e-01	8.651432e-02	2.042124e+03	
3  111.093	2.308080e+00	1.247724e-01	7.459845e-01	3.037138e+00	9.721451e-01	6.174525e-02	7.059847e-01	5.801891e-03	4.200521e+00	3.413816e+00	1.004163e+00	8.359271e+00	7.320412e-01	2.456890e-01	2.085996e+00	7.973871e-01	1.042007e+00	7.458062e+01	1.417839e+02	2.674868e-01	8.651432e-02	2.042124e+03	
8  108.867	2.262281e+00	1.279751e-01	7.162120e-01	3.046044e+00	9.624733e-01	5.979375e-02	5.896372e-01	1.511399e-02	4.471223e+00	5.941964e+00	1.002840e+00	8.340569e+00	7.043142e-01	2.454944e-01	2.104006e+00	8.033365e-01	1.041905e+00	7.160999e+01	1.419786e+02	2.955899e-01	7.366571e-02	2.245862e+03	
9  108.912	2.262281e+00	1.279751e-01	7.162120e-01	3.046044e+00	9.624733e-01	5.979375e-02	5.896372e-01	1.511399e-02	4.471223e+00	5.941964e+00	1.001725e+00	8.340569e+00	7.043142e-01	2.454944e-01	2.104006e+00	8.033365e-01	1.041905e+00	7.160999e+01	1.419786e+02	2.955899e-01	7.366571e-02	2.245862e+03	
7  105.895	2.277232e+00	1.285527e-01	7.229046e-01	3.048133e+00	9.645210e-01	6.320944e-02	6.410234e-01	9.748043e-03	4.306964e+00	8.091855e+00	1.001151e+00	8.659039e+00	7.088379e-01	2.455693e-01	2.109716e+00	8.071333e-01	1.042212e+00	7.226830e+01	1.415037e+02	2.907811e-01	7.910331e-02	1.080971e+03	
6  105.16	2.307443e+00	1.303139e-01	7.397983e-01	3.046422e+00	9.633825e-01	6.510747e-02	8.049942e-01	1.089769e-04	4.326815e+00	4.932841e+00	1.001520e+00	8.800306e+00	7.179565e-01	2.456927e-01	2.105702e+00	8.199989e-01	1.042646e+00	7.395548e+01	1.400636e+02	2.814763e-01	9.744722e-02	1.961117e+03	
11  104.867	2.307443e+00	1.303139e-01	7.397983e-01	3.046422e+00	9.633825e-01	6.510747e-02	8.049942e-01	1.089769e-04	4.326815e+00	4.932841e+00	1.003895e+00	8.800306e+00	7.179565e-01	2.456927e-01	2.105702e+00	8.199989e-01	1.042646e+00	7.395548e+01	1.400636e+02	2.814763e-01	9.744722e-02	1.961117e+03	
11  106.573	2.307443e+00	1.303139e-01	7.397983e-01	3.046422e+00	9.633825e-01	6.510747e-02	8.049942e-01	1.089769e-04	4.326815e+00	4.932841e+00	1.006237e+00	8.800306e+00	7.179565e-01	2.456927e-01	2.105702e+00	8.199989e-01	1.042646e+00	7.395548e+01	1.400636e+02	2.814763e-01	9.744722e-02	1.961117e+03	
33  104.833	2.307443e+00	1.303139e-01	7.397983e-01	3.046422e+00	9.633825e-01	6.510747e-02	8.049942e-01	1.089769e-04	4.326815e+00	4.932841e+00	1.002317e+00	8.800306e+00	7.179565e-01	2.456927e-01	2.105702e+00	8.199989e-01	1.042646e+00	7.395548e+01	1.400636e+02	2.814763e-01	9.744722e-02	1.961117e+03	
22  106.051	2.307443e+00	1.303139e-01	7.397983e-01	3.046422e+00	9.633825e-01	6.510747e-02	8.049942e-01	1.089769e-04	4.326815e+00	4.932841e+00	1.005744e+00	8.800306e+00	7.179565e-01	2.456927e-01	2.105702e+00	8.199989e-01	1.042646e+00	7.395548e+01	1.400636e+02	2.814763e-01	9.744722e-02	1.961117e+03	
33  104.758	2.307443e+00	1.303139e-01	7.397983e-01	3.046422e+00	9.633825e-01	6.510747e-02	8.049942e-01	1.089769e-04	4.326815e+00	4.932841e+00	1.002684e+00	8.800306e+00	7.179565e-01	2.456927e-01	2.105702e+00	8.199989e-01	1.042646e+00	7.395548e+01	1.400636e+02	2.814763e-01	9.744722e-02	1.961117e+03	
22  104.75	2.307443e+00	1.303139e-01	7.397983e-01	3.046422e+00	9.633825e-01	6.510747e-02	8.049942e-01	1.089769e-04	4.326815e+00	4.932841e+00	1.002757e+00	8.800306e+00	7.179565e-01	2.456927e-01	2.105702e+00	8.199989e-01	1.042646e+00	7.395548e+01	1.400636e+02	2.814763e-01	9.744722e-02	1.961117e+03	
4  104.738	2.307443e+00	1.303139e-01	7.397983e-01	3.046422e+00	9.633825e-01	6.510747e-02	8.049942e-01	1.089769e-04	4.326815e+00	4.932841e+00	1.003161e+00	8.800306e+00	7.179565e-01	2.456927e-01	2.105702e+00	8.199989e-01	1.042646e+00	7.395548e+01	1.400636e+02	2.814763e-01	9.744722e-02	1.961117e+03	
29  104.949	2.334903e+00	1.318346e-01	7.501468e-01	3.045924e+00	9.682044e-01	6.800973e-02	9.024941e-01	9.417370e-04	4.280440e+00	2.864650e+00	1.000963e+00	9.027784e+00	7.223325e-01	2.458043e-01	2.102891e+00	8.248057e-01	1.043190e+00	7.502619e+01	1.390050e+02	2.770638e-01	1.079021e-01	2.778455e+03	
17  105.019	2.334903e+00	1.318346e-01	7.501468e-01	3.045924e+00	9.682044e-01	6.800973e-02	9.024941e-01	9.417370e-04	4.280440e+00	2.864650e+00	1.000785e+00	9.027784e+00	7.223325e-01	2.458043e-01	2.102891e+00	8.248057e-01	1.043190e+00	7.502619e+01	1.390050e+02	2.770638e-01	1.079021e-01	2.778455e+03	
5  107.367	2.340642e+00	1.354109e-01	7.573961e-01	3.019974e+00	9.759769e-01	5.995619e-02	1.090183e+00	1.212757e-02	4.366589e+00	2.535228e+00	9.983968e-01	8.322787e+00	7.212245e-01	2.458293e-01	2.046905e+00	8.134967e-01	1.042550e+00	7.577790e+01	1.373373e+02	2.786008e-01	1.273824e-01	3.622045e+03	
9  107.188	2.340642e+00	1.354109e-01	7.573961e-01	3.019974e+00	9.759769e-01	5.995619e-02	1.090183e+00	1.212757e-02	4.366589e+00	2.535228e+00	9.988987e-01	8.322787e+00	7.212245e-01	2.458293e-01	2.046905e+00	8.134967e-01	1.042550e+00	7.577790e+01	1.373373e+02	2.786008e-01	1.273824e-01	3.622045e+03	
13  104.795	2.321783e+00	1.317818e-01	7.497094e-01	3.019906e+00	9.824760e-01	5.941448e-02	9.385150e-01	5.880251e-03	4.400904e+00	4.757102e+00	1.000179e+00	8.246989e+00	7.226667e-01	2.457478e-01	2.048717e+00	8.112590e-01	1.042230e+00	7.496465e+01	1.390116e+02	2.769200e-01	1.117470e-01	2.411434e+03	
11  104.852	2.321783e+00	1.317818e-01	7.497094e-01	3.019906e+00	9.824760e-01	5.941448e-02	9.385150e-01	5.880251e-03	4.400904e+00	4.757102e+00	1.000671e+00	8.246989e+00	7.226667e-01	2.457478e-01	2.048717e+00	8.112590e-01	1.042230e+00	7.496465e+01	1.390116e+02	2.769200e-01	1.117470e-01	2.411434e+03	
69  105.147	2.321783e+00	1.317818e-01	7.497094e-01	3.019906e+00	9.824760e-01	5.941448e-02	9.385150e-01	5.880251e-03	4.400904e+00	4.757102e+00	1.001506e+00	8.246989e+00	7.226667e-01	2.457478e-01	2.048717e+00	8.112590e-01	1.042230e+00	7.496465e+01	1.390116e+02	2.769200e-01	1.117470e-01	2.411434e+03	
15  107.536	2.313040e+00	1.316552e-01	7.444415e-01	3.035956e+00	9.820739e-01	6.800536e-02	8.898988e-01	6.032397e-03	4.263115e+00	5.686478e+00	9.997622e-01	9.101943e+00	7.193518e-01	2.457149e-01	2.082787e+00	8.155425e-01	1.042357e+00	7.443616e+01	1.393499e+02	2.799988e-01	1.065749e-01	1.501986e+03	
22  106.923	2.333577e+00	1.294247e-01	7.418599e-01	3.060752e+00	9.808082e-01	7.890476e-02	7.747240e-01	5.934044e-03	3.970969e+00	5.055986e+00	9.992039e-01	9.999691e+00	7.209537e-01	2.457967e-01	2.135094e+00	8.196069e-01	1.042506e+00	7.420335e+01	1.401361e+02	2.784809e-01	9.405568e-02	9.390919e+02	
2  105.679	2.364427e+00	1.325132e-01	7.493665e-01	3.078115e+00	9.826347e-01	7.924079e-02	8.900069e-01	2.209929e-02	4.092313e+00	3.152172e+00	1.004535e+00	1.000776e+01	7.201016e-01	2.459235e-01	2.172156e+00	8.181732e-01	1.043100e+00	7.496977e+01	1.386491e+02	2.791522e-01	1.066299e-01	1.760303e+03	
3  104.068	2.326537e+00	1.361457e-01	7.274164e-01	3.069155e+00	9.735221e-01	7.119933e-02	8.451110e-01	2.843359e-02	4.385400e+00	3.077372e+00	1.002106e+00	9.452397e+00	6.967461e-01	2.457708e-01	2.150178e+00	8.248385e-01	1.042986e+00	7.281728e+01	1.383232e+02	3.025250e-01	1.019424e-01	3.386868e+03	
21  106.611	2.302533e+00	1.382896e-01	7.188990e-01	3.084807e+00	9.765905e-01	7.886191e-02	8.583430e-01	2.209403e-02	4.307593e+00	4.345066e+00	1.001887e+00	1.028008e+01	6.859460e-01	2.456712e-01	2.186148e+00	8.396295e-01	1.042817e+00	7.193417e+01	1.381124e+02	3.135285e-01	1.034346e-01	2.139504e+03	
11  106.568	2.302533e+00	1.382896e-01	7.188990e-01	3.084807e+00	9.765905e-01	7.886191e-02	8.583430e-01	2.209403e-02	4.307593e+00	4.345066e+00	1.001820e+00	1.028008e+01	6.859460e-01	2.456712e-01	2.186148e+00	8.396295e-01	1.042817e+00	7.193417e+01	1.381124e+02	3.135285e-01	1.034346e-01	2.139504e+03	
22  107.002	2.302533e+00	1.382896e-01	7.188990e-01	3.084807e+00	9.765905e-01	7.886191e-02	8.583430e-01	2.209403e-02	4.307593e+00	4.345066e+00	1.002389e+00	1.028008e+01	6.859460e-01	2.456712e-01	2.186148e+00	8.396295e-01	1.042817e+00	7.193417e+01	1.381124e+02	3.135285e-01	1.034346e-01	2.139504e+03	
11  107.993	2.302533e+00	1.382896e-01	7.188990e-01	3.084807e+00	9.765905e-01	7.886191e-02	8.583430e-01	2.209403e-02	4.307593e+00	4.345066e+00	1.003337e+00	1.028008e+01	6.859460e-01	2.456712e-01	2.186148e+00	8.396295e-01	1.042817e+00	7.193417e+01	1.381124e+02	3.135285e-01	1.034346e-01	2.139504e+03	
33  107.655	2.302533e+00	1.382896e-01	7.188990e-01	3.084807e+00	9.765905e-01	7.886191e-02	8.583430e-01	2.209403e-02	4.307593e+00	4.345066e+00	1.003046e+00	1.028008e+01	6.859460e-01	2.456712e-01	2.186148e+00	8.396295e-01	1.042817e+00	7.193417e+01	1.381124e+02	3.135285e-01	1.034346e-01	2.139504e+03	
11  107.537	2.302533e+00	1.382896e-01	7.188990e-01	3.084807e+00	9.765905e-01	7.886191e-02	8.583430e-01	2.209403e-02	4.307593e+00	4.345066e+00	9.970426e-01	1.028008e+01	6.859460e-01	2.456712e-01	2.186148e+00	8.396295e-01	1.042817e+00	7.193417e+01	1.381124e+02	3.135285e-01	1.034346e-01	2.139504e+03	
5  107.449	2.302533e+00	1.382896e-01	7.188990e-01	3.084807e+00	9.765905e-01	7.886191e-02	8.583430e-01	2.209403e-02	4.307593e+00	4.345066e+00	9.971251e-01	1.028008e+01	6.859460e-01	2.456712e-01	2.186148e+00	8.396295e-01	1.042817e+00	7.193417e+01	1.381124e+02	3.135285e-01	1.034346e-01	2.139504e+03	
17  105.558	2.291681e+00	1.362797e-01	7.070084e-01	3.059361e+00	9.685085e-01	6.877720e-02	7.003620e-01	1.712494e-02	4.371141e+00	4.298474e+00	9.919709e-01	9.310195e+00	6.795846e-01	2.456210e-01	2.131833e+00	8.328320e-01	1.042915e+00	7.073977e+01	1.392845e+02	3.200157e-01	8.602591e-02	2.510768e+03	
10  103.689	2.291681e+00	1.362797e-01	7.070084e-01	3.059361e+00	9.685085e-01	6.877720e-02	7.003620e-01	1.712494e-02	4.371141e+00	4.298474e+00	9.950817e-01	9.310195e+00	6.795846e-01	2.456210e-01	2.131833e+00	8.328320e-01	1.042915e+00	7.073977e+01	1.392845e+02	3.200157e-01	8.602591e-02	2.510768e+03	
7  103.406	2.304516e+00	1.337654e-01	7.119154e-01	3.075258e+00	9.723230e-01	7.421951e-02	6.571091e-01	1.841089e-02	4.237839e+00	4.649333e+00	9.985561e-01	9.741276e+00	6.886450e-01	2.456762e-01	2.167220e+00	8.293136e-01	1.042931e+00	7.122016e+01	1.399377e+02	3.110572e-01	8.111474e-02	1.734811e+03	
49  103.711	2.337068e+00	1.363820e-01	7.286562e-01	3.056147e+00	9.757909e-01	6.547059e-02	8.661063e-01	1.963580e-02	4.445615e+00	4.398722e+00	1.001461e+00	8.887691e+00	6.973537e-01	2.458116e-01	2.123695e+00	8.264403e-01	1.042589e+00	7.290029e+01	1.381215e+02	3.021474e-01	1.041032e-01	2.878787e+03	
7  103.853	2.337068e+00	1.363820e-01	7.286562e-01	3.056147e+00	9.757909e-01	6.547059e-02	8.661063e-01	1.963580e-02	4.445615e+00	4.398722e+00	1.000795e+00	8.887691e+00	6.973537e-01	2.458116e-01	2.123695e+00	8.264403e-01	1.042589e+00	7.290029e+01	1.381215e+02	3.021474e-01	1.041032e-01	2.878787e+03	
11  103.97	2.332358e+00	1.340143e-01	7.190446e-01	3.069834e+00	9.670263e-01	6.753277e-02	7.286860e-01	1.536194e-02	4.478622e+00	5.132601e+00	1.003547e+00	9.043465e+00	6.939092e-01	2.457925e-01	2.153599e+00	8.284853e-01	1.042134e+00	7.193168e+01	1.392785e+02	3.056376e-01	8.918364e-02	2.674925e+03	
15  106.667	2.366801e+00	1.336101e-01	7.387247e-01	3.056252e+00	9.752991e-01	6.742542e-02	8.657977e-01	2.455385e-02	4.327269e+00	2.727675e+00	1.001194e+00	8.934422e+00	7.095305e-01	2.459313e-01	2.122810e+00	8.123412e-01	1.041942e+00	7.393005e+01	1.384199e+02	2.897142e-01	1.040853e-01	3.222530e+03	
2  106.577	2.366801e+00	1.336101e-01	7.387247e-01	3.056252e+00	9.752991e-01	6.742542e-02	8.657977e-01	2.455385e-02	4.327269e+00	2.727675e+00	1.001476e+00	8.934422e+00	7.095305e-01	2.459313e-01	2.122810e+00	8.123412e-01	1.041942e+00	7.393005e+01	1.384199e+02	2.897142e-01	1.040853e-01	3.222530e+03	
3  107.951	2.346822e+00	1.267278e-01	7.370499e-01	3.064472e+00	9.738871e-01	7.679677e-02	6.559725e-01	4.005092e-03	3.898611e+00	5.538125e+00	9.997783e-01	9.716883e+00	7.217395e-01	2.458495e-01	2.144003e+00	8.149166e-01	1.041967e+00	7.371655e+01	1.411434e+02	2.777106e-01	8.070884e-02	7.222253e+02	
12  108.131	2.338847e+00	1.244298e-01	7.355958e-01	3.062889e+00	9.803605e-01	7.780740e-02	5.794268e-01	1.203320e-02	3.897281e+00	5.423013e+00	9.978961e-01	9.779798e+00	7.251223e-01	2.458144e-01	2.140632e+00	8.006037e-01	1.042020e+00	7.357683e+01	1.421266e+02	2.744830e-01	7.201315e-02	7.187712e+02	
49  106.478	2.324904e+00	1.253897e-01	7.304383e-01	3.063623e+00	9.861712e-01	7.655320e-02	5.412905e-01	5.415338e-03	3.567051e+00	5.640599e+00	9.976767e-01	9.716521e+00	7.195668e-01	2.457520e-01	2.141584e+00	8.173531e-01	1.043210e+00	7.305656e+01	1.421996e+02	2.796673e-01	6.768466e-02	3.362764e+02	
11  107.016	2.324904e+00	1.253897e-01	7.304383e-01	3.063623e+00	9.861712e-01	7.655320e-02	5.412905e-01	5.415338e-03	3.567051e+00	5.640599e+00	1.000786e+00	9.716521e+00	7.195668e-01	2.457520e-01	2.141584e+00	8.173531e-01	1.043210e+00	7.305656e+01	1.421996e+02	2.796673e-01	6.768466e-02	3.362764e+02	
33  106.694	2.324904e+00	1.253897e-01	7.304383e-01	3.063623e+00	9.861712e-01	7.655320e-02	5.412905e-01	5.415338e-03	3.567051e+00	5.640599e+00	9.972222e-01	9.716521e+00	7.195668e-01	2.457520e-01	2.141584e+00	8.173531e-01	1.043210e+00	7.305656e+01	1.421996e+02	2.796673e-01	6.768466e-02	3.362764e+02	
44  106.735	2.324904e+00	1.253897e-01	7.304383e-01	3.063623e+00	9.861712e-01	7.655320e-02	5.412905e-01	5.415338e-03	3.567051e+00	5.640599e+00	9.971513e-01	9.716521e+00	7.195668e-01	2.457520e-01	2.141584e+00	8.173531e-01	1.043210e+00	7.305656e+01	1.421996e+02	2.796673e-01	6.768466e-02	3.362764e+02	
22  106.419	2.324904e+00	1.253897e-01	7.304383e-01	3.063623e+00	9.861712e-01	7.655320e-02	5.412905e-01	5.415338e-03	3.567051e+00	5.640599e+00	9.978404e-01	9.716521e+00	7.195668e-01	2.457520e-01	2.141584e+00	8.173531e-01	1.043210e+00	7.305656e+01	1.421996e+02	2.796673e-01	6.768466e-02	3.362764e+02	
11  107.657	2.324904e+00	1.253897e-01	7.304383e-01	3.063623e+00	9.861712e-01	7.655320e-02	5.412905e-01	5.415338e-03	3.567051e+00	5.640599e+00	1.001523e+00	9.716521e+00	7.195668e-01	2.457520e-01	2.141584e+00	8.173531e-01	1.043210e+00	7.305656e+01	1.421996e+02	2.796673e-01	6.768466e-02	3.362764e+02	
29  106.464	2.324904e+00	1.253897e-01	7.304383e-01	3.063623e+00	9.861712e-01	7.655320e-02	5.412905e-01	5.415338e-03	3.567051e+00	5.640599e+00	9.977150e-01	9.716521e+00	7.195668e-01	2.457520e-01	2.141584e+00	8.173531e-01	1.043210e+00	7.305656e+01	1.421996e+02	2.796673e-01	6.768466e-02	3.362764e+02	
15  103.991	2.349724e+00	1.293318e-01	7.358425e-01	3.066872e+00	9.901089e-01	7.175998e-02	6.752074e-01	2.251897e-02	4.130886e+00	2.963641e+00	1.001119e+00	9.295680e+00	7.156939e-01	2.458553e-01	2.147729e+00	8.150684e-01	1.043602e+00	7.362367e+01	1.404168e+02	2.837625e-01	8.300270e-02	1.986860e+03	
1  106.168	2.349724e+00	1.293318e-01	7.358425e-01	3.066872e+00	9.901089e-01	7.175998e-02	6.752074e-01	2.251897e-02	4.130886e+00	2.963641e+00	1.005822e+00	9.295680e+00	7.156939e-01	2.458553e-01	2.147729e+00	8.150684e-01	1.043602e+00	7.362367e+01	1.404168e+02	2.837625e-01	8.300270e-02	1.986860e+03	
21  106.994	2.335720e+00	1.324013e-01	7.312362e-01	3.074686e+00	9.869769e-01	6.337810e-02	7.283828e-01	3.514667e-02	4.277509e+00	4.281234e+00	1.014098e+00	8.613611e+00	7.064945e-01	2.458062e-01	2.165099e+00	8.120325e-01	1.043879e+00	7.315064e+01	1.396281e+02	2.929583e-01	8.909915e-02	2.023416e+03	
11  104.028	2.335720e+00	1.324013e-01	7.312362e-01	3.074686e+00	9.869769e-01	6.337810e-02	7.283828e-01	3.514667e-02	4.277509e+00	4.281234e+00	1.008630e+00	8.613611e+00	7.064945e-01	2.458062e-01	2.165099e+00	8.120325e-01	1.043879e+00	7.315064e+01	1.396281e+02	2.929583e-01	8.909915e-02	2.023416e+03	
22  104.882	2.335720e+00	1.324013e-01	7.312362e-01	3.074686e+00	9.869769e-01	6.337810e-02	7.283828e-01	3.514667e-02	4.277509e+00	4.281234e+00	1.007358e+00	8.613611e+00	7.064945e-01	2.458062e-01	2.165099e+00	8.120325e-01	1.043879e+00	7.315064e+01	1.396281e+02	2.929583e-01	8.909915e-02	2.023416e+03	
8  104.407	2.335720e+00	1.324013e-01	7.312362e-01	3.074686e+00	9.869769e-01	6.337810e-02	7.283828e-01	3.514667e-02	4.277509e+00	4.281234e+00	1.007957e+00	8.613611e+00	7.064945e-01	2.458062e-01	2.165099e+00	8.120325e-01	1.043879e+00	7.315064e+01	1.396281e+02	2.929583e-01	8.909915e-02	2.023416e+03	
3  104.215	2.322557e+00	1.289578e-01	7.155605e-01	3.060924e+00	9.725739e-01	5.788274e-02	5.083414e-01	2.996018e-02	4.369978e+00	5.961739e+00	1.003682e+00	8.025090e+00	7.007288e-01	2.457474e-01	2.135806e+00	7.998110e-01	1.043540e+00	7.155663e+01	1.414985e+02	2.989439e-01	6.410737e-02	1.791222e+03	
22  104.157	2.322557e+00	1.289578e-01	7.155605e-01	3.060924e+00	9.725739e-01	5.788274e-02	5.083414e-01	2.996018e-02	4.369978e+00	5.961739e+00	1.003903e+00	8.025090e+00	7.007288e-01	2.457474e-01	2.135806e+00	7.998110e-01	1.043540e+00	7.155663e+01	1.414985e+02	2.989439e-01	6.410737e-02	1.791222e+03	
22  104.154	2.322557e+00	1.289578e-01	7.155605e-01	3.060924e+00	9.725739e-01	5.788274e-02	5.083414e-01	2.996018e-02	4.369978e+00	5.961739e+00	1.005138e+00	8.025090e+00	7.007288e-01	2.457474e-01	2.135806e+00	7.998110e-01	1.043540e+00	7.155663e+01	1.414985e+02	2.989439e-01	6.410737e-02	1.791222e+03	
11  104.391	2.322557e+00	1.289578e-01	7.155605e-01	3.060924e+00	9.725739e-01	5.788274e-02	5.083414e-01	2.996018e-02	4.369978e+00	5.961739e+00	1.003229e+00	8.025090e+00	7.007288e-01	2.457474e-01	2.135806e+00	7.998110e-01	1.043540e+00	7.155663e+01	1.414985e+02	2.989439e-01	6.410737e-02	1.791222e+03	
37  104.814	2.322557e+00	1.289578e-01	7.155605e-01	3.060924e+00	9.725739e-01	5.788274e-02	5.083414e-01	2.996018e-02	4.369978e+00	5.961739e+00	1.002532e+00	8.025090e+00	7.007288e-01	2.457474e-01	2.135806e+00	7.998110e-01	1.043540e+00	7.155663e+01	1.414985e+02	2.989439e-01	6.410737e-02	1.791222e+03	
7  104.872	2.305394e+00	1.278902e-01	7.170584e-01	3.055926e+00	9.674085e-01	6.456606e-02	5.168251e-01	2.168775e-02	4.327324e+00	5.591787e+00	9.965941e-01	8.701946e+00	7.045360e-01	2.456756e-01	2.125555e+00	8.016517e-01	1.043193e+00	7.169783e+01	1.418799e+02	2.952897e-01	6.510490e-02	1.743809e+03	
1  104.847	2.305394e+00	1.278902e-01	7.170584e-01	3.055926e+00	9.674085e-01	6.456606e-02	5.168251e-01	2.168775e-02	4.327324e+00	5.591787e+00	9.966302e-01	8.701946e+00	7.045360e-01	2.456756e-01	2.125555e+00	8.016517e-01	1.043193e+00	7.169783e+01	1.418799e+02	2.952897e-01	6.510490e-02	1.743809e+03	
13  105.991	2.309944e+00	1.302088e-01	7.041044e-01	3.057948e+00	9.754555e-01	6.399169e-02	4.772861e-01	2.540074e-02	4.670953e+00	8.201072e+00	9.951954e-01	8.669901e+00	6.901267e-01	2.456922e-01	2.125978e+00	8.138070e-01	1.042977e+00	7.043691e+01	1.414582e+02	3.099316e-01	6.041418e-02	2.542329e+03	
4  106.591	2.289584e+00	1.305905e-01	6.928462e-01	3.058886e+00	9.629914e-01	6.199744e-02	4.060072e-01	8.717974e-03	4.650872e+00	1.058677e+01	9.961841e-01	8.491543e+00	6.799601e-01	2.456242e-01	2.131442e+00	8.303605e-01	1.042882e+00	6.930600e+01	1.419520e+02	3.203292e-01	5.135072e-02	1.808000e+03	
27  105.532	2.289315e+00	1.282375e-01	7.077060e-01	3.048221e+00	9.710471e-01	6.778514e-02	4.838871e-01	1.207049e-02	4.572281e+00	8.977812e+00	9.914283e-01	9.042344e+00	6.975142e-01	2.456105e-01	2.107701e+00	8.128976e-01	1.042460e+00	7.077927e+01	1.421481e+02	3.026690e-01	6.108096e-02	1.783842e+03	
10  105.85	2.284434e+00	1.320780e-01	7.056163e-01	3.035791e+00	9.691670e-01	5.605047e-02	5.647591e-01	1.877284e-02	4.464770e+00	9.765708e+00	9.939748e-01	7.960416e+00	6.879411e-01	2.455976e-01	2.083293e+00	8.082554e-01	1.043055e+00	7.054970e+01	1.409442e+02	3.121844e-01	7.022484e-02	1.250157e+03	
5  105.826	2.284434e+00	1.320780e-01	7.056163e-01	3.035791e+00	9.691670e-01	5.605047e-02	5.647591e-01	1.877284e-02	4.464770e+00	9.765708e+00	9.964523e-01	7.960416e+00	6.879411e-01	2.455976e-01	2.083293e+00	8.082554e-01	1.043055e+00	7.054970e+01	1.409442e+02	3.121844e-01	7.022484e-02	1.250157e+03	
17  102.788	2.322560e+00	1.315770e-01	7.255533e-01	3.040828e+00	9.820140e-01	6.009090e-02	6.711710e-01	2.095027e-02	4.402828e+00	7.891584e+00	9.981774e-01	8.298565e+00	7.050139e-01	2.457490e-01	2.092724e+00	8.073184e-01	1.043752e+00	7.253376e+01	1.401971e+02	2.949567e-01	8.253661e-02	1.390772e+03	
33  103.295	2.322560e+00	1.315770e-01	7.255533e-01	3.040828e+00	9.820140e-01	6.009090e-02	6.711710e-01	2.095027e-02	4.402828e+00	7.891584e+00	9.953703e-01	8.298565e+00	7.050139e-01	2.457490e-01	2.092724e+00	8.073184e-01	1.043752e+00	7.253376e+01	1.401971e+02	2.949567e-01	8.253661e-02	1.390772e+03	
22  103.023	2.322560e+00	1.315770e-01	7.255533e-01	3.040828e+00	9.820140e-01	6.009090e-02	6.711710e-01	2.095027e-02	4.402828e+00	7.891584e+00	9.958117e-01	8.298565e+00	7.050139e-01	2.457490e-01	2.092724e+00	8.073184e-01	1.043752e+00	7.253376e+01	1.401971e+02	2.949567e-01	8.253661e-02	1.390772e+03	
11  102.742	2.322560e+00	1.315770e-01	7.255533e-01	3.040828e+00	9.820140e-01	6.009090e-02	6.711710e-01	2.095027e-02	4.402828e+00	7.891584e+00	9.980255e-01	8.298565e+00	7.050139e-01	2.457490e-01	2.092724e+00	8.073184e-01	1.043752e+00	7.253376e+01	1.401971e+02	2.949567e-01	8.253661e-02	1.390772e+03	
11  104.311	2.322560e+00	1.315770e-01	7.255533e-01	3.040828e+00	9.820140e-01	6.009090e-02	6.711710e-01	2.095027e-02	4.402828e+00	7.891584e+00	9.942537e-01	8.298565e+00	7.050139e-01	2.457490e-01	2.092724e+00	8.073184e-01	1.043752e+00	7.253376e+01	1.401971e+02	2.949567e-01	8.253661e-02	1.390772e+03	
22  103.837	2.322560e+00	1.315770e-01	7.255533e-01	3.040828e+00	9.820140e-01	6.009090e-02	6.711710e-01	2.095027e-02	4.402828e+00	7.891584e+00	9.998343e-01	8.298565e+00	7.050139e-01	2.457490e-01	2.092724e+00	8.073184e-01	1.043752e+00	7.253376e+01	1.401971e+02	2.949567e-01	8.253661e-02	1.390772e+03	
11  103.541	2.322560e+00	1.315770e-01	7.255533e-01	3.040828e+00	9.820140e-01	6.009090e-02	6.711710e-01	2.095027e-02	4.402828e+00	7.891584e+00	9.950484e-01	8.298565e+00	7.050139e-01	2.457490e-01	2.092724e+00	8.073184e-01	1.043752e+00	7.253376e+01	1.401971e+02	2.949567e-01	8.253661e-02	1.390772e+03	
11  102.642	2.322560e+00	1.315770e-01	7.255533e-01	3.040828e+00	9.820140e-01	6.009090e-02	6.711710e-01	2.095027e-02	4.402828e+00	7.891584e+00	9.974393e-01	8.298565e+00	7.050139e-01	2.457490e-01	2.092724e+00	8.073184e-01	1.043752e+00	7.253376e+01	1.401971e+02	2.949567e-01	8.253661e-02	1.390772e+03	
22  102.693	2.322560e+00	1.315770e-01	7.255533e-01	3.040828e+00	9.820140e-01	6.009090e-02	6.711710e-01	2.095027e-02	4.402828e+00	7.891584e+00	9.978194e-01	8.298565e+00	7.050139e-01	2.457490e-01	2.092724e+00	8.073184e-01	1.043752e+00	7.253376e+01	1.401971e+02	2.949567e-01	8.253661e-02	1.390772e+03	
23  103.56	2.322560e+00	1.315770e-01	7.255533e-01	3.040828e+00	9.820140e-01	6.009090e-02	6.711710e-01	2.095027e-02	4.402828e+00	7.891584e+00	9.950257e-01	8.298565e+00	7.050139e-01	2.457490e-01	2.092724e+00	8.073184e-01	1.043752e+00	7.253376e+01	1.401971e+02	2.949567e-01	8.253661e-02	1.390772e+03	
32  105.544	2.302472e+00	1.328197e-01	7.146104e-01	3.057690e+00	9.732461e-01	6.313158e-02	6.112896e-01	1.805763e-02	4.448261e+00	9.065702e+00	9.964769e-01	8.654669e+00	6.942093e-01	2.456715e-01	2.129358e+00	8.211802e-01	1.044324e+00	7.143811e+01	1.403720e+02	3.059371e-01	7.563218e-02	1.301404e+03	
33  104.733	2.302472e+00	1.328197e-01	7.146104e-01	3.057690e+00	9.732461e-01	6.313158e-02	6.112896e-01	1.805763e-02	4.448261e+00	9.065702e+00	9.976744e-01	8.654669e+00	6.942093e-01	2.456715e-01	2.129358e+00	8.211802e-01	1.044324e+00	7.143811e+01	1.403720e+02	3.059371e-01	7.563218e-02	1.301404e+03	
7  105.528	2.302472e+00	1.328197e-01	7.146104e-01	3.057690e+00	9.732461e-01	6.313158e-02	6.112896e-01	1.805763e-02	4.448261e+00	9.065702e+00	9.964947e-01	8.654669e+00	6.942093e-01	2.456715e-01	2.129358e+00	8.211802e-01	1.044324e+00	7.143811e+01	1.403720e+02	3.059371e-01	7.563218e-02	1.301404e+03	
2  106.025	2.292359e+00	1.325003e-01	7.026219e-01	3.062610e+00	9.718307e-01	6.224235e-02	5.235630e-01	2.711701e-02	4.425734e+00	9.965443e+00	9.969134e-01	8.571431e+00	6.843712e-01	2.456328e-01	2.140186e+00	8.113773e-01	1.043669e+00	7.025648e+01	1.409402e+02	3.158627e-01	6.539664e-02	1.123751e+03	
7  106.348	2.292596e+00	1.320202e-01	7.044579e-01	3.055799e+00	9.722636e-01	6.035357e-02	5.382664e-01	2.124676e-02	4.421953e+00	1.088421e+01	9.975179e-01	8.368306e+00	6.870836e-01	2.456366e-01	2.125597e+00	8.135645e-01	1.043249e+00	7.044720e+01	1.410004e+02	3.130905e-01	6.691479e-02	1.021929e+03	
6  105.286	2.280421e+00	1.299806e-01	7.107170e-01	3.043228e+00	9.757376e-01	5.773354e-02	5.429841e-01	1.303561e-02	4.448233e+00	1.005277e+01	9.974620e-01	8.106747e+00	6.965598e-01	2.455806e-01	2.098485e+00	8.150253e-01	1.043295e+00	7.106599e+01	1.415888e+02	3.034767e-01	6.760195e-02	1.176060e+03	
66  103.728	2.280421e+00	1.299806e-01	7.107170e-01	3.043228e+00	9.757376e-01	5.773354e-02	5.429841e-01	1.303561e-02	4.448233e+00	1.005277e+01	1.000034e+00	8.106747e+00	6.965598e-01	2.455806e-01	2.098485e+00	8.150253e-01	1.043295e+00	7.106599e+01	1.415888e+02	3.034767e-01	6.760195e-02	1.176060e+03	
22  103.811	2.280421e+00	1.299806e-01	7.107170e-01	3.043228e+00	9.757376e-01	5.773354e-02	5.429841e-01	1.303561e-02	4.448233e+00	1.005277e+01	1.001167e+00	8.106747e+00	6.965598e-01	2.455806e-01	2.098485e+00	8.150253e-01	1.043295e+00	7.106599e+01	1.415888e+02	3.034767e-01	6.760195e-02	1.176060e+03	
2  104.229	2.280421e+00	1.299806e-01	7.107170e-01	3.043228e+00	9.757376e-01	5.773354e-02	5.429841e-01	1.303561e-02	4.448233e+00	1.005277e+01	9.987007e-01	8.106747e+00	6.965598e-01	2.455806e-01	2.098485e+00	8.150253e-01	1.043295e+00	7.106599e+01	1.415888e+02	3.034767e-01	6.760195e-02	1.176060e+03	
7  102.473	2.252834e+00	1.324123e-01	6.983464e-01	3.058866e+00	9.714690e-01	6.121836e-02	5.474616e-01	2.501149e-02	4.456217e+00	8.565290e+00	9.993699e-01	8.581866e+00	6.806790e-01	2.454611e-01	2.132431e+00	8.136835e-01	1.042731e+00	6.983249e+01	1.412643e+02	3.193914e-01	6.845837e-02	1.425075e+03	
2  103.463	2.275435e+00	1.316513e-01	7.202037e-01	3.056725e+00	9.831403e-01	6.151130e-02	6.818450e-01	1.814193e-02	4.517621e+00	6.854239e+00	1.003450e+00	8.559234e+00	7.008543e-01	2.455509e-01	2.125580e+00	8.225852e-01	1.043350e+00	7.202408e+01	1.406117e+02	2.989944e-01	8.393651e-02	2.126129e+03	
3  102.695	2.275435e+00	1.316513e-01	7.202037e-01	3.056725e+00	9.831403e-01	6.151130e-02	6.818450e-01	1.814193e-02	4.517621e+00	6.854239e+00	1.006924e+00	8.559234e+00	7.008543e-01	2.455509e-01	2.125580e+00	8.225852e-01	1.043350e+00	7.202408e+01	1.406117e+02	2.989944e-01	8.393651e-02	2.126129e+03	
19  102.204	2.267748e+00	1.340893e-01	6.984045e-01	3.072464e+00	9.771228e-01	6.093282e-02	5.602812e-01	3.097949e-02	4.561330e+00	7.209232e+00	1.006626e+00	8.558436e+00	6.769919e-01	2.455206e-01	2.159834e+00	8.253486e-01	1.043513e+00	6.986268e+01	1.406504e+02	3.229113e-01	7.010537e-02	2.254354e+03	
28  102.304	2.267748e+00	1.340893e-01	6.984045e-01	3.072464e+00	9.771228e-01	6.093282e-02	5.602812e-01	3.097949e-02	4.561330e+00	7.209232e+00	1.006798e+00	8.558436e+00	6.769919e-01	2.455206e-01	2.159834e+00	8.253486e-01	1.043513e+00	6.986268e+01	1.406504e+02	3.229113e-01	7.010537e-02	2.254354e+03	
5  105.866	2.281589e+00	1.313571e-01	6.884320e-01	3.085994e+00	9.797885e-01	6.314047e-02	3.956723e-01	2.898737e-02	4.625386e+00	7.029644e+00	1.009051e+00	8.694099e+00	6.726618e-01	2.455807e-01	2.186776e+00	8.316442e-01	1.042733e+00	6.890909e+01	1.418790e+02	3.267981e-01	5.067751e-02	2.765030e+03	
11  105.644	2.281589e+00	1.313571e-01	6.884320e-01	3.085994e+00	9.797885e-01	6.314047e-02	3.956723e-01	2.898737e-02	4.625386e+00	7.029644e+00	1.007678e+00	8.694099e+00	6.726618e-01	2.455807e-01	2.186776e+00	8.316442e-01	1.042733e+00	6.890909e+01	1.418790e+02	3.267981e-01	5.067751e-02	2.765030e+03	
11  105.641	2.281589e+00	1.313571e-01	6.884320e-01	3.085994e+00	9.797885e-01	6.314047e-02	3.956723e-01	2.898737e-02	4.625386e+00	7.029644e+00	1.007720e+00	8.694099e+00	6.726618e-01	2.455807e-01	2.186776e+00	8.316442e-01	1.042733e+00	6.890909e+01	1.418790e+02	3.267981e-01	5.067751e-02	2.765030e+03	
6  106.503	2.281589e+00	1.313571e-01	6.884320e-01	3.085994e+00	9.797885e-01	6.314047e-02	3.956723e-01	2.898737e-02	4.625386e+00	7.029644e+00	1.010113e+00	8.694099e+00	6.726618e-01	2.455807e-01	2.186776e+00	8.316442e-01	1.042733e+00	6.890909e+01	1.418790e+02	3.267981e-01	5.067751e-02	2.765030e+03	
16  105.206	2.280905e+00	1.378135e-01	6.812002e-01	3.085173e+00	9.687567e-01	5.872883e-02	5.232860e-01	4.220817e-02	4.631222e+00	7.267307e+00	1.009140e+00	8.360721e+00	6.520680e-01	2.455881e-01	2.188255e+00	8.290135e-01	1.042625e+00	6.817604e+01	1.398665e+02	3.475765e-01	6.574810e-02	2.668881e+03	
12  104.441	2.280905e+00	1.378135e-01	6.812002e-01	3.085173e+00	9.687567e-01	5.872883e-02	5.232860e-01	4.220817e-02	4.631222e+00	7.267307e+00	1.005422e+00	8.360721e+00	6.520680e-01	2.455881e-01	2.188255e+00	8.290135e-01	1.042625e+00	6.817604e+01	1.398665e+02	3.475765e-01	6.574810e-02	2.668881e+03	
32  104.217	2.298543e+00	1.355772e-01	6.933416e-01	3.096820e+00	9.693525e-01	6.702965e-02	5.256981e-01	4.324662e-02	4.433907e+00	6.965794e+00	1.004735e+00	9.102465e+00	6.684418e-01	2.456594e-01	2.215150e+00	8.191391e-01	1.043564e+00	6.935320e+01	1.401514e+02	3.314536e-01	6.607775e-02	1.736510e+03	
11  104.917	2.298543e+00	1.355772e-01	6.933416e-01	3.096820e+00	9.693525e-01	6.702965e-02	5.256981e-01	4.324662e-02	4.433907e+00	6.965794e+00	1.002619e+00	9.102465e+00	6.684418e-01	2.456594e-01	2.215150e+00	8.191391e-01	1.043564e+00	6.935320e+01	1.401514e+02	3.314536e-01	6.607775e-02	1.736510e+03	
1  104.453	2.298543e+00	1.355772e-01	6.933416e-01	3.096820e+00	9.693525e-01	6.702965e-02	5.256981e-01	4.324662e-02	4.433907e+00	6.965794e+00	1.003435e+00	9.102465e+00	6.684418e-01	2.456594e-01	2.215150e+00	8.191391e-01	1.043564e+00	6.935320e+01	1.401514e+02	3.314536e-01	6.607775e-02	1.736510e+03	
21  106.101	2.317508e+00	1.350202e-01	7.122019e-01	3.071759e+00	9.731592e-01	5.974953e-02	6.453387e-01	2.757069e-02	4.504488e+00	7.493263e+00	1.004190e+00	8.331426e+00	6.869935e-01	2.457341e-01	2.159482e+00	8.238753e-01	1.044184e+00	7.120931e+01	1.395780e+02	3.129874e-01	7.967398e-02	1.850811e+03	
22  107.193	2.317508e+00	1.350202e-01	7.122019e-01	3.071759e+00	9.731592e-01	5.974953e-02	6.453387e-01	2.757069e-02	4.504488e+00	7.493263e+00	1.002985e+00	8.331426e+00	6.869935e-01	2.457341e-01	2.159482e+00	8.238753e-01	1.044184e+00	7.120931e+01	1.395780e+02	3.129874e-01	7.967398e-02	1.850811e+03	
22  105.496	2.317508e+00	1.350202e-01	7.122019e-01	3.071759e+00	9.731592e-01	5.974953e-02	6.453387e-01	2.757069e-02	4.504488e+00	7.493263e+00	1.005669e+00	8.331426e+00	6.869935e-01	2.457341e-01	2.159482e+00	8.238753e-01	1.044184e+00	7.120931e+01	1.395780e+02	3.129874e-01	7.967398e-02	1.850811e+03	
21  105.575	2.317508e+00	1.350202e-01	7.122019e-01	3.071759e+00	9.731592e-01	5.974953e-02	6.453387e-01	2.757069e-02	4.504488e+00	7.493263e+00	1.005290e+00	8.331426e+00	6.869935e-01	2.457341e-01	2.159482e+00	8.238753e-01	1.044184e+00	7.120931e+01	1.395780e+02	3.129874e-01	7.967398e-02	1.850811e+03	
3  106.536	2.297023e+00	1.332072e-01	6.952604e-01	3.093641e+00	9.671124e-01	6.894311e-02	4.753555e-01	3.555822e-02	4.403517e+00	6.942855e+00	1.002903e+00	9.244468e+00	6.751724e-01	2.456509e-01	2.207951e+00	8.191230e-01	1.043558e+00	6.954047e+01	1.409180e+02	3.247811e-01	6.014577e-02	1.629658e+03	
9  107.154	2.312301e+00	1.330825e-01	7.063913e-01	3.096584e+00	9.710584e-01	7.303454e-02	5.513438e-01	3.536235e-02	4.296572e+00	8.614309e+00	1.003292e+00	9.586452e+00	6.858966e-01	2.457153e-01	2.214867e+00	8.122874e-01	1.043787e+00	7.063409e+01	1.404607e+02	3.143676e-01	6.884314e-02	9.809686e+02	
13  107.833	2.312301e+00	1.330825e-01	7.063913e-01	3.096584e+00	9.710584e-01	7.303454e-02	5.513438e-01	3.536235e-02	4.296572e+00	8.614309e+00	9.997743e-01	9.586452e+00	6.858966e-01	2.457153e-01	2.214867e+00	8.122874e-01	1.043787e+00	7.063409e+01	1.404607e+02	3.143676e-01	6.884314e-02	9.809686e+02	
9  107.324	2.277281e+00	1.303631e-01	6.952168e-01	3.086259e+00	9.688481e-01	7.421198e-02	4.206130e-01	2.565468e-02	4.411974e+00	1.015486e+01	9.947771e-01	9.710782e+00	6.823185e-01	2.455713e-01	2.191552e+00	8.176868e-01	1.043205e+00	6.953873e+01	1.420471e+02	3.181164e-01	5.321615e-02	1.084343e+03	
15  105.929	2.277281e+00	1.303631e-01	6.952168e-01	3.086259e+00	9.688481e-01	7.421198e-02	4.206130e-01	2.565468e-02	4.411974e+00	1.015486e+01	9.965251e-01	9.710782e+00	6.823185e-01	2.455713e-01	2.191552e+00	8.176868e-01	1.043205e+00	6.953873e+01	1.420471e+02	3.181164e-01	5.321615e-02	1.084343e+03	
18  105.422	2.266919e+00	1.310980e-01	6.990959e-01	3.076047e+00	9.765805e-01	7.159891e-02	4.917384e-01	2.097912e-02	4.165622e+00	1.099554e+01	9.971341e-01	9.520970e+00	6.838754e-01	2.455246e-01	2.168942e+00	8.184766e-01	1.043050e+00	6.991567e+01	1.416620e+02	3.162279e-01	6.151342e-02	5.956245e+02	
26  105.499	2.266919e+00	1.310980e-01	6.990959e-01	3.076047e+00	9.765805e-01	7.159891e-02	4.917384e-01	2.097912e-02	4.165622e+00	1.099554e+01	1.000918e+00	9.520970e+00	6.838754e-01	2.455246e-01	2.168942e+00	8.184766e-01	1.043050e+00	6.991567e+01	1.416620e+02	3.162279e-01	6.151342e-02	5.956245e+02	
3  109.09	2.304801e+00	1.348523e-01	7.029142e-01	3.072342e+00	9.792258e-01	6.357692e-02	5.905540e-01	3.539609e-02	4.396404e+00	9.722386e+00	1.003391e+00	8.726208e+00	6.796111e-01	2.456834e-01	2.160893e+00	8.104471e-01	1.043465e+00	7.028427e+01	1.399867e+02	3.206296e-01	7.320467e-02	1.073484e+03	
12  106.642	2.306874e+00	1.303450e-01	7.166705e-01	3.067303e+00	9.761373e-01	6.229826e-02	5.844851e-01	1.476225e-02	4.430789e+00	8.449613e+00	1.008294e+00	8.522397e+00	6.999876e-01	2.456900e-01	2.149926e+00	8.216186e-01	1.043234e+00	7.165576e+01	1.410447e+02	2.999352e-01	7.257205e-02	1.364652e+03	
3  105.789	2.266700e+00	1.342547e-01	7.045658e-01	3.065838e+00	9.847968e-01	6.183141e-02	6.328126e-01	2.867276e-02	4.396402e+00	9.428748e+00	1.005687e+00	8.648578e+00	6.826302e-01	2.455217e-01	2.146537e+00	8.166764e-01	1.043126e+00	7.045542e+01	1.403368e+02	3.174528e-01	7.813616e-02	1.110478e+03	
11  104.983	2.266700e+00	1.342547e-01	7.045658e-01	3.065838e+00	9.847968e-01	6.183141e-02	6.328126e-01	2.867276e-02	4.396402e+00	9.428748e+00	1.003474e+00	8.648578e+00	6.826302e-01	2.455217e-01	2.146537e+00	8.166764e-01	1.043126e+00	7.045542e+01	1.403368e+02	3.174528e-01	7.813616e-02	1.110478e+03	
11  106.08	2.266700e+00	1.342547e-01	7.045658e-01	3.065838e+00	9.847968e-01	6.183141e-02	6.328126e-01	2.867276e-02	4.396402e+00	9.428748e+00	1.006039e+00	8.648578e+00	6.826302e-01	2.455217e-01	2.146537e+00	8.166764e-01	1.043126e+00	7.045542e+01	1.403368e+02	3.174528e-01	7.813616e-02	1.110478e+03	
11  105.801	2.266700e+00	1.342547e-01	7.045658e-01	3.065838e+00	9.847968e-01	6.183141e-02	6.328126e-01	2.867276e-02	4.396402e+00	9.428748e+00	1.005703e+00	8.648578e+00	6.826302e-01	2.455217e-01	2.146537e+00	8.166764e-01	1.043126e+00	7.045542e+01	1.403368e+02	3.174528e-01	7.813616e-02	1.110478e+03	
7  105.833	2.266700e+00	1.342547e-01	7.045658e-01	3.065838e+00	9.847968e-01	6.183141e-02	6.328126e-01	2.867276e-02	4.396402e+00	9.428748e+00	1.005744e+00	8.648578e+00	6.826302e-01	2.455217e-01	2.146537e+00	8.166764e-01	1.043126e+00	7.045542e+01	1.403368e+02	3.174528e-01	7.813616e-02	1.110478e+03	
4  105.041	2.280155e+00	1.371010e-01	7.026088e-01	3.074720e+00	9.888159e-01	5.974985e-02	6.798358e-01	4.543968e-02	4.430534e+00	6.623697e+00	1.007949e+00	8.469942e+00	6.741425e-01	2.455769e-01	2.165490e+00	8.161741e-01	1.043341e+00	7.028160e+01	1.393554e+02	3.257101e-01	8.370821e-02	1.822375e+03	
11  106.053	2.280155e+00	1.371010e-01	7.026088e-01	3.074720e+00	9.888159e-01	5.974985e-02	6.798358e-01	4.543968e-02	4.430534e+00	6.623697e+00	1.003798e+00	8.469942e+00	6.741425e-01	2.455769e-01	2.165490e+00	8.161741e-01	1.043341e+00	7.028160e+01	1.393554e+02	3.257101e-01	8.370821e-02	1.822375e+03	
55  104.684	2.280155e+00	1.371010e-01	7.026088e-01	3.074720e+00	9.888159e-01	5.974985e-02	6.798358e-01	4.543968e-02	4.430534e+00	6.623697e+00	1.006595e+00	8.469942e+00	6.741425e-01	2.455769e-01	2.165490e+00	8.161741e-01	1.043341e+00	7.028160e+01	1.393554e+02	3.257101e-01	8.370821e-02	1.822375e+03	
22  105.796	2.280155e+00	1.371010e-01	7.026088e-01	3.074720e+00	9.888159e-01	5.974985e-02	6.798358e-01	4.543968e-02	4.430534e+00	6.623697e+00	1.004068e+00	8.469942e+00	6.741425e-01	2.455769e-01	2.165490e+00	8.161741e-01	1.043341e+00	7.028160e+01	1.393554e+02	3.257101e-01	8.370821e-02	1.822375e+03	
11  105.106	2.280155e+00	1.371010e-01	7.026088e-01	3.074720e+00	9.888159e-01	5.974985e-02	6.798358e-01	4.543968e-02	4.430534e+00	6.623697e+00	1.005012e+00	8.469942e+00	6.741425e-01	2.455769e-01	2.165490e+00	8.161741e-01	1.043341e+00	7.028160e+01	1.393554e+02	3.257101e-01	8.370821e-02	1.822375e+03	
11  105.387	2.280155e+00	1.371010e-01	7.026088e-01	3.074720e+00	9.888159e-01	5.974985e-02	6.798358e-01	4.543968e-02	4.430534e+00	6.623697e+00	1.008515e+00	8.469942e+00	6.741425e-01	2.455769e-01	2.165490e+00	8.161741e-01	1.043341e+00	7.028160e+01	1.393554e+02	3.257101e-01	8.370821e-02	1.822375e+03	
9  104.703	2.280155e+00	1.371010e-01	7.026088e-01	3.074720e+00	9.888159e-01	5.974985e-02	6.798358e-01	4.543968e-02	4.430534e+00	6.623697e+00	1.006860e+00	8.469942e+00	6.741425e-01	2.455769e-01	2.165490e+00	8.161741e-01	1.043341e+00	7.028160e+01	1.393554e+02	3.257101e-01	8.370821e-02	1.822375e+03	
2  104.216	2.268630e+00	1.335093e-01	7.110421e-01	3.075672e+00	9.842606e-01	6.704878e-02	6.621568e-01	2.474163e-02	4.311364e+00	5.410731e+00	1.005561e+00	9.163805e+00	6.889261e-01	2.455254e-01	2.167687e+00	8.278399e-01	1.043277e+00	7.112862e+01	1.403513e+02	3.107762e-01	8.171044e-02	1.744819e+03	
2  104.196	2.268630e+00	1.335093e-01	7.110421e-01	3.075672e+00	9.842606e-01	6.704878e-02	6.621568e-01	2.474163e-02	4.311364e+00	5.410731e+00	1.005798e+00	9.163805e+00	6.889261e-01	2.455254e-01	2.167687e+00	8.278399e-01	1.043277e+00	7.112862e+01	1.403513e+02	3.107762e-01	8.171044e-02	1.744819e+03	
20  103.304	2.264983e+00	1.318388e-01	7.231873e-01	3.055135e+00	9.855348e-01	6.336661e-02	7.101887e-01	2.541810e-02	4.391538e+00	5.202740e+00	1.002874e+00	8.777760e+00	7.027694e-01	2.455063e-01	2.122289e+00	8.162026e-01	1.043738e+00	7.233121e+01	1.405319e+02	2.969487e-01	8.717435e-02	2.171290e+03	
47  103.306	2.264983e+00	1.318388e-01	7.231873e-01	3.055135e+00	9.855348e-01	6.336661e-02	7.101887e-01	2.541810e-02	4.391538e+00	5.202740e+00	1.002864e+00	8.777760e+00	7.027694e-01	2.455063e-01	2.122289e+00	8.162026e-01	1.043738e+00	7.233121e+01	1.405319e+02	2.969487e-01	8.717435e-02	2.171290e+03	
5  103.529	2.294526e+00	1.280603e-01	7.364142e-01	3.043757e+00	9.880543e-01	6.161299e-02	6.697742e-01	1.858096e-02	4.372550e+00	6.692526e+00	1.002179e+00	8.458239e+00	7.202440e-01	2.456309e-01	2.098562e+00	8.052927e-01	1.044207e+00	7.362376e+01	1.413097e+02	2.796107e-01	8.252449e-02	1.570005e+03	
3  103.603	2.271249e+00	1.280580e-01	7.188515e-01	3.041670e+00	9.866383e-01	5.973822e-02	5.524573e-01	1.381999e-02	4.417642e+00	8.793787e+00	1.000723e+00	8.313385e+00	7.070014e-01	2.455346e-01	2.094293e+00	8.118005e-01	1.043704e+00	7.187264e+01	1.420958e+02	2.929804e-01	6.891020e-02	1.275072e+03	
23  103.596	2.271249e+00	1.280580e-01	7.188515e-01	3.041670e+00	9.866383e-01	5.973822e-02	5.524573e-01	1.381999e-02	4.417642e+00	8.793787e+00	1.000840e+00	8.313385e+00	7.070014e-01	2.455346e-01	2.094293e+00	8.118005e-01	1.043704e+00	7.187264e+01	1.420958e+02	2.929804e-01	6.891020e-02	1.275072e+03	
2  104.601	2.286736e+00	1.283803e-01	7.237529e-01	3.043402e+00	9.900156e-01	6.039477e-02	5.865591e-01	1.396181e-02	4.447355e+00	8.282083e+00	1.001520e+00	8.352116e+00	7.101308e-01	2.455969e-01	2.097406e+00	8.140470e-01	1.043894e+00	7.236229e+01	1.417023e+02	2.898722e-01	7.290612e-02	1.458498e+03	
1  104.381	2.305898e+00	1.267409e-01	7.267111e-01	3.049965e+00	9.883507e-01	6.271952e-02	5.424706e-01	1.930359e-02	4.468047e+00	7.833672e+00	1.001640e+00	8.503218e+00	7.152802e-01	2.456737e-01	2.110591e+00	8.055627e-01	1.044007e+00	7.266197e+01	1.420716e+02	2.847487e-01	6.797137e-02	1.632679e+03	
14  104.388	2.290880e+00	1.300619e-01	7.176030e-01	3.068484e+00	9.899644e-01	6.684408e-02	5.949313e-01	2.776801e-02	4.531296e+00	7.710348e+00	1.004421e+00	9.007382e+00	7.018893e-01	2.456121e-01	2.149721e+00	8.151450e-01	1.043470e+00	7.177060e+01	1.412079e+02	2.980646e-01	7.407868e-02	1.932350e+03	
48  105.424	2.272001e+00	1.279958e-01	7.003668e-01	3.066481e+00	9.798542e-01	6.677846e-02	4.380908e-01	1.313031e-02	4.775487e+00	9.882400e+00	1.003052e+00	8.986983e+00	6.924451e-01	2.455398e-01	2.144088e+00	8.263506e-01	1.042119e+00	7.008928e+01	1.425957e+02	3.077461e-01	5.555641e-02	2.616523e+03	
66  105.664	2.272001e+00	1.279958e-01	7.003668e-01	3.066481e+00	9.798542e-01	6.677846e-02	4.380908e-01	1.313031e-02	4.775487e+00	9.882400e+00	1.003997e+00	8.986983e+00	6.924451e-01	2.455398e-01	2.144088e+00	8.263506e-01	1.042119e+00	7.008928e+01	1.425957e+02	3.077461e-01	5.555641e-02	2.616523e+03	
16  105.753	2.272001e+00	1.279958e-01	7.003668e-01	3.066481e+00	9.798542e-01	6.677846e-02	4.380908e-01	1.313031e-02	4.775487e+00	9.882400e+00	1.001466e+00	8.986983e+00	6.924451e-01	2.455398e-01	2.144088e+00	8.263506e-01	1.042119e+00	7.008928e+01	1.425957e+02	3.077461e-01	5.555641e-02	2.616523e+03	
6  104.376	2.260433e+00	1.292146e-01	6.927463e-01	3.067340e+00	9.768096e-01	6.633402e-02	4.153510e-01	1.372908e-02	4.555073e+00	1.070017e+01	1.000347e+00	8.976395e+00	6.827206e-01	2.454972e-01	2.149637e+00	8.261012e-01	1.042075e+00	6.930866e+01	1.425672e+02	3.175187e-01	5.247630e-02	1.436480e+03	
11  105.222	2.260433e+00	1.292146e-01	6.927463e-01	3.067340e+00	9.768096e-01	6.633402e-02	4.153510e-01	1.372908e-02	4.555073e+00	1.070017e+01	9.988978e-01	8.976395e+00	6.827206e-01	2.454972e-01	2.149637e+00	8.261012e-01	1.042075e+00	6.930866e+01	1.425672e+02	3.175187e-01	5.247630e-02	1.436480e+03	
11  104.51	2.260433e+00	1.292146e-01	6.927463e-01	3.067340e+00	9.768096e-01	6.633402e-02	4.153510e-01	1.372908e-02	4.555073e+00	1.070017e+01	9.999965e-01	8.976395e+00	6.827206e-01	2.454972e-01	2.149637e+00	8.261012e-01	1.042075e+00	6.930866e+01	1.425672e+02	3.175187e-01	5.247630e-02	1.436480e+03	
2  105.356	2.260433e+00	1.292146e-01	6.927463e-01	3.067340e+00	9.768096e-01	6.633402e-02	4.153510e-01	1.372908e-02	4.555073e+00	1.070017e+01	1.003696e+00	8.976395e+00	6.827206e-01	2.454972e-01	2.149637e+00	8.261012e-01	1.042075e+00	6.930866e+01	1.425672e+02	3.175187e-01	5.247630e-02	1.436480e+03	
4  103.692	2.251672e+00	1.274964e-01	6.959158e-01	3.064809e+00	9.673456e-01	7.010595e-02	4.055345e-01	6.022458e-03	4.524099e+00	8.451807e+00	1.000621e+00	9.353631e+00	6.887509e-01	2.454524e-01	2.143878e+00	8.251645e-01	1.041865e+00	6.960094e+01	1.430813e+02	3.113949e-01	5.171143e-02	1.722662e+03	
34  105.313	2.263271e+00	1.257143e-01	7.016395e-01	3.055689e+00	9.673263e-01	7.077118e-02	4.072299e-01	5.907784e-03	4.473364e+00	6.401590e+00	9.976687e-01	9.359762e+00	6.967506e-01	2.454941e-01	2.123214e+00	8.145897e-01	1.041368e+00	7.016842e+01	1.433537e+02	3.032540e-01	5.218462e-02	2.119065e+03	
4  105.551	2.295718e+00	1.216364e-01	7.233579e-01	3.057527e+00	9.765782e-01	7.577470e-02	4.286435e-01	8.947007e-03	4.362141e+00	5.880187e+00	9.981844e-01	9.648356e+00	7.220585e-01	2.456314e-01	2.126603e+00	7.983460e-01	1.041861e+00	7.233577e+01	1.439349e+02	2.778952e-01	5.476766e-02	1.778351e+03	
55  105.219	2.295718e+00	1.216364e-01	7.233579e-01	3.057527e+00	9.765782e-01	7.577470e-02	4.286435e-01	8.947007e-03	4.362141e+00	5.880187e+00	9.976407e-01	9.648356e+00	7.220585e-01	2.456314e-01	2.126603e+00	7.983460e-01	1.041861e+00	7.233577e+01	1.439349e+02	2.778952e-01	5.476766e-02	1.778351e+03	
11  105.124	2.295718e+00	1.216364e-01	7.233579e-01	3.057527e+00	9.765782e-01	7.577470e-02	4.286435e-01	8.947007e-03	4.362141e+00	5.880187e+00	9.974414e-01	9.648356e+00	7.220585e-01	2.456314e-01	2.126603e+00	7.983460e-01	1.041861e+00	7.233577e+01	1.439349e+02	2.778952e-01	5.476766e-02	1.778351e+03	
22  105.239	2.295718e+00	1.216364e-01	7.233579e-01	3.057527e+00	9.765782e-01	7.577470e-02	4.286435e-01	8.947007e-03	4.362141e+00	5.880187e+00	9.947917e-01	9.648356e+00	7.220585e-01	2.456314e-01	2.126603e+00	7.983460e-01	1.041861e+00	7.233577e+01	1.439349e+02	2.778952e-01	5.476766e-02	1.778351e+03	
33  104.964	2.295718e+00	1.216364e-01	7.233579e-01	3.057527e+00	9.765782e-01	7.577470e-02	4.286435e-01	8.947007e-03	4.362141e+00	5.880187e+00	9.969834e-01	9.648356e+00	7.220585e-01	2.456314e-01	2.126603e+00	7.983460e-01	1.041861e+00	7.233577e+01	1.439349e+02	2.778952e-01	5.476766e-02	1.778351e+03	
68  105.306	2.295718e+00	1.216364e-01	7.233579e-01	3.057527e+00	9.765782e-01	7.577470e-02	4.286435e-01	8.947007e-03	4.362141e+00	5.880187e+00	9.978006e-01	9.648356e+00	7.220585e-01	2.456314e-01	2.126603e+00	7.983460e-01	1.041861e+00	7.233577e+01	1.439349e+02	2.778952e-01	5.476766e-02	1.778351e+03	
9  104.461	2.287527e+00	1.248775e-01	7.201653e-01	3.066018e+00	9.752496e-01	7.516093e-02	4.984192e-01	1.086042e-02	4.274004e+00	5.023758e+00	1.000553e+00	9.686912e+00	7.131667e-01	2.455993e-01	2.146219e+00	8.099041e-01	1.042225e+00	7.202718e+01	1.429081e+02	2.866115e-01	6.292003e-02	1.728775e+03	
11  105.55	2.287527e+00	1.248775e-01	7.201653e-01	3.066018e+00	9.752496e-01	7.516093e-02	4.984192e-01	1.086042e-02	4.274004e+00	5.023758e+00	1.002016e+00	9.686912e+00	7.131667e-01	2.455993e-01	2.146219e+00	8.099041e-01	1.042225e+00	7.202718e+01	1.429081e+02	2.866115e-01	6.292003e-02	1.728775e+03	
7  104.173	2.287527e+00	1.248775e-01	7.201653e-01	3.066018e+00	9.752496e-01	7.516093e-02	4.984192e-01	1.086042e-02	4.274004e+00	5.023758e+00	9.996385e-01	9.686912e+00	7.131667e-01	2.455993e-01	2.146219e+00	8.099041e-01	1.042225e+00	7.202718e+01	1.429081e+02	2.866115e-01	6.292003e-02	1.728775e+03	
23  103.991	2.310347e+00	1.266992e-01	7.377648e-01	3.066325e+00	9.812788e-01	7.454616e-02	6.765063e-01	1.690867e-02	4.179394e+00	2.711943e+00	1.002820e+00	9.594359e+00	7.226236e-01	2.456958e-01	2.145624e+00	8.098012e-01	1.042628e+00	7.381899e+01	1.414159e+02	2.767815e-01	8.335119e-02	2.321024e+03	
3  106.04	2.311931e+00	1.299302e-01	7.335185e-01	3.050983e+00	9.836106e-01	6.544609e-02	7.240244e-01	2.972902e-02	4.002733e+00	2.936135e+00	1.001080e+00	8.817058e+00	7.132825e-01	2.457093e-01	2.115753e+00	7.967970e-01	1.042964e+00	7.337628e+01	1.404533e+02	2.861748e-01	8.842739e-02	1.519674e+03	
11  105.927	2.311931e+00	1.299302e-01	7.335185e-01	3.050983e+00	9.836106e-01	6.544609e-02	7.240244e-01	2.972902e-02	4.002733e+00	2.936135e+00	9.998646e-01	8.817058e+00	7.132825e-01	2.457093e-01	2.115753e+00	7.967970e-01	1.042964e+00	7.337628e+01	1.404533e+02	2.861748e-01	8.842739e-02	1.519674e+03	
2  106.448	2.311931e+00	1.299302e-01	7.335185e-01	3.050983e+00	9.836106e-01	6.544609e-02	7.240244e-01	2.972902e-02	4.002733e+00	2.936135e+00	1.001944e+00	8.817058e+00	7.132825e-01	2.457093e-01	2.115753e+00	7.967970e-01	1.042964e+00	7.337628e+01	1.404533e+02	2.861748e-01	8.842739e-02	1.519674e+03	
9  107.252	2.287928e+00	1.319053e-01	7.200615e-01	3.067927e+00	9.761733e-01	6.514282e-02	6.869851e-01	3.175031e-02	4.172422e+00	4.751581e+00	1.006599e+00	8.894448e+00	6.992051e-01	2.456116e-01	2.151975e+00	8.049474e-01	1.042920e+00	7.201691e+01	1.403978e+02	3.004284e-01	8.449525e-02	1.457945e+03	
10  106.066	2.287928e+00	1.319053e-01	7.200615e-01	3.067927e+00	9.761733e-01	6.514282e-02	6.869851e-01	3.175031e-02	4.172422e+00	4.751581e+00	1.004292e+00	8.894448e+00	6.992051e-01	2.456116e-01	2.151975e+00	8.049474e-01	1.042920e+00	7.201691e+01	1.403978e+02	3.004284e-01	8.449525e-02	1.457945e+03	
1  106.281	2.274848e+00	1.287138e-01	7.168060e-01	3.060685e+00	9.783237e-01	6.359253e-02	5.808459e-01	2.472478e-02	4.242485e+00	6.363579e+00	1.003803e+00	8.712511e+00	7.031306e-01	2.455529e-01	2.136163e+00	8.023360e-01	1.042696e+00	7.167680e+01	1.417573e+02	2.966163e-01	7.237610e-02	1.248419e+03	
6  106.704	2.274848e+00	1.287138e-01	7.168060e-01	3.060685e+00	9.783237e-01	6.359253e-02	5.808459e-01	2.472478e-02	4.242485e+00	6.363579e+00	1.005350e+00	8.712511e+00	7.031306e-01	2.455529e-01	2.136163e+00	8.023360e-01	1.042696e+00	7.167680e+01	1.417573e+02	2.966163e-01	7.237610e-02	1.248419e+03	
7  103.613	2.278342e+00	1.287272e-01	7.236228e-01	3.058005e+00	9.732751e-01	6.478309e-02	6.396862e-01	1.162017e-02	4.313472e+00	5.711500e+00	1.005613e+00	8.817022e+00	7.086213e-01	2.455669e-01	2.130162e+00	8.153490e-01	1.042665e+00	7.235377e+01	1.414563e+02	2.910424e-01	7.912219e-02	1.642267e+03	
14  104.415	2.298425e+00	1.322994e-01	7.180645e-01	3.069019e+00	9.700476e-01	6.736599e-02	6.720788e-01	1.518762e-02	4.282263e+00	4.779682e+00	1.004427e+00	9.083022e+00	6.967186e-01	2.456525e-01	2.154031e+00	8.256667e-01	1.042952e+00	7.181457e+01	1.402672e+02	3.029376e-01	8.277331e-02	1.847580e+03	
24  103.473	2.335789e+00	1.347849e-01	7.287503e-01	3.059555e+00	9.656455e-01	6.972009e-02	8.007567e-01	1.768586e-02	4.390767e+00	3.550129e+00	9.981413e-01	9.251602e+00	7.005722e-01	2.458048e-01	2.130909e+00	8.244726e-01	1.043260e+00	7.291494e+01	1.387193e+02	2.989555e-01	9.712704e-02	3.062792e+03	
19  103.446	2.354418e+00	1.342639e-01	7.298591e-01	3.061047e+00	9.703747e-01	7.064203e-02	7.800689e-01	2.283421e-02	4.284512e+00	2.779340e+00	9.973654e-01	9.271912e+00	7.018492e-01	2.458785e-01	2.134249e+00	8.200540e-01	1.043185e+00	7.303665e+01	1.387433e+02	2.975752e-01	9.479470e-02	2.905880e+03	
7  107.789	2.363943e+00	1.282177e-01	7.318531e-01	3.063800e+00	9.780241e-01	7.578856e-02	6.276394e-01	7.714433e-03	4.202911e+00	3.029557e+00	9.976682e-01	9.589237e+00	7.144915e-01	2.459099e-01	2.140467e+00	8.214753e-01	1.042587e+00	7.322804e+01	1.407297e+02	2.850537e-01	7.768682e-02	2.293244e+03	
19  107.783	2.363943e+00	1.282177e-01	7.318531e-01	3.063800e+00	9.780241e-01	7.578856e-02	6.276394e-01	7.714433e-03	4.202911e+00	3.029557e+00	9.979703e-01	9.589237e+00	7.144915e-01	2.459099e-01	2.140467e+00	8.214753e-01	1.042587e+00	7.322804e+01	1.407297e+02	2.850537e-01	7.768682e-02	2.293244e+03	
3  107.675	2.400527e+00	1.357654e-01	7.414329e-01	3.067110e+00	9.870432e-01	7.174463e-02	8.859657e-01	3.542946e-02	4.247287e+00	2.222197e+00	1.000289e+00	9.294506e+00	7.071438e-01	2.460625e-01	2.146061e+00	8.165736e-01	1.043121e+00	7.422112e+01	1.375432e+02	2.919182e-01	1.060941e-01	3.067058e+03	
11  108.272	2.400527e+00	1.357654e-01	7.414329e-01	3.067110e+00	9.870432e-01	7.174463e-02	8.859657e-01	3.542946e-02	4.247287e+00	2.222197e+00	1.002622e+00	9.294506e+00	7.071438e-01	2.460625e-01	2.146061e+00	8.165736e-01	1.043121e+00	7.422112e+01	1.375432e+02	2.919182e-01	1.060941e-01	3.067058e+03	
7  108.903	2.400527e+00	1.357654e-01	7.414329e-01	3.067110e+00	9.870432e-01	7.174463e-02	8.859657e-01	3.542946e-02	4.247287e+00	2.222197e+00	1.003397e+00	9.294506e+00	7.071438e-01	2.460625e-01	2.146061e+00	8.165736e-01	1.043121e+00	7.422112e+01	1.375432e+02	2.919182e-01	1.060941e-01	3.067058e+03	
4  108.209	2.388340e+00	1.308605e-01	7.420605e-01	3.050163e+00	9.838053e-01	6.767210e-02	7.717626e-01	2.348897e-02	4.185934e+00	2.927686e+00	1.002499e+00	8.849119e+00	7.169229e-01	2.460088e-01	2.111810e+00	8.051708e-01	1.042632e+00	7.423522e+01	1.392519e+02	2.824602e-01	9.375971e-02	2.264827e+03	
35  105.613	2.388340e+00	1.308605e-01	7.420605e-01	3.050163e+00	9.838053e-01	6.767210e-02	7.717626e-01	2.348897e-02	4.185934e+00	2.927686e+00	9.996537e-01	8.849119e+00	7.169229e-01	2.460088e-01	2.111810e+00	8.051708e-01	1.042632e+00	7.423522e+01	1.392519e+02	2.824602e-01	9.375971e-02	2.264827e+03	
