1  113.817	2.269560e+00	1.261597e-01	7.067451e-01	3.092487e+00	9.985490e-01	7.906870e-02	4.027388e-01	4.789156e-02	4.023858e+00	9.142383e+00	9.972171e-01	1.003241e+01	7.005745e-01	2.455318e-01	2.196966e+00	7.781339e-01	1.043529e+00	7.078309e+01	1.431983e+02	2.990296e-01	5.145643e-02	5.021785e+02	
31  110.972	2.259653e+00	1.263589e-01	7.083871e-01	3.093816e+00	9.967995e-01	7.666957e-02	4.211450e-01	5.882604e-02	4.020622e+00	8.560620e+00	9.986524e-01	9.844632e+00	7.014380e-01	2.454902e-01	2.202045e+00	7.640808e-01	1.043817e+00	7.091547e+01	1.431887e+02	2.981575e-01	5.370296e-02	4.838835e+02	
15  109.374	2.259653e+00	1.263589e-01	7.083871e-01	3.093816e+00	9.967995e-01	7.666957e-02	4.211450e-01	5.882604e-02	4.020622e+00	8.560620e+00	1.000836e+00	9.844632e+00	7.014380e-01	2.454902e-01	2.202045e+00	7.640808e-01	1.043817e+00	7.091547e+01	1.431887e+02	2.981575e-01	5.370296e-02	4.838835e+02	
5  109.512	2.265464e+00	1.259151e-01	7.112177e-01	3.083362e+00	9.945605e-01	7.152300e-02	4.355632e-01	4.850456e-02	4.015569e+00	8.807193e+00	1.002823e+00	9.353518e+00	7.042787e-01	2.455170e-01	2.179510e+00	7.710168e-01	1.043557e+00	7.120152e+01	1.431720e+02	2.954854e-01	5.517931e-02	4.603608e+02	
7  110.615	2.253252e+00	1.270257e-01	7.037842e-01	3.118867e+00	9.943238e-01	8.402980e-02	4.095441e-01	6.105371e-02	3.982258e+00	8.826033e+00	1.004098e+00	1.052985e+01	6.958389e-01	2.454704e-01	2.255776e+00	7.696972e-01	1.043809e+00	7.047167e+01	1.431346e+02	3.029925e-01	5.231529e-02	4.317523e+02	
1  111.127	2.270888e+00	1.234791e-01	7.197892e-01	3.071391e+00	9.861054e-01	7.291304e-02	4.355416e-01	3.066106e-02	3.967662e+00	8.521806e+00	1.000449e+00	9.440376e+00	7.157322e-01	2.455489e-01	2.151828e+00	7.796545e-01	1.043454e+00	7.205864e+01	1.437522e+02	2.836696e-01	5.503617e-02	4.304251e+02	
2  110.947	2.271429e+00	1.233722e-01	7.190200e-01	3.057111e+00	9.881779e-01	6.809833e-02	4.424093e-01	2.731726e-02	4.032895e+00	9.049301e+00	9.994493e-01	8.980516e+00	7.155735e-01	2.455489e-01	2.121991e+00	7.803166e-01	1.042834e+00	7.199540e+01	1.437295e+02	2.843255e-01	5.593110e-02	4.931002e+02	
4  111.074	2.268068e+00	1.234519e-01	7.168235e-01	3.063232e+00	9.901404e-01	7.098993e-02	4.214794e-01	3.005997e-02	3.975388e+00	8.878742e+00	9.987295e-01	9.267145e+00	7.137052e-01	2.455326e-01	2.134522e+00	7.786149e-01	1.043103e+00	7.178130e+01	1.438391e+02	2.860319e-01	5.335172e-02	4.292794e+02	
3  110.699	2.289976e+00	1.231508e-01	7.238433e-01	3.045032e+00	9.889773e-01	6.625856e-02	4.453356e-01	2.486932e-02	3.998236e+00	8.783860e+00	9.959194e-01	8.766331e+00	7.193338e-01	2.456235e-01	2.097823e+00	7.773792e-01	1.043326e+00	7.246245e+01	1.435834e+02	2.805547e-01	5.614481e-02	4.708781e+02	
23  108.771	2.291354e+00	1.236077e-01	7.168496e-01	3.061386e+00	9.970160e-01	7.364581e-02	3.977454e-01	3.172669e-02	3.886833e+00	9.165953e+00	9.945959e-01	9.460667e+00	7.133258e-01	2.456209e-01	2.128855e+00	7.754211e-01	1.043498e+00	7.180079e+01	1.436272e+02	2.863612e-01	5.041644e-02	3.602269e+02	
17  108.626	2.278044e+00	1.229318e-01	7.179677e-01	3.073271e+00	9.962729e-01	7.729585e-02	3.928905e-01	3.127171e-02	3.880189e+00	9.320972e+00	9.974843e-01	9.813330e+00	7.161478e-01	2.455690e-01	2.151488e+00	7.789348e-01	1.043761e+00	7.192934e+01	1.439565e+02	2.833710e-01	4.991316e-02	3.583386e+02	
8  108.599	2.278044e+00	1.229318e-01	7.179677e-01	3.073271e+00	9.962729e-01	7.729585e-02	3.928905e-01	3.127171e-02	3.880189e+00	9.320972e+00	9.978314e-01	9.813330e+00	7.161478e-01	2.455690e-01	2.151488e+00	7.789348e-01	1.043761e+00	7.192934e+01	1.439565e+02	2.833710e-01	4.991316e-02	3.583386e+02	
3  106.315	2.283557e+00	1.225219e-01	7.221906e-01	3.080256e+00	9.987625e-01	7.810628e-02	4.095372e-01	3.494761e-02	3.879731e+00	8.679751e+00	1.000689e+00	9.867321e+00	7.200181e-01	2.455920e-01	2.167189e+00	7.754203e-01	1.043829e+00	7.233487e+01	1.439396e+02	2.794431e-01	5.193532e-02	3.734861e+02	
11  106.919	2.283557e+00	1.225219e-01	7.221906e-01	3.080256e+00	9.987625e-01	7.810628e-02	4.095372e-01	3.494761e-02	3.879731e+00	8.679751e+00	1.002330e+00	9.867321e+00	7.200181e-01	2.455920e-01	2.167189e+00	7.754203e-01	1.043829e+00	7.233487e+01	1.439396e+02	2.794431e-01	5.193532e-02	3.734861e+02	
49  106.609	2.283557e+00	1.225219e-01	7.221906e-01	3.080256e+00	9.987625e-01	7.810628e-02	4.095372e-01	3.494761e-02	3.879731e+00	8.679751e+00	1.001784e+00	9.867321e+00	7.200181e-01	2.455920e-01	2.167189e+00	7.754203e-01	1.043829e+00	7.233487e+01	1.439396e+02	2.794431e-01	5.193532e-02	3.734861e+02	
28  110.438	2.308470e+00	1.218680e-01	7.295937e-01	3.061928e+00	1.001454e+00	6.737319e-02	4.194210e-01	2.588039e-02	3.871053e+00	8.667036e+00	1.004995e+00	8.822415e+00	7.265055e-01	2.456924e-01	2.130503e+00	7.787616e-01	1.044103e+00	7.306320e+01	1.437999e+02	2.737607e-01	5.275137e-02	3.487062e+02	
1  110.327	2.308470e+00	1.218680e-01	7.295937e-01	3.061928e+00	1.001454e+00	6.737319e-02	4.194210e-01	2.588039e-02	3.871053e+00	8.667036e+00	1.004616e+00	8.822415e+00	7.265055e-01	2.456924e-01	2.130503e+00	7.787616e-01	1.044103e+00	7.306320e+01	1.437999e+02	2.737607e-01	5.275137e-02	3.487062e+02	
8  109.457	2.275400e+00	1.239376e-01	7.169482e-01	3.069258e+00	1.002143e+00	6.797778e-02	4.125895e-01	3.389106e-02	3.900563e+00	9.103001e+00	1.004697e+00	8.987139e+00	7.129226e-01	2.455538e-01	2.147785e+00	7.784300e-01	1.043766e+00	7.181299e+01	1.436492e+02	2.872424e-01	5.194946e-02	3.447849e+02	
1  107.653	2.277248e+00	1.250453e-01	7.140811e-01	3.083396e+00	9.984037e-01	7.356968e-02	4.046112e-01	4.694807e-02	3.817785e+00	8.423501e+00	1.002296e+00	9.519264e+00	7.078680e-01	2.455611e-01	2.179027e+00	7.645524e-01	1.044261e+00	7.149935e+01	1.434001e+02	2.915636e-01	5.104023e-02	2.804598e+02	
89  107.699	2.296194e+00	1.242782e-01	7.208145e-01	3.091386e+00	1.000969e+00	7.782214e-02	4.235432e-01	5.132899e-02	3.931631e+00	7.911209e+00	1.002640e+00	9.827169e+00	7.152971e-01	2.456405e-01	2.194892e+00	7.650260e-01	1.044252e+00	7.216136e+01	1.433110e+02	2.842349e-01	5.383836e-02	4.438744e+02	
8  107.62	2.296194e+00	1.242782e-01	7.208145e-01	3.091386e+00	1.000969e+00	7.782214e-02	4.235432e-01	5.132899e-02	3.931631e+00	7.911209e+00	1.001985e+00	9.827169e+00	7.152971e-01	2.456405e-01	2.194892e+00	7.650260e-01	1.044252e+00	7.216136e+01	1.433110e+02	2.842349e-01	5.383836e-02	4.438744e+02	
3  110.28	2.280462e+00	1.271305e-01	7.074832e-01	3.086654e+00	9.950398e-01	7.390501e-02	4.045135e-01	6.106976e-02	3.952669e+00	8.795280e+00	9.982098e-01	9.552814e+00	6.985921e-01	2.455703e-01	2.187225e+00	7.561028e-01	1.044220e+00	7.081841e+01	1.428493e+02	3.011155e-01	5.146976e-02	3.926376e+02	
11  110.853	2.280462e+00	1.271305e-01	7.074832e-01	3.086654e+00	9.950398e-01	7.390501e-02	4.045135e-01	6.106976e-02	3.952669e+00	8.795280e+00	9.970225e-01	9.552814e+00	6.985921e-01	2.455703e-01	2.187225e+00	7.561028e-01	1.044220e+00	7.081841e+01	1.428493e+02	3.011155e-01	5.146976e-02	3.926376e+02	
11  110.453	2.280462e+00	1.271305e-01	7.074832e-01	3.086654e+00	9.950398e-01	7.390501e-02	4.045135e-01	6.106976e-02	3.952669e+00	8.795280e+00	9.977191e-01	9.552814e+00	6.985921e-01	2.455703e-01	2.187225e+00	7.561028e-01	1.044220e+00	7.081841e+01	1.428493e+02	3.011155e-01	5.146976e-02	3.926376e+02	
33  110.4	2.280462e+00	1.271305e-01	7.074832e-01	3.086654e+00	9.950398e-01	7.390501e-02	4.045135e-01	6.106976e-02	3.952669e+00	8.795280e+00	1.000037e+00	9.552814e+00	6.985921e-01	2.455703e-01	2.187225e+00	7.561028e-01	1.044220e+00	7.081841e+01	1.428493e+02	3.011155e-01	5.146976e-02	3.926376e+02	
22  111.757	2.280462e+00	1.271305e-01	7.074832e-01	3.086654e+00	9.950398e-01	7.390501e-02	4.045135e-01	6.106976e-02	3.952669e+00	8.795280e+00	9.960089e-01	9.552814e+00	6.985921e-01	2.455703e-01	2.187225e+00	7.561028e-01	1.044220e+00	7.081841e+01	1.428493e+02	3.011155e-01	5.146976e-02	3.926376e+02	
11  112.082	2.280462e+00	1.271305e-01	7.074832e-01	3.086654e+00	9.950398e-01	7.390501e-02	4.045135e-01	6.106976e-02	3.952669e+00	8.795280e+00	9.957236e-01	9.552814e+00	6.985921e-01	2.455703e-01	2.187225e+00	7.561028e-01	1.044220e+00	7.081841e+01	1.428493e+02	3.011155e-01	5.146976e-02	3.926376e+02	
33  111.322	2.280462e+00	1.271305e-01	7.074832e-01	3.086654e+00	9.950398e-01	7.390501e-02	4.045135e-01	6.106976e-02	3.952669e+00	8.795280e+00	9.964437e-01	9.552814e+00	6.985921e-01	2.455703e-01	2.187225e+00	7.561028e-01	1.044220e+00	7.081841e+01	1.428493e+02	3.011155e-01	5.146976e-02	3.926376e+02	
18  110.19	2.280462e+00	1.271305e-01	7.074832e-01	3.086654e+00	9.950398e-01	7.390501e-02	4.045135e-01	6.106976e-02	3.952669e+00	8.795280e+00	9.987269e-01	9.552814e+00	6.985921e-01	2.455703e-01	2.187225e+00	7.561028e-01	1.044220e+00	7.081841e+01	1.428493e+02	3.011155e-01	5.146976e-02	3.926376e+02	
4  110.054	2.273379e+00	1.258247e-01	7.082462e-01	3.084294e+00	9.910424e-01	7.641263e-02	3.851018e-01	4.927852e-02	3.772744e+00	9.069665e+00	9.978036e-01	9.794794e+00	7.013929e-01	2.455449e-01	2.179641e+00	7.590993e-01	1.044144e+00	7.091899e+01	1.433186e+02	2.976412e-01	4.876353e-02	2.351946e+02	
6  110.056	2.273379e+00	1.258247e-01	7.082462e-01	3.084294e+00	9.910424e-01	7.641263e-02	3.851018e-01	4.927852e-02	3.772744e+00	9.069665e+00	9.977260e-01	9.794794e+00	7.013929e-01	2.455449e-01	2.179641e+00	7.590993e-01	1.044144e+00	7.091899e+01	1.433186e+02	2.976412e-01	4.876353e-02	2.351946e+02	
1  108.561	2.277515e+00	1.229214e-01	7.191452e-01	3.086204e+00	9.958679e-01	8.066288e-02	3.814005e-01	4.548430e-02	3.740150e+00	7.794979e+00	9.985190e-01	1.012125e+01	7.165409e-01	2.455661e-01	2.182673e+00	7.589210e-01	1.044357e+00	7.200235e+01	1.440524e+02	2.825243e-01	4.832182e-02	2.486423e+02	
9  108.038	2.287692e+00	1.237233e-01	7.193565e-01	3.089089e+00	9.948963e-01	7.984484e-02	4.054187e-01	4.548762e-02	3.782592e+00	7.619519e+00	1.000126e+00	1.003277e+01	7.144731e-01	2.456115e-01	2.190054e+00	7.634816e-01	1.044154e+00	7.201006e+01	1.436364e+02	2.844615e-01	5.125372e-02	2.862083e+02	
17  107.912	2.287194e+00	1.206591e-01	7.275007e-01	3.088444e+00	9.962728e-01	8.324857e-02	3.969487e-01	2.871992e-02	3.716642e+00	7.169657e+00	1.002370e+00	1.029271e+01	7.268947e-01	2.456176e-01	2.185547e+00	7.769445e-01	1.043737e+00	7.284005e+01	1.444717e+02	2.721320e-01	4.992241e-02	2.476334e+02	
22  107.876	2.287194e+00	1.206591e-01	7.275007e-01	3.088444e+00	9.962728e-01	8.324857e-02	3.969487e-01	2.871992e-02	3.716642e+00	7.169657e+00	1.002178e+00	1.029271e+01	7.268947e-01	2.456176e-01	2.185547e+00	7.769445e-01	1.043737e+00	7.284005e+01	1.444717e+02	2.721320e-01	4.992241e-02	2.476334e+02	
22  108.882	2.287194e+00	1.206591e-01	7.275007e-01	3.088444e+00	9.962728e-01	8.324857e-02	3.969487e-01	2.871992e-02	3.716642e+00	7.169657e+00	9.993954e-01	1.029271e+01	7.268947e-01	2.456176e-01	2.185547e+00	7.769445e-01	1.043737e+00	7.284005e+01	1.444717e+02	2.721320e-01	4.992241e-02	2.476334e+02	
19  108.588	2.287194e+00	1.206591e-01	7.275007e-01	3.088444e+00	9.962728e-01	8.324857e-02	3.969487e-01	2.871992e-02	3.716642e+00	7.169657e+00	9.997604e-01	1.029271e+01	7.268947e-01	2.456176e-01	2.185547e+00	7.769445e-01	1.043737e+00	7.284005e+01	1.444717e+02	2.721320e-01	4.992241e-02	2.476334e+02	
3  110.637	2.323478e+00	1.186033e-01	7.455159e-01	3.066361e+00	9.963367e-01	7.224646e-02	4.572743e-01	7.458667e-03	3.713707e+00	7.095358e+00	1.005829e+00	9.203238e+00	7.425651e-01	2.457713e-01	2.138123e+00	7.906842e-01	1.043686e+00	7.461855e+01	1.443416e+02	2.573687e-01	5.668947e-02	2.412120e+02	
22  110.326	2.323478e+00	1.186033e-01	7.455159e-01	3.066361e+00	9.963367e-01	7.224646e-02	4.572743e-01	7.458667e-03	3.713707e+00	7.095358e+00	1.009642e+00	9.203238e+00	7.425651e-01	2.457713e-01	2.138123e+00	7.906842e-01	1.043686e+00	7.461855e+01	1.443416e+02	2.573687e-01	5.668947e-02	2.412120e+02	
42  109.914	2.323478e+00	1.186033e-01	7.455159e-01	3.066361e+00	9.963367e-01	7.224646e-02	4.572743e-01	7.458667e-03	3.713707e+00	7.095358e+00	1.008698e+00	9.203238e+00	7.425651e-01	2.457713e-01	2.138123e+00	7.906842e-01	1.043686e+00	7.461855e+01	1.443416e+02	2.573687e-01	5.668947e-02	2.412120e+02	
5  110.689	2.315354e+00	1.161891e-01	7.490586e-01	3.070461e+00	9.947471e-01	7.887115e-02	4.250561e-01	6.393536e-04	3.626372e+00	6.369227e+00	1.007210e+00	9.772307e+00	7.497491e-01	2.457463e-01	2.144332e+00	7.931050e-01	1.043413e+00	7.497040e+01	1.452264e+02	2.502085e-01	5.262371e-02	1.777350e+02	
8  109.634	2.315650e+00	1.182810e-01	7.444341e-01	3.075091e+00	9.969471e-01	7.987236e-02	4.342843e-01	1.015014e-02	3.732146e+00	6.327909e+00	1.005205e+00	9.890872e+00	7.429803e-01	2.457415e-01	2.157081e+00	7.916414e-01	1.043937e+00	7.450841e+01	1.446366e+02	2.566999e-01	5.421574e-02	3.052471e+02	
8  109.711	2.315650e+00	1.182810e-01	7.444341e-01	3.075091e+00	9.969471e-01	7.987236e-02	4.342843e-01	1.015014e-02	3.732146e+00	6.327909e+00	1.003409e+00	9.890872e+00	7.429803e-01	2.457415e-01	2.157081e+00	7.916414e-01	1.043937e+00	7.450841e+01	1.446366e+02	2.566999e-01	5.421574e-02	3.052471e+02	
3  110.583	2.314612e+00	1.167688e-01	7.446681e-01	3.063979e+00	9.922231e-01	8.277595e-02	3.972327e-01	5.679605e-03	3.578082e+00	6.122904e+00	9.966393e-01	1.011990e+01	7.457650e-01	2.457423e-01	2.131796e+00	7.850155e-01	1.043689e+00	7.452332e+01	1.452197e+02	2.537078e-01	4.936054e-02	1.552280e+02	
15  110.506	2.314612e+00	1.167688e-01	7.446681e-01	3.063979e+00	9.922231e-01	8.277595e-02	3.972327e-01	5.679605e-03	3.578082e+00	6.122904e+00	9.968385e-01	1.011990e+01	7.457650e-01	2.457423e-01	2.131796e+00	7.850155e-01	1.043689e+00	7.452332e+01	1.452197e+02	2.537078e-01	4.936054e-02	1.552280e+02	
18  111.091	2.310397e+00	1.178987e-01	7.326847e-01	3.087760e+00	9.931155e-01	9.441184e-02	3.430587e-01	8.510996e-03	3.409502e+00	6.442124e+00	9.942770e-01	1.114909e+01	7.352945e-01	2.457253e-01	2.180365e+00	7.916110e-01	1.043681e+00	7.334457e+01	1.452040e+02	2.634176e-01	4.233940e-02	4.146851e+01	
11  110.927	2.310397e+00	1.178987e-01	7.326847e-01	3.087760e+00	9.931155e-01	9.441184e-02	3.430587e-01	8.510996e-03	3.409502e+00	6.442124e+00	9.949414e-01	1.114909e+01	7.352945e-01	2.457253e-01	2.180365e+00	7.916110e-01	1.043681e+00	7.334457e+01	1.452040e+02	2.634176e-01	4.233940e-02	4.146851e+01	
21  111.367	2.310397e+00	1.178987e-01	7.326847e-01	3.087760e+00	9.931155e-01	9.441184e-02	3.430587e-01	8.510996e-03	3.409502e+00	6.442124e+00	9.937098e-01	1.114909e+01	7.352945e-01	2.457253e-01	2.180365e+00	7.916110e-01	1.043681e+00	7.334457e+01	1.452040e+02	2.634176e-01	4.233940e-02	4.146851e+01	
1  111.585	2.301310e+00	1.215439e-01	7.255770e-01	3.093415e+00	9.962323e-01	8.476118e-02	3.860809e-01	1.788769e-02	3.719140e+00	7.873485e+00	1.001320e+00	1.041577e+01	7.234402e-01	2.456759e-01	2.194839e+00	7.979629e-01	1.044220e+00	7.266888e+01	1.441403e+02	2.755845e-01	4.841307e-02	2.521464e+02	
2  111.395	2.301310e+00	1.215439e-01	7.255770e-01	3.093415e+00	9.962323e-01	8.476118e-02	3.860809e-01	1.788769e-02	3.719140e+00	7.873485e+00	1.003239e+00	1.041577e+01	7.234402e-01	2.456759e-01	2.194839e+00	7.979629e-01	1.044220e+00	7.266888e+01	1.441403e+02	2.755845e-01	4.841307e-02	2.521464e+02	
9  111.494	2.311326e+00	1.213396e-01	7.268714e-01	3.099320e+00	9.939350e-01	8.894736e-02	3.858586e-01	7.672993e-03	3.643651e+00	7.449743e+00	1.003410e+00	1.076447e+01	7.238641e-01	2.457259e-01	2.207641e+00	8.132944e-01	1.044226e+00	7.278386e+01	1.441069e+02	2.748416e-01	4.797165e-02	2.023827e+02	
11  112.961	2.311326e+00	1.213396e-01	7.268714e-01	3.099320e+00	9.939350e-01	8.894736e-02	3.858586e-01	7.672993e-03	3.643651e+00	7.449743e+00	9.998528e-01	1.076447e+01	7.238641e-01	2.457259e-01	2.207641e+00	8.132944e-01	1.044226e+00	7.278386e+01	1.441069e+02	2.748416e-01	4.797165e-02	2.023827e+02	
13  111.51	2.311326e+00	1.213396e-01	7.268714e-01	3.099320e+00	9.939350e-01	8.894736e-02	3.858586e-01	7.672993e-03	3.643651e+00	7.449743e+00	1.003474e+00	1.076447e+01	7.238641e-01	2.457259e-01	2.207641e+00	8.132944e-01	1.044226e+00	7.278386e+01	1.441069e+02	2.748416e-01	4.797165e-02	2.023827e+02	
9  109.753	2.342962e+00	1.200983e-01	7.402037e-01	3.067891e+00	9.961986e-01	7.816499e-02	4.149964e-01	1.511583e-02	3.723200e+00	7.165260e+00	9.994755e-01	9.700681e+00	7.363837e-01	2.458423e-01	2.141883e+00	7.864733e-01	1.044562e+00	7.409185e+01	1.439493e+02	2.631222e-01	5.201101e-02	2.824177e+02	
6  109.723	2.342962e+00	1.200983e-01	7.402037e-01	3.067891e+00	9.961986e-01	7.816499e-02	4.149964e-01	1.511583e-02	3.723200e+00	7.165260e+00	9.978888e-01	9.700681e+00	7.363837e-01	2.458423e-01	2.141883e+00	7.864733e-01	1.044562e+00	7.409185e+01	1.439493e+02	2.631222e-01	5.201101e-02	2.824177e+02	
21  110.714	2.339304e+00	1.209503e-01	7.343379e-01	3.091580e+00	9.959721e-01	8.828458e-02	3.867940e-01	3.144053e-02	3.664861e+00	6.837490e+00	9.954744e-01	1.058187e+01	7.309368e-01	2.458261e-01	2.192811e+00	7.742109e-01	1.044824e+00	7.349783e+01	1.438950e+02	2.679145e-01	4.881884e-02	2.554802e+02	
1  111.494	2.321828e+00	1.220168e-01	7.272312e-01	3.078654e+00	9.940011e-01	8.235646e-02	3.929718e-01	2.091658e-02	3.750197e+00	7.435735e+00	9.958377e-01	1.015084e+01	7.233126e-01	2.457570e-01	2.165635e+00	7.890066e-01	1.044198e+00	7.280494e+01	1.437861e+02	2.757367e-01	4.942757e-02	2.931868e+02	
5  111.749	2.337457e+00	1.201672e-01	7.367276e-01	3.062278e+00	9.889878e-01	7.735476e-02	4.139660e-01	1.327369e-03	3.620084e+00	7.630117e+00	9.976003e-01	9.665535e+00	7.327064e-01	2.458307e-01	2.128705e+00	8.008124e-01	1.044070e+00	7.374982e+01	1.439978e+02	2.665159e-01	5.125925e-02	1.592251e+02	
22  111.86	2.337457e+00	1.201672e-01	7.367276e-01	3.062278e+00	9.889878e-01	7.735476e-02	4.139660e-01	1.327369e-03	3.620084e+00	7.630117e+00	9.973241e-01	9.665535e+00	7.327064e-01	2.458307e-01	2.128705e+00	8.008124e-01	1.044070e+00	7.374982e+01	1.439978e+02	2.665159e-01	5.125925e-02	1.592251e+02	
10  111.776	2.337457e+00	1.201672e-01	7.367276e-01	3.062278e+00	9.889878e-01	7.735476e-02	4.139660e-01	1.327369e-03	3.620084e+00	7.630117e+00	9.995783e-01	9.665535e+00	7.327064e-01	2.458307e-01	2.128705e+00	8.008124e-01	1.044070e+00	7.374982e+01	1.439978e+02	2.665159e-01	5.125925e-02	1.592251e+02	
12  111.64	2.335549e+00	1.227061e-01	7.273306e-01	3.092361e+00	9.876796e-01	8.554060e-02	4.084313e-01	1.343297e-02	3.586946e+00	7.613150e+00	1.001133e+00	1.042440e+01	7.204525e-01	2.458227e-01	2.193581e+00	8.013412e-01	1.044345e+00	7.280145e+01	1.433896e+02	2.778320e-01	5.069188e-02	1.534620e+02	
9  111.627	2.335549e+00	1.227061e-01	7.273306e-01	3.092361e+00	9.876796e-01	8.554060e-02	4.084313e-01	1.343297e-02	3.586946e+00	7.613150e+00	9.985976e-01	1.042440e+01	7.204525e-01	2.458227e-01	2.193581e+00	8.013412e-01	1.044345e+00	7.280145e+01	1.433896e+02	2.778320e-01	5.069188e-02	1.534620e+02	
2  111.184	2.334528e+00	1.234091e-01	7.289366e-01	3.104089e+00	9.944938e-01	8.174662e-02	4.321933e-01	2.598459e-02	3.640987e+00	7.293479e+00	1.005913e+00	1.009937e+01	7.206294e-01	2.458132e-01	2.221320e+00	7.919998e-01	1.044651e+00	7.296355e+01	1.431071e+02	2.779969e-01	5.372453e-02	1.921373e+02	
6  111.109	2.334528e+00	1.234091e-01	7.289366e-01	3.104089e+00	9.944938e-01	8.174662e-02	4.321933e-01	2.598459e-02	3.640987e+00	7.293479e+00	1.008269e+00	1.009937e+01	7.206294e-01	2.458132e-01	2.221320e+00	7.919998e-01	1.044651e+00	7.296355e+01	1.431071e+02	2.779969e-01	5.372453e-02	1.921373e+02	
16  113.849	2.283297e+00	1.249709e-01	7.111049e-01	3.123922e+00	1.000981e+00	9.136227e-02	3.814316e-01	2.756823e-02	3.663296e+00	7.478725e+00	1.006991e+00	1.111059e+01	7.040177e-01	2.456040e-01	2.266754e+00	8.069235e-01	1.044243e+00	7.122101e+01	1.434849e+02	2.939848e-01	4.758782e-02	2.142524e+02	
26  114.157	2.283297e+00	1.249709e-01	7.111049e-01	3.123922e+00	1.000981e+00	9.136227e-02	3.814316e-01	2.756823e-02	3.663296e+00	7.478725e+00	1.005078e+00	1.111059e+01	7.040177e-01	2.456040e-01	2.266754e+00	8.069235e-01	1.044243e+00	7.122101e+01	1.434849e+02	2.939848e-01	4.758782e-02	2.142524e+02	
5  110.378	2.279694e+00	1.259140e-01	7.088484e-01	3.108077e+00	1.000782e+00	8.390748e-02	4.037629e-01	3.099169e-02	3.729056e+00	8.033013e+00	1.003947e+00	1.048271e+01	7.001221e-01	2.455839e-01	2.232307e+00	7.987409e-01	1.043872e+00	7.099624e+01	1.431704e+02	2.982135e-01	5.043646e-02	2.395812e+02	
2  112.549	2.280523e+00	1.236751e-01	7.146885e-01	3.116908e+00	9.995989e-01	9.048256e-02	3.808294e-01	2.317565e-02	3.662976e+00	7.725254e+00	1.004674e+00	1.102051e+01	7.100157e-01	2.455927e-01	2.248650e+00	8.062883e-01	1.044129e+00	7.158804e+01	1.438383e+02	2.882216e-01	4.753392e-02	2.106304e+02	
3  112.303	2.280523e+00	1.236751e-01	7.146885e-01	3.116908e+00	9.995989e-01	9.048256e-02	3.808294e-01	2.317565e-02	3.662976e+00	7.725254e+00	1.005727e+00	1.102051e+01	7.100157e-01	2.455927e-01	2.248650e+00	8.062883e-01	1.044129e+00	7.158804e+01	1.438383e+02	2.882216e-01	4.753392e-02	2.106304e+02	
8  110.635	2.274975e+00	1.234323e-01	7.131245e-01	3.086604e+00	9.943953e-01	8.706386e-02	3.780976e-01	1.923742e-02	3.630354e+00	7.606144e+00	9.956813e-01	1.073968e+01	7.087408e-01	2.455694e-01	2.183644e+00	7.969187e-01	1.043603e+00	7.140920e+01	1.439817e+02	2.894706e-01	4.714514e-02	1.714626e+02	
33  110.651	2.274975e+00	1.234323e-01	7.131245e-01	3.086604e+00	9.943953e-01	8.706386e-02	3.780976e-01	1.923742e-02	3.630354e+00	7.606144e+00	9.954709e-01	1.073968e+01	7.087408e-01	2.455694e-01	2.183644e+00	7.969187e-01	1.043603e+00	7.140920e+01	1.439817e+02	2.894706e-01	4.714514e-02	1.714626e+02	
11  110.687	2.274975e+00	1.234323e-01	7.131245e-01	3.086604e+00	9.943953e-01	8.706386e-02	3.780976e-01	1.923742e-02	3.630354e+00	7.606144e+00	9.963231e-01	1.073968e+01	7.087408e-01	2.455694e-01	2.183644e+00	7.969187e-01	1.043603e+00	7.140920e+01	1.439817e+02	2.894706e-01	4.714514e-02	1.714626e+02	
18  110.65	2.274975e+00	1.234323e-01	7.131245e-01	3.086604e+00	9.943953e-01	8.706386e-02	3.780976e-01	1.923742e-02	3.630354e+00	7.606144e+00	9.960673e-01	1.073968e+01	7.087408e-01	2.455694e-01	2.183644e+00	7.969187e-01	1.043603e+00	7.140920e+01	1.439817e+02	2.894706e-01	4.714514e-02	1.714626e+02	
26  111.118	2.288932e+00	1.240970e-01	7.138991e-01	3.081389e+00	9.875282e-01	8.474561e-02	3.927917e-01	1.275275e-02	3.529253e+00	7.718502e+00	9.955512e-01	1.052538e+01	7.066944e-01	2.456339e-01	2.172835e+00	8.016018e-01	1.043748e+00	7.147211e+01	1.435977e+02	2.911668e-01	4.855131e-02	8.717358e+01	
22  111.195	2.288932e+00	1.240970e-01	7.138991e-01	3.081389e+00	9.875282e-01	8.474561e-02	3.927917e-01	1.275275e-02	3.529253e+00	7.718502e+00	9.945422e-01	1.052538e+01	7.066944e-01	2.456339e-01	2.172835e+00	8.016018e-01	1.043748e+00	7.147211e+01	1.435977e+02	2.911668e-01	4.855131e-02	8.717358e+01	
22  111.133	2.288932e+00	1.240970e-01	7.138991e-01	3.081389e+00	9.875282e-01	8.474561e-02	3.927917e-01	1.275275e-02	3.529253e+00	7.718502e+00	9.948361e-01	1.052538e+01	7.066944e-01	2.456339e-01	2.172835e+00	8.016018e-01	1.043748e+00	7.147211e+01	1.435977e+02	2.911668e-01	4.855131e-02	8.717358e+01	
11  112.138	2.288932e+00	1.240970e-01	7.138991e-01	3.081389e+00	9.875282e-01	8.474561e-02	3.927917e-01	1.275275e-02	3.529253e+00	7.718502e+00	9.928969e-01	1.052538e+01	7.066944e-01	2.456339e-01	2.172835e+00	8.016018e-01	1.043748e+00	7.147211e+01	1.435977e+02	2.911668e-01	4.855131e-02	8.717358e+01	
9  111.402	2.288932e+00	1.240970e-01	7.138991e-01	3.081389e+00	9.875282e-01	8.474561e-02	3.927917e-01	1.275275e-02	3.529253e+00	7.718502e+00	9.939866e-01	1.052538e+01	7.066944e-01	2.456339e-01	2.172835e+00	8.016018e-01	1.043748e+00	7.147211e+01	1.435977e+02	2.911668e-01	4.855131e-02	8.717358e+01	
2  111.3	2.262170e+00	1.248261e-01	7.065046e-01	3.096836e+00	9.878484e-01	8.907976e-02	3.720176e-01	2.728307e-02	3.471990e+00	8.225804e+00	9.942373e-01	1.097860e+01	6.999824e-01	2.455146e-01	2.204831e+00	7.840723e-01	1.043815e+00	7.074680e+01	1.437623e+02	2.973860e-01	4.631397e-02	7.212231e+01	
22  112.743	2.262170e+00	1.248261e-01	7.065046e-01	3.096836e+00	9.878484e-01	8.907976e-02	3.720176e-01	2.728307e-02	3.471990e+00	8.225804e+00	9.988648e-01	1.097860e+01	6.999824e-01	2.455146e-01	2.204831e+00	7.840723e-01	1.043815e+00	7.074680e+01	1.437623e+02	2.973860e-01	4.631397e-02	7.212231e+01	
11  111.43	2.262170e+00	1.248261e-01	7.065046e-01	3.096836e+00	9.878484e-01	8.907976e-02	3.720176e-01	2.728307e-02	3.471990e+00	8.225804e+00	9.940118e-01	1.097860e+01	6.999824e-01	2.455146e-01	2.204831e+00	7.840723e-01	1.043815e+00	7.074680e+01	1.437623e+02	2.973860e-01	4.631397e-02	7.212231e+01	
2  110.951	2.262170e+00	1.248261e-01	7.065046e-01	3.096836e+00	9.878484e-01	8.907976e-02	3.720176e-01	2.728307e-02	3.471990e+00	8.225804e+00	9.952157e-01	1.097860e+01	6.999824e-01	2.455146e-01	2.204831e+00	7.840723e-01	1.043815e+00	7.074680e+01	1.437623e+02	2.973860e-01	4.631397e-02	7.212231e+01	
21  111.878	2.281115e+00	1.229395e-01	7.184405e-01	3.084860e+00	9.917326e-01	8.132462e-02	3.991333e-01	2.610410e-02	3.437691e+00	6.861879e+00	9.995281e-01	1.020536e+01	7.131755e-01	2.455998e-01	2.181666e+00	7.762610e-01	1.043750e+00	7.192082e+01	1.439390e+02	2.849484e-01	4.930994e-02	2.864490e+01	
37  112.157	2.290577e+00	1.254611e-01	7.099344e-01	3.096620e+00	9.907690e-01	8.093587e-02	3.868366e-01	4.938913e-02	3.537179e+00	7.611865e+00	9.985225e-01	1.015805e+01	7.016419e-01	2.456247e-01	2.208032e+00	7.522324e-01	1.043824e+00	7.106853e+01	1.432423e+02	2.964156e-01	4.848716e-02	9.364404e+01	
17  112.159	2.306341e+00	1.266247e-01	7.088479e-01	3.104648e+00	9.917449e-01	8.294689e-02	3.874445e-01	5.932997e-02	3.625880e+00	8.170371e+00	9.974329e-01	1.029962e+01	6.987136e-01	2.456812e-01	2.224554e+00	7.467902e-01	1.044171e+00	7.095501e+01	1.427749e+02	2.994538e-01	4.895240e-02	1.640499e+02	
11  112.901	2.306341e+00	1.266247e-01	7.088479e-01	3.104648e+00	9.917449e-01	8.294689e-02	3.874445e-01	5.932997e-02	3.625880e+00	8.170371e+00	9.962584e-01	1.029962e+01	6.987136e-01	2.456812e-01	2.224554e+00	7.467902e-01	1.044171e+00	7.095501e+01	1.427749e+02	2.994538e-01	4.895240e-02	1.640499e+02	
11  113.362	2.306341e+00	1.266247e-01	7.088479e-01	3.104648e+00	9.917449e-01	8.294689e-02	3.874445e-01	5.932997e-02	3.625880e+00	8.170371e+00	9.957686e-01	1.029962e+01	6.987136e-01	2.456812e-01	2.224554e+00	7.467902e-01	1.044171e+00	7.095501e+01	1.427749e+02	2.994538e-01	4.895240e-02	1.640499e+02	
3  112.788	2.306341e+00	1.266247e-01	7.088479e-01	3.104648e+00	9.917449e-01	8.294689e-02	3.874445e-01	5.932997e-02	3.625880e+00	8.170371e+00	9.963956e-01	1.029962e+01	6.987136e-01	2.456812e-01	2.224554e+00	7.467902e-01	1.044171e+00	7.095501e+01	1.427749e+02	2.994538e-01	4.895240e-02	1.640499e+02	
8  113.43	2.294799e+00	1.273928e-01	7.059163e-01	3.115228e+00	9.913842e-01	8.405765e-02	3.861852e-01	7.408967e-02	3.714566e+00	8.318555e+00	9.973417e-01	1.042697e+01	6.953252e-01	2.456312e-01	2.248287e+00	7.349534e-01	1.044359e+00	7.065521e+01	1.427189e+02	3.030376e-01	4.916504e-02	2.143895e+02	
3  111.991	2.294799e+00	1.273928e-01	7.059163e-01	3.115228e+00	9.913842e-01	8.405765e-02	3.861852e-01	7.408967e-02	3.714566e+00	8.318555e+00	1.000362e+00	1.042697e+01	6.953252e-01	2.456312e-01	2.248287e+00	7.349534e-01	1.044359e+00	7.065521e+01	1.427189e+02	3.030376e-01	4.916504e-02	2.143895e+02	
8  111.522	2.287969e+00	1.272817e-01	7.056830e-01	3.098577e+00	9.944860e-01	7.905862e-02	4.120890e-01	5.792560e-02	3.772911e+00	9.307281e+00	1.001196e+00	1.001183e+01	6.953369e-01	2.456037e-01	2.209848e+00	7.554187e-01	1.043676e+00	7.066180e+01	1.426593e+02	3.032622e-01	5.212467e-02	2.488468e+02	
22  111.352	2.287969e+00	1.272817e-01	7.056830e-01	3.098577e+00	9.944860e-01	7.905862e-02	4.120890e-01	5.792560e-02	3.772911e+00	9.307281e+00	9.993646e-01	1.001183e+01	6.953369e-01	2.456037e-01	2.209848e+00	7.554187e-01	1.043676e+00	7.066180e+01	1.426593e+02	3.032622e-01	5.212467e-02	2.488468e+02	
2  111.372	2.287969e+00	1.272817e-01	7.056830e-01	3.098577e+00	9.944860e-01	7.905862e-02	4.120890e-01	5.792560e-02	3.772911e+00	9.307281e+00	9.992855e-01	1.001183e+01	6.953369e-01	2.456037e-01	2.209848e+00	7.554187e-01	1.043676e+00	7.066180e+01	1.426593e+02	3.032622e-01	5.212467e-02	2.488468e+02	
2  108.477	2.268877e+00	1.257004e-01	7.080989e-01	3.084011e+00	9.966343e-01	7.561387e-02	4.000173e-01	5.413644e-02	3.821632e+00	8.606642e+00	9.981764e-01	9.729928e+00	7.014574e-01	2.455248e-01	2.180252e+00	7.551106e-01	1.043585e+00	7.090136e+01	1.433378e+02	2.977189e-01	5.065915e-02	2.756604e+02	
26  108.7	2.266508e+00	1.232275e-01	7.194996e-01	3.082096e+00	1.000292e+00	7.590011e-02	4.285393e-01	4.575674e-02	3.926395e+00	7.851875e+00	1.002024e+00	9.720275e+00	7.164686e-01	2.455212e-01	2.174941e+00	7.656457e-01	1.043484e+00	7.203654e+01	1.438726e+02	2.830665e-01	5.433501e-02	4.200801e+02	
24  108.734	2.253337e+00	1.245772e-01	7.122146e-01	3.087296e+00	9.971392e-01	7.891523e-02	4.261438e-01	4.223436e-02	4.053050e+00	8.577774e+00	1.000754e+00	1.004233e+01	7.084738e-01	2.454702e-01	2.185848e+00	7.803200e-01	1.043226e+00	7.132065e+01	1.436826e+02	2.910397e-01	5.435178e-02	5.603157e+02	
12  110.092	2.258696e+00	1.232098e-01	7.165187e-01	3.078649e+00	1.003193e+00	7.645821e-02	4.298273e-01	3.169052e-02	4.008940e+00	8.143539e+00	1.002613e+00	9.796556e+00	7.142411e-01	2.454919e-01	2.167227e+00	7.871226e-01	1.042832e+00	7.176442e+01	1.439638e+02	2.855191e-01	5.449079e-02	5.315170e+02	
2  110.728	2.258696e+00	1.232098e-01	7.165187e-01	3.078649e+00	1.003193e+00	7.645821e-02	4.298273e-01	3.169052e-02	4.008940e+00	8.143539e+00	1.000985e+00	9.796556e+00	7.142411e-01	2.454919e-01	2.167227e+00	7.871226e-01	1.042832e+00	7.176442e+01	1.439638e+02	2.855191e-01	5.449079e-02	5.315170e+02	
8  110.959	2.246592e+00	1.206520e-01	7.223085e-01	3.078142e+00	9.986732e-01	7.722898e-02	4.019190e-01	2.061848e-02	3.896688e+00	8.144741e+00	1.003269e+00	9.868331e+00	7.241675e-01	2.454461e-01	2.163061e+00	7.901959e-01	1.043179e+00	7.236121e+01	1.448918e+02	2.756482e-01	5.075833e-02	3.789921e+02	
1  110.628	2.231423e+00	1.185891e-01	7.223459e-01	3.065598e+00	1.002611e+00	7.930228e-02	3.523798e-01	1.631453e-02	3.772690e+00	8.074242e+00	9.978318e-01	1.006581e+01	7.290057e-01	2.453761e-01	2.134157e+00	7.836659e-01	1.043119e+00	7.238903e+01	1.458257e+02	2.710682e-01	4.444634e-02	2.476906e+02	
10  110.29	2.231423e+00	1.185891e-01	7.223459e-01	3.065598e+00	1.002611e+00	7.930228e-02	3.523798e-01	1.631453e-02	3.772690e+00	8.074242e+00	1.001362e+00	1.006581e+01	7.290057e-01	2.453761e-01	2.134157e+00	7.836659e-01	1.043119e+00	7.238903e+01	1.458257e+02	2.710682e-01	4.444634e-02	2.476906e+02	
14  111.078	2.252292e+00	1.182869e-01	7.259890e-01	3.068651e+00	1.003385e+00	7.836172e-02	3.647988e-01	3.305010e-04	3.748397e+00	8.467653e+00	1.006231e+00	9.934896e+00	7.314542e-01	2.454711e-01	2.138319e+00	8.071163e-01	1.043084e+00	7.277597e+01	1.456122e+02	2.688088e-01	4.558752e-02	2.267504e+02	
27  109.145	2.268576e+00	1.187613e-01	7.288192e-01	3.072979e+00	1.000724e+00	7.791415e-02	3.875964e-01	9.394144e-03	3.774435e+00	8.482764e+00	1.006863e+00	9.846780e+00	7.324232e-01	2.455389e-01	2.147623e+00	7.955567e-01	1.043144e+00	7.303983e+01	1.451893e+02	2.675269e-01	4.863413e-02	2.612194e+02	
8  111.097	2.224743e+00	1.225253e-01	7.137950e-01	3.098119e+00	1.003242e+00	8.214564e-02	3.862743e-01	2.740493e-02	3.848708e+00	8.795800e+00	1.008795e+00	1.041481e+01	7.141424e-01	2.453506e-01	2.205330e+00	7.961119e-01	1.043971e+00	7.153999e+01	1.446844e+02	2.852002e-01	4.879117e-02	3.241740e+02	
7  111.816	2.265197e+00	1.183255e-01	7.319376e-01	3.059030e+00	1.008592e+00	6.945644e-02	4.040324e-01	1.728302e-02	3.860127e+00	8.170739e+00	1.008702e+00	9.062297e+00	7.359647e-01	2.455169e-01	2.121735e+00	7.802839e-01	1.042816e+00	7.333252e+01	1.452640e+02	2.647630e-01	5.086460e-02	3.331118e+02	
11  111.494	2.265197e+00	1.183255e-01	7.319376e-01	3.059030e+00	1.008592e+00	6.945644e-02	4.040324e-01	1.728302e-02	3.860127e+00	8.170739e+00	1.007404e+00	9.062297e+00	7.359647e-01	2.455169e-01	2.121735e+00	7.802839e-01	1.042816e+00	7.333252e+01	1.452640e+02	2.647630e-01	5.086460e-02	3.331118e+02	
11  111.552	2.265197e+00	1.183255e-01	7.319376e-01	3.059030e+00	1.008592e+00	6.945644e-02	4.040324e-01	1.728302e-02	3.860127e+00	8.170739e+00	1.007937e+00	9.062297e+00	7.359647e-01	2.455169e-01	2.121735e+00	7.802839e-01	1.042816e+00	7.333252e+01	1.452640e+02	2.647630e-01	5.086460e-02	3.331118e+02	
11  111.592	2.265197e+00	1.183255e-01	7.319376e-01	3.059030e+00	1.008592e+00	6.945644e-02	4.040324e-01	1.728302e-02	3.860127e+00	8.170739e+00	1.008107e+00	9.062297e+00	7.359647e-01	2.455169e-01	2.121735e+00	7.802839e-01	1.042816e+00	7.333252e+01	1.452640e+02	2.647630e-01	5.086460e-02	3.331118e+02	
5  112.234	2.265197e+00	1.183255e-01	7.319376e-01	3.059030e+00	1.008592e+00	6.945644e-02	4.040324e-01	1.728302e-02	3.860127e+00	8.170739e+00	1.009392e+00	9.062297e+00	7.359647e-01	2.455169e-01	2.121735e+00	7.802839e-01	1.042816e+00	7.333252e+01	1.452640e+02	2.647630e-01	5.086460e-02	3.331118e+02	
6  112.738	2.277224e+00	1.204486e-01	7.286925e-01	3.062950e+00	1.009634e+00	6.665502e-02	4.205018e-01	2.277255e-02	3.890910e+00	8.602694e+00	1.010916e+00	8.807487e+00	7.291217e-01	2.455636e-01	2.131864e+00	7.821594e-01	1.043251e+00	7.300033e+01	1.444898e+02	2.715722e-01	5.284023e-02	3.574526e+02	
24  112	2.277224e+00	1.204486e-01	7.286925e-01	3.062950e+00	1.009634e+00	6.665502e-02	4.205018e-01	2.277255e-02	3.890910e+00	8.602694e+00	1.009058e+00	8.807487e+00	7.291217e-01	2.455636e-01	2.131864e+00	7.821594e-01	1.043251e+00	7.300033e+01	1.444898e+02	2.715722e-01	5.284023e-02	3.574526e+02	
20  110.911	2.253867e+00	1.213775e-01	7.197851e-01	3.064159e+00	1.009324e+00	7.085686e-02	3.886293e-01	2.688331e-02	3.859359e+00	9.540759e+00	1.003895e+00	9.272663e+00	7.214293e-01	2.454612e-01	2.132196e+00	7.807208e-01	1.043529e+00	7.215382e+01	1.446165e+02	2.789775e-01	4.914442e-02	3.159768e+02	
11  111.563	2.253867e+00	1.213775e-01	7.197851e-01	3.064159e+00	1.009324e+00	7.085686e-02	3.886293e-01	2.688331e-02	3.859359e+00	9.540759e+00	1.005644e+00	9.272663e+00	7.214293e-01	2.454612e-01	2.132196e+00	7.807208e-01	1.043529e+00	7.215382e+01	1.446165e+02	2.789775e-01	4.914442e-02	3.159768e+02	
22  111.833	2.253867e+00	1.213775e-01	7.197851e-01	3.064159e+00	1.009324e+00	7.085686e-02	3.886293e-01	2.688331e-02	3.859359e+00	9.540759e+00	1.001487e+00	9.272663e+00	7.214293e-01	2.454612e-01	2.132196e+00	7.807208e-01	1.043529e+00	7.215382e+01	1.446165e+02	2.789775e-01	4.914442e-02	3.159768e+02	
8  111.244	2.253867e+00	1.213775e-01	7.197851e-01	3.064159e+00	1.009324e+00	7.085686e-02	3.886293e-01	2.688331e-02	3.859359e+00	9.540759e+00	1.005101e+00	9.272663e+00	7.214293e-01	2.454612e-01	2.132196e+00	7.807208e-01	1.043529e+00	7.215382e+01	1.446165e+02	2.789775e-01	4.914442e-02	3.159768e+02	
13  109.765	2.226716e+00	1.247587e-01	7.081654e-01	3.087776e+00	1.005588e+00	7.550892e-02	4.046413e-01	4.178302e-02	3.895863e+00	9.716669e+00	1.006510e+00	9.829348e+00	7.050409e-01	2.453489e-01	2.184920e+00	7.797576e-01	1.043882e+00	7.097568e+01	1.439664e+02	2.945971e-01	5.123864e-02	3.416145e+02	
5  110.141	2.224910e+00	1.262663e-01	7.059561e-01	3.094185e+00	1.004019e+00	7.741246e-02	4.032321e-01	4.283731e-02	3.933669e+00	1.018911e+01	1.005633e+00	1.003164e+01	7.004920e-01	2.453435e-01	2.198904e+00	7.878335e-01	1.044831e+00	7.074937e+01	1.436006e+02	2.991208e-01	5.115854e-02	3.868408e+02	
18  109.57	2.246193e+00	1.247452e-01	7.136957e-01	3.094988e+00	1.006096e+00	7.942720e-02	4.167404e-01	3.463136e-02	3.909105e+00	9.492727e+00	1.007149e+00	1.013961e+01	7.092903e-01	2.454378e-01	2.199565e+00	7.943610e-01	1.044608e+00	7.151627e+01	1.437167e+02	2.901514e-01	5.262861e-02	3.963318e+02	
11  108.962	2.246193e+00	1.247452e-01	7.136957e-01	3.094988e+00	1.006096e+00	7.942720e-02	4.167404e-01	3.463136e-02	3.909105e+00	9.492727e+00	1.005023e+00	1.013961e+01	7.092903e-01	2.454378e-01	2.199565e+00	7.943610e-01	1.044608e+00	7.151627e+01	1.437167e+02	2.901514e-01	5.262861e-02	3.963318e+02	
11  110.686	2.246193e+00	1.247452e-01	7.136957e-01	3.094988e+00	1.006096e+00	7.942720e-02	4.167404e-01	3.463136e-02	3.909105e+00	9.492727e+00	1.008399e+00	1.013961e+01	7.092903e-01	2.454378e-01	2.199565e+00	7.943610e-01	1.044608e+00	7.151627e+01	1.437167e+02	2.901514e-01	5.262861e-02	3.963318e+02	
22  111.192	2.246193e+00	1.247452e-01	7.136957e-01	3.094988e+00	1.006096e+00	7.942720e-02	4.167404e-01	3.463136e-02	3.909105e+00	9.492727e+00	1.008825e+00	1.013961e+01	7.092903e-01	2.454378e-01	2.199565e+00	7.943610e-01	1.044608e+00	7.151627e+01	1.437167e+02	2.901514e-01	5.262861e-02	3.963318e+02	
42  109.96	2.246193e+00	1.247452e-01	7.136957e-01	3.094988e+00	1.006096e+00	7.942720e-02	4.167404e-01	3.463136e-02	3.909105e+00	9.492727e+00	1.007663e+00	1.013961e+01	7.092903e-01	2.454378e-01	2.199565e+00	7.943610e-01	1.044608e+00	7.151627e+01	1.437167e+02	2.901514e-01	5.262861e-02	3.963318e+02	
2  110.501	2.249483e+00	1.226206e-01	7.169228e-01	3.077664e+00	1.008357e+00	7.793120e-02	3.792986e-01	3.287689e-02	3.810308e+00	9.109917e+00	1.002760e+00	9.962175e+00	7.165716e-01	2.454426e-01	2.161581e+00	7.803832e-01	1.044451e+00	7.184850e+01	1.443997e+02	2.831555e-01	4.800899e-02	2.983667e+02	
22  110.087	2.249483e+00	1.226206e-01	7.169228e-01	3.077664e+00	1.008357e+00	7.793120e-02	3.792986e-01	3.287689e-02	3.810308e+00	9.109917e+00	1.002149e+00	9.962175e+00	7.165716e-01	2.454426e-01	2.161581e+00	7.803832e-01	1.044451e+00	7.184850e+01	1.443997e+02	2.831555e-01	4.800899e-02	2.983667e+02	
52  109.68	2.249483e+00	1.226206e-01	7.169228e-01	3.077664e+00	1.008357e+00	7.793120e-02	3.792986e-01	3.287689e-02	3.810308e+00	9.109917e+00	1.000123e+00	9.962175e+00	7.165716e-01	2.454426e-01	2.161581e+00	7.803832e-01	1.044451e+00	7.184850e+01	1.443997e+02	2.831555e-01	4.800899e-02	2.983667e+02	
9  115.827	2.221283e+00	1.217988e-01	7.117073e-01	3.070374e+00	1.006728e+00	7.843689e-02	3.099576e-01	4.259402e-02	3.626392e+00	8.617601e+00	9.941092e-01	1.006990e+01	7.151215e-01	2.453116e-01	2.147552e+00	7.538312e-01	1.045018e+00	7.131995e+01	1.452525e+02	2.848677e-01	3.925074e-02	1.424319e+02	
2  115.11	2.206953e+00	1.221886e-01	7.092693e-01	3.074852e+00	1.006508e+00	7.862942e-02	3.261132e-01	5.021121e-02	3.723503e+00	8.531045e+00	9.952731e-01	1.013025e+01	7.125181e-01	2.452511e-01	2.157965e+00	7.489173e-01	1.044513e+00	7.106985e+01	1.452422e+02	2.874315e-01	4.154008e-02	2.043313e+02	
7  114.909	2.222437e+00	1.231866e-01	7.132427e-01	3.075345e+00	9.974172e-01	7.578094e-02	3.759959e-01	5.046657e-02	3.834791e+00	7.691091e+00	9.971482e-01	9.840067e+00	7.124810e-01	2.453310e-01	2.162937e+00	7.546229e-01	1.044474e+00	7.140929e+01	1.446225e+02	2.871989e-01	4.775479e-02	3.022930e+02	
1  115.349	2.272421e+00	1.224092e-01	7.340976e-01	3.060152e+00	1.002806e+00	6.778827e-02	4.774409e-01	3.341940e-02	3.905772e+00	6.546861e+00	1.002965e+00	8.960179e+00	7.286410e-01	2.455500e-01	2.132769e+00	7.745824e-01	1.044835e+00	7.345314e+01	1.438251e+02	2.712349e-01	5.978264e-02	4.669481e+02	
8  114.924	2.256886e+00	1.217968e-01	7.292031e-01	3.058085e+00	1.001871e+00	6.648824e-02	4.589239e-01	2.262723e-02	3.835841e+00	7.162726e+00	1.005300e+00	8.875428e+00	7.256511e-01	2.454897e-01	2.127601e+00	7.828862e-01	1.043974e+00	7.298949e+01	1.442383e+02	2.742696e-01	5.708589e-02	3.221465e+02	
9  113.387	2.280455e+00	1.224473e-01	7.357815e-01	3.045612e+00	1.011404e+00	6.404582e-02	5.018200e-01	3.105103e-02	3.961198e+00	6.651790e+00	1.001547e+00	8.586166e+00	7.296254e-01	2.455766e-01	2.102837e+00	7.753645e-01	1.044286e+00	7.362377e+01	1.436072e+02	2.705412e-01	6.272891e-02	5.582770e+02	
11  113.456	2.280455e+00	1.224473e-01	7.357815e-01	3.045612e+00	1.011404e+00	6.404582e-02	5.018200e-01	3.105103e-02	3.961198e+00	6.651790e+00	1.002849e+00	8.586166e+00	7.296254e-01	2.455766e-01	2.102837e+00	7.753645e-01	1.044286e+00	7.362377e+01	1.436072e+02	2.705412e-01	6.272891e-02	5.582770e+02	
11  114.292	2.280455e+00	1.224473e-01	7.357815e-01	3.045612e+00	1.011404e+00	6.404582e-02	5.018200e-01	3.105103e-02	3.961198e+00	6.651790e+00	1.004344e+00	8.586166e+00	7.296254e-01	2.455766e-01	2.102837e+00	7.753645e-01	1.044286e+00	7.362377e+01	1.436072e+02	2.705412e-01	6.272891e-02	5.582770e+02	
8  114.067	2.280455e+00	1.224473e-01	7.357815e-01	3.045612e+00	1.011404e+00	6.404582e-02	5.018200e-01	3.105103e-02	3.961198e+00	6.651790e+00	1.000051e+00	8.586166e+00	7.296254e-01	2.455766e-01	2.102837e+00	7.753645e-01	1.044286e+00	7.362377e+01	1.436072e+02	2.705412e-01	6.272891e-02	5.582770e+02	
3  111.7	2.309533e+00	1.228703e-01	7.408707e-01	3.051856e+00	1.010199e+00	6.331867e-02	5.313096e-01	2.927209e-02	4.024625e+00	7.036333e+00	1.003457e+00	8.455227e+00	7.324096e-01	2.456949e-01	2.114219e+00	7.808433e-01	1.044410e+00	7.412702e+01	1.430536e+02	2.679257e-01	6.629030e-02	6.525164e+02	
2  111.834	2.309533e+00	1.228703e-01	7.408707e-01	3.051856e+00	1.010199e+00	6.331867e-02	5.313096e-01	2.927209e-02	4.024625e+00	7.036333e+00	1.003277e+00	8.455227e+00	7.324096e-01	2.456949e-01	2.114219e+00	7.808433e-01	1.044410e+00	7.412702e+01	1.430536e+02	2.679257e-01	6.629030e-02	6.525164e+02	
2  111.086	2.317639e+00	1.239542e-01	7.343120e-01	3.068113e+00	1.004440e+00	6.784154e-02	4.994101e-01	2.977419e-02	3.938789e+00	7.007020e+00	1.003675e+00	8.884843e+00	7.248585e-01	2.457341e-01	2.148504e+00	7.862247e-01	1.044592e+00	7.347832e+01	1.428521e+02	2.750082e-01	6.228624e-02	5.109831e+02	
11  111.245	2.331058e+00	1.235908e-01	7.345672e-01	3.067734e+00	9.996591e-01	7.008376e-02	4.870417e-01	2.565921e-02	3.853115e+00	6.855333e+00	1.001458e+00	9.060307e+00	7.249718e-01	2.457927e-01	2.147228e+00	7.863860e-01	1.044382e+00	7.350365e+01	1.428638e+02	2.745242e-01	6.064688e-02	4.084459e+02	
15  110.267	2.311082e+00	1.222620e-01	7.262790e-01	3.095277e+00	9.994427e-01	8.219112e-02	4.143147e-01	2.540314e-02	3.729693e+00	7.189688e+00	1.002902e+00	1.017171e+01	7.218466e-01	2.457155e-01	2.201831e+00	7.904549e-01	1.043863e+00	7.271964e+01	1.437262e+02	2.771466e-01	5.185369e-02	2.684403e+02	
11  110.727	2.285213e+00	1.233004e-01	7.178070e-01	3.080339e+00	1.004773e+00	7.738639e-02	3.873533e-01	3.048654e-02	3.725830e+00	8.062034e+00	9.989188e-01	9.835608e+00	7.140336e-01	2.455963e-01	2.170620e+00	7.818556e-01	1.044070e+00	7.189987e+01	1.438347e+02	2.853223e-01	4.859799e-02	2.343834e+02	
3  110.954	2.280443e+00	1.239736e-01	7.204148e-01	3.078885e+00	1.005604e+00	7.363707e-02	4.146895e-01	3.637745e-02	3.785407e+00	7.284856e+00	1.000824e+00	9.516619e+00	7.146316e-01	2.455794e-01	2.171282e+00	7.781862e-01	1.044562e+00	7.212672e+01	1.436151e+02	2.848780e-01	5.194588e-02	2.909017e+02	
5  110.41	2.280443e+00	1.239736e-01	7.204148e-01	3.078885e+00	1.005604e+00	7.363707e-02	4.146895e-01	3.637745e-02	3.785407e+00	7.284856e+00	1.001627e+00	9.516619e+00	7.146316e-01	2.455794e-01	2.171282e+00	7.781862e-01	1.044562e+00	7.212672e+01	1.436151e+02	2.848780e-01	5.194588e-02	2.909017e+02	
6  110.789	2.239997e+00	1.276249e-01	7.029435e-01	3.096128e+00	1.000004e+00	7.306432e-02	3.940306e-01	5.044670e-02	3.828324e+00	9.017343e+00	1.003729e+00	9.622461e+00	6.935615e-01	2.454024e-01	2.209684e+00	7.737699e-01	1.044973e+00	7.039785e+01	1.431981e+02	3.059106e-01	4.956023e-02	2.558184e+02	
11  109.955	2.239997e+00	1.276249e-01	7.029435e-01	3.096128e+00	1.000004e+00	7.306432e-02	3.940306e-01	5.044670e-02	3.828324e+00	9.017343e+00	1.005848e+00	9.622461e+00	6.935615e-01	2.454024e-01	2.209684e+00	7.737699e-01	1.044973e+00	7.039785e+01	1.431981e+02	3.059106e-01	4.956023e-02	2.558184e+02	
5  110.151	2.239997e+00	1.276249e-01	7.029435e-01	3.096128e+00	1.000004e+00	7.306432e-02	3.940306e-01	5.044670e-02	3.828324e+00	9.017343e+00	1.006909e+00	9.622461e+00	6.935615e-01	2.454024e-01	2.209684e+00	7.737699e-01	1.044973e+00	7.039785e+01	1.431981e+02	3.059106e-01	4.956023e-02	2.558184e+02	
6  111.673	2.247614e+00	1.268839e-01	7.068142e-01	3.094442e+00	1.000351e+00	7.587952e-02	3.913432e-01	5.598103e-02	3.911011e+00	8.350463e+00	1.003340e+00	9.839515e+00	6.990522e-01	2.454347e-01	2.205815e+00	7.681137e-01	1.045144e+00	7.076270e+01	1.433353e+02	3.006205e-01	4.961049e-02	3.638188e+02	
3  111.448	2.247614e+00	1.268839e-01	7.068142e-01	3.094442e+00	1.000351e+00	7.587952e-02	3.913432e-01	5.598103e-02	3.911011e+00	8.350463e+00	1.002387e+00	9.839515e+00	6.990522e-01	2.454347e-01	2.205815e+00	7.681137e-01	1.045144e+00	7.076270e+01	1.433353e+02	3.006205e-01	4.961049e-02	3.638188e+02	
8  112.844	2.278508e+00	1.236145e-01	7.315976e-01	3.037396e+00	9.936959e-01	6.043690e-02	4.858039e-01	3.276604e-02	4.035191e+00	7.883389e+00	9.988358e-01	8.245265e+00	7.246445e-01	2.455708e-01	2.086510e+00	7.689444e-01	1.044812e+00	7.319145e+01	1.434240e+02	2.754643e-01	6.090429e-02	5.487984e+02	
1  113.146	2.278508e+00	1.236145e-01	7.315976e-01	3.037396e+00	9.936959e-01	6.043690e-02	4.858039e-01	3.276604e-02	4.035191e+00	7.883389e+00	9.961196e-01	8.245265e+00	7.246445e-01	2.455708e-01	2.086510e+00	7.689444e-01	1.044812e+00	7.319145e+01	1.434240e+02	2.754643e-01	6.090429e-02	5.487984e+02	
1  113.31	2.279752e+00	1.249211e-01	7.311307e-01	3.052756e+00	9.904895e-01	6.632926e-02	5.275314e-01	3.478920e-02	4.025633e+00	7.164095e+00	9.970306e-01	8.840899e+00	7.212437e-01	2.455812e-01	2.118280e+00	7.757128e-01	1.044707e+00	7.313367e+01	1.429049e+02	2.783112e-01	6.590902e-02	5.900868e+02	
7  113.711	2.281700e+00	1.268022e-01	7.275565e-01	3.066216e+00	9.898981e-01	6.800485e-02	5.466762e-01	4.812053e-02	4.213807e+00	7.700635e+00	9.981427e-01	8.997345e+00	7.162724e-01	2.455848e-01	2.145366e+00	7.756374e-01	1.044897e+00	7.277120e+01	1.423132e+02	2.836719e-01	6.884578e-02	8.876127e+02	
2  113.509	2.270287e+00	1.249342e-01	7.290196e-01	3.050446e+00	9.892714e-01	6.766356e-02	5.409914e-01	3.376964e-02	4.151552e+00	7.563254e+00	9.956017e-01	8.977369e+00	7.204254e-01	2.455404e-01	2.112054e+00	7.790340e-01	1.043953e+00	7.293542e+01	1.429359e+02	2.793015e-01	6.795545e-02	7.909791e+02	
11  113.431	2.270287e+00	1.249342e-01	7.290196e-01	3.050446e+00	9.892714e-01	6.766356e-02	5.409914e-01	3.376964e-02	4.151552e+00	7.563254e+00	9.982258e-01	8.977369e+00	7.204254e-01	2.455404e-01	2.112054e+00	7.790340e-01	1.043953e+00	7.293542e+01	1.429359e+02	2.793015e-01	6.795545e-02	7.909791e+02	
11  113.42	2.270287e+00	1.249342e-01	7.290196e-01	3.050446e+00	9.892714e-01	6.766356e-02	5.409914e-01	3.376964e-02	4.151552e+00	7.563254e+00	9.957888e-01	8.977369e+00	7.204254e-01	2.455404e-01	2.112054e+00	7.790340e-01	1.043953e+00	7.293542e+01	1.429359e+02	2.793015e-01	6.795545e-02	7.909791e+02	
7  113.696	2.270287e+00	1.249342e-01	7.290196e-01	3.050446e+00	9.892714e-01	6.766356e-02	5.409914e-01	3.376964e-02	4.151552e+00	7.563254e+00	9.987176e-01	8.977369e+00	7.204254e-01	2.455404e-01	2.112054e+00	7.790340e-01	1.043953e+00	7.293542e+01	1.429359e+02	2.793015e-01	6.795545e-02	7.909791e+02	
4  111.118	2.307689e+00	1.251148e-01	7.307332e-01	3.059463e+00	9.927636e-01	7.148409e-02	5.289767e-01	3.233646e-02	4.030995e+00	6.981161e+00	9.985499e-01	9.255641e+00	7.200356e-01	2.456966e-01	2.130450e+00	7.821584e-01	1.044047e+00	7.310694e+01	1.425496e+02	2.792769e-01	6.627668e-02	6.550303e+02	
11  110.586	2.307689e+00	1.251148e-01	7.307332e-01	3.059463e+00	9.927636e-01	7.148409e-02	5.289767e-01	3.233646e-02	4.030995e+00	6.981161e+00	9.965266e-01	9.255641e+00	7.200356e-01	2.456966e-01	2.130450e+00	7.821584e-01	1.044047e+00	7.310694e+01	1.425496e+02	2.792769e-01	6.627668e-02	6.550303e+02	
11  110.575	2.307689e+00	1.251148e-01	7.307332e-01	3.059463e+00	9.927636e-01	7.148409e-02	5.289767e-01	3.233646e-02	4.030995e+00	6.981161e+00	9.966724e-01	9.255641e+00	7.200356e-01	2.456966e-01	2.130450e+00	7.821584e-01	1.044047e+00	7.310694e+01	1.425496e+02	2.792769e-01	6.627668e-02	6.550303e+02	
11  110.652	2.307689e+00	1.251148e-01	7.307332e-01	3.059463e+00	9.927636e-01	7.148409e-02	5.289767e-01	3.233646e-02	4.030995e+00	6.981161e+00	9.974909e-01	9.255641e+00	7.200356e-01	2.456966e-01	2.130450e+00	7.821584e-01	1.044047e+00	7.310694e+01	1.425496e+02	2.792769e-01	6.627668e-02	6.550303e+02	
55  111.088	2.307689e+00	1.251148e-01	7.307332e-01	3.059463e+00	9.927636e-01	7.148409e-02	5.289767e-01	3.233646e-02	4.030995e+00	6.981161e+00	9.951460e-01	9.255641e+00	7.200356e-01	2.456966e-01	2.130450e+00	7.821584e-01	1.044047e+00	7.310694e+01	1.425496e+02	2.792769e-01	6.627668e-02	6.550303e+02	
22  110.715	2.307689e+00	1.251148e-01	7.307332e-01	3.059463e+00	9.927636e-01	7.148409e-02	5.289767e-01	3.233646e-02	4.030995e+00	6.981161e+00	9.959265e-01	9.255641e+00	7.200356e-01	2.456966e-01	2.130450e+00	7.821584e-01	1.044047e+00	7.310694e+01	1.425496e+02	2.792769e-01	6.627668e-02	6.550303e+02	
11  110.681	2.307689e+00	1.251148e-01	7.307332e-01	3.059463e+00	9.927636e-01	7.148409e-02	5.289767e-01	3.233646e-02	4.030995e+00	6.981161e+00	9.960387e-01	9.255641e+00	7.200356e-01	2.456966e-01	2.130450e+00	7.821584e-01	1.044047e+00	7.310694e+01	1.425496e+02	2.792769e-01	6.627668e-02	6.550303e+02	
22  110.574	2.307689e+00	1.251148e-01	7.307332e-01	3.059463e+00	9.927636e-01	7.148409e-02	5.289767e-01	3.233646e-02	4.030995e+00	6.981161e+00	9.969702e-01	9.255641e+00	7.200356e-01	2.456966e-01	2.130450e+00	7.821584e-01	1.044047e+00	7.310694e+01	1.425496e+02	2.792769e-01	6.627668e-02	6.550303e+02	
22  110.574	2.307689e+00	1.251148e-01	7.307332e-01	3.059463e+00	9.927636e-01	7.148409e-02	5.289767e-01	3.233646e-02	4.030995e+00	6.981161e+00	9.969682e-01	9.255641e+00	7.200356e-01	2.456966e-01	2.130450e+00	7.821584e-01	1.044047e+00	7.310694e+01	1.425496e+02	2.792769e-01	6.627668e-02	6.550303e+02	
11  111.16	2.307689e+00	1.251148e-01	7.307332e-01	3.059463e+00	9.927636e-01	7.148409e-02	5.289767e-01	3.233646e-02	4.030995e+00	6.981161e+00	9.986152e-01	9.255641e+00	7.200356e-01	2.456966e-01	2.130450e+00	7.821584e-01	1.044047e+00	7.310694e+01	1.425496e+02	2.792769e-01	6.627668e-02	6.550303e+02	
22  111.066	2.307689e+00	1.251148e-01	7.307332e-01	3.059463e+00	9.927636e-01	7.148409e-02	5.289767e-01	3.233646e-02	4.030995e+00	6.981161e+00	9.984645e-01	9.255641e+00	7.200356e-01	2.456966e-01	2.130450e+00	7.821584e-01	1.044047e+00	7.310694e+01	1.425496e+02	2.792769e-01	6.627668e-02	6.550303e+02	
5  110.612	2.307689e+00	1.251148e-01	7.307332e-01	3.059463e+00	9.927636e-01	7.148409e-02	5.289767e-01	3.233646e-02	4.030995e+00	6.981161e+00	9.963384e-01	9.255641e+00	7.200356e-01	2.456966e-01	2.130450e+00	7.821584e-01	1.044047e+00	7.310694e+01	1.425496e+02	2.792769e-01	6.627668e-02	6.550303e+02	
17  111.01	2.320239e+00	1.238994e-01	7.321440e-01	3.047318e+00	9.875514e-01	7.118890e-02	5.168441e-01	2.102372e-02	4.050528e+00	7.442957e+00	9.931397e-01	9.175809e+00	7.231606e-01	2.457491e-01	2.103369e+00	7.856427e-01	1.043270e+00	7.326209e+01	1.427852e+02	2.761360e-01	6.490181e-02	6.714699e+02	
44  111.178	2.320239e+00	1.238994e-01	7.321440e-01	3.047318e+00	9.875514e-01	7.118890e-02	5.168441e-01	2.102372e-02	4.050528e+00	7.442957e+00	9.948300e-01	9.175809e+00	7.231606e-01	2.457491e-01	2.103369e+00	7.856427e-01	1.043270e+00	7.326209e+01	1.427852e+02	2.761360e-01	6.490181e-02	6.714699e+02	
22  111.014	2.320239e+00	1.238994e-01	7.321440e-01	3.047318e+00	9.875514e-01	7.118890e-02	5.168441e-01	2.102372e-02	4.050528e+00	7.442957e+00	9.931219e-01	9.175809e+00	7.231606e-01	2.457491e-01	2.103369e+00	7.856427e-01	1.043270e+00	7.326209e+01	1.427852e+02	2.761360e-01	6.490181e-02	6.714699e+02	
9  110.99	2.320239e+00	1.238994e-01	7.321440e-01	3.047318e+00	9.875514e-01	7.118890e-02	5.168441e-01	2.102372e-02	4.050528e+00	7.442957e+00	9.932421e-01	9.175809e+00	7.231606e-01	2.457491e-01	2.103369e+00	7.856427e-01	1.043270e+00	7.326209e+01	1.427852e+02	2.761360e-01	6.490181e-02	6.714699e+02	
13  111.251	2.343872e+00	1.230619e-01	7.417622e-01	3.045663e+00	9.907769e-01	6.775226e-02	5.625386e-01	2.442588e-02	4.231438e+00	7.989607e+00	9.971810e-01	8.765646e+00	7.331032e-01	2.458363e-01	2.097180e+00	7.805717e-01	1.042902e+00	7.424201e+01	1.425023e+02	2.668939e-01	7.096194e-02	1.013096e+03	
13  111.462	2.343872e+00	1.230619e-01	7.417622e-01	3.045663e+00	9.907769e-01	6.775226e-02	5.625386e-01	2.442588e-02	4.231438e+00	7.989607e+00	9.965836e-01	8.765646e+00	7.331032e-01	2.458363e-01	2.097180e+00	7.805717e-01	1.042902e+00	7.424201e+01	1.425023e+02	2.668939e-01	7.096194e-02	1.013096e+03	
9  111.462	2.338871e+00	1.212320e-01	7.403236e-01	3.057730e+00	9.897632e-01	7.723859e-02	5.063514e-01	2.019921e-02	4.117614e+00	7.541731e+00	9.944711e-01	9.610811e+00	7.352408e-01	2.458212e-01	2.120723e+00	7.830261e-01	1.042717e+00	7.410878e+01	1.432836e+02	2.641978e-01	6.431248e-02	8.331903e+02	
33  111.284	2.338871e+00	1.212320e-01	7.403236e-01	3.057730e+00	9.897632e-01	7.723859e-02	5.063514e-01	2.019921e-02	4.117614e+00	7.541731e+00	9.959581e-01	9.610811e+00	7.352408e-01	2.458212e-01	2.120723e+00	7.830261e-01	1.042717e+00	7.410878e+01	1.432836e+02	2.641978e-01	6.431248e-02	8.331903e+02	
2  111.251	2.338871e+00	1.212320e-01	7.403236e-01	3.057730e+00	9.897632e-01	7.723859e-02	5.063514e-01	2.019921e-02	4.117614e+00	7.541731e+00	9.954519e-01	9.610811e+00	7.352408e-01	2.458212e-01	2.120723e+00	7.830261e-01	1.042717e+00	7.410878e+01	1.432836e+02	2.641978e-01	6.431248e-02	8.331903e+02	
9  111.289	2.329478e+00	1.241613e-01	7.271953e-01	3.055112e+00	9.916272e-01	7.313159e-02	5.017526e-01	2.916725e-02	4.247294e+00	8.433511e+00	9.939253e-01	9.292755e+00	7.205685e-01	2.457809e-01	2.116509e+00	7.837439e-01	1.042355e+00	7.280034e+01	1.426428e+02	2.793358e-01	6.409118e-02	9.982853e+02	
11  111.453	2.329478e+00	1.241613e-01	7.271953e-01	3.055112e+00	9.916272e-01	7.313159e-02	5.017526e-01	2.916725e-02	4.247294e+00	8.433511e+00	9.932446e-01	9.292755e+00	7.205685e-01	2.457809e-01	2.116509e+00	7.837439e-01	1.042355e+00	7.280034e+01	1.426428e+02	2.793358e-01	6.409118e-02	9.982853e+02	
4  111.272	2.329478e+00	1.241613e-01	7.271953e-01	3.055112e+00	9.916272e-01	7.313159e-02	5.017526e-01	2.916725e-02	4.247294e+00	8.433511e+00	9.942904e-01	9.292755e+00	7.205685e-01	2.457809e-01	2.116509e+00	7.837439e-01	1.042355e+00	7.280034e+01	1.426428e+02	2.793358e-01	6.409118e-02	9.982853e+02	
4  111.324	2.314422e+00	1.231248e-01	7.329841e-01	3.052264e+00	9.916066e-01	7.409806e-02	5.291864e-01	1.919046e-02	4.236223e+00	7.900988e+00	9.957236e-01	9.419075e+00	7.268986e-01	2.457232e-01	2.110883e+00	7.922349e-01	1.042487e+00	7.338401e+01	1.429610e+02	2.728222e-01	6.717591e-02	1.042685e+03	
11  114.385	2.303527e+00	1.215040e-01	7.364184e-01	3.036046e+00	9.937541e-01	6.872236e-02	5.362988e-01	1.381971e-02	4.240639e+00	7.952707e+00	9.964557e-01	8.925265e+00	7.325836e-01	2.456761e-01	2.077281e+00	7.871732e-01	1.041781e+00	7.373422e+01	1.434557e+02	2.675074e-01	6.792708e-02	1.039541e+03	
1  113.742	2.293252e+00	1.213455e-01	7.207774e-01	3.051356e+00	9.937365e-01	7.745285e-02	4.069724e-01	1.938396e-02	3.936673e+00	8.031948e+00	9.913787e-01	9.761869e+00	7.203318e-01	2.456360e-01	2.107709e+00	7.811809e-01	1.041903e+00	7.218461e+01	1.441917e+02	2.791043e-01	5.169921e-02	4.650792e+02	
2  111.077	2.297240e+00	1.199723e-01	7.316509e-01	3.049705e+00	9.921202e-01	7.388729e-02	4.556168e-01	1.564898e-02	3.967148e+00	7.745215e+00	9.969527e-01	9.406952e+00	7.310631e-01	2.456565e-01	2.103727e+00	7.802832e-01	1.041836e+00	7.325683e+01	1.442813e+02	2.685204e-01	5.754761e-02	5.183645e+02	
11  111.149	2.297240e+00	1.199723e-01	7.316509e-01	3.049705e+00	9.921202e-01	7.388729e-02	4.556168e-01	1.564898e-02	3.967148e+00	7.745215e+00	9.962866e-01	9.406952e+00	7.310631e-01	2.456565e-01	2.103727e+00	7.802832e-01	1.041836e+00	7.325683e+01	1.442813e+02	2.685204e-01	5.754761e-02	5.183645e+02	
10  111.16	2.297240e+00	1.199723e-01	7.316509e-01	3.049705e+00	9.921202e-01	7.388729e-02	4.556168e-01	1.564898e-02	3.967148e+00	7.745215e+00	9.975938e-01	9.406952e+00	7.310631e-01	2.456565e-01	2.103727e+00	7.802832e-01	1.041836e+00	7.325683e+01	1.442813e+02	2.685204e-01	5.754761e-02	5.183645e+02	
12  111.532	2.293234e+00	1.204665e-01	7.287449e-01	3.066072e+00	9.957018e-01	7.473746e-02	4.265900e-01	3.003284e-02	3.986481e+00	8.269061e+00	1.001026e+00	9.489392e+00	7.292351e-01	2.456336e-01	2.136731e+00	7.707486e-01	1.042594e+00	7.298267e+01	1.442996e+02	2.706335e-01	5.434508e-02	5.066557e+02	
22  113.346	2.293234e+00	1.204665e-01	7.287449e-01	3.066072e+00	9.957018e-01	7.473746e-02	4.265900e-01	3.003284e-02	3.986481e+00	8.269061e+00	9.970903e-01	9.489392e+00	7.292351e-01	2.456336e-01	2.136731e+00	7.707486e-01	1.042594e+00	7.298267e+01	1.442996e+02	2.706335e-01	5.434508e-02	5.066557e+02	
6  111.909	2.293234e+00	1.204665e-01	7.287449e-01	3.066072e+00	9.957018e-01	7.473746e-02	4.265900e-01	3.003284e-02	3.986481e+00	8.269061e+00	9.987063e-01	9.489392e+00	7.292351e-01	2.456336e-01	2.136731e+00	7.707486e-01	1.042594e+00	7.298267e+01	1.442996e+02	2.706335e-01	5.434508e-02	5.066557e+02	
5  111.429	2.271854e+00	1.230728e-01	7.170437e-01	3.088064e+00	9.919980e-01	7.958271e-02	4.053151e-01	3.962706e-02	3.877369e+00	9.024832e+00	9.995744e-01	1.002985e+01	7.148591e-01	2.455468e-01	2.183069e+00	7.708647e-01	1.043412e+00	7.182365e+01	1.439361e+02	2.841904e-01	5.152096e-02	3.452208e+02	
9  111.183	2.271854e+00	1.230728e-01	7.170437e-01	3.088064e+00	9.919980e-01	7.958271e-02	4.053151e-01	3.962706e-02	3.877369e+00	9.024832e+00	1.002441e+00	1.002985e+01	7.148591e-01	2.455468e-01	2.183069e+00	7.708647e-01	1.043412e+00	7.182365e+01	1.439361e+02	2.841904e-01	5.152096e-02	3.452208e+02	
2  116.181	2.286303e+00	1.224138e-01	7.183300e-01	3.098551e+00	9.974163e-01	8.618339e-02	3.778592e-01	4.759208e-02	3.859322e+00	7.310811e+00	1.000060e+00	1.055466e+01	7.172732e-01	2.456055e-01	2.209529e+00	7.644110e-01	1.043423e+00	7.192738e+01	1.441171e+02	2.818467e-01	4.829779e-02	3.870026e+02	
6  116.449	2.286303e+00	1.224138e-01	7.183300e-01	3.098551e+00	9.974163e-01	8.618339e-02	3.778592e-01	4.759208e-02	3.859322e+00	7.310811e+00	1.000764e+00	1.055466e+01	7.172732e-01	2.456055e-01	2.209529e+00	7.644110e-01	1.043423e+00	7.192738e+01	1.441171e+02	2.818467e-01	4.829779e-02	3.870026e+02	
1  116.635	2.314152e+00	1.215993e-01	7.317741e-01	3.076241e+00	9.939200e-01	7.556441e-02	4.355243e-01	4.037042e-02	3.909612e+00	7.111989e+00	1.002797e+00	9.531366e+00	7.284903e-01	2.457200e-01	2.161753e+00	7.627321e-01	1.043657e+00	7.323856e+01	1.437614e+02	2.710215e-01	5.528654e-02	4.539766e+02	
3  112.72	2.306852e+00	1.233468e-01	7.291714e-01	3.067338e+00	9.873543e-01	6.914396e-02	4.925160e-01	3.384462e-02	3.992167e+00	8.041870e+00	1.005027e+00	8.995279e+00	7.224227e-01	2.456951e-01	2.143711e+00	7.719704e-01	1.043093e+00	7.296786e+01	1.431364e+02	2.770292e-01	6.186784e-02	4.916125e+02	
1  112.598	2.289326e+00	1.246977e-01	7.146392e-01	3.086568e+00	9.862141e-01	7.701884e-02	4.161827e-01	3.829655e-02	3.879268e+00	8.715357e+00	1.002606e+00	9.781581e+00	7.085129e-01	2.456228e-01	2.183189e+00	7.747436e-01	1.043422e+00	7.154945e+01	1.433142e+02	2.903871e-01	5.264312e-02	3.331879e+02	
3  112.159	2.289326e+00	1.246977e-01	7.146392e-01	3.086568e+00	9.862141e-01	7.701884e-02	4.161827e-01	3.829655e-02	3.879268e+00	8.715357e+00	1.001674e+00	9.781581e+00	7.085129e-01	2.456228e-01	2.183189e+00	7.747436e-01	1.043422e+00	7.154945e+01	1.433142e+02	2.903871e-01	5.264312e-02	3.331879e+02	
4  112.023	2.272831e+00	1.255648e-01	7.115174e-01	3.077201e+00	9.848866e-01	7.202782e-02	4.349053e-01	3.433988e-02	3.860874e+00	8.751620e+00	1.002373e+00	9.394405e+00	7.035024e-01	2.455581e-01	2.166131e+00	7.784005e-01	1.043226e+00	7.122797e+01	1.431956e+02	2.954135e-01	5.453647e-02	2.827007e+02	
2  113.41	2.268179e+00	1.224862e-01	7.186611e-01	3.075351e+00	9.825468e-01	7.579228e-02	4.031177e-01	2.696388e-02	3.691454e+00	8.557536e+00	1.001417e+00	9.710731e+00	7.159573e-01	2.455412e-01	2.157473e+00	7.737924e-01	1.043486e+00	7.195798e+01	1.441617e+02	2.827200e-01	5.048584e-02	1.596354e+02	
13  110.988	2.247185e+00	1.245340e-01	7.083941e-01	3.074874e+00	9.839154e-01	7.581464e-02	3.966831e-01	3.928058e-02	3.830761e+00	9.402160e+00	9.977183e-01	9.785001e+00	7.044230e-01	2.454454e-01	2.157667e+00	7.670788e-01	1.043301e+00	7.094295e+01	1.438730e+02	2.944586e-01	5.025169e-02	2.599183e+02	
11  111.159	2.247185e+00	1.245340e-01	7.083941e-01	3.074874e+00	9.839154e-01	7.581464e-02	3.966831e-01	3.928058e-02	3.830761e+00	9.402160e+00	9.960800e-01	9.785001e+00	7.044230e-01	2.454454e-01	2.157667e+00	7.670788e-01	1.043301e+00	7.094295e+01	1.438730e+02	2.944586e-01	5.025169e-02	2.599183e+02	
7  110.998	2.247185e+00	1.245340e-01	7.083941e-01	3.074874e+00	9.839154e-01	7.581464e-02	3.966831e-01	3.928058e-02	3.830761e+00	9.402160e+00	9.965965e-01	9.785001e+00	7.044230e-01	2.454454e-01	2.157667e+00	7.670788e-01	1.043301e+00	7.094295e+01	1.438730e+02	2.944586e-01	5.025169e-02	2.599183e+02	
4  113.02	2.223991e+00	1.248919e-01	7.032948e-01	3.068413e+00	9.847876e-01	7.241017e-02	3.974742e-01	2.781227e-02	3.842348e+00	1.033861e+01	9.987167e-01	9.540744e+00	6.996003e-01	2.453522e-01	2.143527e+00	7.850270e-01	1.042925e+00	7.047472e+01	1.439951e+02	2.995423e-01	5.015830e-02	2.510549e+02	
11  113.353	2.223991e+00	1.248919e-01	7.032948e-01	3.068413e+00	9.847876e-01	7.241017e-02	3.974742e-01	2.781227e-02	3.842348e+00	1.033861e+01	9.980044e-01	9.540744e+00	6.996003e-01	2.453522e-01	2.143527e+00	7.850270e-01	1.042925e+00	7.047472e+01	1.439951e+02	2.995423e-01	5.015830e-02	2.510549e+02	
25  114.189	2.223991e+00	1.248919e-01	7.032948e-01	3.068413e+00	9.847876e-01	7.241017e-02	3.974742e-01	2.781227e-02	3.842348e+00	1.033861e+01	1.002334e+00	9.540744e+00	6.996003e-01	2.453522e-01	2.143527e+00	7.850270e-01	1.042925e+00	7.047472e+01	1.439951e+02	2.995423e-01	5.015830e-02	2.510549e+02	
30  112.344	2.222090e+00	1.263867e-01	6.992293e-01	3.081040e+00	9.872266e-01	7.391111e-02	3.960546e-01	4.001377e-02	3.852152e+00	1.068491e+01	1.003510e+00	9.701946e+00	6.933466e-01	2.453383e-01	2.170643e+00	7.772931e-01	1.043314e+00	7.007073e+01	1.436185e+02	3.057585e-01	5.020591e-02	2.660814e+02	
10  111.279	2.222090e+00	1.263867e-01	6.992293e-01	3.081040e+00	9.872266e-01	7.391111e-02	3.960546e-01	4.001377e-02	3.852152e+00	1.068491e+01	1.001624e+00	9.701946e+00	6.933466e-01	2.453383e-01	2.170643e+00	7.772931e-01	1.043314e+00	7.007073e+01	1.436185e+02	3.057585e-01	5.020591e-02	2.660814e+02	
23  111.317	2.226945e+00	1.250992e-01	7.016686e-01	3.079490e+00	9.900635e-01	7.657392e-02	3.811712e-01	4.110039e-02	3.783897e+00	9.668771e+00	9.994788e-01	9.925936e+00	6.977667e-01	2.453541e-01	2.167751e+00	7.680330e-01	1.043066e+00	7.030115e+01	1.439960e+02	3.011345e-01	4.826548e-02	2.208521e+02	
12  111.467	2.226945e+00	1.250992e-01	7.016686e-01	3.079490e+00	9.900635e-01	7.657392e-02	3.811712e-01	4.110039e-02	3.783897e+00	9.668771e+00	9.974676e-01	9.925936e+00	6.977667e-01	2.453541e-01	2.167751e+00	7.680330e-01	1.043066e+00	7.030115e+01	1.439960e+02	3.011345e-01	4.826548e-02	2.208521e+02	
1  110.714	2.270079e+00	1.242880e-01	7.073222e-01	3.083683e+00	9.910503e-01	8.298838e-02	3.962041e-01	2.032342e-02	3.663951e+00	9.103570e+00	9.972811e-01	1.039696e+01	7.020355e-01	2.455470e-01	2.174257e+00	7.946867e-01	1.042554e+00	7.086707e+01	1.436762e+02	2.960342e-01	4.950850e-02	1.747288e+02	
9  113.359	2.270720e+00	1.255412e-01	7.036491e-01	3.105810e+00	9.894351e-01	9.074056e-02	4.071354e-01	2.147686e-02	3.740429e+00	9.681710e+00	9.990572e-01	1.108348e+01	6.961625e-01	2.455579e-01	2.219773e+00	8.082516e-01	1.042537e+00	7.050686e+01	1.432842e+02	3.011541e-01	5.105005e-02	2.623297e+02	
11  115.282	2.270720e+00	1.255412e-01	7.036491e-01	3.105810e+00	9.894351e-01	9.074056e-02	4.071354e-01	2.147686e-02	3.740429e+00	9.681710e+00	1.002929e+00	1.108348e+01	6.961625e-01	2.455579e-01	2.219773e+00	8.082516e-01	1.042537e+00	7.050686e+01	1.432842e+02	3.011541e-01	5.105005e-02	2.623297e+02	
11  114.164	2.270720e+00	1.255412e-01	7.036491e-01	3.105810e+00	9.894351e-01	9.074056e-02	4.071354e-01	2.147686e-02	3.740429e+00	9.681710e+00	1.001801e+00	1.108348e+01	6.961625e-01	2.455579e-01	2.219773e+00	8.082516e-01	1.042537e+00	7.050686e+01	1.432842e+02	3.011541e-01	5.105005e-02	2.623297e+02	
11  113.481	2.270720e+00	1.255412e-01	7.036491e-01	3.105810e+00	9.894351e-01	9.074056e-02	4.071354e-01	2.147686e-02	3.740429e+00	9.681710e+00	1.000624e+00	1.108348e+01	6.961625e-01	2.455579e-01	2.219773e+00	8.082516e-01	1.042537e+00	7.050686e+01	1.432842e+02	3.011541e-01	5.105005e-02	2.623297e+02	
22  113.755	2.270720e+00	1.255412e-01	7.036491e-01	3.105810e+00	9.894351e-01	9.074056e-02	4.071354e-01	2.147686e-02	3.740429e+00	9.681710e+00	9.980472e-01	1.108348e+01	6.961625e-01	2.455579e-01	2.219773e+00	8.082516e-01	1.042537e+00	7.050686e+01	1.432842e+02	3.011541e-01	5.105005e-02	2.623297e+02	
60  113.489	2.270720e+00	1.255412e-01	7.036491e-01	3.105810e+00	9.894351e-01	9.074056e-02	4.071354e-01	2.147686e-02	3.740429e+00	9.681710e+00	1.000643e+00	1.108348e+01	6.961625e-01	2.455579e-01	2.219773e+00	8.082516e-01	1.042537e+00	7.050686e+01	1.432842e+02	3.011541e-01	5.105005e-02	2.623297e+02	
6  111.477	2.287249e+00	1.250405e-01	7.124716e-01	3.084778e+00	9.928543e-01	8.209621e-02	4.412443e-01	2.559471e-02	3.752331e+00	1.003534e+01	9.997808e-01	1.026675e+01	7.048689e-01	2.456182e-01	2.174196e+00	7.933742e-01	1.042999e+00	7.137999e+01	1.430588e+02	2.932943e-01	5.521896e-02	2.744966e+02	
10  111.538	2.287249e+00	1.250405e-01	7.124716e-01	3.084778e+00	9.928543e-01	8.209621e-02	4.412443e-01	2.559471e-02	3.752331e+00	1.003534e+01	9.971017e-01	1.026675e+01	7.048689e-01	2.456182e-01	2.174196e+00	7.933742e-01	1.042999e+00	7.137999e+01	1.430588e+02	2.932943e-01	5.521896e-02	2.744966e+02	
28  111.859	2.291306e+00	1.259911e-01	7.131796e-01	3.079308e+00	9.935298e-01	8.052010e-02	4.494377e-01	2.838648e-02	3.767262e+00	1.053540e+01	9.947660e-01	1.012772e+01	7.038025e-01	2.456333e-01	2.162756e+00	7.917270e-01	1.043757e+00	7.144067e+01	1.427225e+02	2.945512e-01	5.627426e-02	2.989082e+02	
6  112.062	2.268655e+00	1.285770e-01	7.081305e-01	3.102962e+00	9.976545e-01	8.764359e-02	4.819065e-01	4.395931e-02	3.882143e+00	1.098553e+01	9.958021e-01	1.084362e+01	6.945463e-01	2.455441e-01	2.214245e+00	7.922869e-01	1.044447e+00	7.091096e+01	1.421644e+02	3.033342e-01	6.028109e-02	4.140863e+02	
22  111.835	2.268655e+00	1.285770e-01	7.081305e-01	3.102962e+00	9.976545e-01	8.764359e-02	4.819065e-01	4.395931e-02	3.882143e+00	1.098553e+01	9.978150e-01	1.084362e+01	6.945463e-01	2.455441e-01	2.214245e+00	7.922869e-01	1.044447e+00	7.091096e+01	1.421644e+02	3.033342e-01	6.028109e-02	4.140863e+02	
11  113.876	2.268655e+00	1.285770e-01	7.081305e-01	3.102962e+00	9.976545e-01	8.764359e-02	4.819065e-01	4.395931e-02	3.882143e+00	1.098553e+01	9.937159e-01	1.084362e+01	6.945463e-01	2.455441e-01	2.214245e+00	7.922869e-01	1.044447e+00	7.091096e+01	1.421644e+02	3.033342e-01	6.028109e-02	4.140863e+02	
11  111.936	2.268655e+00	1.285770e-01	7.081305e-01	3.102962e+00	9.976545e-01	8.764359e-02	4.819065e-01	4.395931e-02	3.882143e+00	1.098553e+01	9.960956e-01	1.084362e+01	6.945463e-01	2.455441e-01	2.214245e+00	7.922869e-01	1.044447e+00	7.091096e+01	1.421644e+02	3.033342e-01	6.028109e-02	4.140863e+02	
44  111.748	2.268655e+00	1.285770e-01	7.081305e-01	3.102962e+00	9.976545e-01	8.764359e-02	4.819065e-01	4.395931e-02	3.882143e+00	1.098553e+01	9.972738e-01	1.084362e+01	6.945463e-01	2.455441e-01	2.214245e+00	7.922869e-01	1.044447e+00	7.091096e+01	1.421644e+02	3.033342e-01	6.028109e-02	4.140863e+02	
11  111.856	2.268655e+00	1.285770e-01	7.081305e-01	3.102962e+00	9.976545e-01	8.764359e-02	4.819065e-01	4.395931e-02	3.882143e+00	1.098553e+01	9.978936e-01	1.084362e+01	6.945463e-01	2.455441e-01	2.214245e+00	7.922869e-01	1.044447e+00	7.091096e+01	1.421644e+02	3.033342e-01	6.028109e-02	4.140863e+02	
11  111.873	2.268655e+00	1.285770e-01	7.081305e-01	3.102962e+00	9.976545e-01	8.764359e-02	4.819065e-01	4.395931e-02	3.882143e+00	1.098553e+01	9.979576e-01	1.084362e+01	6.945463e-01	2.455441e-01	2.214245e+00	7.922869e-01	1.044447e+00	7.091096e+01	1.421644e+02	3.033342e-01	6.028109e-02	4.140863e+02	
11  111.755	2.268655e+00	1.285770e-01	7.081305e-01	3.102962e+00	9.976545e-01	8.764359e-02	4.819065e-01	4.395931e-02	3.882143e+00	1.098553e+01	9.968953e-01	1.084362e+01	6.945463e-01	2.455441e-01	2.214245e+00	7.922869e-01	1.044447e+00	7.091096e+01	1.421644e+02	3.033342e-01	6.028109e-02	4.140863e+02	
22  111.845	2.268655e+00	1.285770e-01	7.081305e-01	3.102962e+00	9.976545e-01	8.764359e-02	4.819065e-01	4.395931e-02	3.882143e+00	1.098553e+01	9.978511e-01	1.084362e+01	6.945463e-01	2.455441e-01	2.214245e+00	7.922869e-01	1.044447e+00	7.091096e+01	1.421644e+02	3.033342e-01	6.028109e-02	4.140863e+02	
19  112.005	2.268655e+00	1.285770e-01	7.081305e-01	3.102962e+00	9.976545e-01	8.764359e-02	4.819065e-01	4.395931e-02	3.882143e+00	1.098553e+01	9.983113e-01	1.084362e+01	6.945463e-01	2.455441e-01	2.214245e+00	7.922869e-01	1.044447e+00	7.091096e+01	1.421644e+02	3.033342e-01	6.028109e-02	4.140863e+02	
25  111.794	2.291933e+00	1.256235e-01	7.154718e-01	3.082687e+00	9.972114e-01	8.547180e-02	4.527819e-01	2.815988e-02	3.768309e+00	1.025874e+01	9.952024e-01	1.056010e+01	7.063600e-01	2.456355e-01	2.169341e+00	7.937568e-01	1.043999e+00	7.165915e+01	1.428074e+02	2.917199e-01	5.664439e-02	3.245789e+02	
15  111.503	2.291933e+00	1.256235e-01	7.154718e-01	3.082687e+00	9.972114e-01	8.547180e-02	4.527819e-01	2.815988e-02	3.768309e+00	1.025874e+01	9.934850e-01	1.056010e+01	7.063600e-01	2.456355e-01	2.169341e+00	7.937568e-01	1.043999e+00	7.165915e+01	1.428074e+02	2.917199e-01	5.664439e-02	3.245789e+02	
18  109.555	2.275437e+00	1.226225e-01	7.184281e-01	3.087597e+00	9.941454e-01	9.107209e-02	4.030145e-01	2.331816e-02	3.620984e+00	9.046475e+00	9.930697e-01	1.105358e+01	7.152821e-01	2.455686e-01	2.178683e+00	7.880681e-01	1.043872e+00	7.195919e+01	1.440136e+02	2.824579e-01	5.045246e-02	1.981552e+02	
11  109.934	2.275437e+00	1.226225e-01	7.184281e-01	3.087597e+00	9.941454e-01	9.107209e-02	4.030145e-01	2.331816e-02	3.620984e+00	9.046475e+00	9.918294e-01	1.105358e+01	7.152821e-01	2.455686e-01	2.178683e+00	7.880681e-01	1.043872e+00	7.195919e+01	1.440136e+02	2.824579e-01	5.045246e-02	1.981552e+02	
11  112.634	2.275437e+00	1.226225e-01	7.184281e-01	3.087597e+00	9.941454e-01	9.107209e-02	4.030145e-01	2.331816e-02	3.620984e+00	9.046475e+00	9.973884e-01	1.105358e+01	7.152821e-01	2.455686e-01	2.178683e+00	7.880681e-01	1.043872e+00	7.195919e+01	1.440136e+02	2.824579e-01	5.045246e-02	1.981552e+02	
11  114.705	2.275437e+00	1.226225e-01	7.184281e-01	3.087597e+00	9.941454e-01	9.107209e-02	4.030145e-01	2.331816e-02	3.620984e+00	9.046475e+00	9.880208e-01	1.105358e+01	7.152821e-01	2.455686e-01	2.178683e+00	7.880681e-01	1.043872e+00	7.195919e+01	1.440136e+02	2.824579e-01	5.045246e-02	1.981552e+02	
11  115.42	2.275437e+00	1.226225e-01	7.184281e-01	3.087597e+00	9.941454e-01	9.107209e-02	4.030145e-01	2.331816e-02	3.620984e+00	9.046475e+00	9.876708e-01	1.105358e+01	7.152821e-01	2.455686e-01	2.178683e+00	7.880681e-01	1.043872e+00	7.195919e+01	1.440136e+02	2.824579e-01	5.045246e-02	1.981552e+02	
55  110.189	2.275437e+00	1.226225e-01	7.184281e-01	3.087597e+00	9.941454e-01	9.107209e-02	4.030145e-01	2.331816e-02	3.620984e+00	9.046475e+00	9.914140e-01	1.105358e+01	7.152821e-01	2.455686e-01	2.178683e+00	7.880681e-01	1.043872e+00	7.195919e+01	1.440136e+02	2.824579e-01	5.045246e-02	1.981552e+02	
33  109.667	2.275437e+00	1.226225e-01	7.184281e-01	3.087597e+00	9.941454e-01	9.107209e-02	4.030145e-01	2.331816e-02	3.620984e+00	9.046475e+00	9.940710e-01	1.105358e+01	7.152821e-01	2.455686e-01	2.178683e+00	7.880681e-01	1.043872e+00	7.195919e+01	1.440136e+02	2.824579e-01	5.045246e-02	1.981552e+02	
22  109.694	2.275437e+00	1.226225e-01	7.184281e-01	3.087597e+00	9.941454e-01	9.107209e-02	4.030145e-01	2.331816e-02	3.620984e+00	9.046475e+00	9.923851e-01	1.105358e+01	7.152821e-01	2.455686e-01	2.178683e+00	7.880681e-01	1.043872e+00	7.195919e+01	1.440136e+02	2.824579e-01	5.045246e-02	1.981552e+02	
22  109.556	2.275437e+00	1.226225e-01	7.184281e-01	3.087597e+00	9.941454e-01	9.107209e-02	4.030145e-01	2.331816e-02	3.620984e+00	9.046475e+00	9.934892e-01	1.105358e+01	7.152821e-01	2.455686e-01	2.178683e+00	7.880681e-01	1.043872e+00	7.195919e+01	1.440136e+02	2.824579e-01	5.045246e-02	1.981552e+02	
11  109.946	2.275437e+00	1.226225e-01	7.184281e-01	3.087597e+00	9.941454e-01	9.107209e-02	4.030145e-01	2.331816e-02	3.620984e+00	9.046475e+00	9.947487e-01	1.105358e+01	7.152821e-01	2.455686e-01	2.178683e+00	7.880681e-01	1.043872e+00	7.195919e+01	1.440136e+02	2.824579e-01	5.045246e-02	1.981552e+02	
18  109.762	2.275437e+00	1.226225e-01	7.184281e-01	3.087597e+00	9.941454e-01	9.107209e-02	4.030145e-01	2.331816e-02	3.620984e+00	9.046475e+00	9.943539e-01	1.105358e+01	7.152821e-01	2.455686e-01	2.178683e+00	7.880681e-01	1.043872e+00	7.195919e+01	1.440136e+02	2.824579e-01	5.045246e-02	1.981552e+02	
5  110.561	2.279175e+00	1.221271e-01	7.205446e-01	3.094702e+00	9.935005e-01	9.158773e-02	3.965575e-01	1.827072e-02	3.576572e+00	8.700318e+00	9.979041e-01	1.108927e+01	7.178054e-01	2.455877e-01	2.193988e+00	7.959455e-01	1.044106e+00	7.217168e+01	1.441427e+02	2.800248e-01	4.943230e-02	1.640010e+02	
10  110.324	2.305611e+00	1.217450e-01	7.247401e-01	3.069152e+00	1.000071e+00	8.316387e-02	3.814921e-01	2.003678e-02	3.591833e+00	8.621070e+00	9.935850e-01	1.027116e+01	7.222477e-01	2.456835e-01	2.141649e+00	7.835194e-01	1.044405e+00	7.259031e+01	1.440168e+02	2.765850e-01	4.776077e-02	1.696216e+02	
15  110.621	2.305611e+00	1.217450e-01	7.247401e-01	3.069152e+00	1.000071e+00	8.316387e-02	3.814921e-01	2.003678e-02	3.591833e+00	8.621070e+00	9.942759e-01	1.027116e+01	7.222477e-01	2.456835e-01	2.141649e+00	7.835194e-01	1.044405e+00	7.259031e+01	1.440168e+02	2.765850e-01	4.776077e-02	1.696216e+02	
14  111.309	2.313568e+00	1.188447e-01	7.364969e-01	3.079677e+00	9.961720e-01	8.696114e-02	3.727601e-01	7.825330e-03	3.583016e+00	7.738776e+00	9.994150e-01	1.053146e+01	7.368678e-01	2.457284e-01	2.161853e+00	7.965224e-01	1.044767e+00	7.375392e+01	1.447666e+02	2.623277e-01	4.648143e-02	1.581071e+02	
36  113.074	2.329466e+00	1.173940e-01	7.404865e-01	3.067206e+00	9.946116e-01	8.650761e-02	3.564436e-01	3.509343e-03	3.518530e+00	7.654554e+00	9.954786e-01	1.041656e+01	7.423934e-01	2.457928e-01	2.133948e+00	7.911233e-01	1.044452e+00	7.414942e+01	1.450483e+02	2.569844e-01	4.435698e-02	1.068167e+02	
1  112.364	2.299080e+00	1.220973e-01	7.262292e-01	3.087432e+00	1.005948e+00	8.565738e-02	3.794732e-01	3.594151e-02	3.625969e+00	7.920860e+00	9.979543e-01	1.050429e+01	7.234733e-01	2.456518e-01	2.182769e+00	7.710853e-01	1.045245e+00	7.272813e+01	1.440208e+02	2.754555e-01	4.779769e-02	2.092554e+02	
11  111.942	2.299080e+00	1.220973e-01	7.262292e-01	3.087432e+00	1.005948e+00	8.565738e-02	3.794732e-01	3.594151e-02	3.625969e+00	7.920860e+00	9.963521e-01	1.050429e+01	7.234733e-01	2.456518e-01	2.182769e+00	7.710853e-01	1.045245e+00	7.272813e+01	1.440208e+02	2.754555e-01	4.779769e-02	2.092554e+02	
11  112.228	2.299080e+00	1.220973e-01	7.262292e-01	3.087432e+00	1.005948e+00	8.565738e-02	3.794732e-01	3.594151e-02	3.625969e+00	7.920860e+00	9.951773e-01	1.050429e+01	7.234733e-01	2.456518e-01	2.182769e+00	7.710853e-01	1.045245e+00	7.272813e+01	1.440208e+02	2.754555e-01	4.779769e-02	2.092554e+02	
37  112.125	2.299080e+00	1.220973e-01	7.262292e-01	3.087432e+00	1.005948e+00	8.565738e-02	3.794732e-01	3.594151e-02	3.625969e+00	7.920860e+00	9.974292e-01	1.050429e+01	7.234733e-01	2.456518e-01	2.182769e+00	7.710853e-01	1.045245e+00	7.272813e+01	1.440208e+02	2.754555e-01	4.779769e-02	2.092554e+02	
