2  199.357	2.510838e+00	1.255996e-01	8.384023e-01	3.075635e+00	1.053524e+00	9.012584e-02	1.114992e+00	2.358985e-01	4.923305e+00	1.286626e+01	9.917078e-01	1.010123e+01	7.950173e-01	2.466517e-01	2.161871e+00	6.116887e-01	1.048941e+00	8.412050e+01	1.373337e+02	2.093032e-01	1.300589e-01	1.903264e+03	
22  199.282	2.510838e+00	1.255996e-01	8.384023e-01	3.075635e+00	1.053524e+00	9.012584e-02	1.114992e+00	2.358985e-01	4.923305e+00	1.286626e+01	9.930378e-01	1.010123e+01	7.950173e-01	2.466517e-01	2.161871e+00	6.116887e-01	1.048941e+00	8.412050e+01	1.373337e+02	2.093032e-01	1.300589e-01	1.903264e+03	
11  200.35	2.510838e+00	1.255996e-01	8.384023e-01	3.075635e+00	1.053524e+00	9.012584e-02	1.114992e+00	2.358985e-01	4.923305e+00	1.286626e+01	9.950011e-01	1.010123e+01	7.950173e-01	2.466517e-01	2.161871e+00	6.116887e-01	1.048941e+00	8.412050e+01	1.373337e+02	2.093032e-01	1.300589e-01	1.903264e+03	
22  200.433	2.510838e+00	1.255996e-01	8.384023e-01	3.075635e+00	1.053524e+00	9.012584e-02	1.114992e+00	2.358985e-01	4.923305e+00	1.286626e+01	9.950919e-01	1.010123e+01	7.950173e-01	2.466517e-01	2.161871e+00	6.116887e-01	1.048941e+00	8.412050e+01	1.373337e+02	2.093032e-01	1.300589e-01	1.903264e+03	
11  200.137	2.510838e+00	1.255996e-01	8.384023e-01	3.075635e+00	1.053524e+00	9.012584e-02	1.114992e+00	2.358985e-01	4.923305e+00	1.286626e+01	9.947507e-01	1.010123e+01	7.950173e-01	2.466517e-01	2.161871e+00	6.116887e-01	1.048941e+00	8.412050e+01	1.373337e+02	2.093032e-01	1.300589e-01	1.903264e+03	
11  200.717	2.510838e+00	1.255996e-01	8.384023e-01	3.075635e+00	1.053524e+00	9.012584e-02	1.114992e+00	2.358985e-01	4.923305e+00	1.286626e+01	9.953801e-01	1.010123e+01	7.950173e-01	2.466517e-01	2.161871e+00	6.116887e-01	1.048941e+00	8.412050e+01	1.373337e+02	2.093032e-01	1.300589e-01	1.903264e+03	
11  201.847	2.510838e+00	1.255996e-01	8.384023e-01	3.075635e+00	1.053524e+00	9.012584e-02	1.114992e+00	2.358985e-01	4.923305e+00	1.286626e+01	9.963186e-01	1.010123e+01	7.950173e-01	2.466517e-01	2.161871e+00	6.116887e-01	1.048941e+00	8.412050e+01	1.373337e+02	2.093032e-01	1.300589e-01	1.903264e+03	
11  199.268	2.510838e+00	1.255996e-01	8.384023e-01	3.075635e+00	1.053524e+00	9.012584e-02	1.114992e+00	2.358985e-01	4.923305e+00	1.286626e+01	9.929568e-01	1.010123e+01	7.950173e-01	2.466517e-01	2.161871e+00	6.116887e-01	1.048941e+00	8.412050e+01	1.373337e+02	2.093032e-01	1.300589e-01	1.903264e+03	
22  199.545	2.510838e+00	1.255996e-01	8.384023e-01	3.075635e+00	1.053524e+00	9.012584e-02	1.114992e+00	2.358985e-01	4.923305e+00	1.286626e+01	9.938284e-01	1.010123e+01	7.950173e-01	2.466517e-01	2.161871e+00	6.116887e-01	1.048941e+00	8.412050e+01	1.373337e+02	2.093032e-01	1.300589e-01	1.903264e+03	
11  199.309	2.510838e+00	1.255996e-01	8.384023e-01	3.075635e+00	1.053524e+00	9.012584e-02	1.114992e+00	2.358985e-01	4.923305e+00	1.286626e+01	9.918915e-01	1.010123e+01	7.950173e-01	2.466517e-01	2.161871e+00	6.116887e-01	1.048941e+00	8.412050e+01	1.373337e+02	2.093032e-01	1.300589e-01	1.903264e+03	
22  199.334	2.510838e+00	1.255996e-01	8.384023e-01	3.075635e+00	1.053524e+00	9.012584e-02	1.114992e+00	2.358985e-01	4.923305e+00	1.286626e+01	9.932681e-01	1.010123e+01	7.950173e-01	2.466517e-01	2.161871e+00	6.116887e-01	1.048941e+00	8.412050e+01	1.373337e+02	2.093032e-01	1.300589e-01	1.903264e+03	
11  199.765	2.510838e+00	1.255996e-01	8.384023e-01	3.075635e+00	1.053524e+00	9.012584e-02	1.114992e+00	2.358985e-01	4.923305e+00	1.286626e+01	9.942288e-01	1.010123e+01	7.950173e-01	2.466517e-01	2.161871e+00	6.116887e-01	1.048941e+00	8.412050e+01	1.373337e+02	2.093032e-01	1.300589e-01	1.903264e+03	
11  199.28	2.510838e+00	1.255996e-01	8.384023e-01	3.075635e+00	1.053524e+00	9.012584e-02	1.114992e+00	2.358985e-01	4.923305e+00	1.286626e+01	9.920267e-01	1.010123e+01	7.950173e-01	2.466517e-01	2.161871e+00	6.116887e-01	1.048941e+00	8.412050e+01	1.373337e+02	2.093032e-01	1.300589e-01	1.903264e+03	
11  199.338	2.510838e+00	1.255996e-01	8.384023e-01	3.075635e+00	1.053524e+00	9.012584e-02	1.114992e+00	2.358985e-01	4.923305e+00	1.286626e+01	9.917747e-01	1.010123e+01	7.950173e-01	2.466517e-01	2.161871e+00	6.116887e-01	1.048941e+00	8.412050e+01	1.373337e+02	2.093032e-01	1.300589e-01	1.903264e+03	
11  199.564	2.510838e+00	1.255996e-01	8.384023e-01	3.075635e+00	1.053524e+00	9.012584e-02	1.114992e+00	2.358985e-01	4.923305e+00	1.286626e+01	9.911875e-01	1.010123e+01	7.950173e-01	2.466517e-01	2.161871e+00	6.116887e-01	1.048941e+00	8.412050e+01	1.373337e+02	2.093032e-01	1.300589e-01	1.903264e+03	
11  199.681	2.510838e+00	1.255996e-01	8.384023e-01	3.075635e+00	1.053524e+00	9.012584e-02	1.114992e+00	2.358985e-01	4.923305e+00	1.286626e+01	9.909666e-01	1.010123e+01	7.950173e-01	2.466517e-01	2.161871e+00	6.116887e-01	1.048941e+00	8.412050e+01	1.373337e+02	2.093032e-01	1.300589e-01	1.903264e+03	
22  199.474	2.510838e+00	1.255996e-01	8.384023e-01	3.075635e+00	1.053524e+00	9.012584e-02	1.114992e+00	2.358985e-01	4.923305e+00	1.286626e+01	9.936702e-01	1.010123e+01	7.950173e-01	2.466517e-01	2.161871e+00	6.116887e-01	1.048941e+00	8.412050e+01	1.373337e+02	2.093032e-01	1.300589e-01	1.903264e+03	
11  199.877	2.510838e+00	1.255996e-01	8.384023e-01	3.075635e+00	1.053524e+00	9.012584e-02	1.114992e+00	2.358985e-01	4.923305e+00	1.286626e+01	9.906547e-01	1.010123e+01	7.950173e-01	2.466517e-01	2.161871e+00	6.116887e-01	1.048941e+00	8.412050e+01	1.373337e+02	2.093032e-01	1.300589e-01	1.903264e+03	
22  199.354	2.510838e+00	1.255996e-01	8.384023e-01	3.075635e+00	1.053524e+00	9.012584e-02	1.114992e+00	2.358985e-01	4.923305e+00	1.286626e+01	9.917190e-01	1.010123e+01	7.950173e-01	2.466517e-01	2.161871e+00	6.116887e-01	1.048941e+00	8.412050e+01	1.373337e+02	2.093032e-01	1.300589e-01	1.903264e+03	
11  199.237	2.510838e+00	1.255996e-01	8.384023e-01	3.075635e+00	1.053524e+00	9.012584e-02	1.114992e+00	2.358985e-01	4.923305e+00	1.286626e+01	9.926904e-01	1.010123e+01	7.950173e-01	2.466517e-01	2.161871e+00	6.116887e-01	1.048941e+00	8.412050e+01	1.373337e+02	2.093032e-01	1.300589e-01	1.903264e+03	
11  199.862	2.510838e+00	1.255996e-01	8.384023e-01	3.075635e+00	1.053524e+00	9.012584e-02	1.114992e+00	2.358985e-01	4.923305e+00	1.286626e+01	9.943792e-01	1.010123e+01	7.950173e-01	2.466517e-01	2.161871e+00	6.116887e-01	1.048941e+00	8.412050e+01	1.373337e+02	2.093032e-01	1.300589e-01	1.903264e+03	
22  199.266	2.510838e+00	1.255996e-01	8.384023e-01	3.075635e+00	1.053524e+00	9.012584e-02	1.114992e+00	2.358985e-01	4.923305e+00	1.286626e+01	9.929441e-01	1.010123e+01	7.950173e-01	2.466517e-01	2.161871e+00	6.116887e-01	1.048941e+00	8.412050e+01	1.373337e+02	2.093032e-01	1.300589e-01	1.903264e+03	
22  199.244	2.510838e+00	1.255996e-01	8.384023e-01	3.075635e+00	1.053524e+00	9.012584e-02	1.114992e+00	2.358985e-01	4.923305e+00	1.286626e+01	9.922877e-01	1.010123e+01	7.950173e-01	2.466517e-01	2.161871e+00	6.116887e-01	1.048941e+00	8.412050e+01	1.373337e+02	2.093032e-01	1.300589e-01	1.903264e+03	
11  200.094	2.510838e+00	1.255996e-01	8.384023e-01	3.075635e+00	1.053524e+00	9.012584e-02	1.114992e+00	2.358985e-01	4.923305e+00	1.286626e+01	9.903636e-01	1.010123e+01	7.950173e-01	2.466517e-01	2.161871e+00	6.116887e-01	1.048941e+00	8.412050e+01	1.373337e+02	2.093032e-01	1.300589e-01	1.903264e+03	
11  199.683	2.510838e+00	1.255996e-01	8.384023e-01	3.075635e+00	1.053524e+00	9.012584e-02	1.114992e+00	2.358985e-01	4.923305e+00	1.286626e+01	9.909626e-01	1.010123e+01	7.950173e-01	2.466517e-01	2.161871e+00	6.116887e-01	1.048941e+00	8.412050e+01	1.373337e+02	2.093032e-01	1.300589e-01	1.903264e+03	
33  200.995	2.510838e+00	1.255996e-01	8.384023e-01	3.075635e+00	1.053524e+00	9.012584e-02	1.114992e+00	2.358985e-01	4.923305e+00	1.286626e+01	9.894549e-01	1.010123e+01	7.950173e-01	2.466517e-01	2.161871e+00	6.116887e-01	1.048941e+00	8.412050e+01	1.373337e+02	2.093032e-01	1.300589e-01	1.903264e+03	
11  200.139	2.510838e+00	1.255996e-01	8.384023e-01	3.075635e+00	1.053524e+00	9.012584e-02	1.114992e+00	2.358985e-01	4.923305e+00	1.286626e+01	9.903084e-01	1.010123e+01	7.950173e-01	2.466517e-01	2.161871e+00	6.116887e-01	1.048941e+00	8.412050e+01	1.373337e+02	2.093032e-01	1.300589e-01	1.903264e+03	
11  199.256	2.510838e+00	1.255996e-01	8.384023e-01	3.075635e+00	1.053524e+00	9.012584e-02	1.114992e+00	2.358985e-01	4.923305e+00	1.286626e+01	9.928759e-01	1.010123e+01	7.950173e-01	2.466517e-01	2.161871e+00	6.116887e-01	1.048941e+00	8.412050e+01	1.373337e+02	2.093032e-01	1.300589e-01	1.903264e+03	
11  199.277	2.510838e+00	1.255996e-01	8.384023e-01	3.075635e+00	1.053524e+00	9.012584e-02	1.114992e+00	2.358985e-01	4.923305e+00	1.286626e+01	9.920454e-01	1.010123e+01	7.950173e-01	2.466517e-01	2.161871e+00	6.116887e-01	1.048941e+00	8.412050e+01	1.373337e+02	2.093032e-01	1.300589e-01	1.903264e+03	
11  199.236	2.510838e+00	1.255996e-01	8.384023e-01	3.075635e+00	1.053524e+00	9.012584e-02	1.114992e+00	2.358985e-01	4.923305e+00	1.286626e+01	9.926746e-01	1.010123e+01	7.950173e-01	2.466517e-01	2.161871e+00	6.116887e-01	1.048941e+00	8.412050e+01	1.373337e+02	2.093032e-01	1.300589e-01	1.903264e+03	
22  199.286	2.510838e+00	1.255996e-01	8.384023e-01	3.075635e+00	1.053524e+00	9.012584e-02	1.114992e+00	2.358985e-01	4.923305e+00	1.286626e+01	9.919960e-01	1.010123e+01	7.950173e-01	2.466517e-01	2.161871e+00	6.116887e-01	1.048941e+00	8.412050e+01	1.373337e+02	2.093032e-01	1.300589e-01	1.903264e+03	
11  199.244	2.510838e+00	1.255996e-01	8.384023e-01	3.075635e+00	1.053524e+00	9.012584e-02	1.114992e+00	2.358985e-01	4.923305e+00	1.286626e+01	9.927824e-01	1.010123e+01	7.950173e-01	2.466517e-01	2.161871e+00	6.116887e-01	1.048941e+00	8.412050e+01	1.373337e+02	2.093032e-01	1.300589e-01	1.903264e+03	
11  199.429	2.510838e+00	1.255996e-01	8.384023e-01	3.075635e+00	1.053524e+00	9.012584e-02	1.114992e+00	2.358985e-01	4.923305e+00	1.286626e+01	9.935577e-01	1.010123e+01	7.950173e-01	2.466517e-01	2.161871e+00	6.116887e-01	1.048941e+00	8.412050e+01	1.373337e+02	2.093032e-01	1.300589e-01	1.903264e+03	
33  199.799	2.510838e+00	1.255996e-01	8.384023e-01	3.075635e+00	1.053524e+00	9.012584e-02	1.114992e+00	2.358985e-01	4.923305e+00	1.286626e+01	9.907726e-01	1.010123e+01	7.950173e-01	2.466517e-01	2.161871e+00	6.116887e-01	1.048941e+00	8.412050e+01	1.373337e+02	2.093032e-01	1.300589e-01	1.903264e+03	
11  199.241	2.510838e+00	1.255996e-01	8.384023e-01	3.075635e+00	1.053524e+00	9.012584e-02	1.114992e+00	2.358985e-01	4.923305e+00	1.286626e+01	9.927420e-01	1.010123e+01	7.950173e-01	2.466517e-01	2.161871e+00	6.116887e-01	1.048941e+00	8.412050e+01	1.373337e+02	2.093032e-01	1.300589e-01	1.903264e+03	
22  199.362	2.510838e+00	1.255996e-01	8.384023e-01	3.075635e+00	1.053524e+00	9.012584e-02	1.114992e+00	2.358985e-01	4.923305e+00	1.286626e+01	9.933645e-01	1.010123e+01	7.950173e-01	2.466517e-01	2.161871e+00	6.116887e-01	1.048941e+00	8.412050e+01	1.373337e+02	2.093032e-01	1.300589e-01	1.903264e+03	
22  200.314	2.510838e+00	1.255996e-01	8.384023e-01	3.075635e+00	1.053524e+00	9.012584e-02	1.114992e+00	2.358985e-01	4.923305e+00	1.286626e+01	9.901080e-01	1.010123e+01	7.950173e-01	2.466517e-01	2.161871e+00	6.116887e-01	1.048941e+00	8.412050e+01	1.373337e+02	2.093032e-01	1.300589e-01	1.903264e+03	
11  200.452	2.510838e+00	1.255996e-01	8.384023e-01	3.075635e+00	1.053524e+00	9.012584e-02	1.114992e+00	2.358985e-01	4.923305e+00	1.286626e+01	9.899624e-01	1.010123e+01	7.950173e-01	2.466517e-01	2.161871e+00	6.116887e-01	1.048941e+00	8.412050e+01	1.373337e+02	2.093032e-01	1.300589e-01	1.903264e+03	
11  199.452	2.510838e+00	1.255996e-01	8.384023e-01	3.075635e+00	1.053524e+00	9.012584e-02	1.114992e+00	2.358985e-01	4.923305e+00	1.286626e+01	9.936161e-01	1.010123e+01	7.950173e-01	2.466517e-01	2.161871e+00	6.116887e-01	1.048941e+00	8.412050e+01	1.373337e+02	2.093032e-01	1.300589e-01	1.903264e+03	
11  199.307	2.510838e+00	1.255996e-01	8.384023e-01	3.075635e+00	1.053524e+00	9.012584e-02	1.114992e+00	2.358985e-01	4.923305e+00	1.286626e+01	9.931585e-01	1.010123e+01	7.950173e-01	2.466517e-01	2.161871e+00	6.116887e-01	1.048941e+00	8.412050e+01	1.373337e+02	2.093032e-01	1.300589e-01	1.903264e+03	
11  199.252	2.510838e+00	1.255996e-01	8.384023e-01	3.075635e+00	1.053524e+00	9.012584e-02	1.114992e+00	2.358985e-01	4.923305e+00	1.286626e+01	9.928450e-01	1.010123e+01	7.950173e-01	2.466517e-01	2.161871e+00	6.116887e-01	1.048941e+00	8.412050e+01	1.373337e+02	2.093032e-01	1.300589e-01	1.903264e+03	
11  199.383	2.510838e+00	1.255996e-01	8.384023e-01	3.075635e+00	1.053524e+00	9.012584e-02	1.114992e+00	2.358985e-01	4.923305e+00	1.286626e+01	9.916264e-01	1.010123e+01	7.950173e-01	2.466517e-01	2.161871e+00	6.116887e-01	1.048941e+00	8.412050e+01	1.373337e+02	2.093032e-01	1.300589e-01	1.903264e+03	
11  199.696	2.510838e+00	1.255996e-01	8.384023e-01	3.075635e+00	1.053524e+00	9.012584e-02	1.114992e+00	2.358985e-01	4.923305e+00	1.286626e+01	9.941138e-01	1.010123e+01	7.950173e-01	2.466517e-01	2.161871e+00	6.116887e-01	1.048941e+00	8.412050e+01	1.373337e+02	2.093032e-01	1.300589e-01	1.903264e+03	
11  199.235	2.510838e+00	1.255996e-01	8.384023e-01	3.075635e+00	1.053524e+00	9.012584e-02	1.114992e+00	2.358985e-01	4.923305e+00	1.286626e+01	9.924083e-01	1.010123e+01	7.950173e-01	2.466517e-01	2.161871e+00	6.116887e-01	1.048941e+00	8.412050e+01	1.373337e+02	2.093032e-01	1.300589e-01	1.903264e+03	
22  199.878	2.510838e+00	1.255996e-01	8.384023e-01	3.075635e+00	1.053524e+00	9.012584e-02	1.114992e+00	2.358985e-01	4.923305e+00	1.286626e+01	9.944044e-01	1.010123e+01	7.950173e-01	2.466517e-01	2.161871e+00	6.116887e-01	1.048941e+00	8.412050e+01	1.373337e+02	2.093032e-01	1.300589e-01	1.903264e+03	
22  199.725	2.510838e+00	1.255996e-01	8.384023e-01	3.075635e+00	1.053524e+00	9.012584e-02	1.114992e+00	2.358985e-01	4.923305e+00	1.286626e+01	9.941637e-01	1.010123e+01	7.950173e-01	2.466517e-01	2.161871e+00	6.116887e-01	1.048941e+00	8.412050e+01	1.373337e+02	2.093032e-01	1.300589e-01	1.903264e+03	
11  200.829	2.510838e+00	1.255996e-01	8.384023e-01	3.075635e+00	1.053524e+00	9.012584e-02	1.114992e+00	2.358985e-01	4.923305e+00	1.286626e+01	9.954864e-01	1.010123e+01	7.950173e-01	2.466517e-01	2.161871e+00	6.116887e-01	1.048941e+00	8.412050e+01	1.373337e+02	2.093032e-01	1.300589e-01	1.903264e+03	
11  199.236	2.510838e+00	1.255996e-01	8.384023e-01	3.075635e+00	1.053524e+00	9.012584e-02	1.114992e+00	2.358985e-01	4.923305e+00	1.286626e+01	9.926685e-01	1.010123e+01	7.950173e-01	2.466517e-01	2.161871e+00	6.116887e-01	1.048941e+00	8.412050e+01	1.373337e+02	2.093032e-01	1.300589e-01	1.903264e+03	
11  199.4	2.510838e+00	1.255996e-01	8.384023e-01	3.075635e+00	1.053524e+00	9.012584e-02	1.114992e+00	2.358985e-01	4.923305e+00	1.286626e+01	9.915763e-01	1.010123e+01	7.950173e-01	2.466517e-01	2.161871e+00	6.116887e-01	1.048941e+00	8.412050e+01	1.373337e+02	2.093032e-01	1.300589e-01	1.903264e+03	
11  199.313	2.510838e+00	1.255996e-01	8.384023e-01	3.075635e+00	1.053524e+00	9.012584e-02	1.114992e+00	2.358985e-01	4.923305e+00	1.286626e+01	9.931848e-01	1.010123e+01	7.950173e-01	2.466517e-01	2.161871e+00	6.116887e-01	1.048941e+00	8.412050e+01	1.373337e+02	2.093032e-01	1.300589e-01	1.903264e+03	
11  200.985	2.510838e+00	1.255996e-01	8.384023e-01	3.075635e+00	1.053524e+00	9.012584e-02	1.114992e+00	2.358985e-01	4.923305e+00	1.286626e+01	9.956280e-01	1.010123e+01	7.950173e-01	2.466517e-01	2.161871e+00	6.116887e-01	1.048941e+00	8.412050e+01	1.373337e+02	2.093032e-01	1.300589e-01	1.903264e+03	
11  199.246	2.510838e+00	1.255996e-01	8.384023e-01	3.075635e+00	1.053524e+00	9.012584e-02	1.114992e+00	2.358985e-01	4.923305e+00	1.286626e+01	9.922674e-01	1.010123e+01	7.950173e-01	2.466517e-01	2.161871e+00	6.116887e-01	1.048941e+00	8.412050e+01	1.373337e+02	2.093032e-01	1.300589e-01	1.903264e+03	
11  199.245	2.510838e+00	1.255996e-01	8.384023e-01	3.075635e+00	1.053524e+00	9.012584e-02	1.114992e+00	2.358985e-01	4.923305e+00	1.286626e+01	9.927941e-01	1.010123e+01	7.950173e-01	2.466517e-01	2.161871e+00	6.116887e-01	1.048941e+00	8.412050e+01	1.373337e+02	2.093032e-01	1.300589e-01	1.903264e+03	
11  199.937	2.510838e+00	1.255996e-01	8.384023e-01	3.075635e+00	1.053524e+00	9.012584e-02	1.114992e+00	2.358985e-01	4.923305e+00	1.286626e+01	9.944880e-01	1.010123e+01	7.950173e-01	2.466517e-01	2.161871e+00	6.116887e-01	1.048941e+00	8.412050e+01	1.373337e+02	2.093032e-01	1.300589e-01	1.903264e+03	
11  199.397	2.510838e+00	1.255996e-01	8.384023e-01	3.075635e+00	1.053524e+00	9.012584e-02	1.114992e+00	2.358985e-01	4.923305e+00	1.286626e+01	9.934698e-01	1.010123e+01	7.950173e-01	2.466517e-01	2.161871e+00	6.116887e-01	1.048941e+00	8.412050e+01	1.373337e+02	2.093032e-01	1.300589e-01	1.903264e+03	
11  199.604	2.510838e+00	1.255996e-01	8.384023e-01	3.075635e+00	1.053524e+00	9.012584e-02	1.114992e+00	2.358985e-01	4.923305e+00	1.286626e+01	9.939451e-01	1.010123e+01	7.950173e-01	2.466517e-01	2.161871e+00	6.116887e-01	1.048941e+00	8.412050e+01	1.373337e+02	2.093032e-01	1.300589e-01	1.903264e+03	
11  199.578	2.510838e+00	1.255996e-01	8.384023e-01	3.075635e+00	1.053524e+00	9.012584e-02	1.114992e+00	2.358985e-01	4.923305e+00	1.286626e+01	9.938948e-01	1.010123e+01	7.950173e-01	2.466517e-01	2.161871e+00	6.116887e-01	1.048941e+00	8.412050e+01	1.373337e+02	2.093032e-01	1.300589e-01	1.903264e+03	
11  199.536	2.510838e+00	1.255996e-01	8.384023e-01	3.075635e+00	1.053524e+00	9.012584e-02	1.114992e+00	2.358985e-01	4.923305e+00	1.286626e+01	9.938080e-01	1.010123e+01	7.950173e-01	2.466517e-01	2.161871e+00	6.116887e-01	1.048941e+00	8.412050e+01	1.373337e+02	2.093032e-01	1.300589e-01	1.903264e+03	
11  199.262	2.510838e+00	1.255996e-01	8.384023e-01	3.075635e+00	1.053524e+00	9.012584e-02	1.114992e+00	2.358985e-01	4.923305e+00	1.286626e+01	9.921402e-01	1.010123e+01	7.950173e-01	2.466517e-01	2.161871e+00	6.116887e-01	1.048941e+00	8.412050e+01	1.373337e+02	2.093032e-01	1.300589e-01	1.903264e+03	
11  199.969	2.510838e+00	1.255996e-01	8.384023e-01	3.075635e+00	1.053524e+00	9.012584e-02	1.114992e+00	2.358985e-01	4.923305e+00	1.286626e+01	9.945327e-01	1.010123e+01	7.950173e-01	2.466517e-01	2.161871e+00	6.116887e-01	1.048941e+00	8.412050e+01	1.373337e+02	2.093032e-01	1.300589e-01	1.903264e+03	
22  199.601	2.510838e+00	1.255996e-01	8.384023e-01	3.075635e+00	1.053524e+00	9.012584e-02	1.114992e+00	2.358985e-01	4.923305e+00	1.286626e+01	9.911144e-01	1.010123e+01	7.950173e-01	2.466517e-01	2.161871e+00	6.116887e-01	1.048941e+00	8.412050e+01	1.373337e+02	2.093032e-01	1.300589e-01	1.903264e+03	
22  199.444	2.510838e+00	1.255996e-01	8.384023e-01	3.075635e+00	1.053524e+00	9.012584e-02	1.114992e+00	2.358985e-01	4.923305e+00	1.286626e+01	9.914570e-01	1.010123e+01	7.950173e-01	2.466517e-01	2.161871e+00	6.116887e-01	1.048941e+00	8.412050e+01	1.373337e+02	2.093032e-01	1.300589e-01	1.903264e+03	
22  199.403	2.510838e+00	1.255996e-01	8.384023e-01	3.075635e+00	1.053524e+00	9.012584e-02	1.114992e+00	2.358985e-01	4.923305e+00	1.286626e+01	9.934876e-01	1.010123e+01	7.950173e-01	2.466517e-01	2.161871e+00	6.116887e-01	1.048941e+00	8.412050e+01	1.373337e+02	2.093032e-01	1.300589e-01	1.903264e+03	
22  199.372	2.510838e+00	1.255996e-01	8.384023e-01	3.075635e+00	1.053524e+00	9.012584e-02	1.114992e+00	2.358985e-01	4.923305e+00	1.286626e+01	9.933948e-01	1.010123e+01	7.950173e-01	2.466517e-01	2.161871e+00	6.116887e-01	1.048941e+00	8.412050e+01	1.373337e+02	2.093032e-01	1.300589e-01	1.903264e+03	
11  199.265	2.510838e+00	1.255996e-01	8.384023e-01	3.075635e+00	1.053524e+00	9.012584e-02	1.114992e+00	2.358985e-01	4.923305e+00	1.286626e+01	9.921138e-01	1.010123e+01	7.950173e-01	2.466517e-01	2.161871e+00	6.116887e-01	1.048941e+00	8.412050e+01	1.373337e+02	2.093032e-01	1.300589e-01	1.903264e+03	
11  199.25	2.510838e+00	1.255996e-01	8.384023e-01	3.075635e+00	1.053524e+00	9.012584e-02	1.114992e+00	2.358985e-01	4.923305e+00	1.286626e+01	9.928254e-01	1.010123e+01	7.950173e-01	2.466517e-01	2.161871e+00	6.116887e-01	1.048941e+00	8.412050e+01	1.373337e+02	2.093032e-01	1.300589e-01	1.903264e+03	
11  199.319	2.510838e+00	1.255996e-01	8.384023e-01	3.075635e+00	1.053524e+00	9.012584e-02	1.114992e+00	2.358985e-01	4.923305e+00	1.286626e+01	9.932108e-01	1.010123e+01	7.950173e-01	2.466517e-01	2.161871e+00	6.116887e-01	1.048941e+00	8.412050e+01	1.373337e+02	2.093032e-01	1.300589e-01	1.903264e+03	
11  199.277	2.510838e+00	1.255996e-01	8.384023e-01	3.075635e+00	1.053524e+00	9.012584e-02	1.114992e+00	2.358985e-01	4.923305e+00	1.286626e+01	9.920425e-01	1.010123e+01	7.950173e-01	2.466517e-01	2.161871e+00	6.116887e-01	1.048941e+00	8.412050e+01	1.373337e+02	2.093032e-01	1.300589e-01	1.903264e+03	
11  199.423	2.510838e+00	1.255996e-01	8.384023e-01	3.075635e+00	1.053524e+00	9.012584e-02	1.114992e+00	2.358985e-01	4.923305e+00	1.286626e+01	9.915123e-01	1.010123e+01	7.950173e-01	2.466517e-01	2.161871e+00	6.116887e-01	1.048941e+00	8.412050e+01	1.373337e+02	2.093032e-01	1.300589e-01	1.903264e+03	
11  199.277	2.510838e+00	1.255996e-01	8.384023e-01	3.075635e+00	1.053524e+00	9.012584e-02	1.114992e+00	2.358985e-01	4.923305e+00	1.286626e+01	9.920449e-01	1.010123e+01	7.950173e-01	2.466517e-01	2.161871e+00	6.116887e-01	1.048941e+00	8.412050e+01	1.373337e+02	2.093032e-01	1.300589e-01	1.903264e+03	
11  199.236	2.510838e+00	1.255996e-01	8.384023e-01	3.075635e+00	1.053524e+00	9.012584e-02	1.114992e+00	2.358985e-01	4.923305e+00	1.286626e+01	9.926772e-01	1.010123e+01	7.950173e-01	2.466517e-01	2.161871e+00	6.116887e-01	1.048941e+00	8.412050e+01	1.373337e+02	2.093032e-01	1.300589e-01	1.903264e+03	
22  199.441	2.510838e+00	1.255996e-01	8.384023e-01	3.075635e+00	1.053524e+00	9.012584e-02	1.114992e+00	2.358985e-01	4.923305e+00	1.286626e+01	9.914645e-01	1.010123e+01	7.950173e-01	2.466517e-01	2.161871e+00	6.116887e-01	1.048941e+00	8.412050e+01	1.373337e+02	2.093032e-01	1.300589e-01	1.903264e+03	
22  199.442	2.510838e+00	1.255996e-01	8.384023e-01	3.075635e+00	1.053524e+00	9.012584e-02	1.114992e+00	2.358985e-01	4.923305e+00	1.286626e+01	9.914615e-01	1.010123e+01	7.950173e-01	2.466517e-01	2.161871e+00	6.116887e-01	1.048941e+00	8.412050e+01	1.373337e+02	2.093032e-01	1.300589e-01	1.903264e+03	
11  199.374	2.510838e+00	1.255996e-01	8.384023e-01	3.075635e+00	1.053524e+00	9.012584e-02	1.114992e+00	2.358985e-01	4.923305e+00	1.286626e+01	9.916532e-01	1.010123e+01	7.950173e-01	2.466517e-01	2.161871e+00	6.116887e-01	1.048941e+00	8.412050e+01	1.373337e+02	2.093032e-01	1.300589e-01	1.903264e+03	
11  199.238	2.510838e+00	1.255996e-01	8.384023e-01	3.075635e+00	1.053524e+00	9.012584e-02	1.114992e+00	2.358985e-01	4.923305e+00	1.286626e+01	9.923606e-01	1.010123e+01	7.950173e-01	2.466517e-01	2.161871e+00	6.116887e-01	1.048941e+00	8.412050e+01	1.373337e+02	2.093032e-01	1.300589e-01	1.903264e+03	
11  199.236	2.510838e+00	1.255996e-01	8.384023e-01	3.075635e+00	1.053524e+00	9.012584e-02	1.114992e+00	2.358985e-01	4.923305e+00	1.286626e+01	9.923856e-01	1.010123e+01	7.950173e-01	2.466517e-01	2.161871e+00	6.116887e-01	1.048941e+00	8.412050e+01	1.373337e+02	2.093032e-01	1.300589e-01	1.903264e+03	
11  199.258	2.510838e+00	1.255996e-01	8.384023e-01	3.075635e+00	1.053524e+00	9.012584e-02	1.114992e+00	2.358985e-01	4.923305e+00	1.286626e+01	9.921621e-01	1.010123e+01	7.950173e-01	2.466517e-01	2.161871e+00	6.116887e-01	1.048941e+00	8.412050e+01	1.373337e+02	2.093032e-01	1.300589e-01	1.903264e+03	
33  199.813	2.510838e+00	1.255996e-01	8.384023e-01	3.075635e+00	1.053524e+00	9.012584e-02	1.114992e+00	2.358985e-01	4.923305e+00	1.286626e+01	9.943036e-01	1.010123e+01	7.950173e-01	2.466517e-01	2.161871e+00	6.116887e-01	1.048941e+00	8.412050e+01	1.373337e+02	2.093032e-01	1.300589e-01	1.903264e+03	
11  199.235	2.510838e+00	1.255996e-01	8.384023e-01	3.075635e+00	1.053524e+00	9.012584e-02	1.114992e+00	2.358985e-01	4.923305e+00	1.286626e+01	9.926496e-01	1.010123e+01	7.950173e-01	2.466517e-01	2.161871e+00	6.116887e-01	1.048941e+00	8.412050e+01	1.373337e+02	2.093032e-01	1.300589e-01	1.903264e+03	
11  200.458	2.510838e+00	1.255996e-01	8.384023e-01	3.075635e+00	1.053524e+00	9.012584e-02	1.114992e+00	2.358985e-01	4.923305e+00	1.286626e+01	9.951189e-01	1.010123e+01	7.950173e-01	2.466517e-01	2.161871e+00	6.116887e-01	1.048941e+00	8.412050e+01	1.373337e+02	2.093032e-01	1.300589e-01	1.903264e+03	
11  199.613	2.510838e+00	1.255996e-01	8.384023e-01	3.075635e+00	1.053524e+00	9.012584e-02	1.114992e+00	2.358985e-01	4.923305e+00	1.286626e+01	9.910917e-01	1.010123e+01	7.950173e-01	2.466517e-01	2.161871e+00	6.116887e-01	1.048941e+00	8.412050e+01	1.373337e+02	2.093032e-01	1.300589e-01	1.903264e+03	
11  199.858	2.510838e+00	1.255996e-01	8.384023e-01	3.075635e+00	1.053524e+00	9.012584e-02	1.114992e+00	2.358985e-01	4.923305e+00	1.286626e+01	9.943716e-01	1.010123e+01	7.950173e-01	2.466517e-01	2.161871e+00	6.116887e-01	1.048941e+00	8.412050e+01	1.373337e+02	2.093032e-01	1.300589e-01	1.903264e+03	
11  199.239	2.510838e+00	1.255996e-01	8.384023e-01	3.075635e+00	1.053524e+00	9.012584e-02	1.114992e+00	2.358985e-01	4.923305e+00	1.286626e+01	9.923398e-01	1.010123e+01	7.950173e-01	2.466517e-01	2.161871e+00	6.116887e-01	1.048941e+00	8.412050e+01	1.373337e+02	2.093032e-01	1.300589e-01	1.903264e+03	
11  199.468	2.510838e+00	1.255996e-01	8.384023e-01	3.075635e+00	1.053524e+00	9.012584e-02	1.114992e+00	2.358985e-01	4.923305e+00	1.286626e+01	9.936554e-01	1.010123e+01	7.950173e-01	2.466517e-01	2.161871e+00	6.116887e-01	1.048941e+00	8.412050e+01	1.373337e+02	2.093032e-01	1.300589e-01	1.903264e+03	
11  199.32	2.510838e+00	1.255996e-01	8.384023e-01	3.075635e+00	1.053524e+00	9.012584e-02	1.114992e+00	2.358985e-01	4.923305e+00	1.286626e+01	9.918474e-01	1.010123e+01	7.950173e-01	2.466517e-01	2.161871e+00	6.116887e-01	1.048941e+00	8.412050e+01	1.373337e+02	2.093032e-01	1.300589e-01	1.903264e+03	
11  199.297	2.510838e+00	1.255996e-01	8.384023e-01	3.075635e+00	1.053524e+00	9.012584e-02	1.114992e+00	2.358985e-01	4.923305e+00	1.286626e+01	9.931171e-01	1.010123e+01	7.950173e-01	2.466517e-01	2.161871e+00	6.116887e-01	1.048941e+00	8.412050e+01	1.373337e+02	2.093032e-01	1.300589e-01	1.903264e+03	
11  199.34	2.510838e+00	1.255996e-01	8.384023e-01	3.075635e+00	1.053524e+00	9.012584e-02	1.114992e+00	2.358985e-01	4.923305e+00	1.286626e+01	9.932893e-01	1.010123e+01	7.950173e-01	2.466517e-01	2.161871e+00	6.116887e-01	1.048941e+00	8.412050e+01	1.373337e+02	2.093032e-01	1.300589e-01	1.903264e+03	
11  199.248	2.510838e+00	1.255996e-01	8.384023e-01	3.075635e+00	1.053524e+00	9.012584e-02	1.114992e+00	2.358985e-01	4.923305e+00	1.286626e+01	9.928058e-01	1.010123e+01	7.950173e-01	2.466517e-01	2.161871e+00	6.116887e-01	1.048941e+00	8.412050e+01	1.373337e+02	2.093032e-01	1.300589e-01	1.903264e+03	
22  199.817	2.510838e+00	1.255996e-01	8.384023e-01	3.075635e+00	1.053524e+00	9.012584e-02	1.114992e+00	2.358985e-01	4.923305e+00	1.286626e+01	9.943107e-01	1.010123e+01	7.950173e-01	2.466517e-01	2.161871e+00	6.116887e-01	1.048941e+00	8.412050e+01	1.373337e+02	2.093032e-01	1.300589e-01	1.903264e+03	
11  199.258	2.510838e+00	1.255996e-01	8.384023e-01	3.075635e+00	1.053524e+00	9.012584e-02	1.114992e+00	2.358985e-01	4.923305e+00	1.286626e+01	9.928949e-01	1.010123e+01	7.950173e-01	2.466517e-01	2.161871e+00	6.116887e-01	1.048941e+00	8.412050e+01	1.373337e+02	2.093032e-01	1.300589e-01	1.903264e+03	
11  199.292	2.510838e+00	1.255996e-01	8.384023e-01	3.075635e+00	1.053524e+00	9.012584e-02	1.114992e+00	2.358985e-01	4.923305e+00	1.286626e+01	9.930897e-01	1.010123e+01	7.950173e-01	2.466517e-01	2.161871e+00	6.116887e-01	1.048941e+00	8.412050e+01	1.373337e+02	2.093032e-01	1.300589e-01	1.903264e+03	
33  199.278	2.510838e+00	1.255996e-01	8.384023e-01	3.075635e+00	1.053524e+00	9.012584e-02	1.114992e+00	2.358985e-01	4.923305e+00	1.286626e+01	9.920390e-01	1.010123e+01	7.950173e-01	2.466517e-01	2.161871e+00	6.116887e-01	1.048941e+00	8.412050e+01	1.373337e+02	2.093032e-01	1.300589e-01	1.903264e+03	
11  199.403	2.510838e+00	1.255996e-01	8.384023e-01	3.075635e+00	1.053524e+00	9.012584e-02	1.114992e+00	2.358985e-01	4.923305e+00	1.286626e+01	9.915681e-01	1.010123e+01	7.950173e-01	2.466517e-01	2.161871e+00	6.116887e-01	1.048941e+00	8.412050e+01	1.373337e+02	2.093032e-01	1.300589e-01	1.903264e+03	
11  199.336	2.510838e+00	1.255996e-01	8.384023e-01	3.075635e+00	1.053524e+00	9.012584e-02	1.114992e+00	2.358985e-01	4.923305e+00	1.286626e+01	9.917792e-01	1.010123e+01	7.950173e-01	2.466517e-01	2.161871e+00	6.116887e-01	1.048941e+00	8.412050e+01	1.373337e+02	2.093032e-01	1.300589e-01	1.903264e+03	
11  199.399	2.510838e+00	1.255996e-01	8.384023e-01	3.075635e+00	1.053524e+00	9.012584e-02	1.114992e+00	2.358985e-01	4.923305e+00	1.286626e+01	9.915799e-01	1.010123e+01	7.950173e-01	2.466517e-01	2.161871e+00	6.116887e-01	1.048941e+00	8.412050e+01	1.373337e+02	2.093032e-01	1.300589e-01	1.903264e+03	
22  199.243	2.510838e+00	1.255996e-01	8.384023e-01	3.075635e+00	1.053524e+00	9.012584e-02	1.114992e+00	2.358985e-01	4.923305e+00	1.286626e+01	9.927724e-01	1.010123e+01	7.950173e-01	2.466517e-01	2.161871e+00	6.116887e-01	1.048941e+00	8.412050e+01	1.373337e+02	2.093032e-01	1.300589e-01	1.903264e+03	
11  199.653	2.510838e+00	1.255996e-01	8.384023e-01	3.075635e+00	1.053524e+00	9.012584e-02	1.114992e+00	2.358985e-01	4.923305e+00	1.286626e+01	9.940376e-01	1.010123e+01	7.950173e-01	2.466517e-01	2.161871e+00	6.116887e-01	1.048941e+00	8.412050e+01	1.373337e+02	2.093032e-01	1.300589e-01	1.903264e+03	
11  199.848	2.510838e+00	1.255996e-01	8.384023e-01	3.075635e+00	1.053524e+00	9.012584e-02	1.114992e+00	2.358985e-01	4.923305e+00	1.286626e+01	9.943571e-01	1.010123e+01	7.950173e-01	2.466517e-01	2.161871e+00	6.116887e-01	1.048941e+00	8.412050e+01	1.373337e+02	2.093032e-01	1.300589e-01	1.903264e+03	
11  199.312	2.510838e+00	1.255996e-01	8.384023e-01	3.075635e+00	1.053524e+00	9.012584e-02	1.114992e+00	2.358985e-01	4.923305e+00	1.286626e+01	9.931785e-01	1.010123e+01	7.950173e-01	2.466517e-01	2.161871e+00	6.116887e-01	1.048941e+00	8.412050e+01	1.373337e+02	2.093032e-01	1.300589e-01	1.903264e+03	
11  199.381	2.510838e+00	1.255996e-01	8.384023e-01	3.075635e+00	1.053524e+00	9.012584e-02	1.114992e+00	2.358985e-01	4.923305e+00	1.286626e+01	9.934219e-01	1.010123e+01	7.950173e-01	2.466517e-01	2.161871e+00	6.116887e-01	1.048941e+00	8.412050e+01	1.373337e+02	2.093032e-01	1.300589e-01	1.903264e+03	
11  199.313	2.510838e+00	1.255996e-01	8.384023e-01	3.075635e+00	1.053524e+00	9.012584e-02	1.114992e+00	2.358985e-01	4.923305e+00	1.286626e+01	9.918770e-01	1.010123e+01	7.950173e-01	2.466517e-01	2.161871e+00	6.116887e-01	1.048941e+00	8.412050e+01	1.373337e+02	2.093032e-01	1.300589e-01	1.903264e+03	
11  199.246	2.510838e+00	1.255996e-01	8.384023e-01	3.075635e+00	1.053524e+00	9.012584e-02	1.114992e+00	2.358985e-01	4.923305e+00	1.286626e+01	9.922650e-01	1.010123e+01	7.950173e-01	2.466517e-01	2.161871e+00	6.116887e-01	1.048941e+00	8.412050e+01	1.373337e+02	2.093032e-01	1.300589e-01	1.903264e+03	
22  199.668	2.510838e+00	1.255996e-01	8.384023e-01	3.075635e+00	1.053524e+00	9.012584e-02	1.114992e+00	2.358985e-01	4.923305e+00	1.286626e+01	9.940645e-01	1.010123e+01	7.950173e-01	2.466517e-01	2.161871e+00	6.116887e-01	1.048941e+00	8.412050e+01	1.373337e+02	2.093032e-01	1.300589e-01	1.903264e+03	
11  199.346	2.510838e+00	1.255996e-01	8.384023e-01	3.075635e+00	1.053524e+00	9.012584e-02	1.114992e+00	2.358985e-01	4.923305e+00	1.286626e+01	9.933106e-01	1.010123e+01	7.950173e-01	2.466517e-01	2.161871e+00	6.116887e-01	1.048941e+00	8.412050e+01	1.373337e+02	2.093032e-01	1.300589e-01	1.903264e+03	
11  199.373	2.510838e+00	1.255996e-01	8.384023e-01	3.075635e+00	1.053524e+00	9.012584e-02	1.114992e+00	2.358985e-01	4.923305e+00	1.286626e+01	9.933994e-01	1.010123e+01	7.950173e-01	2.466517e-01	2.161871e+00	6.116887e-01	1.048941e+00	8.412050e+01	1.373337e+02	2.093032e-01	1.300589e-01	1.903264e+03	
11  199.233	2.510838e+00	1.255996e-01	8.384023e-01	3.075635e+00	1.053524e+00	9.012584e-02	1.114992e+00	2.358985e-01	4.923305e+00	1.286626e+01	9.924781e-01	1.010123e+01	7.950173e-01	2.466517e-01	2.161871e+00	6.116887e-01	1.048941e+00	8.412050e+01	1.373337e+02	2.093032e-01	1.300589e-01	1.903264e+03	
11  199.234	2.510838e+00	1.255996e-01	8.384023e-01	3.075635e+00	1.053524e+00	9.012584e-02	1.114992e+00	2.358985e-01	4.923305e+00	1.286626e+01	9.924232e-01	1.010123e+01	7.950173e-01	2.466517e-01	2.161871e+00	6.116887e-01	1.048941e+00	8.412050e+01	1.373337e+02	2.093032e-01	1.300589e-01	1.903264e+03	
22  199.232	2.510838e+00	1.255996e-01	8.384023e-01	3.075635e+00	1.053524e+00	9.012584e-02	1.114992e+00	2.358985e-01	4.923305e+00	1.286626e+01	9.925287e-01	1.010123e+01	7.950173e-01	2.466517e-01	2.161871e+00	6.116887e-01	1.048941e+00	8.412050e+01	1.373337e+02	2.093032e-01	1.300589e-01	1.903264e+03	
11  200.477	2.510838e+00	1.255996e-01	8.384023e-01	3.075635e+00	1.053524e+00	9.012584e-02	1.114992e+00	2.358985e-01	4.923305e+00	1.286626e+01	9.951382e-01	1.010123e+01	7.950173e-01	2.466517e-01	2.161871e+00	6.116887e-01	1.048941e+00	8.412050e+01	1.373337e+02	2.093032e-01	1.300589e-01	1.903264e+03	
11  199.361	2.510838e+00	1.255996e-01	8.384023e-01	3.075635e+00	1.053524e+00	9.012584e-02	1.114992e+00	2.358985e-01	4.923305e+00	1.286626e+01	9.933604e-01	1.010123e+01	7.950173e-01	2.466517e-01	2.161871e+00	6.116887e-01	1.048941e+00	8.412050e+01	1.373337e+02	2.093032e-01	1.300589e-01	1.903264e+03	
11  199.667	2.510838e+00	1.255996e-01	8.384023e-01	3.075635e+00	1.053524e+00	9.012584e-02	1.114992e+00	2.358985e-01	4.923305e+00	1.286626e+01	9.940638e-01	1.010123e+01	7.950173e-01	2.466517e-01	2.161871e+00	6.116887e-01	1.048941e+00	8.412050e+01	1.373337e+02	2.093032e-01	1.300589e-01	1.903264e+03	
11  199.966	2.510838e+00	1.255996e-01	8.384023e-01	3.075635e+00	1.053524e+00	9.012584e-02	1.114992e+00	2.358985e-01	4.923305e+00	1.286626e+01	9.945286e-01	1.010123e+01	7.950173e-01	2.466517e-01	2.161871e+00	6.116887e-01	1.048941e+00	8.412050e+01	1.373337e+02	2.093032e-01	1.300589e-01	1.903264e+03	
11  199.283	2.510838e+00	1.255996e-01	8.384023e-01	3.075635e+00	1.053524e+00	9.012584e-02	1.114992e+00	2.358985e-01	4.923305e+00	1.286626e+01	9.930460e-01	1.010123e+01	7.950173e-01	2.466517e-01	2.161871e+00	6.116887e-01	1.048941e+00	8.412050e+01	1.373337e+02	2.093032e-01	1.300589e-01	1.903264e+03	
11  199.233	2.510838e+00	1.255996e-01	8.384023e-01	3.075635e+00	1.053524e+00	9.012584e-02	1.114992e+00	2.358985e-01	4.923305e+00	1.286626e+01	9.924556e-01	1.010123e+01	7.950173e-01	2.466517e-01	2.161871e+00	6.116887e-01	1.048941e+00	8.412050e+01	1.373337e+02	2.093032e-01	1.300589e-01	1.903264e+03	
11  199.833	2.510838e+00	1.255996e-01	8.384023e-01	3.075635e+00	1.053524e+00	9.012584e-02	1.114992e+00	2.358985e-01	4.923305e+00	1.286626e+01	9.907201e-01	1.010123e+01	7.950173e-01	2.466517e-01	2.161871e+00	6.116887e-01	1.048941e+00	8.412050e+01	1.373337e+02	2.093032e-01	1.300589e-01	1.903264e+03	
33  199.817	2.510838e+00	1.255996e-01	8.384023e-01	3.075635e+00	1.053524e+00	9.012584e-02	1.114992e+00	2.358985e-01	4.923305e+00	1.286626e+01	9.907448e-01	1.010123e+01	7.950173e-01	2.466517e-01	2.161871e+00	6.116887e-01	1.048941e+00	8.412050e+01	1.373337e+02	2.093032e-01	1.300589e-01	1.903264e+03	
11  199.779	2.510838e+00	1.255996e-01	8.384023e-01	3.075635e+00	1.053524e+00	9.012584e-02	1.114992e+00	2.358985e-01	4.923305e+00	1.286626e+01	9.908038e-01	1.010123e+01	7.950173e-01	2.466517e-01	2.161871e+00	6.116887e-01	1.048941e+00	8.412050e+01	1.373337e+02	2.093032e-01	1.300589e-01	1.903264e+03	
11  199.913	2.510838e+00	1.255996e-01	8.384023e-01	3.075635e+00	1.053524e+00	9.012584e-02	1.114992e+00	2.358985e-01	4.923305e+00	1.286626e+01	9.906030e-01	1.010123e+01	7.950173e-01	2.466517e-01	2.161871e+00	6.116887e-01	1.048941e+00	8.412050e+01	1.373337e+02	2.093032e-01	1.300589e-01	1.903264e+03	
22  199.847	2.510838e+00	1.255996e-01	8.384023e-01	3.075635e+00	1.053524e+00	9.012584e-02	1.114992e+00	2.358985e-01	4.923305e+00	1.286626e+01	9.906990e-01	1.010123e+01	7.950173e-01	2.466517e-01	2.161871e+00	6.116887e-01	1.048941e+00	8.412050e+01	1.373337e+02	2.093032e-01	1.300589e-01	1.903264e+03	
11  199.271	2.510838e+00	1.255996e-01	8.384023e-01	3.075635e+00	1.053524e+00	9.012584e-02	1.114992e+00	2.358985e-01	4.923305e+00	1.286626e+01	9.929767e-01	1.010123e+01	7.950173e-01	2.466517e-01	2.161871e+00	6.116887e-01	1.048941e+00	8.412050e+01	1.373337e+02	2.093032e-01	1.300589e-01	1.903264e+03	
11  199.599	2.510838e+00	1.255996e-01	8.384023e-01	3.075635e+00	1.053524e+00	9.012584e-02	1.114992e+00	2.358985e-01	4.923305e+00	1.286626e+01	9.911177e-01	1.010123e+01	7.950173e-01	2.466517e-01	2.161871e+00	6.116887e-01	1.048941e+00	8.412050e+01	1.373337e+02	2.093032e-01	1.300589e-01	1.903264e+03	
11  199.766	2.510838e+00	1.255996e-01	8.384023e-01	3.075635e+00	1.053524e+00	9.012584e-02	1.114992e+00	2.358985e-01	4.923305e+00	1.286626e+01	9.942301e-01	1.010123e+01	7.950173e-01	2.466517e-01	2.161871e+00	6.116887e-01	1.048941e+00	8.412050e+01	1.373337e+02	2.093032e-01	1.300589e-01	1.903264e+03	
22  199.244	2.510838e+00	1.255996e-01	8.384023e-01	3.075635e+00	1.053524e+00	9.012584e-02	1.114992e+00	2.358985e-01	4.923305e+00	1.286626e+01	9.927811e-01	1.010123e+01	7.950173e-01	2.466517e-01	2.161871e+00	6.116887e-01	1.048941e+00	8.412050e+01	1.373337e+02	2.093032e-01	1.300589e-01	1.903264e+03	
11  199.837	2.510838e+00	1.255996e-01	8.384023e-01	3.075635e+00	1.053524e+00	9.012584e-02	1.114992e+00	2.358985e-01	4.923305e+00	1.286626e+01	9.943404e-01	1.010123e+01	7.950173e-01	2.466517e-01	2.161871e+00	6.116887e-01	1.048941e+00	8.412050e+01	1.373337e+02	2.093032e-01	1.300589e-01	1.903264e+03	
22  199.316	2.510838e+00	1.255996e-01	8.384023e-01	3.075635e+00	1.053524e+00	9.012584e-02	1.114992e+00	2.358985e-01	4.923305e+00	1.286626e+01	9.918636e-01	1.010123e+01	7.950173e-01	2.466517e-01	2.161871e+00	6.116887e-01	1.048941e+00	8.412050e+01	1.373337e+02	2.093032e-01	1.300589e-01	1.903264e+03	
22  199.405	2.510838e+00	1.255996e-01	8.384023e-01	3.075635e+00	1.053524e+00	9.012584e-02	1.114992e+00	2.358985e-01	4.923305e+00	1.286626e+01	9.915609e-01	1.010123e+01	7.950173e-01	2.466517e-01	2.161871e+00	6.116887e-01	1.048941e+00	8.412050e+01	1.373337e+02	2.093032e-01	1.300589e-01	1.903264e+03	
11  199.266	2.510838e+00	1.255996e-01	8.384023e-01	3.075635e+00	1.053524e+00	9.012584e-02	1.114992e+00	2.358985e-01	4.923305e+00	1.286626e+01	9.921129e-01	1.010123e+01	7.950173e-01	2.466517e-01	2.161871e+00	6.116887e-01	1.048941e+00	8.412050e+01	1.373337e+02	2.093032e-01	1.300589e-01	1.903264e+03	
11  199.242	2.510838e+00	1.255996e-01	8.384023e-01	3.075635e+00	1.053524e+00	9.012584e-02	1.114992e+00	2.358985e-01	4.923305e+00	1.286626e+01	9.927572e-01	1.010123e+01	7.950173e-01	2.466517e-01	2.161871e+00	6.116887e-01	1.048941e+00	8.412050e+01	1.373337e+02	2.093032e-01	1.300589e-01	1.903264e+03	
11  199.251	2.510838e+00	1.255996e-01	8.384023e-01	3.075635e+00	1.053524e+00	9.012584e-02	1.114992e+00	2.358985e-01	4.923305e+00	1.286626e+01	9.928402e-01	1.010123e+01	7.950173e-01	2.466517e-01	2.161871e+00	6.116887e-01	1.048941e+00	8.412050e+01	1.373337e+02	2.093032e-01	1.300589e-01	1.903264e+03	
22  200.125	2.510838e+00	1.255996e-01	8.384023e-01	3.075635e+00	1.053524e+00	9.012584e-02	1.114992e+00	2.358985e-01	4.923305e+00	1.286626e+01	9.903250e-01	1.010123e+01	7.950173e-01	2.466517e-01	2.161871e+00	6.116887e-01	1.048941e+00	8.412050e+01	1.373337e+02	2.093032e-01	1.300589e-01	1.903264e+03	
11  199.46	2.510838e+00	1.255996e-01	8.384023e-01	3.075635e+00	1.053524e+00	9.012584e-02	1.114992e+00	2.358985e-01	4.923305e+00	1.286626e+01	9.914177e-01	1.010123e+01	7.950173e-01	2.466517e-01	2.161871e+00	6.116887e-01	1.048941e+00	8.412050e+01	1.373337e+02	2.093032e-01	1.300589e-01	1.903264e+03	
11  199.284	2.510838e+00	1.255996e-01	8.384023e-01	3.075635e+00	1.053524e+00	9.012584e-02	1.114992e+00	2.358985e-01	4.923305e+00	1.286626e+01	9.930512e-01	1.010123e+01	7.950173e-01	2.466517e-01	2.161871e+00	6.116887e-01	1.048941e+00	8.412050e+01	1.373337e+02	2.093032e-01	1.300589e-01	1.903264e+03	
11  199.412	2.510838e+00	1.255996e-01	8.384023e-01	3.075635e+00	1.053524e+00	9.012584e-02	1.114992e+00	2.358985e-01	4.923305e+00	1.286626e+01	9.915437e-01	1.010123e+01	7.950173e-01	2.466517e-01	2.161871e+00	6.116887e-01	1.048941e+00	8.412050e+01	1.373337e+02	2.093032e-01	1.300589e-01	1.903264e+03	
11  199.251	2.510838e+00	1.255996e-01	8.384023e-01	3.075635e+00	1.053524e+00	9.012584e-02	1.114992e+00	2.358985e-01	4.923305e+00	1.286626e+01	9.928383e-01	1.010123e+01	7.950173e-01	2.466517e-01	2.161871e+00	6.116887e-01	1.048941e+00	8.412050e+01	1.373337e+02	2.093032e-01	1.300589e-01	1.903264e+03	
11  199.375	2.510838e+00	1.255996e-01	8.384023e-01	3.075635e+00	1.053524e+00	9.012584e-02	1.114992e+00	2.358985e-01	4.923305e+00	1.286626e+01	9.916500e-01	1.010123e+01	7.950173e-01	2.466517e-01	2.161871e+00	6.116887e-01	1.048941e+00	8.412050e+01	1.373337e+02	2.093032e-01	1.300589e-01	1.903264e+03	
11  199.233	2.510838e+00	1.255996e-01	8.384023e-01	3.075635e+00	1.053524e+00	9.012584e-02	1.114992e+00	2.358985e-01	4.923305e+00	1.286626e+01	9.925874e-01	1.010123e+01	7.950173e-01	2.466517e-01	2.161871e+00	6.116887e-01	1.048941e+00	8.412050e+01	1.373337e+02	2.093032e-01	1.300589e-01	1.903264e+03	
11  199.244	2.510838e+00	1.255996e-01	8.384023e-01	3.075635e+00	1.053524e+00	9.012584e-02	1.114992e+00	2.358985e-01	4.923305e+00	1.286626e+01	9.922854e-01	1.010123e+01	7.950173e-01	2.466517e-01	2.161871e+00	6.116887e-01	1.048941e+00	8.412050e+01	1.373337e+02	2.093032e-01	1.300589e-01	1.903264e+03	
11  200.32	2.510838e+00	1.255996e-01	8.384023e-01	3.075635e+00	1.053524e+00	9.012584e-02	1.114992e+00	2.358985e-01	4.923305e+00	1.286626e+01	9.949662e-01	1.010123e+01	7.950173e-01	2.466517e-01	2.161871e+00	6.116887e-01	1.048941e+00	8.412050e+01	1.373337e+02	2.093032e-01	1.300589e-01	1.903264e+03	
11  200.409	2.510838e+00	1.255996e-01	8.384023e-01	3.075635e+00	1.053524e+00	9.012584e-02	1.114992e+00	2.358985e-01	4.923305e+00	1.286626e+01	9.950657e-01	1.010123e+01	7.950173e-01	2.466517e-01	2.161871e+00	6.116887e-01	1.048941e+00	8.412050e+01	1.373337e+02	2.093032e-01	1.300589e-01	1.903264e+03	
11  200.993	2.510838e+00	1.255996e-01	8.384023e-01	3.075635e+00	1.053524e+00	9.012584e-02	1.114992e+00	2.358985e-01	4.923305e+00	1.286626e+01	9.956368e-01	1.010123e+01	7.950173e-01	2.466517e-01	2.161871e+00	6.116887e-01	1.048941e+00	8.412050e+01	1.373337e+02	2.093032e-01	1.300589e-01	1.903264e+03	
11  200.94	2.510838e+00	1.255996e-01	8.384023e-01	3.075635e+00	1.053524e+00	9.012584e-02	1.114992e+00	2.358985e-01	4.923305e+00	1.286626e+01	9.955881e-01	1.010123e+01	7.950173e-01	2.466517e-01	2.161871e+00	6.116887e-01	1.048941e+00	8.412050e+01	1.373337e+02	2.093032e-01	1.300589e-01	1.903264e+03	
22  200.596	2.510838e+00	1.255996e-01	8.384023e-01	3.075635e+00	1.053524e+00	9.012584e-02	1.114992e+00	2.358985e-01	4.923305e+00	1.286626e+01	9.952617e-01	1.010123e+01	7.950173e-01	2.466517e-01	2.161871e+00	6.116887e-01	1.048941e+00	8.412050e+01	1.373337e+02	2.093032e-01	1.300589e-01	1.903264e+03	
11  199.963	2.510838e+00	1.255996e-01	8.384023e-01	3.075635e+00	1.053524e+00	9.012584e-02	1.114992e+00	2.358985e-01	4.923305e+00	1.286626e+01	9.945242e-01	1.010123e+01	7.950173e-01	2.466517e-01	2.161871e+00	6.116887e-01	1.048941e+00	8.412050e+01	1.373337e+02	2.093032e-01	1.300589e-01	1.903264e+03	
66  199.976	2.510838e+00	1.255996e-01	8.384023e-01	3.075635e+00	1.053524e+00	9.012584e-02	1.114992e+00	2.358985e-01	4.923305e+00	1.286626e+01	9.945416e-01	1.010123e+01	7.950173e-01	2.466517e-01	2.161871e+00	6.116887e-01	1.048941e+00	8.412050e+01	1.373337e+02	2.093032e-01	1.300589e-01	1.903264e+03	
22  200.015	2.510838e+00	1.255996e-01	8.384023e-01	3.075635e+00	1.053524e+00	9.012584e-02	1.114992e+00	2.358985e-01	4.923305e+00	1.286626e+01	9.945955e-01	1.010123e+01	7.950173e-01	2.466517e-01	2.161871e+00	6.116887e-01	1.048941e+00	8.412050e+01	1.373337e+02	2.093032e-01	1.300589e-01	1.903264e+03	
22  199.757	2.510838e+00	1.255996e-01	8.384023e-01	3.075635e+00	1.053524e+00	9.012584e-02	1.114992e+00	2.358985e-01	4.923305e+00	1.286626e+01	9.942156e-01	1.010123e+01	7.950173e-01	2.466517e-01	2.161871e+00	6.116887e-01	1.048941e+00	8.412050e+01	1.373337e+02	2.093032e-01	1.300589e-01	1.903264e+03	
11  199.613	2.510838e+00	1.255996e-01	8.384023e-01	3.075635e+00	1.053524e+00	9.012584e-02	1.114992e+00	2.358985e-01	4.923305e+00	1.286626e+01	9.939636e-01	1.010123e+01	7.950173e-01	2.466517e-01	2.161871e+00	6.116887e-01	1.048941e+00	8.412050e+01	1.373337e+02	2.093032e-01	1.300589e-01	1.903264e+03	
22  199.791	2.510838e+00	1.255996e-01	8.384023e-01	3.075635e+00	1.053524e+00	9.012584e-02	1.114992e+00	2.358985e-01	4.923305e+00	1.286626e+01	9.942699e-01	1.010123e+01	7.950173e-01	2.466517e-01	2.161871e+00	6.116887e-01	1.048941e+00	8.412050e+01	1.373337e+02	2.093032e-01	1.300589e-01	1.903264e+03	
22  199.284	2.510838e+00	1.255996e-01	8.384023e-01	3.075635e+00	1.053524e+00	9.012584e-02	1.114992e+00	2.358985e-01	4.923305e+00	1.286626e+01	9.930504e-01	1.010123e+01	7.950173e-01	2.466517e-01	2.161871e+00	6.116887e-01	1.048941e+00	8.412050e+01	1.373337e+02	2.093032e-01	1.300589e-01	1.903264e+03	
11  200.322	2.510838e+00	1.255996e-01	8.384023e-01	3.075635e+00	1.053524e+00	9.012584e-02	1.114992e+00	2.358985e-01	4.923305e+00	1.286626e+01	9.900994e-01	1.010123e+01	7.950173e-01	2.466517e-01	2.161871e+00	6.116887e-01	1.048941e+00	8.412050e+01	1.373337e+02	2.093032e-01	1.300589e-01	1.903264e+03	
33  199.839	2.510838e+00	1.255996e-01	8.384023e-01	3.075635e+00	1.053524e+00	9.012584e-02	1.114992e+00	2.358985e-01	4.923305e+00	1.286626e+01	9.907114e-01	1.010123e+01	7.950173e-01	2.466517e-01	2.161871e+00	6.116887e-01	1.048941e+00	8.412050e+01	1.373337e+02	2.093032e-01	1.300589e-01	1.903264e+03	
11  199.877	2.510838e+00	1.255996e-01	8.384023e-01	3.075635e+00	1.053524e+00	9.012584e-02	1.114992e+00	2.358985e-01	4.923305e+00	1.286626e+01	9.944029e-01	1.010123e+01	7.950173e-01	2.466517e-01	2.161871e+00	6.116887e-01	1.048941e+00	8.412050e+01	1.373337e+02	2.093032e-01	1.300589e-01	1.903264e+03	
11  199.237	2.510838e+00	1.255996e-01	8.384023e-01	3.075635e+00	1.053524e+00	9.012584e-02	1.114992e+00	2.358985e-01	4.923305e+00	1.286626e+01	9.923719e-01	1.010123e+01	7.950173e-01	2.466517e-01	2.161871e+00	6.116887e-01	1.048941e+00	8.412050e+01	1.373337e+02	2.093032e-01	1.300589e-01	1.903264e+03	
11  199.241	2.510838e+00	1.255996e-01	8.384023e-01	3.075635e+00	1.053524e+00	9.012584e-02	1.114992e+00	2.358985e-01	4.923305e+00	1.286626e+01	9.927517e-01	1.010123e+01	7.950173e-01	2.466517e-01	2.161871e+00	6.116887e-01	1.048941e+00	8.412050e+01	1.373337e+02	2.093032e-01	1.300589e-01	1.903264e+03	
11  199.249	2.510838e+00	1.255996e-01	8.384023e-01	3.075635e+00	1.053524e+00	9.012584e-02	1.114992e+00	2.358985e-01	4.923305e+00	1.286626e+01	9.928196e-01	1.010123e+01	7.950173e-01	2.466517e-01	2.161871e+00	6.116887e-01	1.048941e+00	8.412050e+01	1.373337e+02	2.093032e-01	1.300589e-01	1.903264e+03	
11  200.118	2.510838e+00	1.255996e-01	8.384023e-01	3.075635e+00	1.053524e+00	9.012584e-02	1.114992e+00	2.358985e-01	4.923305e+00	1.286626e+01	9.903337e-01	1.010123e+01	7.950173e-01	2.466517e-01	2.161871e+00	6.116887e-01	1.048941e+00	8.412050e+01	1.373337e+02	2.093032e-01	1.300589e-01	1.903264e+03	
11  199.572	2.510838e+00	1.255996e-01	8.384023e-01	3.075635e+00	1.053524e+00	9.012584e-02	1.114992e+00	2.358985e-01	4.923305e+00	1.286626e+01	9.911724e-01	1.010123e+01	7.950173e-01	2.466517e-01	2.161871e+00	6.116887e-01	1.048941e+00	8.412050e+01	1.373337e+02	2.093032e-01	1.300589e-01	1.903264e+03	
22  199.324	2.510838e+00	1.255996e-01	8.384023e-01	3.075635e+00	1.053524e+00	9.012584e-02	1.114992e+00	2.358985e-01	4.923305e+00	1.286626e+01	9.918247e-01	1.010123e+01	7.950173e-01	2.466517e-01	2.161871e+00	6.116887e-01	1.048941e+00	8.412050e+01	1.373337e+02	2.093032e-01	1.300589e-01	1.903264e+03	
44  199.371	2.510838e+00	1.255996e-01	8.384023e-01	3.075635e+00	1.053524e+00	9.012584e-02	1.114992e+00	2.358985e-01	4.923305e+00	1.286626e+01	9.916620e-01	1.010123e+01	7.950173e-01	2.466517e-01	2.161871e+00	6.116887e-01	1.048941e+00	8.412050e+01	1.373337e+02	2.093032e-01	1.300589e-01	1.903264e+03	
11  199.33	2.510838e+00	1.255996e-01	8.384023e-01	3.075635e+00	1.053524e+00	9.012584e-02	1.114992e+00	2.358985e-01	4.923305e+00	1.286626e+01	9.918012e-01	1.010123e+01	7.950173e-01	2.466517e-01	2.161871e+00	6.116887e-01	1.048941e+00	8.412050e+01	1.373337e+02	2.093032e-01	1.300589e-01	1.903264e+03	
11  199.52	2.510838e+00	1.255996e-01	8.384023e-01	3.075635e+00	1.053524e+00	9.012584e-02	1.114992e+00	2.358985e-01	4.923305e+00	1.286626e+01	9.912768e-01	1.010123e+01	7.950173e-01	2.466517e-01	2.161871e+00	6.116887e-01	1.048941e+00	8.412050e+01	1.373337e+02	2.093032e-01	1.300589e-01	1.903264e+03	
11  199.292	2.510838e+00	1.255996e-01	8.384023e-01	3.075635e+00	1.053524e+00	9.012584e-02	1.114992e+00	2.358985e-01	4.923305e+00	1.286626e+01	9.919683e-01	1.010123e+01	7.950173e-01	2.466517e-01	2.161871e+00	6.116887e-01	1.048941e+00	8.412050e+01	1.373337e+02	2.093032e-01	1.300589e-01	1.903264e+03	
11  199.292	2.510838e+00	1.255996e-01	8.384023e-01	3.075635e+00	1.053524e+00	9.012584e-02	1.114992e+00	2.358985e-01	4.923305e+00	1.286626e+01	9.919652e-01	1.010123e+01	7.950173e-01	2.466517e-01	2.161871e+00	6.116887e-01	1.048941e+00	8.412050e+01	1.373337e+02	2.093032e-01	1.300589e-01	1.903264e+03	
11  199.234	2.510838e+00	1.255996e-01	8.384023e-01	3.075635e+00	1.053524e+00	9.012584e-02	1.114992e+00	2.358985e-01	4.923305e+00	1.286626e+01	9.926422e-01	1.010123e+01	7.950173e-01	2.466517e-01	2.161871e+00	6.116887e-01	1.048941e+00	8.412050e+01	1.373337e+02	2.093032e-01	1.300589e-01	1.903264e+03	
33  200.116	2.510838e+00	1.255996e-01	8.384023e-01	3.075635e+00	1.053524e+00	9.012584e-02	1.114992e+00	2.358985e-01	4.923305e+00	1.286626e+01	9.947245e-01	1.010123e+01	7.950173e-01	2.466517e-01	2.161871e+00	6.116887e-01	1.048941e+00	8.412050e+01	1.373337e+02	2.093032e-01	1.300589e-01	1.903264e+03	
33  200.461	2.510838e+00	1.255996e-01	8.384023e-01	3.075635e+00	1.053524e+00	9.012584e-02	1.114992e+00	2.358985e-01	4.923305e+00	1.286626e+01	9.951215e-01	1.010123e+01	7.950173e-01	2.466517e-01	2.161871e+00	6.116887e-01	1.048941e+00	8.412050e+01	1.373337e+02	2.093032e-01	1.300589e-01	1.903264e+03	
11  202.18	2.510838e+00	1.255996e-01	8.384023e-01	3.075635e+00	1.053524e+00	9.012584e-02	1.114992e+00	2.358985e-01	4.923305e+00	1.286626e+01	9.965543e-01	1.010123e+01	7.950173e-01	2.466517e-01	2.161871e+00	6.116887e-01	1.048941e+00	8.412050e+01	1.373337e+02	2.093032e-01	1.300589e-01	1.903264e+03	
11  202.533	2.510838e+00	1.255996e-01	8.384023e-01	3.075635e+00	1.053524e+00	9.012584e-02	1.114992e+00	2.358985e-01	4.923305e+00	1.286626e+01	9.967896e-01	1.010123e+01	7.950173e-01	2.466517e-01	2.161871e+00	6.116887e-01	1.048941e+00	8.412050e+01	1.373337e+02	2.093032e-01	1.300589e-01	1.903264e+03	
11  201.235	2.510838e+00	1.255996e-01	8.384023e-01	3.075635e+00	1.053524e+00	9.012584e-02	1.114992e+00	2.358985e-01	4.923305e+00	1.286626e+01	9.958446e-01	1.010123e+01	7.950173e-01	2.466517e-01	2.161871e+00	6.116887e-01	1.048941e+00	8.412050e+01	1.373337e+02	2.093032e-01	1.300589e-01	1.903264e+03	
11  199.885	2.510838e+00	1.255996e-01	8.384023e-01	3.075635e+00	1.053524e+00	9.012584e-02	1.114992e+00	2.358985e-01	4.923305e+00	1.286626e+01	9.944147e-01	1.010123e+01	7.950173e-01	2.466517e-01	2.161871e+00	6.116887e-01	1.048941e+00	8.412050e+01	1.373337e+02	2.093032e-01	1.300589e-01	1.903264e+03	
11  199.279	2.510838e+00	1.255996e-01	8.384023e-01	3.075635e+00	1.053524e+00	9.012584e-02	1.114992e+00	2.358985e-01	4.923305e+00	1.286626e+01	9.930247e-01	1.010123e+01	7.950173e-01	2.466517e-01	2.161871e+00	6.116887e-01	1.048941e+00	8.412050e+01	1.373337e+02	2.093032e-01	1.300589e-01	1.903264e+03	
11  199.534	2.510838e+00	1.255996e-01	8.384023e-01	3.075635e+00	1.053524e+00	9.012584e-02	1.114992e+00	2.358985e-01	4.923305e+00	1.286626e+01	9.938037e-01	1.010123e+01	7.950173e-01	2.466517e-01	2.161871e+00	6.116887e-01	1.048941e+00	8.412050e+01	1.373337e+02	2.093032e-01	1.300589e-01	1.903264e+03	
11  199.803	2.510838e+00	1.255996e-01	8.384023e-01	3.075635e+00	1.053524e+00	9.012584e-02	1.114992e+00	2.358985e-01	4.923305e+00	1.286626e+01	9.942893e-01	1.010123e+01	7.950173e-01	2.466517e-01	2.161871e+00	6.116887e-01	1.048941e+00	8.412050e+01	1.373337e+02	2.093032e-01	1.300589e-01	1.903264e+03	
11  199.509	2.510838e+00	1.255996e-01	8.384023e-01	3.075635e+00	1.053524e+00	9.012584e-02	1.114992e+00	2.358985e-01	4.923305e+00	1.286626e+01	9.937500e-01	1.010123e+01	7.950173e-01	2.466517e-01	2.161871e+00	6.116887e-01	1.048941e+00	8.412050e+01	1.373337e+02	2.093032e-01	1.300589e-01	1.903264e+03	
11  199.408	2.510838e+00	1.255996e-01	8.384023e-01	3.075635e+00	1.053524e+00	9.012584e-02	1.114992e+00	2.358985e-01	4.923305e+00	1.286626e+01	9.934999e-01	1.010123e+01	7.950173e-01	2.466517e-01	2.161871e+00	6.116887e-01	1.048941e+00	8.412050e+01	1.373337e+02	2.093032e-01	1.300589e-01	1.903264e+03	
11  199.656	2.510838e+00	1.255996e-01	8.384023e-01	3.075635e+00	1.053524e+00	9.012584e-02	1.114992e+00	2.358985e-01	4.923305e+00	1.286626e+01	9.940438e-01	1.010123e+01	7.950173e-01	2.466517e-01	2.161871e+00	6.116887e-01	1.048941e+00	8.412050e+01	1.373337e+02	2.093032e-01	1.300589e-01	1.903264e+03	
11  200.119	2.510838e+00	1.255996e-01	8.384023e-01	3.075635e+00	1.053524e+00	9.012584e-02	1.114992e+00	2.358985e-01	4.923305e+00	1.286626e+01	9.947287e-01	1.010123e+01	7.950173e-01	2.466517e-01	2.161871e+00	6.116887e-01	1.048941e+00	8.412050e+01	1.373337e+02	2.093032e-01	1.300589e-01	1.903264e+03	
11  199.36	2.510838e+00	1.255996e-01	8.384023e-01	3.075635e+00	1.053524e+00	9.012584e-02	1.114992e+00	2.358985e-01	4.923305e+00	1.286626e+01	9.933562e-01	1.010123e+01	7.950173e-01	2.466517e-01	2.161871e+00	6.116887e-01	1.048941e+00	8.412050e+01	1.373337e+02	2.093032e-01	1.300589e-01	1.903264e+03	
11  199.233	2.510838e+00	1.255996e-01	8.384023e-01	3.075635e+00	1.053524e+00	9.012584e-02	1.114992e+00	2.358985e-01	4.923305e+00	1.286626e+01	9.924726e-01	1.010123e+01	7.950173e-01	2.466517e-01	2.161871e+00	6.116887e-01	1.048941e+00	8.412050e+01	1.373337e+02	2.093032e-01	1.300589e-01	1.903264e+03	
11  199.758	2.510838e+00	1.255996e-01	8.384023e-01	3.075635e+00	1.053524e+00	9.012584e-02	1.114992e+00	2.358985e-01	4.923305e+00	1.286626e+01	9.942168e-01	1.010123e+01	7.950173e-01	2.466517e-01	2.161871e+00	6.116887e-01	1.048941e+00	8.412050e+01	1.373337e+02	2.093032e-01	1.300589e-01	1.903264e+03	
11  199.572	2.510838e+00	1.255996e-01	8.384023e-01	3.075635e+00	1.053524e+00	9.012584e-02	1.114992e+00	2.358985e-01	4.923305e+00	1.286626e+01	9.911716e-01	1.010123e+01	7.950173e-01	2.466517e-01	2.161871e+00	6.116887e-01	1.048941e+00	8.412050e+01	1.373337e+02	2.093032e-01	1.300589e-01	1.903264e+03	
11  199.354	2.510838e+00	1.255996e-01	8.384023e-01	3.075635e+00	1.053524e+00	9.012584e-02	1.114992e+00	2.358985e-01	4.923305e+00	1.286626e+01	9.917171e-01	1.010123e+01	7.950173e-01	2.466517e-01	2.161871e+00	6.116887e-01	1.048941e+00	8.412050e+01	1.373337e+02	2.093032e-01	1.300589e-01	1.903264e+03	
11  199.347	2.510838e+00	1.255996e-01	8.384023e-01	3.075635e+00	1.053524e+00	9.012584e-02	1.114992e+00	2.358985e-01	4.923305e+00	1.286626e+01	9.917403e-01	1.010123e+01	7.950173e-01	2.466517e-01	2.161871e+00	6.116887e-01	1.048941e+00	8.412050e+01	1.373337e+02	2.093032e-01	1.300589e-01	1.903264e+03	
11  199.241	2.510838e+00	1.255996e-01	8.384023e-01	3.075635e+00	1.053524e+00	9.012584e-02	1.114992e+00	2.358985e-01	4.923305e+00	1.286626e+01	9.927489e-01	1.010123e+01	7.950173e-01	2.466517e-01	2.161871e+00	6.116887e-01	1.048941e+00	8.412050e+01	1.373337e+02	2.093032e-01	1.300589e-01	1.903264e+03	
11  199.262	2.510838e+00	1.255996e-01	8.384023e-01	3.075635e+00	1.053524e+00	9.012584e-02	1.114992e+00	2.358985e-01	4.923305e+00	1.286626e+01	9.921379e-01	1.010123e+01	7.950173e-01	2.466517e-01	2.161871e+00	6.116887e-01	1.048941e+00	8.412050e+01	1.373337e+02	2.093032e-01	1.300589e-01	1.903264e+03	
11  199.347	2.510838e+00	1.255996e-01	8.384023e-01	3.075635e+00	1.053524e+00	9.012584e-02	1.114992e+00	2.358985e-01	4.923305e+00	1.286626e+01	9.933112e-01	1.010123e+01	7.950173e-01	2.466517e-01	2.161871e+00	6.116887e-01	1.048941e+00	8.412050e+01	1.373337e+02	2.093032e-01	1.300589e-01	1.903264e+03	
11  199.25	2.510838e+00	1.255996e-01	8.384023e-01	3.075635e+00	1.053524e+00	9.012584e-02	1.114992e+00	2.358985e-01	4.923305e+00	1.286626e+01	9.922323e-01	1.010123e+01	7.950173e-01	2.466517e-01	2.161871e+00	6.116887e-01	1.048941e+00	8.412050e+01	1.373337e+02	2.093032e-01	1.300589e-01	1.903264e+03	
33  199.388	2.510838e+00	1.255996e-01	8.384023e-01	3.075635e+00	1.053524e+00	9.012584e-02	1.114992e+00	2.358985e-01	4.923305e+00	1.286626e+01	9.916104e-01	1.010123e+01	7.950173e-01	2.466517e-01	2.161871e+00	6.116887e-01	1.048941e+00	8.412050e+01	1.373337e+02	2.093032e-01	1.300589e-01	1.903264e+03	
22  199.233	2.510838e+00	1.255996e-01	8.384023e-01	3.075635e+00	1.053524e+00	9.012584e-02	1.114992e+00	2.358985e-01	4.923305e+00	1.286626e+01	9.924723e-01	1.010123e+01	7.950173e-01	2.466517e-01	2.161871e+00	6.116887e-01	1.048941e+00	8.412050e+01	1.373337e+02	2.093032e-01	1.300589e-01	1.903264e+03	
11  199.961	2.510838e+00	1.255996e-01	8.384023e-01	3.075635e+00	1.053524e+00	9.012584e-02	1.114992e+00	2.358985e-01	4.923305e+00	1.286626e+01	9.905356e-01	1.010123e+01	7.950173e-01	2.466517e-01	2.161871e+00	6.116887e-01	1.048941e+00	8.412050e+01	1.373337e+02	2.093032e-01	1.300589e-01	1.903264e+03	
11  199.42	2.510838e+00	1.255996e-01	8.384023e-01	3.075635e+00	1.053524e+00	9.012584e-02	1.114992e+00	2.358985e-01	4.923305e+00	1.286626e+01	9.915200e-01	1.010123e+01	7.950173e-01	2.466517e-01	2.161871e+00	6.116887e-01	1.048941e+00	8.412050e+01	1.373337e+02	2.093032e-01	1.300589e-01	1.903264e+03	
11  199.362	2.510838e+00	1.255996e-01	8.384023e-01	3.075635e+00	1.053524e+00	9.012584e-02	1.114992e+00	2.358985e-01	4.923305e+00	1.286626e+01	9.933628e-01	1.010123e+01	7.950173e-01	2.466517e-01	2.161871e+00	6.116887e-01	1.048941e+00	8.412050e+01	1.373337e+02	2.093032e-01	1.300589e-01	1.903264e+03	
11  200.301	2.510838e+00	1.255996e-01	8.384023e-01	3.075635e+00	1.053524e+00	9.012584e-02	1.114992e+00	2.358985e-01	4.923305e+00	1.286626e+01	9.949455e-01	1.010123e+01	7.950173e-01	2.466517e-01	2.161871e+00	6.116887e-01	1.048941e+00	8.412050e+01	1.373337e+02	2.093032e-01	1.300589e-01	1.903264e+03	
33  200.395	2.510838e+00	1.255996e-01	8.384023e-01	3.075635e+00	1.053524e+00	9.012584e-02	1.114992e+00	2.358985e-01	4.923305e+00	1.286626e+01	9.950504e-01	1.010123e+01	7.950173e-01	2.466517e-01	2.161871e+00	6.116887e-01	1.048941e+00	8.412050e+01	1.373337e+02	2.093032e-01	1.300589e-01	1.903264e+03	
11  201.497	2.510838e+00	1.255996e-01	8.384023e-01	3.075635e+00	1.053524e+00	9.012584e-02	1.114992e+00	2.358985e-01	4.923305e+00	1.286626e+01	9.960551e-01	1.010123e+01	7.950173e-01	2.466517e-01	2.161871e+00	6.116887e-01	1.048941e+00	8.412050e+01	1.373337e+02	2.093032e-01	1.300589e-01	1.903264e+03	
11  200.935	2.510838e+00	1.255996e-01	8.384023e-01	3.075635e+00	1.053524e+00	9.012584e-02	1.114992e+00	2.358985e-01	4.923305e+00	1.286626e+01	9.955836e-01	1.010123e+01	7.950173e-01	2.466517e-01	2.161871e+00	6.116887e-01	1.048941e+00	8.412050e+01	1.373337e+02	2.093032e-01	1.300589e-01	1.903264e+03	
11  199.431	2.510838e+00	1.255996e-01	8.384023e-01	3.075635e+00	1.053524e+00	9.012584e-02	1.114992e+00	2.358985e-01	4.923305e+00	1.286626e+01	9.935606e-01	1.010123e+01	7.950173e-01	2.466517e-01	2.161871e+00	6.116887e-01	1.048941e+00	8.412050e+01	1.373337e+02	2.093032e-01	1.300589e-01	1.903264e+03	
11  199.49	2.510838e+00	1.255996e-01	8.384023e-01	3.075635e+00	1.053524e+00	9.012584e-02	1.114992e+00	2.358985e-01	4.923305e+00	1.286626e+01	9.913463e-01	1.010123e+01	7.950173e-01	2.466517e-01	2.161871e+00	6.116887e-01	1.048941e+00	8.412050e+01	1.373337e+02	2.093032e-01	1.300589e-01	1.903264e+03	
33  200.034	2.510838e+00	1.255996e-01	8.384023e-01	3.075635e+00	1.053524e+00	9.012584e-02	1.114992e+00	2.358985e-01	4.923305e+00	1.286626e+01	9.904399e-01	1.010123e+01	7.950173e-01	2.466517e-01	2.161871e+00	6.116887e-01	1.048941e+00	8.412050e+01	1.373337e+02	2.093032e-01	1.300589e-01	1.903264e+03	
33  199.859	2.510838e+00	1.255996e-01	8.384023e-01	3.075635e+00	1.053524e+00	9.012584e-02	1.114992e+00	2.358985e-01	4.923305e+00	1.286626e+01	9.906813e-01	1.010123e+01	7.950173e-01	2.466517e-01	2.161871e+00	6.116887e-01	1.048941e+00	8.412050e+01	1.373337e+02	2.093032e-01	1.300589e-01	1.903264e+03	
22  199.618	2.510838e+00	1.255996e-01	8.384023e-01	3.075635e+00	1.053524e+00	9.012584e-02	1.114992e+00	2.358985e-01	4.923305e+00	1.286626e+01	9.910813e-01	1.010123e+01	7.950173e-01	2.466517e-01	2.161871e+00	6.116887e-01	1.048941e+00	8.412050e+01	1.373337e+02	2.093032e-01	1.300589e-01	1.903264e+03	
11  199.276	2.510838e+00	1.255996e-01	8.384023e-01	3.075635e+00	1.053524e+00	9.012584e-02	1.114992e+00	2.358985e-01	4.923305e+00	1.286626e+01	9.920511e-01	1.010123e+01	7.950173e-01	2.466517e-01	2.161871e+00	6.116887e-01	1.048941e+00	8.412050e+01	1.373337e+02	2.093032e-01	1.300589e-01	1.903264e+03	
11  199.271	2.510838e+00	1.255996e-01	8.384023e-01	3.075635e+00	1.053524e+00	9.012584e-02	1.114992e+00	2.358985e-01	4.923305e+00	1.286626e+01	9.929754e-01	1.010123e+01	7.950173e-01	2.466517e-01	2.161871e+00	6.116887e-01	1.048941e+00	8.412050e+01	1.373337e+02	2.093032e-01	1.300589e-01	1.903264e+03	
33  199.321	2.510838e+00	1.255996e-01	8.384023e-01	3.075635e+00	1.053524e+00	9.012584e-02	1.114992e+00	2.358985e-01	4.923305e+00	1.286626e+01	9.932169e-01	1.010123e+01	7.950173e-01	2.466517e-01	2.161871e+00	6.116887e-01	1.048941e+00	8.412050e+01	1.373337e+02	2.093032e-01	1.300589e-01	1.903264e+03	
11  199.43	2.510838e+00	1.255996e-01	8.384023e-01	3.075635e+00	1.053524e+00	9.012584e-02	1.114992e+00	2.358985e-01	4.923305e+00	1.286626e+01	9.935591e-01	1.010123e+01	7.950173e-01	2.466517e-01	2.161871e+00	6.116887e-01	1.048941e+00	8.412050e+01	1.373337e+02	2.093032e-01	1.300589e-01	1.903264e+03	
11  199.264	2.510838e+00	1.255996e-01	8.384023e-01	3.075635e+00	1.053524e+00	9.012584e-02	1.114992e+00	2.358985e-01	4.923305e+00	1.286626e+01	9.929338e-01	1.010123e+01	7.950173e-01	2.466517e-01	2.161871e+00	6.116887e-01	1.048941e+00	8.412050e+01	1.373337e+02	2.093032e-01	1.300589e-01	1.903264e+03	
11  199.239	2.510838e+00	1.255996e-01	8.384023e-01	3.075635e+00	1.053524e+00	9.012584e-02	1.114992e+00	2.358985e-01	4.923305e+00	1.286626e+01	9.923405e-01	1.010123e+01	7.950173e-01	2.466517e-01	2.161871e+00	6.116887e-01	1.048941e+00	8.412050e+01	1.373337e+02	2.093032e-01	1.300589e-01	1.903264e+03	
22  199.402	2.510838e+00	1.255996e-01	8.384023e-01	3.075635e+00	1.053524e+00	9.012584e-02	1.114992e+00	2.358985e-01	4.923305e+00	1.286626e+01	9.934847e-01	1.010123e+01	7.950173e-01	2.466517e-01	2.161871e+00	6.116887e-01	1.048941e+00	8.412050e+01	1.373337e+02	2.093032e-01	1.300589e-01	1.903264e+03	
11  199.992	2.510838e+00	1.255996e-01	8.384023e-01	3.075635e+00	1.053524e+00	9.012584e-02	1.114992e+00	2.358985e-01	4.923305e+00	1.286626e+01	9.945641e-01	1.010123e+01	7.950173e-01	2.466517e-01	2.161871e+00	6.116887e-01	1.048941e+00	8.412050e+01	1.373337e+02	2.093032e-01	1.300589e-01	1.903264e+03	
11  199.755	2.510838e+00	1.255996e-01	8.384023e-01	3.075635e+00	1.053524e+00	9.012584e-02	1.114992e+00	2.358985e-01	4.923305e+00	1.286626e+01	9.942129e-01	1.010123e+01	7.950173e-01	2.466517e-01	2.161871e+00	6.116887e-01	1.048941e+00	8.412050e+01	1.373337e+02	2.093032e-01	1.300589e-01	1.903264e+03	
11  200.784	2.510838e+00	1.255996e-01	8.384023e-01	3.075635e+00	1.053524e+00	9.012584e-02	1.114992e+00	2.358985e-01	4.923305e+00	1.286626e+01	9.954440e-01	1.010123e+01	7.950173e-01	2.466517e-01	2.161871e+00	6.116887e-01	1.048941e+00	8.412050e+01	1.373337e+02	2.093032e-01	1.300589e-01	1.903264e+03	
11  199.964	2.510838e+00	1.255996e-01	8.384023e-01	3.075635e+00	1.053524e+00	9.012584e-02	1.114992e+00	2.358985e-01	4.923305e+00	1.286626e+01	9.945260e-01	1.010123e+01	7.950173e-01	2.466517e-01	2.161871e+00	6.116887e-01	1.048941e+00	8.412050e+01	1.373337e+02	2.093032e-01	1.300589e-01	1.903264e+03	
22  199.921	2.510838e+00	1.255996e-01	8.384023e-01	3.075635e+00	1.053524e+00	9.012584e-02	1.114992e+00	2.358985e-01	4.923305e+00	1.286626e+01	9.905902e-01	1.010123e+01	7.950173e-01	2.466517e-01	2.161871e+00	6.116887e-01	1.048941e+00	8.412050e+01	1.373337e+02	2.093032e-01	1.300589e-01	1.903264e+03	
11  199.399	2.510838e+00	1.255996e-01	8.384023e-01	3.075635e+00	1.053524e+00	9.012584e-02	1.114992e+00	2.358985e-01	4.923305e+00	1.286626e+01	9.915801e-01	1.010123e+01	7.950173e-01	2.466517e-01	2.161871e+00	6.116887e-01	1.048941e+00	8.412050e+01	1.373337e+02	2.093032e-01	1.300589e-01	1.903264e+03	
11  199.357	2.510838e+00	1.255996e-01	8.384023e-01	3.075635e+00	1.053524e+00	9.012584e-02	1.114992e+00	2.358985e-01	4.923305e+00	1.286626e+01	9.933472e-01	1.010123e+01	7.950173e-01	2.466517e-01	2.161871e+00	6.116887e-01	1.048941e+00	8.412050e+01	1.373337e+02	2.093032e-01	1.300589e-01	1.903264e+03	
11  199.267	2.510838e+00	1.255996e-01	8.384023e-01	3.075635e+00	1.053524e+00	9.012584e-02	1.114992e+00	2.358985e-01	4.923305e+00	1.286626e+01	9.921012e-01	1.010123e+01	7.950173e-01	2.466517e-01	2.161871e+00	6.116887e-01	1.048941e+00	8.412050e+01	1.373337e+02	2.093032e-01	1.300589e-01	1.903264e+03	
11  199.552	2.510838e+00	1.255996e-01	8.384023e-01	3.075635e+00	1.053524e+00	9.012584e-02	1.114992e+00	2.358985e-01	4.923305e+00	1.286626e+01	9.938415e-01	1.010123e+01	7.950173e-01	2.466517e-01	2.161871e+00	6.116887e-01	1.048941e+00	8.412050e+01	1.373337e+02	2.093032e-01	1.300589e-01	1.903264e+03	
11  199.617	2.510838e+00	1.255996e-01	8.384023e-01	3.075635e+00	1.053524e+00	9.012584e-02	1.114992e+00	2.358985e-01	4.923305e+00	1.286626e+01	9.939710e-01	1.010123e+01	7.950173e-01	2.466517e-01	2.161871e+00	6.116887e-01	1.048941e+00	8.412050e+01	1.373337e+02	2.093032e-01	1.300589e-01	1.903264e+03	
11  199.281	2.510838e+00	1.255996e-01	8.384023e-01	3.075635e+00	1.053524e+00	9.012584e-02	1.114992e+00	2.358985e-01	4.923305e+00	1.286626e+01	9.920205e-01	1.010123e+01	7.950173e-01	2.466517e-01	2.161871e+00	6.116887e-01	1.048941e+00	8.412050e+01	1.373337e+02	2.093032e-01	1.300589e-01	1.903264e+03	
11  199.29	2.510838e+00	1.255996e-01	8.384023e-01	3.075635e+00	1.053524e+00	9.012584e-02	1.114992e+00	2.358985e-01	4.923305e+00	1.286626e+01	9.919769e-01	1.010123e+01	7.950173e-01	2.466517e-01	2.161871e+00	6.116887e-01	1.048941e+00	8.412050e+01	1.373337e+02	2.093032e-01	1.300589e-01	1.903264e+03	
11  199.244	2.510838e+00	1.255996e-01	8.384023e-01	3.075635e+00	1.053524e+00	9.012584e-02	1.114992e+00	2.358985e-01	4.923305e+00	1.286626e+01	9.927826e-01	1.010123e+01	7.950173e-01	2.466517e-01	2.161871e+00	6.116887e-01	1.048941e+00	8.412050e+01	1.373337e+02	2.093032e-01	1.300589e-01	1.903264e+03	
11  199.253	2.510838e+00	1.255996e-01	8.384023e-01	3.075635e+00	1.053524e+00	9.012584e-02	1.114992e+00	2.358985e-01	4.923305e+00	1.286626e+01	9.922012e-01	1.010123e+01	7.950173e-01	2.466517e-01	2.161871e+00	6.116887e-01	1.048941e+00	8.412050e+01	1.373337e+02	2.093032e-01	1.300589e-01	1.903264e+03	
11  199.232	2.510838e+00	1.255996e-01	8.384023e-01	3.075635e+00	1.053524e+00	9.012584e-02	1.114992e+00	2.358985e-01	4.923305e+00	1.286626e+01	9.925646e-01	1.010123e+01	7.950173e-01	2.466517e-01	2.161871e+00	6.116887e-01	1.048941e+00	8.412050e+01	1.373337e+02	2.093032e-01	1.300589e-01	1.903264e+03	
11  199.248	2.510838e+00	1.255996e-01	8.384023e-01	3.075635e+00	1.053524e+00	9.012584e-02	1.114992e+00	2.358985e-01	4.923305e+00	1.286626e+01	9.928080e-01	1.010123e+01	7.950173e-01	2.466517e-01	2.161871e+00	6.116887e-01	1.048941e+00	8.412050e+01	1.373337e+02	2.093032e-01	1.300589e-01	1.903264e+03	
11  200.217	2.510838e+00	1.255996e-01	8.384023e-01	3.075635e+00	1.053524e+00	9.012584e-02	1.114992e+00	2.358985e-01	4.923305e+00	1.286626e+01	9.948486e-01	1.010123e+01	7.950173e-01	2.466517e-01	2.161871e+00	6.116887e-01	1.048941e+00	8.412050e+01	1.373337e+02	2.093032e-01	1.300589e-01	1.903264e+03	
22  199.81	2.510838e+00	1.255996e-01	8.384023e-01	3.075635e+00	1.053524e+00	9.012584e-02	1.114992e+00	2.358985e-01	4.923305e+00	1.286626e+01	9.942989e-01	1.010123e+01	7.950173e-01	2.466517e-01	2.161871e+00	6.116887e-01	1.048941e+00	8.412050e+01	1.373337e+02	2.093032e-01	1.300589e-01	1.903264e+03	
11  199.565	2.510838e+00	1.255996e-01	8.384023e-01	3.075635e+00	1.053524e+00	9.012584e-02	1.114992e+00	2.358985e-01	4.923305e+00	1.286626e+01	9.938679e-01	1.010123e+01	7.950173e-01	2.466517e-01	2.161871e+00	6.116887e-01	1.048941e+00	8.412050e+01	1.373337e+02	2.093032e-01	1.300589e-01	1.903264e+03	
11  199.232	2.510838e+00	1.255996e-01	8.384023e-01	3.075635e+00	1.053524e+00	9.012584e-02	1.114992e+00	2.358985e-01	4.923305e+00	1.286626e+01	9.925527e-01	1.010123e+01	7.950173e-01	2.466517e-01	2.161871e+00	6.116887e-01	1.048941e+00	8.412050e+01	1.373337e+02	2.093032e-01	1.300589e-01	1.903264e+03	
11  199.757	2.510838e+00	1.255996e-01	8.384023e-01	3.075635e+00	1.053524e+00	9.012584e-02	1.114992e+00	2.358985e-01	4.923305e+00	1.286626e+01	9.908378e-01	1.010123e+01	7.950173e-01	2.466517e-01	2.161871e+00	6.116887e-01	1.048941e+00	8.412050e+01	1.373337e+02	2.093032e-01	1.300589e-01	1.903264e+03	
22  200.194	2.510838e+00	1.255996e-01	8.384023e-01	3.075635e+00	1.053524e+00	9.012584e-02	1.114992e+00	2.358985e-01	4.923305e+00	1.286626e+01	9.902440e-01	1.010123e+01	7.950173e-01	2.466517e-01	2.161871e+00	6.116887e-01	1.048941e+00	8.412050e+01	1.373337e+02	2.093032e-01	1.300589e-01	1.903264e+03	
11  199.334	2.510838e+00	1.255996e-01	8.384023e-01	3.075635e+00	1.053524e+00	9.012584e-02	1.114992e+00	2.358985e-01	4.923305e+00	1.286626e+01	9.917881e-01	1.010123e+01	7.950173e-01	2.466517e-01	2.161871e+00	6.116887e-01	1.048941e+00	8.412050e+01	1.373337e+02	2.093032e-01	1.300589e-01	1.903264e+03	
11  199.45	2.510838e+00	1.255996e-01	8.384023e-01	3.075635e+00	1.053524e+00	9.012584e-02	1.114992e+00	2.358985e-01	4.923305e+00	1.286626e+01	9.914408e-01	1.010123e+01	7.950173e-01	2.466517e-01	2.161871e+00	6.116887e-01	1.048941e+00	8.412050e+01	1.373337e+02	2.093032e-01	1.300589e-01	1.903264e+03	
22  199.508	2.510838e+00	1.255996e-01	8.384023e-01	3.075635e+00	1.053524e+00	9.012584e-02	1.114992e+00	2.358985e-01	4.923305e+00	1.286626e+01	9.913037e-01	1.010123e+01	7.950173e-01	2.466517e-01	2.161871e+00	6.116887e-01	1.048941e+00	8.412050e+01	1.373337e+02	2.093032e-01	1.300589e-01	1.903264e+03	
11  199.235	2.510838e+00	1.255996e-01	8.384023e-01	3.075635e+00	1.053524e+00	9.012584e-02	1.114992e+00	2.358985e-01	4.923305e+00	1.286626e+01	9.926498e-01	1.010123e+01	7.950173e-01	2.466517e-01	2.161871e+00	6.116887e-01	1.048941e+00	8.412050e+01	1.373337e+02	2.093032e-01	1.300589e-01	1.903264e+03	
11  199.528	2.510838e+00	1.255996e-01	8.384023e-01	3.075635e+00	1.053524e+00	9.012584e-02	1.114992e+00	2.358985e-01	4.923305e+00	1.286626e+01	9.937916e-01	1.010123e+01	7.950173e-01	2.466517e-01	2.161871e+00	6.116887e-01	1.048941e+00	8.412050e+01	1.373337e+02	2.093032e-01	1.300589e-01	1.903264e+03	
11  201.498	2.510838e+00	1.255996e-01	8.384023e-01	3.075635e+00	1.053524e+00	9.012584e-02	1.114992e+00	2.358985e-01	4.923305e+00	1.286626e+01	9.960564e-01	1.010123e+01	7.950173e-01	2.466517e-01	2.161871e+00	6.116887e-01	1.048941e+00	8.412050e+01	1.373337e+02	2.093032e-01	1.300589e-01	1.903264e+03	
22  201.332	2.510838e+00	1.255996e-01	8.384023e-01	3.075635e+00	1.053524e+00	9.012584e-02	1.114992e+00	2.358985e-01	4.923305e+00	1.286626e+01	9.959242e-01	1.010123e+01	7.950173e-01	2.466517e-01	2.161871e+00	6.116887e-01	1.048941e+00	8.412050e+01	1.373337e+02	2.093032e-01	1.300589e-01	1.903264e+03	
11  199.907	2.510838e+00	1.255996e-01	8.384023e-01	3.075635e+00	1.053524e+00	9.012584e-02	1.114992e+00	2.358985e-01	4.923305e+00	1.286626e+01	9.944465e-01	1.010123e+01	7.950173e-01	2.466517e-01	2.161871e+00	6.116887e-01	1.048941e+00	8.412050e+01	1.373337e+02	2.093032e-01	1.300589e-01	1.903264e+03	
11  199.813	2.510838e+00	1.255996e-01	8.384023e-01	3.075635e+00	1.053524e+00	9.012584e-02	1.114992e+00	2.358985e-01	4.923305e+00	1.286626e+01	9.943041e-01	1.010123e+01	7.950173e-01	2.466517e-01	2.161871e+00	6.116887e-01	1.048941e+00	8.412050e+01	1.373337e+02	2.093032e-01	1.300589e-01	1.903264e+03	
11  200.454	2.510838e+00	1.255996e-01	8.384023e-01	3.075635e+00	1.053524e+00	9.012584e-02	1.114992e+00	2.358985e-01	4.923305e+00	1.286626e+01	9.951137e-01	1.010123e+01	7.950173e-01	2.466517e-01	2.161871e+00	6.116887e-01	1.048941e+00	8.412050e+01	1.373337e+02	2.093032e-01	1.300589e-01	1.903264e+03	
22  199.711	2.510838e+00	1.255996e-01	8.384023e-01	3.075635e+00	1.053524e+00	9.012584e-02	1.114992e+00	2.358985e-01	4.923305e+00	1.286626e+01	9.941402e-01	1.010123e+01	7.950173e-01	2.466517e-01	2.161871e+00	6.116887e-01	1.048941e+00	8.412050e+01	1.373337e+02	2.093032e-01	1.300589e-01	1.903264e+03	
11  199.253	2.510838e+00	1.255996e-01	8.384023e-01	3.075635e+00	1.053524e+00	9.012584e-02	1.114992e+00	2.358985e-01	4.923305e+00	1.286626e+01	9.928515e-01	1.010123e+01	7.950173e-01	2.466517e-01	2.161871e+00	6.116887e-01	1.048941e+00	8.412050e+01	1.373337e+02	2.093032e-01	1.300589e-01	1.903264e+03	
11  199.251	2.510838e+00	1.255996e-01	8.384023e-01	3.075635e+00	1.053524e+00	9.012584e-02	1.114992e+00	2.358985e-01	4.923305e+00	1.286626e+01	9.922175e-01	1.010123e+01	7.950173e-01	2.466517e-01	2.161871e+00	6.116887e-01	1.048941e+00	8.412050e+01	1.373337e+02	2.093032e-01	1.300589e-01	1.903264e+03	
11  199.322	2.510838e+00	1.255996e-01	8.384023e-01	3.075635e+00	1.053524e+00	9.012584e-02	1.114992e+00	2.358985e-01	4.923305e+00	1.286626e+01	9.918317e-01	1.010123e+01	7.950173e-01	2.466517e-01	2.161871e+00	6.116887e-01	1.048941e+00	8.412050e+01	1.373337e+02	2.093032e-01	1.300589e-01	1.903264e+03	
11  199.379	2.510838e+00	1.255996e-01	8.384023e-01	3.075635e+00	1.053524e+00	9.012584e-02	1.114992e+00	2.358985e-01	4.923305e+00	1.286626e+01	9.916370e-01	1.010123e+01	7.950173e-01	2.466517e-01	2.161871e+00	6.116887e-01	1.048941e+00	8.412050e+01	1.373337e+02	2.093032e-01	1.300589e-01	1.903264e+03	
22  199.507	2.510838e+00	1.255996e-01	8.384023e-01	3.075635e+00	1.053524e+00	9.012584e-02	1.114992e+00	2.358985e-01	4.923305e+00	1.286626e+01	9.913070e-01	1.010123e+01	7.950173e-01	2.466517e-01	2.161871e+00	6.116887e-01	1.048941e+00	8.412050e+01	1.373337e+02	2.093032e-01	1.300589e-01	1.903264e+03	
44  200.802	2.510838e+00	1.255996e-01	8.384023e-01	3.075635e+00	1.053524e+00	9.012584e-02	1.114992e+00	2.358985e-01	4.923305e+00	1.286626e+01	9.896247e-01	1.010123e+01	7.950173e-01	2.466517e-01	2.161871e+00	6.116887e-01	1.048941e+00	8.412050e+01	1.373337e+02	2.093032e-01	1.300589e-01	1.903264e+03	
11  199.47	2.510838e+00	1.255996e-01	8.384023e-01	3.075635e+00	1.053524e+00	9.012584e-02	1.114992e+00	2.358985e-01	4.923305e+00	1.286626e+01	9.913938e-01	1.010123e+01	7.950173e-01	2.466517e-01	2.161871e+00	6.116887e-01	1.048941e+00	8.412050e+01	1.373337e+02	2.093032e-01	1.300589e-01	1.903264e+03	
11  199.388	2.510838e+00	1.255996e-01	8.384023e-01	3.075635e+00	1.053524e+00	9.012584e-02	1.114992e+00	2.358985e-01	4.923305e+00	1.286626e+01	9.916128e-01	1.010123e+01	7.950173e-01	2.466517e-01	2.161871e+00	6.116887e-01	1.048941e+00	8.412050e+01	1.373337e+02	2.093032e-01	1.300589e-01	1.903264e+03	
11  199.542	2.510838e+00	1.255996e-01	8.384023e-01	3.075635e+00	1.053524e+00	9.012584e-02	1.114992e+00	2.358985e-01	4.923305e+00	1.286626e+01	9.938218e-01	1.010123e+01	7.950173e-01	2.466517e-01	2.161871e+00	6.116887e-01	1.048941e+00	8.412050e+01	1.373337e+02	2.093032e-01	1.300589e-01	1.903264e+03	
