# omega_b	omega_cdm	100*theta_s	ln10^{10}A_s	n_s	tau_reio	r	m_ncdm_interacting	log10_G_eff_ur	deg_ncdm_interacting
0.02186962240218778	0.11692244013667488	1.039153633741007	3.031246072642267	0.9597391753864618	0.030433621669374557	0.20417066187100982	0.21556351516664618	-3.757440302700953	2.842323547967431
0.022622208055789485	0.1128465476135392	1.0415423900468221	3.141687418526714	0.9952595238744186	0.07756519973919043	0.16062719202777156	0.5200431093495189	-2.3092590199064515	3.4266030045526676
0.02210996549506738	0.1147724757055089	1.039766451417639	3.143400294667913	0.9826132946917729	0.07560672631291626	0.09227354304492294	0.7374564821698522	-4.601522277394821	2.5074249363938272
0.021872608744634255	0.12263019836306503	1.0390320059993858	3.1656286276665524	0.9427681390074023	0.07081819443344989	0.24402498962985092	0.847480236447663	-4.3808734834098635	3.5689534649067043
0.021799403268327307	0.12252284288701888	1.0402572158507484	3.094586757480196	0.9655264591466283	0.06863621089869269	0.23273675296453766	0.8945392489325771	-3.3395457725396507	2.8758938502185467
0.02225270315089542	0.11454207729631383	1.0408030488256748	3.17243398948283	0.9803534505202975	0.08564958983871576	0.10143120341889134	0.9221008552850912	-1.3195991408579635	3.953721138330687
0.021980882056978346	0.12237903158695053	1.0395053489091737	3.136369028953446	0.966907952325196	0.06557059523152409	0.0889583523785738	0.19592269094877257	-5.012613767381716	4.165953705820245
0.021891231844006348	0.114479051212592	1.0400507940440815	3.06137446940864	0.9610795077659942	0.05471229871233903	0.17001490565701233	0.1720451796009428	-2.0276185338158093	3.9725124905922495
0.022095343248535158	0.12487615045111139	1.0396767317209719	3.08746640688162	0.9452112380398119	0.033566419434420444	0.23933126583081066	0.07115140993370661	-2.6967879956974823	3.787498281316779
0.0229633085293447	0.11259638389630516	1.0406532271908384	3.0936060583905114	0.9823845334933662	0.0589856426880586	0.0784632704920182	0.24304819304388625	-3.9500499233965236	3.207365594170147
0.02174638546715726	0.12027085078824633	1.0390869173085204	3.0313351870864036	0.9611406557707601	0.02368122573316611	0.29878018828090747	0.11192047170045416	-3.9047387747438393	3.2680226100108145
0.021116750105457206	0.12612407868570738	1.0392685959343373	3.0605081266682053	0.9525419247796564	0.024305301615231027	0.07137813880317621	0.34596992475144644	-3.902052063721407	3.672688892764155
0.02159056983868825	0.11999286860182427	1.037671749788809	3.101988979994386	0.9597885885221791	0.054737006242479326	0.16110066787350438	0.7358077615072908	-3.4593030806762197	4.523343198986722
0.022346280117941236	0.11779835832370708	1.0387227967418753	3.1511664988813197	0.9609642029682819	0.09299297725720973	0.08601812120221172	0.9163715868716238	-3.9038040322219665	3.7823858737176783
0.02173465017715589	0.11706419817069061	1.0389781444919337	3.083034402060228	0.9681110200497772	0.05403033115920927	0.022041380840347263	0.08120513966179654	-1.9431963510050818	3.0587487974663596
0.021941016758254592	0.12341762659576158	1.0393938542523997	3.1695987052797134	0.9699611475694762	0.08753168102832892	0.02736720166724911	0.43191184291457974	-2.8740758442220637	2.02382946969319
0.02188561254759354	0.12280836861797209	1.0384316164936815	3.17674272509404	0.9583559657569639	0.0850620099537847	0.2647670549135495	0.6396575125238827	-5.382890843833757	3.62045879407652
0.02284382906326425	0.11191666216466754	1.0405157755953582	3.081910506142951	0.9699989058354043	0.062409415713371934	0.11359752077880332	0.7058502982134027	-3.855825579978028	4.378119251029087
0.023041162540179787	0.11428159639818931	1.0411500548044148	3.1238201080857046	0.9781061936962814	0.06614052322593934	0.033906792562219276	0.46890076477096426	-2.0850396299669334	2.355624670375393
0.021510769070084496	0.12051555769042682	1.0405631622351599	3.078073520096785	0.9816645171453411	0.04691695994730611	0.09672976579044426	0.5813591519422133	-2.9178818579103103	2.1858095427569477
0.02115761366115505	0.12490129080280263	1.039474836531197	3.174363925367053	0.9359237476299597	0.07794002862089257	0.08375919659520668	0.5265577054844109	-3.364480995648449	3.094008128491005
0.021243090205048464	0.12784456522930215	1.0386002690821314	3.1311490337849492	0.9367326768166132	0.06895546353067744	0.1638854201945049	0.29973590005242395	-4.210713436213957	4.715216700929549
0.022177742632726292	0.11800449685543105	1.039648525583712	3.133249787167807	0.9678805345483477	0.053795303888216725	0.18022339855118868	0.6005320777778662	-3.5329505623341446	4.733063201214087
0.02188415071394292	0.12084261904785086	1.041461993436186	3.0793576586745393	0.9755061379338014	0.042267393951568186	0.2280355093402387	0.1835868259045817	-4.599096121359082	4.318558940268755
0.022250600258316097	0.12170660644415242	1.0392196096782527	3.039944781898548	0.9515988180899475	0.016445873688916507	0.07418746201918104	0.011111228327031208	-4.643523534687238	4.449735562894303
0.020796251232968712	0.12291153788924329	1.0397340893305977	3.098684761952633	0.9488543614140158	0.0557011831355583	0.20605702979135168	0.674621692930399	-4.712802530428574	3.5646514670412417
0.021149482091799367	0.1273249763549078	1.0406402054327686	3.1062197642305778	0.9531622514017325	0.04805330272822338	0.21872432751220539	0.3934798494357084	-3.147688316763709	3.074578335468476
0.02224772780131857	0.11360461643045147	1.0414005552834174	3.0971814112807565	0.9810156266263776	0.0729197875639031	0.12645524127989777	0.1207213529321775	-5.101256446946633	3.989073903597014
0.02289840950139621	0.11410502346834539	1.0408542074445015	3.0893501998539024	0.9832475925861108	0.05897583578381234	0.004715887535929247	0.5751239583471901	-5.421756075868062	3.388193428965554
0.02190217324099568	0.11606393510764695	1.0413938514090622	3.119391369751864	0.9876738920453109	0.06963499635958273	0.10559731055909173	0.8508973894181461	-1.9558552044543258	3.6263813975117567
0.02193760850951705	0.11654859395421446	1.041093391649827	3.1244511711714886	0.9548026638573741	0.07584842503387838	0.2431076296635018	0.4591059765900248	-3.9673182031330008	2.9162925591052513
0.021795195535091863	0.11698452031656517	1.0394989283837972	3.0760083176633164	0.9742117837502569	0.04645273845941238	0.026253532057582116	0.1699557691976497	-2.3194023704588336	3.186842176254662
0.022571097845459576	0.11536870498054899	1.0387038655525958	3.0961928341056915	0.9661189932921672	0.057723569897381886	0.2953828888894602	0.3336235703328819	-4.075017869032567	2.391392303932345
