# omega_b	omega_cdm	100*theta_s	ln10^{10}A_s	n_s	tau_reio	r	m_ncdm_interacting	log10_G_eff_ur	deg_ncdm_interacting
0.022123874891258413	0.1152600393720143	1.0389122706172575	3.125195132053527	0.9712763843532207	0.07797725606890642	0.029054452228344643	0.2037319248713742	-3.378149539758071	4.040719941893416
0.022403826396434977	0.11352722342714923	1.039253284912816	3.0998488267780817	0.9789636737916944	0.07604331773002804	0.08205789868494738	0.5003337633973829	-4.608230145134682	2.4683619084236463
0.021633192462049897	0.11755526869496974	1.038569622420398	3.0862675437755906	0.9670501774261092	0.052807079945336635	0.2487069886747793	0.2592124489512098	-1.632174812599571	2.52637666913391
0.022002109329886662	0.11941175243174751	1.0397316130642578	3.0726494232623733	0.9650002073126287	0.04053246607504641	0.26552454406247983	0.9758209207962685	-1.593317184574112	4.529674719303167
0.021907448609635036	0.11569149509812045	1.039085560723829	3.065882396807065	0.9749691390454512	0.03908551636289186	0.11207378343106958	0.7279329155359455	-2.3755295606779114	3.9165425977266235
0.02259436871240676	0.11291591972873892	1.0407932820503403	3.1722282144149805	0.972569855907137	0.08793601663093374	0.13217122883525997	0.6210721830761853	-2.982149499908768	4.5612944605554
0.022873466434797575	0.1124008277644643	1.0411329173278008	3.1282359339643246	0.9834041708717676	0.06817796907984455	0.20617656363868042	0.24314008155817846	-1.0426940935095406	4.182383056546965
0.021788916420891074	0.11467931218270488	1.0401482068975076	3.096475882832912	0.9718188853697971	0.06437122309031107	0.13025654677892437	0.8767889292995438	-1.9900363653565933	3.9264583839882063
0.02234440890822314	0.1239049460017194	1.039927536174508	3.1276492001480745	0.9565647061714597	0.04999598522091606	0.1410667622914187	0.1894288595579705	-3.671050988116808	4.215072508299777
0.021443783408742544	0.1226940952141573	1.0394683163149743	3.0610148665069756	0.9381416816030714	0.03542824110230734	0.1427461026192169	0.3384332964147935	-4.946535526820554	4.383764913601522
0.022353696777222397	0.111210763828758	1.0417569350616342	3.073059600830273	0.9978824326273004	0.05567743388283995	0.11939043346037853	0.6745950368022315	-3.5606634882974433	2.941810333744164
0.022630169022559272	0.11376507558472983	1.0415991801566984	3.1583112759029186	0.9711852484592411	0.0842031409251793	0.04039535739788097	0.9105075204828915	-2.5823894951657604	3.929393980847087
0.021298175125118828	0.12359196121073783	1.0394203038131078	3.066157184320171	0.9658578270116082	0.04757869062387551	0.029298472083815016	0.5633323655222703	-3.622940607833727	2.712523100007896
0.021370911799965447	0.12781363734180912	1.0402588497741037	3.1431737473198025	0.9450649632518262	0.059895217578808585	0.2245528140611094	0.5047874642835029	-5.107904116683617	3.7419910941567704
0.022051528743254577	0.1120639361179895	1.0409991283294955	3.153308878485058	0.9784242844899356	0.08943018500772332	0.2468626259386673	0.8754493707146038	-3.5241388100192754	4.285064346465442
0.022020532297576945	0.12232707132282346	1.040468504455967	3.1465306484364692	0.9815080524343938	0.0736022057295895	0.19810000766210561	0.9174801685379019	-3.4085514917657966	3.2879574547061368
0.021382648828141268	0.12117786073535743	1.0394166107566265	3.0935369105553754	0.9558794225811884	0.06115590172723041	0.023883083013828077	0.6719523034132325	-2.7934224974131174	3.6635792865881047
0.021498845102609864	0.1257088487491448	1.0395592070076727	3.0034256197568934	0.9496414533491309	0.010741743036926092	0.18629180921006505	0.1903104652400403	-4.873830398594218	4.162162897774297
0.022081841010991535	0.12272750874083825	1.03994524884524	3.172857711860573	0.96279033897029	0.08048309024068417	0.10731602359965654	0.6853022579979471	-5.23052099745351	3.5895940343933828
0.022426646468510284	0.12054121845775667	1.0395544117987663	3.12323314427426	0.9652079669842225	0.07856635458005087	0.1397193631547853	0.7620692879977857	-2.164966230004728	3.5176099713581994
0.022897085876783796	0.11634304442731229	1.039266276741867	3.135775385015096	0.9650671456021145	0.06987503271495418	0.20551642441305867	0.9915838050892473	-2.8724713975655787	3.4974183822857756
0.021641111743932188	0.11657762643879849	1.0396801069572852	3.0953461983115145	0.9814237349689588	0.06467051002613529	0.1753163430141152	0.22698883509571183	-4.330845715380683	4.498717716135403
0.02219909969372826	0.11802103275007196	1.0394237408877982	3.092510481293675	0.9578893003542176	0.051574532560198866	0.15874963681666365	0.3026829524509127	-3.6091954079060664	4.568229190847048
0.022220831997237678	0.11635016710396794	1.0406523575262046	3.1462098454770966	0.9556597469896188	0.07971119518753035	0.11440195995003671	0.3871256627972947	-4.8336562315781615	3.7674984566690077
0.02180621224501597	0.12197900494983052	1.038687758263502	3.1191409821991742	0.9565226079677971	0.06832978506864226	0.29045161623263027	0.04785272003090857	-4.5463151354455515	3.182029889315336
0.022393744813833428	0.12019341670799344	1.0402001481724965	3.132592746665091	0.9683600738208787	0.07273870836078279	0.19367301016807875	0.053558211290714086	-3.9383755551883235	4.932179965758923
0.02133201035311021	0.12197089030613198	1.040310265032278	3.0910312702587843	0.9421054022737944	0.039504749236141834	0.17751293230697746	0.21285914349312407	-2.4491155588758766	2.2266200968231926
0.021967558340398603	0.128256253419472	1.0388783105368964	3.1228849661649662	0.9478580225771985	0.06460556238700313	0.25610335620169233	0.5711482342020228	-2.398777579859377	3.3330834421070983
0.02225313713191716	0.1257634660814414	1.0401735595475832	3.0415254499264828	0.9521355019779413	0.012442858863779417	0.10665255587943043	0.6576497892914881	-1.8957879282132717	2.480610855693725
0.02263210097388877	0.11511684139941517	1.0418948147216243	3.175859827544357	0.9744439781363292	0.09987506342015526	0.1384817409228632	0.4414742907098408	-2.6861028516889958	3.5498485966744515
0.021323850811040698	0.12321885275796587	1.040281285695634	3.1635280873897313	0.9522481498436774	0.08808736809244025	0.14869085100856205	0.7321358958845882	-3.0526327061102343	3.6692218018399143
0.022031872757645933	0.12264868868144176	1.0401288747204478	3.0094715295758716	0.9460920222905275	0.015557874829463587	0.14984207246223535	0.40240928123459274	-1.772184458887359	4.952636501083189
0.022913005497517017	0.11237850735121797	1.0404436223058622	3.0985683806060385	0.9823826612365396	0.061302743745265155	0.28964418624368626	0.6994537574714421	-3.1302727413545233	2.0457121011645834
0.022300689087281136	0.11508630346074585	1.0398802524537518	3.1061582279195563	0.97317009193875	0.062011427059585046	0.12445971664795794	0.8681965373175446	-1.309744536838236	4.32326533629065
0.022372923837981215	0.11812719245989421	1.0414819280045555	3.184265385005837	0.980362624067368	0.0920592996304985	0.056049807716466574	0.37049734838966486	-4.2054938435081075	4.520203202171819
