1  107.212	2.289617e+00	1.278158e-01	7.290953e-01	3.029672e+00	9.824965e-01	5.702530e-02	6.274261e-01	2.768009e-02	4.386476e+00	6.736304e+00	1.003441e+00	7.962716e+00	7.139297e-01	2.456157e-01	2.069370e+00	7.829134e-01	1.043478e+00	7.285846e+01	1.416422e+02	2.849615e-01	7.712237e-02	1.538086e+03	
28  104.517	2.296755e+00	1.283351e-01	7.127247e-01	3.071027e+00	9.814515e-01	6.820261e-02	4.841621e-01	3.090061e-02	4.313200e+00	8.023291e+00	9.988996e-01	9.063635e+00	6.995666e-01	2.456549e-01	2.158164e+00	7.985445e-01	1.043843e+00	7.122008e+01	1.420848e+02	2.996612e-01	6.080398e-02	1.078004e+03	
11  103.963	2.296755e+00	1.283351e-01	7.127247e-01	3.071027e+00	9.814515e-01	6.820261e-02	4.841621e-01	3.090061e-02	4.313200e+00	8.023291e+00	1.000110e+00	9.063635e+00	6.995666e-01	2.456549e-01	2.158164e+00	7.985445e-01	1.043843e+00	7.122008e+01	1.420848e+02	2.996612e-01	6.080398e-02	1.078004e+03	
11  104.186	2.296755e+00	1.283351e-01	7.127247e-01	3.071027e+00	9.814515e-01	6.820261e-02	4.841621e-01	3.090061e-02	4.313200e+00	8.023291e+00	1.002033e+00	9.063635e+00	6.995666e-01	2.456549e-01	2.158164e+00	7.985445e-01	1.043843e+00	7.122008e+01	1.420848e+02	2.996612e-01	6.080398e-02	1.078004e+03	
11  104.019	2.296755e+00	1.283351e-01	7.127247e-01	3.071027e+00	9.814515e-01	6.820261e-02	4.841621e-01	3.090061e-02	4.313200e+00	8.023291e+00	9.999046e-01	9.063635e+00	6.995666e-01	2.456549e-01	2.158164e+00	7.985445e-01	1.043843e+00	7.122008e+01	1.420848e+02	2.996612e-01	6.080398e-02	1.078004e+03	
22  103.91	2.296755e+00	1.283351e-01	7.127247e-01	3.071027e+00	9.814515e-01	6.820261e-02	4.841621e-01	3.090061e-02	4.313200e+00	8.023291e+00	1.001086e+00	9.063635e+00	6.995666e-01	2.456549e-01	2.158164e+00	7.985445e-01	1.043843e+00	7.122008e+01	1.420848e+02	2.996612e-01	6.080398e-02	1.078004e+03	
1  103.959	2.296755e+00	1.283351e-01	7.127247e-01	3.071027e+00	9.814515e-01	6.820261e-02	4.841621e-01	3.090061e-02	4.313200e+00	8.023291e+00	1.001378e+00	9.063635e+00	6.995666e-01	2.456549e-01	2.158164e+00	7.985445e-01	1.043843e+00	7.122008e+01	1.420848e+02	2.996612e-01	6.080398e-02	1.078004e+03	
7  106.734	2.317422e+00	1.329223e-01	7.313006e-01	3.049722e+00	9.735437e-01	6.894754e-02	7.757505e-01	1.201791e-02	4.286486e+00	5.914256e+00	9.975460e-01	9.130795e+00	7.054784e-01	2.457252e-01	2.109126e+00	8.214259e-01	1.043479e+00	7.293736e+01	1.395902e+02	2.938939e-01	9.347863e-02	1.453010e+03	
8  105.346	2.342509e+00	1.323916e-01	7.276455e-01	3.051886e+00	9.772724e-01	6.637434e-02	6.890081e-01	2.345358e-02	4.422568e+00	5.749621e+00	9.973587e-01	8.864464e+00	7.022786e-01	2.458418e-01	2.115146e+00	8.044226e-01	1.044093e+00	7.272193e+01	1.397666e+02	2.965664e-01	8.401090e-02	2.046885e+03	
22  105.06	2.342509e+00	1.323916e-01	7.276455e-01	3.051886e+00	9.772724e-01	6.637434e-02	6.890081e-01	2.345358e-02	4.422568e+00	5.749621e+00	9.985753e-01	8.864464e+00	7.022786e-01	2.458418e-01	2.115146e+00	8.044226e-01	1.044093e+00	7.272193e+01	1.397666e+02	2.965664e-01	8.401090e-02	2.046885e+03	
11  105.133	2.342509e+00	1.323916e-01	7.276455e-01	3.051886e+00	9.772724e-01	6.637434e-02	6.890081e-01	2.345358e-02	4.422568e+00	5.749621e+00	9.979715e-01	8.864464e+00	7.022786e-01	2.458418e-01	2.115146e+00	8.044226e-01	1.044093e+00	7.272193e+01	1.397666e+02	2.965664e-01	8.401090e-02	2.046885e+03	
6  105.084	2.342509e+00	1.323916e-01	7.276455e-01	3.051886e+00	9.772724e-01	6.637434e-02	6.890081e-01	2.345358e-02	4.422568e+00	5.749621e+00	9.982365e-01	8.864464e+00	7.022786e-01	2.458418e-01	2.115146e+00	8.044226e-01	1.044093e+00	7.272193e+01	1.397666e+02	2.965664e-01	8.401090e-02	2.046885e+03	
60  104.298	2.329736e+00	1.286309e-01	7.214335e-01	3.079490e+00	9.834965e-01	7.454980e-02	5.390538e-01	2.113723e-02	4.236763e+00	6.067670e+00	1.002987e+00	9.582699e+00	7.049945e-01	2.457912e-01	2.177310e+00	8.123147e-01	1.043828e+00	7.206656e+01	1.414358e+02	2.941794e-01	6.715646e-02	1.254748e+03	
33  104.7	2.329736e+00	1.286309e-01	7.214335e-01	3.079490e+00	9.834965e-01	7.454980e-02	5.390538e-01	2.113723e-02	4.236763e+00	6.067670e+00	1.000320e+00	9.582699e+00	7.049945e-01	2.457912e-01	2.177310e+00	8.123147e-01	1.043828e+00	7.206656e+01	1.414358e+02	2.941794e-01	6.715646e-02	1.254748e+03	
11  104.482	2.329736e+00	1.286309e-01	7.214335e-01	3.079490e+00	9.834965e-01	7.454980e-02	5.390538e-01	2.113723e-02	4.236763e+00	6.067670e+00	1.003426e+00	9.582699e+00	7.049945e-01	2.457912e-01	2.177310e+00	8.123147e-01	1.043828e+00	7.206656e+01	1.414358e+02	2.941794e-01	6.715646e-02	1.254748e+03	
11  104.536	2.329736e+00	1.286309e-01	7.214335e-01	3.079490e+00	9.834965e-01	7.454980e-02	5.390538e-01	2.113723e-02	4.236763e+00	6.067670e+00	1.003531e+00	9.582699e+00	7.049945e-01	2.457912e-01	2.177310e+00	8.123147e-01	1.043828e+00	7.206656e+01	1.414358e+02	2.941794e-01	6.715646e-02	1.254748e+03	
11  104.149	2.329736e+00	1.286309e-01	7.214335e-01	3.079490e+00	9.834965e-01	7.454980e-02	5.390538e-01	2.113723e-02	4.236763e+00	6.067670e+00	1.002220e+00	9.582699e+00	7.049945e-01	2.457912e-01	2.177310e+00	8.123147e-01	1.043828e+00	7.206656e+01	1.414358e+02	2.941794e-01	6.715646e-02	1.254748e+03	
8  104.229	2.329736e+00	1.286309e-01	7.214335e-01	3.079490e+00	9.834965e-01	7.454980e-02	5.390538e-01	2.113723e-02	4.236763e+00	6.067670e+00	1.001389e+00	9.582699e+00	7.049945e-01	2.457912e-01	2.177310e+00	8.123147e-01	1.043828e+00	7.206656e+01	1.414358e+02	2.941794e-01	6.715646e-02	1.254748e+03	
10  104.529	2.283066e+00	1.278777e-01	7.092282e-01	3.042411e+00	9.888169e-01	5.699196e-02	4.624249e-01	2.890284e-02	4.458751e+00	8.190093e+00	1.000079e+00	7.984598e+00	6.970079e-01	2.455982e-01	2.097451e+00	7.923192e-01	1.043509e+00	7.089984e+01	1.424266e+02	3.014118e-01	5.834170e-02	1.467188e+03	
19  104.397	2.283066e+00	1.278777e-01	7.092282e-01	3.042411e+00	9.888169e-01	5.699196e-02	4.624249e-01	2.890284e-02	4.458751e+00	8.190093e+00	1.001002e+00	7.984598e+00	6.970079e-01	2.455982e-01	2.097451e+00	7.923192e-01	1.043509e+00	7.089984e+01	1.424266e+02	3.014118e-01	5.834170e-02	1.467188e+03	
47  104.58	2.289932e+00	1.306022e-01	7.152687e-01	3.055589e+00	9.944934e-01	6.169427e-02	5.895848e-01	3.539967e-02	4.444210e+00	6.746222e+00	1.003215e+00	8.513147e+00	6.965939e-01	2.456274e-01	2.124638e+00	7.973902e-01	1.043506e+00	7.152208e+01	1.411490e+02	3.023293e-01	7.303825e-02	1.755024e+03	
6  104.735	2.289932e+00	1.306022e-01	7.152687e-01	3.055589e+00	9.944934e-01	6.169427e-02	5.895848e-01	3.539967e-02	4.444210e+00	6.746222e+00	1.002783e+00	8.513147e+00	6.965939e-01	2.456274e-01	2.124638e+00	7.973902e-01	1.043506e+00	7.152208e+01	1.411490e+02	3.023293e-01	7.303825e-02	1.755024e+03	
5  105.783	2.274333e+00	1.276130e-01	7.026374e-01	3.069398e+00	9.889528e-01	6.531626e-02	4.336160e-01	2.571691e-02	4.498467e+00	7.588053e+00	1.005749e+00	8.865161e+00	6.911936e-01	2.455707e-01	2.155732e+00	8.048856e-01	1.042598e+00	7.027509e+01	1.427188e+02	3.069116e-01	5.490531e-02	1.769936e+03	
11  105.625	2.274333e+00	1.276130e-01	7.026374e-01	3.069398e+00	9.889528e-01	6.531626e-02	4.336160e-01	2.571691e-02	4.498467e+00	7.588053e+00	1.006666e+00	8.865161e+00	6.911936e-01	2.455707e-01	2.155732e+00	8.048856e-01	1.042598e+00	7.027509e+01	1.427188e+02	3.069116e-01	5.490531e-02	1.769936e+03	
22  105.977	2.274333e+00	1.276130e-01	7.026374e-01	3.069398e+00	9.889528e-01	6.531626e-02	4.336160e-01	2.571691e-02	4.498467e+00	7.588053e+00	1.008086e+00	8.865161e+00	6.911936e-01	2.455707e-01	2.155732e+00	8.048856e-01	1.042598e+00	7.027509e+01	1.427188e+02	3.069116e-01	5.490531e-02	1.769936e+03	
15  105.638	2.274333e+00	1.276130e-01	7.026374e-01	3.069398e+00	9.889528e-01	6.531626e-02	4.336160e-01	2.571691e-02	4.498467e+00	7.588053e+00	1.006958e+00	8.865161e+00	6.911936e-01	2.455707e-01	2.155732e+00	8.048856e-01	1.042598e+00	7.027509e+01	1.427188e+02	3.069116e-01	5.490531e-02	1.769936e+03	
3  104.646	2.313849e+00	1.249636e-01	7.072969e-01	3.103685e+00	9.862011e-01	8.272042e-02	3.465084e-01	2.488849e-02	4.375979e+00	6.769660e+00	1.003589e+00	1.033874e+01	6.995926e-01	2.457324e-01	2.231274e+00	8.122232e-01	1.043100e+00	7.074283e+01	1.433378e+02	2.987903e-01	4.419663e-02	1.544964e+03	
18  105.344	2.330326e+00	1.277481e-01	7.084874e-01	3.092650e+00	9.814010e-01	7.937830e-02	4.271961e-01	2.273487e-02	4.314261e+00	6.484213e+00	1.001085e+00	1.002792e+01	6.949639e-01	2.458061e-01	2.207387e+00	8.121475e-01	1.042963e+00	7.081596e+01	1.421277e+02	3.038013e-01	5.395174e-02	1.395383e+03	
22  105.312	2.330326e+00	1.277481e-01	7.084874e-01	3.092650e+00	9.814010e-01	7.937830e-02	4.271961e-01	2.273487e-02	4.314261e+00	6.484213e+00	1.001674e+00	1.002792e+01	6.949639e-01	2.458061e-01	2.207387e+00	8.121475e-01	1.042963e+00	7.081596e+01	1.421277e+02	3.038013e-01	5.395174e-02	1.395383e+03	
11  105.347	2.330326e+00	1.277481e-01	7.084874e-01	3.092650e+00	9.814010e-01	7.937830e-02	4.271961e-01	2.273487e-02	4.314261e+00	6.484213e+00	1.001067e+00	1.002792e+01	6.949639e-01	2.458061e-01	2.207387e+00	8.121475e-01	1.042963e+00	7.081596e+01	1.421277e+02	3.038013e-01	5.395174e-02	1.395383e+03	
66  105.388	2.330326e+00	1.277481e-01	7.084874e-01	3.092650e+00	9.814010e-01	7.937830e-02	4.271961e-01	2.273487e-02	4.314261e+00	6.484213e+00	1.000873e+00	1.002792e+01	6.949639e-01	2.458061e-01	2.207387e+00	8.121475e-01	1.042963e+00	7.081596e+01	1.421277e+02	3.038013e-01	5.395174e-02	1.395383e+03	
2  106.191	2.330326e+00	1.277481e-01	7.084874e-01	3.092650e+00	9.814010e-01	7.937830e-02	4.271961e-01	2.273487e-02	4.314261e+00	6.484213e+00	1.003736e+00	1.002792e+01	6.949639e-01	2.458061e-01	2.207387e+00	8.121475e-01	1.042963e+00	7.081596e+01	1.421277e+02	3.038013e-01	5.395174e-02	1.395383e+03	
53  104.834	2.326051e+00	1.269853e-01	7.120676e-01	3.080669e+00	9.869814e-01	7.769253e-02	4.416118e-01	2.155055e-02	4.315796e+00	6.462810e+00	1.001823e+00	9.869877e+00	6.999175e-01	2.457848e-01	2.181185e+00	8.080037e-01	1.042849e+00	7.118598e+01	1.422870e+02	2.989230e-01	5.572613e-02	1.403606e+03	
6  105.017	2.326051e+00	1.269853e-01	7.120676e-01	3.080669e+00	9.869814e-01	7.769253e-02	4.416118e-01	2.155055e-02	4.315796e+00	6.462810e+00	9.972785e-01	9.869877e+00	6.999175e-01	2.457848e-01	2.181185e+00	8.080037e-01	1.042849e+00	7.118598e+01	1.422870e+02	2.989230e-01	5.572613e-02	1.403606e+03	
5  105.038	2.314795e+00	1.281802e-01	7.162095e-01	3.089782e+00	9.835884e-01	8.370531e-02	5.050932e-01	2.229328e-02	4.172858e+00	5.193495e+00	9.958146e-01	1.044768e+01	7.013941e-01	2.457321e-01	2.201314e+00	8.135886e-01	1.043362e+00	7.155086e+01	1.418384e+02	2.976985e-01	6.316360e-02	1.312300e+03	
11  106.799	2.314795e+00	1.281802e-01	7.162095e-01	3.089782e+00	9.835884e-01	8.370531e-02	5.050932e-01	2.229328e-02	4.172858e+00	5.193495e+00	9.943221e-01	1.044768e+01	7.013941e-01	2.457321e-01	2.201314e+00	8.135886e-01	1.043362e+00	7.155086e+01	1.418384e+02	2.976985e-01	6.316360e-02	1.312300e+03	
11  107.855	2.314795e+00	1.281802e-01	7.162095e-01	3.089782e+00	9.835884e-01	8.370531e-02	5.050932e-01	2.229328e-02	4.172858e+00	5.193495e+00	1.002900e+00	1.044768e+01	7.013941e-01	2.457321e-01	2.201314e+00	8.135886e-01	1.043362e+00	7.155086e+01	1.418384e+02	2.976985e-01	6.316360e-02	1.312300e+03	
11  104.351	2.314795e+00	1.281802e-01	7.162095e-01	3.089782e+00	9.835884e-01	8.370531e-02	5.050932e-01	2.229328e-02	4.172858e+00	5.193495e+00	9.967620e-01	1.044768e+01	7.013941e-01	2.457321e-01	2.201314e+00	8.135886e-01	1.043362e+00	7.155086e+01	1.418384e+02	2.976985e-01	6.316360e-02	1.312300e+03	
22  103.948	2.314795e+00	1.281802e-01	7.162095e-01	3.089782e+00	9.835884e-01	8.370531e-02	5.050932e-01	2.229328e-02	4.172858e+00	5.193495e+00	9.983566e-01	1.044768e+01	7.013941e-01	2.457321e-01	2.201314e+00	8.135886e-01	1.043362e+00	7.155086e+01	1.418384e+02	2.976985e-01	6.316360e-02	1.312300e+03	
11  104.681	2.314795e+00	1.281802e-01	7.162095e-01	3.089782e+00	9.835884e-01	8.370531e-02	5.050932e-01	2.229328e-02	4.172858e+00	5.193495e+00	1.000262e+00	1.044768e+01	7.013941e-01	2.457321e-01	2.201314e+00	8.135886e-01	1.043362e+00	7.155086e+01	1.418384e+02	2.976985e-01	6.316360e-02	1.312300e+03	
2  104.361	2.314795e+00	1.281802e-01	7.162095e-01	3.089782e+00	9.835884e-01	8.370531e-02	5.050932e-01	2.229328e-02	4.172858e+00	5.193495e+00	9.997670e-01	1.044768e+01	7.013941e-01	2.457321e-01	2.201314e+00	8.135886e-01	1.043362e+00	7.155086e+01	1.418384e+02	2.976985e-01	6.316360e-02	1.312300e+03	
9  104.772	2.338114e+00	1.288739e-01	7.242110e-01	3.082017e+00	9.924630e-01	7.490139e-02	5.655439e-01	2.738041e-02	4.188760e+00	5.102838e+00	1.004938e+00	9.616955e+00	7.065416e-01	2.458265e-01	2.182634e+00	8.082746e-01	1.043697e+00	7.237397e+01	1.411550e+02	2.927240e-01	7.023429e-02	1.378499e+03	
7  104.558	2.338114e+00	1.288739e-01	7.242110e-01	3.082017e+00	9.924630e-01	7.490139e-02	5.655439e-01	2.738041e-02	4.188760e+00	5.102838e+00	1.003769e+00	9.616955e+00	7.065416e-01	2.458265e-01	2.182634e+00	8.082746e-01	1.043697e+00	7.237397e+01	1.411550e+02	2.927240e-01	7.023429e-02	1.378499e+03	
15  104.824	2.296228e+00	1.311817e-01	7.155808e-01	3.087482e+00	9.945198e-01	7.150960e-02	5.660002e-01	4.115003e-02	4.164495e+00	6.196130e+00	1.004758e+00	9.447071e+00	6.965144e-01	2.456486e-01	2.193999e+00	8.054417e-01	1.044705e+00	7.147408e+01	1.410652e+02	3.032084e-01	7.035120e-02	1.043734e+03	
4  104.778	2.296228e+00	1.311817e-01	7.155808e-01	3.087482e+00	9.945198e-01	7.150960e-02	5.660002e-01	4.115003e-02	4.164495e+00	6.196130e+00	1.004567e+00	9.447071e+00	6.965144e-01	2.456486e-01	2.193999e+00	8.054417e-01	1.044705e+00	7.147408e+01	1.410652e+02	3.032084e-01	7.035120e-02	1.043734e+03	
13  106.347	2.335803e+00	1.263549e-01	7.384837e-01	3.060524e+00	9.933402e-01	6.640202e-02	5.923392e-01	2.308870e-02	4.092719e+00	6.737191e+00	1.004489e+00	8.756777e+00	7.238685e-01	2.458014e-01	2.133502e+00	7.988573e-01	1.044505e+00	7.376833e+01	1.416882e+02	2.758423e-01	7.329608e-02	8.283879e+02	
5  105.192	2.329514e+00	1.283110e-01	7.435590e-01	3.051514e+00	9.825486e-01	6.750906e-02	7.137984e-01	9.300759e-03	4.211265e+00	5.355714e+00	1.003064e+00	8.892591e+00	7.233652e-01	2.457730e-01	2.112971e+00	8.137415e-01	1.044065e+00	7.422864e+01	1.407690e+02	2.758656e-01	8.673937e-02	1.389027e+03	
11  105.198	2.329514e+00	1.283110e-01	7.435590e-01	3.051514e+00	9.825486e-01	6.750906e-02	7.137984e-01	9.300759e-03	4.211265e+00	5.355714e+00	1.003023e+00	8.892591e+00	7.233652e-01	2.457730e-01	2.112971e+00	8.137415e-01	1.044065e+00	7.422864e+01	1.407690e+02	2.758656e-01	8.673937e-02	1.389027e+03	
9  105.265	2.329514e+00	1.283110e-01	7.435590e-01	3.051514e+00	9.825486e-01	6.750906e-02	7.137984e-01	9.300759e-03	4.211265e+00	5.355714e+00	1.004120e+00	8.892591e+00	7.233652e-01	2.457730e-01	2.112971e+00	8.137415e-01	1.044065e+00	7.422864e+01	1.407690e+02	2.758656e-01	8.673937e-02	1.389027e+03	
24  105.857	2.356509e+00	1.264854e-01	7.404302e-01	3.063613e+00	9.812644e-01	6.905250e-02	6.122035e-01	4.873363e-03	4.304063e+00	6.297443e+00	1.007276e+00	8.947831e+00	7.235622e-01	2.458936e-01	2.140337e+00	8.157754e-01	1.043957e+00	7.396240e+01	1.413588e+02	2.754347e-01	7.542904e-02	1.394090e+03	
11  105.93	2.356509e+00	1.264854e-01	7.404302e-01	3.063613e+00	9.812644e-01	6.905250e-02	6.122035e-01	4.873363e-03	4.304063e+00	6.297443e+00	1.005868e+00	8.947831e+00	7.235622e-01	2.458936e-01	2.140337e+00	8.157754e-01	1.043957e+00	7.396240e+01	1.413588e+02	2.754347e-01	7.542904e-02	1.394090e+03	
55  106.138	2.356509e+00	1.264854e-01	7.404302e-01	3.063613e+00	9.812644e-01	6.905250e-02	6.122035e-01	4.873363e-03	4.304063e+00	6.297443e+00	1.008085e+00	8.947831e+00	7.235622e-01	2.458936e-01	2.140337e+00	8.157754e-01	1.043957e+00	7.396240e+01	1.413588e+02	2.754347e-01	7.542904e-02	1.394090e+03	
11  106.375	2.356509e+00	1.264854e-01	7.404302e-01	3.063613e+00	9.812644e-01	6.905250e-02	6.122035e-01	4.873363e-03	4.304063e+00	6.297443e+00	1.008502e+00	8.947831e+00	7.235622e-01	2.458936e-01	2.140337e+00	8.157754e-01	1.043957e+00	7.396240e+01	1.413588e+02	2.754347e-01	7.542904e-02	1.394090e+03	
11  108.327	2.356509e+00	1.264854e-01	7.404302e-01	3.063613e+00	9.812644e-01	6.905250e-02	6.122035e-01	4.873363e-03	4.304063e+00	6.297443e+00	1.010472e+00	8.947831e+00	7.235622e-01	2.458936e-01	2.140337e+00	8.157754e-01	1.043957e+00	7.396240e+01	1.413588e+02	2.754347e-01	7.542904e-02	1.394090e+03	
33  108.077	2.356509e+00	1.264854e-01	7.404302e-01	3.063613e+00	9.812644e-01	6.905250e-02	6.122035e-01	4.873363e-03	4.304063e+00	6.297443e+00	1.010281e+00	8.947831e+00	7.235622e-01	2.458936e-01	2.140337e+00	8.157754e-01	1.043957e+00	7.396240e+01	1.413588e+02	2.754347e-01	7.542904e-02	1.394090e+03	
11  108.968	2.356509e+00	1.264854e-01	7.404302e-01	3.063613e+00	9.812644e-01	6.905250e-02	6.122035e-01	4.873363e-03	4.304063e+00	6.297443e+00	1.010923e+00	8.947831e+00	7.235622e-01	2.458936e-01	2.140337e+00	8.157754e-01	1.043957e+00	7.396240e+01	1.413588e+02	2.754347e-01	7.542904e-02	1.394090e+03	
6  105.815	2.356509e+00	1.264854e-01	7.404302e-01	3.063613e+00	9.812644e-01	6.905250e-02	6.122035e-01	4.873363e-03	4.304063e+00	6.297443e+00	1.007000e+00	8.947831e+00	7.235622e-01	2.458936e-01	2.140337e+00	8.157754e-01	1.043957e+00	7.396240e+01	1.413588e+02	2.754347e-01	7.542904e-02	1.394090e+03	
5  107.66	2.371205e+00	1.285351e-01	7.481109e-01	3.054445e+00	9.772026e-01	6.578988e-02	7.200550e-01	7.586560e-03	4.261773e+00	5.655322e+00	1.005995e+00	8.635969e+00	7.255005e-01	2.459434e-01	2.118137e+00	8.125848e-01	1.044205e+00	7.469875e+01	1.402676e+02	2.736118e-01	8.738035e-02	1.450520e+03	
11  107.84	2.371205e+00	1.285351e-01	7.481109e-01	3.054445e+00	9.772026e-01	6.578988e-02	7.200550e-01	7.586560e-03	4.261773e+00	5.655322e+00	1.006586e+00	8.635969e+00	7.255005e-01	2.459434e-01	2.118137e+00	8.125848e-01	1.044205e+00	7.469875e+01	1.402676e+02	2.736118e-01	8.738035e-02	1.450520e+03	
11  109.179	2.371205e+00	1.285351e-01	7.481109e-01	3.054445e+00	9.772026e-01	6.578988e-02	7.200550e-01	7.586560e-03	4.261773e+00	5.655322e+00	1.008400e+00	8.635969e+00	7.255005e-01	2.459434e-01	2.118137e+00	8.125848e-01	1.044205e+00	7.469875e+01	1.402676e+02	2.736118e-01	8.738035e-02	1.450520e+03	
6  107.76	2.371205e+00	1.285351e-01	7.481109e-01	3.054445e+00	9.772026e-01	6.578988e-02	7.200550e-01	7.586560e-03	4.261773e+00	5.655322e+00	1.004492e+00	8.635969e+00	7.255005e-01	2.459434e-01	2.118137e+00	8.125848e-01	1.044205e+00	7.469875e+01	1.402676e+02	2.736118e-01	8.738035e-02	1.450520e+03	
1  109.308	2.393277e+00	1.362643e-01	7.428052e-01	3.051494e+00	9.764375e-01	6.008881e-02	8.794236e-01	2.645444e-02	4.378387e+00	6.246889e+00	1.002444e+00	8.180717e+00	7.075467e-01	2.460299e-01	2.109297e+00	8.089712e-01	1.044366e+00	7.415771e+01	1.376558e+02	2.922202e-01	1.046478e-01	1.642235e+03	
3  110.024	2.392034e+00	1.361397e-01	7.513907e-01	3.033795e+00	9.763147e-01	6.179668e-02	9.582690e-01	2.550410e-02	4.337201e+00	4.863787e+00	9.959230e-01	8.369336e+00	7.145045e-01	2.460212e-01	2.071451e+00	7.992262e-01	1.044147e+00	7.507838e+01	1.373070e+02	2.852508e-01	1.130304e-01	2.028326e+03	
4  109.804	2.386914e+00	1.361719e-01	7.535780e-01	3.047365e+00	9.794254e-01	6.794034e-02	9.910578e-01	1.686792e-02	4.303243e+00	4.968891e+00	9.987867e-01	8.957223e+00	7.164796e-01	2.460000e-01	2.099620e+00	8.171309e-01	1.043839e+00	7.525065e+01	1.372484e+02	2.836723e-01	1.165294e-01	1.822382e+03	
19  110.305	2.341218e+00	1.387503e-01	7.201503e-01	3.037288e+00	9.730033e-01	5.451851e-02	8.341806e-01	2.843131e-02	4.524743e+00	7.306792e+00	9.983891e-01	7.752934e+00	6.842443e-01	2.458365e-01	2.082157e+00	8.103855e-01	1.043276e+00	7.188136e+01	1.378140e+02	3.152074e-01	9.986410e-02	1.893921e+03	
11  111.33	2.341218e+00	1.387503e-01	7.201503e-01	3.037288e+00	9.730033e-01	5.451851e-02	8.341806e-01	2.843131e-02	4.524743e+00	7.306792e+00	9.967193e-01	7.752934e+00	6.842443e-01	2.458365e-01	2.082157e+00	8.103855e-01	1.043276e+00	7.188136e+01	1.378140e+02	3.152074e-01	9.986410e-02	1.893921e+03	
5  110.205	2.341218e+00	1.387503e-01	7.201503e-01	3.037288e+00	9.730033e-01	5.451851e-02	8.341806e-01	2.843131e-02	4.524743e+00	7.306792e+00	9.988351e-01	7.752934e+00	6.842443e-01	2.458365e-01	2.082157e+00	8.103855e-01	1.043276e+00	7.188136e+01	1.378140e+02	3.152074e-01	9.986410e-02	1.893921e+03	
9  108.117	2.281458e+00	1.362148e-01	7.046445e-01	3.051175e+00	9.803218e-01	6.052869e-02	6.797003e-01	2.846885e-02	4.370988e+00	8.652562e+00	9.982583e-01	8.452845e+00	6.768316e-01	2.455936e-01	2.113688e+00	8.179319e-01	1.043049e+00	7.027482e+01	1.396322e+02	3.228067e-01	8.291988e-02	1.099275e+03	
19  106.714	2.265392e+00	1.321252e-01	6.888404e-01	3.047116e+00	9.840610e-01	5.509541e-02	4.461639e-01	3.851177e-02	4.524732e+00	9.259026e+00	9.983444e-01	7.890615e+00	6.696518e-01	2.455327e-01	2.106931e+00	7.964169e-01	1.042778e+00	6.885983e+01	1.416918e+02	3.288440e-01	5.654588e-02	1.503208e+03	
2  107.928	2.265392e+00	1.321252e-01	6.888404e-01	3.047116e+00	9.840610e-01	5.509541e-02	4.461639e-01	3.851177e-02	4.524732e+00	9.259026e+00	9.960423e-01	7.890615e+00	6.696518e-01	2.455327e-01	2.106931e+00	7.964169e-01	1.042778e+00	6.885983e+01	1.416918e+02	3.288440e-01	5.654588e-02	1.503208e+03	
35  107.754	2.319960e+00	1.280622e-01	7.109313e-01	3.032885e+00	9.934698e-01	5.038177e-02	4.689547e-01	2.913949e-02	4.491743e+00	7.675385e+00	1.000358e+00	7.234838e+00	6.967280e-01	2.457486e-01	2.076830e+00	7.886968e-01	1.042951e+00	7.107411e+01	1.419641e+02	3.011571e-01	5.928449e-02	1.738373e+03	
9  108.896	2.350382e+00	1.322279e-01	7.187515e-01	3.043853e+00	9.868255e-01	5.803544e-02	6.425831e-01	2.232735e-02	4.533235e+00	7.360854e+00	9.995148e-01	8.024983e+00	6.950364e-01	2.458814e-01	2.097696e+00	8.049829e-01	1.042684e+00	7.186596e+01	1.399491e+02	3.037322e-01	7.903342e-02	1.971638e+03	
9  109.704	2.350324e+00	1.315164e-01	7.278375e-01	3.037293e+00	9.842871e-01	5.677917e-02	6.880835e-01	1.901746e-02	4.519563e+00	6.854807e+00	9.997860e-01	7.885171e+00	7.040863e-01	2.458758e-01	2.082878e+00	8.023614e-01	1.043122e+00	7.276858e+01	1.399074e+02	2.945760e-01	8.400603e-02	2.077864e+03	
10  107.28	2.350324e+00	1.315164e-01	7.278375e-01	3.037293e+00	9.842871e-01	5.677917e-02	6.880835e-01	1.901746e-02	4.519563e+00	6.854807e+00	1.003616e+00	7.885171e+00	7.040863e-01	2.458758e-01	2.082878e+00	8.023614e-01	1.043122e+00	7.276858e+01	1.399074e+02	2.945760e-01	8.400603e-02	2.077864e+03	
1  106.934	2.337049e+00	1.269797e-01	7.276314e-01	3.033961e+00	9.855286e-01	5.919261e-02	5.713635e-01	6.389488e-03	4.384155e+00	8.590868e+00	1.002520e+00	8.046289e+00	7.136900e-01	2.458224e-01	2.077928e+00	8.083570e-01	1.042702e+00	7.267786e+01	1.416299e+02	2.854205e-01	7.079524e-02	1.179627e+03	
11  107.889	2.337049e+00	1.269797e-01	7.276314e-01	3.033961e+00	9.855286e-01	5.919261e-02	5.713635e-01	6.389488e-03	4.384155e+00	8.590868e+00	1.003753e+00	8.046289e+00	7.136900e-01	2.458224e-01	2.077928e+00	8.083570e-01	1.042702e+00	7.267786e+01	1.416299e+02	2.854205e-01	7.079524e-02	1.179627e+03	
5  106.544	2.337049e+00	1.269797e-01	7.276314e-01	3.033961e+00	9.855286e-01	5.919261e-02	5.713635e-01	6.389488e-03	4.384155e+00	8.590868e+00	1.000550e+00	8.046289e+00	7.136900e-01	2.458224e-01	2.077928e+00	8.083570e-01	1.042702e+00	7.267786e+01	1.416299e+02	2.854205e-01	7.079524e-02	1.179627e+03	
28  107.262	2.335135e+00	1.261992e-01	7.265766e-01	3.011553e+00	9.772152e-01	5.231973e-02	5.565371e-01	1.344077e-03	4.534946e+00	8.810980e+00	9.979418e-01	7.334003e+00	7.138397e-01	2.458209e-01	2.033220e+00	7.971575e-01	1.042220e+00	7.259576e+01	1.418918e+02	2.842456e-01	6.903291e-02	1.604694e+03	
21  107.241	2.335135e+00	1.261992e-01	7.265766e-01	3.011553e+00	9.772152e-01	5.231973e-02	5.565371e-01	1.344077e-03	4.534946e+00	8.810980e+00	1.000555e+00	7.334003e+00	7.138397e-01	2.458209e-01	2.033220e+00	7.971575e-01	1.042220e+00	7.259576e+01	1.418918e+02	2.842456e-01	6.903291e-02	1.604694e+03	
10  108.833	2.331994e+00	1.303234e-01	7.373431e-01	2.998751e+00	9.770506e-01	5.001551e-02	7.882135e-01	4.496570e-03	4.511713e+00	6.883578e+00	9.997209e-01	7.174193e+00	7.146199e-01	2.457965e-01	2.002268e+00	7.975379e-01	1.041881e+00	7.363725e+01	1.399495e+02	2.840070e-01	9.462656e-02	2.020850e+03	
6  108.001	2.329251e+00	1.326531e-01	7.445159e-01	3.035630e+00	9.873151e-01	6.137843e-02	8.838703e-01	2.079285e-02	4.226667e+00	6.278138e+00	1.003284e+00	8.378348e+00	7.173821e-01	2.457687e-01	2.076051e+00	8.067891e-01	1.043056e+00	7.429652e+01	1.390869e+02	2.826150e-01	1.050894e-01	1.189035e+03	
7  106.915	2.355166e+00	1.298313e-01	7.593104e-01	3.039918e+00	9.955937e-01	6.431014e-02	8.923300e-01	2.159715e-02	4.212547e+00	4.070842e+00	1.005930e+00	8.594810e+00	7.319672e-01	2.458705e-01	2.084020e+00	7.973946e-01	1.043325e+00	7.590427e+01	1.393304e+02	2.677508e-01	1.061822e-01	1.851616e+03	
8  107.759	2.355166e+00	1.298313e-01	7.593104e-01	3.039918e+00	9.955937e-01	6.431014e-02	8.923300e-01	2.159715e-02	4.212547e+00	4.070842e+00	1.007457e+00	8.594810e+00	7.319672e-01	2.458705e-01	2.084020e+00	7.973946e-01	1.043325e+00	7.590427e+01	1.393304e+02	2.677508e-01	1.061822e-01	1.851616e+03	
3  108.205	2.331225e+00	1.274506e-01	7.494108e-01	3.046421e+00	9.972264e-01	6.704406e-02	7.601273e-01	1.264282e-02	4.219160e+00	4.486543e+00	1.008129e+00	8.857898e+00	7.290580e-01	2.457809e-01	2.100692e+00	8.071291e-01	1.043188e+00	7.488338e+01	1.407088e+02	2.703814e-01	9.193108e-02	1.705541e+03	
22  107.464	2.331225e+00	1.274506e-01	7.494108e-01	3.046421e+00	9.972264e-01	6.704406e-02	7.601273e-01	1.264282e-02	4.219160e+00	4.486543e+00	1.006340e+00	8.857898e+00	7.290580e-01	2.457809e-01	2.100692e+00	8.071291e-01	1.043188e+00	7.488338e+01	1.407088e+02	2.703814e-01	9.193108e-02	1.705541e+03	
26  107.479	2.331225e+00	1.274506e-01	7.494108e-01	3.046421e+00	9.972264e-01	6.704406e-02	7.601273e-01	1.264282e-02	4.219160e+00	4.486543e+00	1.005692e+00	8.857898e+00	7.290580e-01	2.457809e-01	2.100692e+00	8.071291e-01	1.043188e+00	7.488338e+01	1.407088e+02	2.703814e-01	9.193108e-02	1.705541e+03	
19  107.179	2.355124e+00	1.314455e-01	7.516358e-01	3.045182e+00	9.905510e-01	6.290099e-02	8.727571e-01	2.324554e-02	4.322926e+00	4.463847e+00	1.006046e+00	8.500714e+00	7.231477e-01	2.458797e-01	2.095541e+00	7.999727e-01	1.043499e+00	7.516045e+01	1.390401e+02	2.762373e-01	1.041143e-01	2.166787e+03	
10  105.138	2.293717e+00	1.259985e-01	7.332634e-01	3.023482e+00	9.876355e-01	5.602622e-02	6.179479e-01	7.655104e-03	4.499022e+00	7.870657e+00	1.003341e+00	7.813415e+00	7.204356e-01	2.456398e-01	2.056179e+00	7.992302e-01	1.043034e+00	7.326644e+01	1.420943e+02	2.782125e-01	7.597141e-02	1.655074e+03	
19  105.375	2.293717e+00	1.259985e-01	7.332634e-01	3.023482e+00	9.876355e-01	5.602622e-02	6.179479e-01	7.655104e-03	4.499022e+00	7.870657e+00	1.002561e+00	7.813415e+00	7.204356e-01	2.456398e-01	2.056179e+00	7.992302e-01	1.043034e+00	7.326644e+01	1.420943e+02	2.782125e-01	7.597141e-02	1.655074e+03	
25  104.006	2.330483e+00	1.308398e-01	7.525900e-01	3.019494e+00	9.815006e-01	6.135874e-02	8.986487e-01	3.867877e-03	4.343561e+00	5.860969e+00	9.989206e-01	8.337274e+00	7.260373e-01	2.457750e-01	2.042239e+00	8.124207e-01	1.043067e+00	7.512155e+01	1.393967e+02	2.735867e-01	1.065085e-01	1.669070e+03	
8  104.762	2.330483e+00	1.308398e-01	7.525900e-01	3.019494e+00	9.815006e-01	6.135874e-02	8.986487e-01	3.867877e-03	4.343561e+00	5.860969e+00	9.968844e-01	8.337274e+00	7.260373e-01	2.457750e-01	2.042239e+00	8.124207e-01	1.043067e+00	7.512155e+01	1.393967e+02	2.735867e-01	1.065085e-01	1.669070e+03	
3  104.826	2.305284e+00	1.292190e-01	7.274908e-01	3.028483e+00	9.887318e-01	6.062493e-02	6.430909e-01	2.549750e-02	4.342575e+00	6.421926e+00	9.934496e-01	8.316206e+00	7.096961e-01	2.456809e-01	2.066698e+00	7.910978e-01	1.043426e+00	7.268157e+01	1.410852e+02	2.895074e-01	7.893541e-02	1.483729e+03	
11  104.564	2.305284e+00	1.292190e-01	7.274908e-01	3.028483e+00	9.887318e-01	6.062493e-02	6.430909e-01	2.549750e-02	4.342575e+00	6.421926e+00	9.966060e-01	8.316206e+00	7.096961e-01	2.456809e-01	2.066698e+00	7.910978e-01	1.043426e+00	7.268157e+01	1.410852e+02	2.895074e-01	7.893541e-02	1.483729e+03	
22  105.167	2.305284e+00	1.292190e-01	7.274908e-01	3.028483e+00	9.887318e-01	6.062493e-02	6.430909e-01	2.549750e-02	4.342575e+00	6.421926e+00	9.975160e-01	8.316206e+00	7.096961e-01	2.456809e-01	2.066698e+00	7.910978e-01	1.043426e+00	7.268157e+01	1.410852e+02	2.895074e-01	7.893541e-02	1.483729e+03	
10  105.313	2.305284e+00	1.292190e-01	7.274908e-01	3.028483e+00	9.887318e-01	6.062493e-02	6.430909e-01	2.549750e-02	4.342575e+00	6.421926e+00	9.976873e-01	8.316206e+00	7.096961e-01	2.456809e-01	2.066698e+00	7.910978e-01	1.043426e+00	7.268157e+01	1.410852e+02	2.895074e-01	7.893541e-02	1.483729e+03	
12  106.679	2.311668e+00	1.286186e-01	7.349214e-01	3.028625e+00	9.914519e-01	6.213270e-02	6.765670e-01	2.070836e-02	4.359963e+00	5.600774e+00	9.987852e-01	8.455574e+00	7.161892e-01	2.457060e-01	2.066290e+00	7.938470e-01	1.043644e+00	7.346001e+01	1.409942e+02	2.828132e-01	8.266442e-02	1.816141e+03	
7  107.18	2.311668e+00	1.286186e-01	7.349214e-01	3.028625e+00	9.914519e-01	6.213270e-02	6.765670e-01	2.070836e-02	4.359963e+00	5.600774e+00	9.996150e-01	8.455574e+00	7.161892e-01	2.457060e-01	2.066290e+00	7.938470e-01	1.043644e+00	7.346001e+01	1.409942e+02	2.828132e-01	8.266442e-02	1.816141e+03	
4  105.363	2.312334e+00	1.321868e-01	7.355607e-01	3.026619e+00	9.865856e-01	6.161821e-02	7.973214e-01	2.392199e-02	4.322979e+00	5.511787e+00	9.984148e-01	8.447901e+00	7.105417e-01	2.457024e-01	2.060209e+00	7.986268e-01	1.043381e+00	7.345530e+01	1.396663e+02	2.889090e-01	9.590077e-02	1.699604e+03	
11  103.711	2.312334e+00	1.321868e-01	7.355607e-01	3.026619e+00	9.865856e-01	6.161821e-02	7.973214e-01	2.392199e-02	4.322979e+00	5.511787e+00	9.948522e-01	8.447901e+00	7.105417e-01	2.457024e-01	2.060209e+00	7.986268e-01	1.043381e+00	7.345530e+01	1.396663e+02	2.889090e-01	9.590077e-02	1.699604e+03	
22  104.566	2.312334e+00	1.321868e-01	7.355607e-01	3.026619e+00	9.865856e-01	6.161821e-02	7.973214e-01	2.392199e-02	4.322979e+00	5.511787e+00	9.931475e-01	8.447901e+00	7.105417e-01	2.457024e-01	2.060209e+00	7.986268e-01	1.043381e+00	7.345530e+01	1.396663e+02	2.889090e-01	9.590077e-02	1.699604e+03	
5  104.241	2.312334e+00	1.321868e-01	7.355607e-01	3.026619e+00	9.865856e-01	6.161821e-02	7.973214e-01	2.392199e-02	4.322979e+00	5.511787e+00	9.935879e-01	8.447901e+00	7.105417e-01	2.457024e-01	2.060209e+00	7.986268e-01	1.043381e+00	7.345530e+01	1.396663e+02	2.889090e-01	9.590077e-02	1.699604e+03	
6  105.894	2.326791e+00	1.333493e-01	7.507546e-01	3.014574e+00	9.801349e-01	5.605409e-02	9.612345e-01	3.002027e-02	4.321268e+00	4.877672e+00	9.955185e-01	7.886832e+00	7.202892e-01	2.457530e-01	2.032321e+00	7.826998e-01	1.043064e+00	7.502344e+01	1.385373e+02	2.793987e-01	1.133232e-01	1.938297e+03	
33  107.058	2.326791e+00	1.333493e-01	7.507546e-01	3.014574e+00	9.801349e-01	5.605409e-02	9.612345e-01	3.002027e-02	4.321268e+00	4.877672e+00	9.941737e-01	7.886832e+00	7.202892e-01	2.457530e-01	2.032321e+00	7.826998e-01	1.043064e+00	7.502344e+01	1.385373e+02	2.793987e-01	1.133232e-01	1.938297e+03	
16  105.488	2.326791e+00	1.333493e-01	7.507546e-01	3.014574e+00	9.801349e-01	5.605409e-02	9.612345e-01	3.002027e-02	4.321268e+00	4.877672e+00	9.979414e-01	7.886832e+00	7.202892e-01	2.457530e-01	2.032321e+00	7.826998e-01	1.043064e+00	7.502344e+01	1.385373e+02	2.793987e-01	1.133232e-01	1.938297e+03	
10  104.937	2.290000e+00	1.299405e-01	7.256147e-01	3.017842e+00	9.838001e-01	5.886167e-02	6.832318e-01	2.126368e-02	4.451306e+00	6.436686e+00	9.944994e-01	8.188527e+00	7.066884e-01	2.456192e-01	2.044340e+00	7.915467e-01	1.042770e+00	7.250047e+01	1.408945e+02	2.921227e-01	8.333774e-02	1.893996e+03	
16  105.297	2.319063e+00	1.347362e-01	7.512989e-01	3.010191e+00	9.842224e-01	5.742522e-02	1.022805e+00	2.327082e-02	4.346223e+00	5.823819e+00	9.965080e-01	8.051654e+00	7.190827e-01	2.457234e-01	2.023015e+00	7.951117e-01	1.042799e+00	7.503518e+01	1.380983e+02	2.811281e-01	1.196614e-01	1.656121e+03	
24  104.891	2.301800e+00	1.303655e-01	7.290110e-01	3.030673e+00	9.907099e-01	6.065177e-02	7.243874e-01	2.109936e-02	4.374442e+00	6.388064e+00	9.997308e-01	8.343204e+00	7.088335e-01	2.456657e-01	2.069420e+00	8.004633e-01	1.042433e+00	7.280209e+01	1.405172e+02	2.905353e-01	8.793914e-02	1.604293e+03	
10  105.174	2.301800e+00	1.303655e-01	7.290110e-01	3.030673e+00	9.907099e-01	6.065177e-02	7.243874e-01	2.109936e-02	4.374442e+00	6.388064e+00	1.000462e+00	8.343204e+00	7.088335e-01	2.456657e-01	2.069420e+00	8.004633e-01	1.042433e+00	7.280209e+01	1.405172e+02	2.905353e-01	8.793914e-02	1.604293e+03	
1  106.312	2.290926e+00	1.290754e-01	7.282583e-01	3.038964e+00	9.917491e-01	6.640397e-02	6.759867e-01	1.237560e-02	4.422904e+00	6.093595e+00	1.000144e+00	8.926423e+00	7.102283e-01	2.456260e-01	2.088314e+00	8.100824e-01	1.042848e+00	7.275765e+01	1.411247e+02	2.887300e-01	8.258225e-02	1.899358e+03	
11  106.435	2.290926e+00	1.290754e-01	7.282583e-01	3.038964e+00	9.917491e-01	6.640397e-02	6.759867e-01	1.237560e-02	4.422904e+00	6.093595e+00	1.000738e+00	8.926423e+00	7.102283e-01	2.456260e-01	2.088314e+00	8.100824e-01	1.042848e+00	7.275765e+01	1.411247e+02	2.887300e-01	8.258225e-02	1.899358e+03	
3  107.666	2.290926e+00	1.290754e-01	7.282583e-01	3.038964e+00	9.917491e-01	6.640397e-02	6.759867e-01	1.237560e-02	4.422904e+00	6.093595e+00	9.971556e-01	8.926423e+00	7.102283e-01	2.456260e-01	2.088314e+00	8.100824e-01	1.042848e+00	7.275765e+01	1.411247e+02	2.887300e-01	8.258225e-02	1.899358e+03	
19  106.566	2.276998e+00	1.322818e-01	7.065388e-01	3.061829e+00	9.938140e-01	6.966971e-02	5.736669e-01	2.777315e-02	4.315318e+00	6.845541e+00	9.956980e-01	9.332950e+00	6.861567e-01	2.455731e-01	2.139635e+00	8.160858e-01	1.043434e+00	7.053662e+01	1.409912e+02	3.133009e-01	7.117826e-02	1.287034e+03	
1  106.798	2.276998e+00	1.322818e-01	7.065388e-01	3.061829e+00	9.938140e-01	6.966971e-02	5.736669e-01	2.777315e-02	4.315318e+00	6.845541e+00	9.984233e-01	9.332950e+00	6.861567e-01	2.455731e-01	2.139635e+00	8.160858e-01	1.043434e+00	7.053662e+01	1.409912e+02	3.133009e-01	7.117826e-02	1.287034e+03	
10  107.307	2.272099e+00	1.316520e-01	7.225139e-01	3.074075e+00	9.882844e-01	7.465122e-02	6.715732e-01	1.874326e-02	4.142066e+00	5.579617e+00	1.002831e+00	9.782299e+00	7.015776e-01	2.455376e-01	2.163944e+00	8.298156e-01	1.044373e+00	7.204970e+01	1.407863e+02	2.978420e-01	8.218238e-02	1.139872e+03	
4  114.472	2.272099e+00	1.316520e-01	7.225139e-01	3.074075e+00	9.882844e-01	7.465122e-02	6.715732e-01	1.874326e-02	4.142066e+00	5.579617e+00	1.007946e+00	9.782299e+00	7.015776e-01	2.455376e-01	2.163944e+00	8.298156e-01	1.044373e+00	7.204970e+01	1.407863e+02	2.978420e-01	8.218238e-02	1.139872e+03	
5  116.407	2.304801e+00	1.346821e-01	7.357919e-01	3.087448e+00	9.742373e-01	7.987207e-02	8.505551e-01	5.094201e-03	4.333375e+00	4.890645e+00	1.012229e+00	1.023434e+01	7.050962e-01	2.456747e-01	2.189237e+00	8.499279e-01	1.044378e+00	7.337920e+01	1.389814e+02	2.944078e-01	1.017641e-01	1.993239e+03	
2  112.443	2.272133e+00	1.307668e-01	7.198732e-01	3.075801e+00	9.768559e-01	7.151369e-02	6.328449e-01	2.530806e-03	4.428285e+00	6.400869e+00	1.013365e+00	9.477184e+00	6.996770e-01	2.455543e-01	2.169056e+00	8.400544e-01	1.044119e+00	7.183907e+01	1.411471e+02	2.989029e-01	7.770596e-02	1.798569e+03	
11  108.63	2.272133e+00	1.307668e-01	7.198732e-01	3.075801e+00	9.768559e-01	7.151369e-02	6.328449e-01	2.530806e-03	4.428285e+00	6.400869e+00	1.010032e+00	9.477184e+00	6.996770e-01	2.455543e-01	2.169056e+00	8.400544e-01	1.044119e+00	7.183907e+01	1.411471e+02	2.989029e-01	7.770596e-02	1.798569e+03	
11  108.222	2.272133e+00	1.307668e-01	7.198732e-01	3.075801e+00	9.768559e-01	7.151369e-02	6.328449e-01	2.530806e-03	4.428285e+00	6.400869e+00	1.008825e+00	9.477184e+00	6.996770e-01	2.455543e-01	2.169056e+00	8.400544e-01	1.044119e+00	7.183907e+01	1.411471e+02	2.989029e-01	7.770596e-02	1.798569e+03	
22  108.279	2.272133e+00	1.307668e-01	7.198732e-01	3.075801e+00	9.768559e-01	7.151369e-02	6.328449e-01	2.530806e-03	4.428285e+00	6.400869e+00	1.009150e+00	9.477184e+00	6.996770e-01	2.455543e-01	2.169056e+00	8.400544e-01	1.044119e+00	7.183907e+01	1.411471e+02	2.989029e-01	7.770596e-02	1.798569e+03	
5  108.624	2.272133e+00	1.307668e-01	7.198732e-01	3.075801e+00	9.768559e-01	7.151369e-02	6.328449e-01	2.530806e-03	4.428285e+00	6.400869e+00	1.006961e+00	9.477184e+00	6.996770e-01	2.455543e-01	2.169056e+00	8.400544e-01	1.044119e+00	7.183907e+01	1.411471e+02	2.989029e-01	7.770596e-02	1.798569e+03	
20  112.778	2.267344e+00	1.326032e-01	7.269342e-01	3.084720e+00	9.833790e-01	6.987054e-02	7.340654e-01	1.341690e-02	4.216011e+00	6.138977e+00	1.011618e+00	9.351220e+00	7.035009e-01	2.455192e-01	2.185685e+00	8.428264e-01	1.044683e+00	7.245754e+01	1.403677e+02	2.959296e-01	8.902033e-02	1.180551e+03	
8  107.518	2.253091e+00	1.279584e-01	7.264750e-01	3.080176e+00	9.863000e-01	7.467568e-02	6.121965e-01	1.210311e-02	4.139240e+00	5.370809e+00	1.007076e+00	9.767225e+00	7.119862e-01	2.454577e-01	2.178296e+00	8.287863e-01	1.044352e+00	7.248564e+01	1.420951e+02	2.870887e-01	7.549728e-02	1.183679e+03	
5  107.431	2.253091e+00	1.279584e-01	7.264750e-01	3.080176e+00	9.863000e-01	7.467568e-02	6.121965e-01	1.210311e-02	4.139240e+00	5.370809e+00	1.007554e+00	9.767225e+00	7.119862e-01	2.454577e-01	2.178296e+00	8.287863e-01	1.044352e+00	7.248564e+01	1.420951e+02	2.870887e-01	7.549728e-02	1.183679e+03	
6  107.321	2.235697e+00	1.307570e-01	7.053556e-01	3.078943e+00	9.685466e-01	7.279144e-02	5.579298e-01	1.036731e-02	4.474188e+00	7.221366e+00	1.004516e+00	9.701548e+00	6.878155e-01	2.454026e-01	2.178108e+00	8.312496e-01	1.043442e+00	7.039124e+01	1.418581e+02	3.105744e-01	6.913237e-02	1.713995e+03	
8  107.528	2.235697e+00	1.307570e-01	7.053556e-01	3.078943e+00	9.685466e-01	7.279144e-02	5.579298e-01	1.036731e-02	4.474188e+00	7.221366e+00	1.006197e+00	9.701548e+00	6.878155e-01	2.454026e-01	2.178108e+00	8.312496e-01	1.043442e+00	7.039124e+01	1.418581e+02	3.105744e-01	6.913237e-02	1.713995e+03	
14  107.475	2.225758e+00	1.287680e-01	7.042327e-01	3.068327e+00	9.647277e-01	7.042637e-02	5.076858e-01	7.084317e-03	4.443480e+00	8.347982e+00	1.004289e+00	9.443141e+00	6.918048e-01	2.453587e-01	2.155338e+00	8.263375e-01	1.043075e+00	7.028024e+01	1.426577e+02	3.065654e-01	6.336876e-02	1.353687e+03	
9  107.412	2.225758e+00	1.287680e-01	7.042327e-01	3.068327e+00	9.647277e-01	7.042637e-02	5.076858e-01	7.084317e-03	4.443480e+00	8.347982e+00	1.004189e+00	9.443141e+00	6.918048e-01	2.453587e-01	2.155338e+00	8.263375e-01	1.043075e+00	7.028024e+01	1.426577e+02	3.065654e-01	6.336876e-02	1.353687e+03	
2  108.122	2.243363e+00	1.287394e-01	7.076558e-01	3.062345e+00	9.667348e-01	6.729753e-02	5.222068e-01	7.473115e-03	4.659592e+00	8.548742e+00	1.005181e+00	9.118594e+00	6.939853e-01	2.454447e-01	2.141376e+00	8.171067e-01	1.043249e+00	7.073341e+01	1.424060e+02	3.037684e-01	6.504367e-02	2.205562e+03	
11  108.162	2.243363e+00	1.287394e-01	7.076558e-01	3.062345e+00	9.667348e-01	6.729753e-02	5.222068e-01	7.473115e-03	4.659592e+00	8.548742e+00	1.005524e+00	9.118594e+00	6.939853e-01	2.454447e-01	2.141376e+00	8.171067e-01	1.043249e+00	7.073341e+01	1.424060e+02	3.037684e-01	6.504367e-02	2.205562e+03	
33  108.631	2.243363e+00	1.287394e-01	7.076558e-01	3.062345e+00	9.667348e-01	6.729753e-02	5.222068e-01	7.473115e-03	4.659592e+00	8.548742e+00	1.006728e+00	9.118594e+00	6.939853e-01	2.454447e-01	2.141376e+00	8.171067e-01	1.043249e+00	7.073341e+01	1.424060e+02	3.037684e-01	6.504367e-02	2.205562e+03	
22  108.276	2.243363e+00	1.287394e-01	7.076558e-01	3.062345e+00	9.667348e-01	6.729753e-02	5.222068e-01	7.473115e-03	4.659592e+00	8.548742e+00	1.004109e+00	9.118594e+00	6.939853e-01	2.454447e-01	2.141376e+00	8.171067e-01	1.043249e+00	7.073341e+01	1.424060e+02	3.037684e-01	6.504367e-02	2.205562e+03	
22  108.824	2.243363e+00	1.287394e-01	7.076558e-01	3.062345e+00	9.667348e-01	6.729753e-02	5.222068e-01	7.473115e-03	4.659592e+00	8.548742e+00	1.007020e+00	9.118594e+00	6.939853e-01	2.454447e-01	2.141376e+00	8.171067e-01	1.043249e+00	7.073341e+01	1.424060e+02	3.037684e-01	6.504367e-02	2.205562e+03	
11  108.601	2.243363e+00	1.287394e-01	7.076558e-01	3.062345e+00	9.667348e-01	6.729753e-02	5.222068e-01	7.473115e-03	4.659592e+00	8.548742e+00	1.006678e+00	9.118594e+00	6.939853e-01	2.454447e-01	2.141376e+00	8.171067e-01	1.043249e+00	7.073341e+01	1.424060e+02	3.037684e-01	6.504367e-02	2.205562e+03	
11  111.37	2.243363e+00	1.287394e-01	7.076558e-01	3.062345e+00	9.667348e-01	6.729753e-02	5.222068e-01	7.473115e-03	4.659592e+00	8.548742e+00	1.009299e+00	9.118594e+00	6.939853e-01	2.454447e-01	2.141376e+00	8.171067e-01	1.043249e+00	7.073341e+01	1.424060e+02	3.037684e-01	6.504367e-02	2.205562e+03	
11  108.58	2.243363e+00	1.287394e-01	7.076558e-01	3.062345e+00	9.667348e-01	6.729753e-02	5.222068e-01	7.473115e-03	4.659592e+00	8.548742e+00	1.006643e+00	9.118594e+00	6.939853e-01	2.454447e-01	2.141376e+00	8.171067e-01	1.043249e+00	7.073341e+01	1.424060e+02	3.037684e-01	6.504367e-02	2.205562e+03	
20  110.269	2.243363e+00	1.287394e-01	7.076558e-01	3.062345e+00	9.667348e-01	6.729753e-02	5.222068e-01	7.473115e-03	4.659592e+00	8.548742e+00	1.001619e+00	9.118594e+00	6.939853e-01	2.454447e-01	2.141376e+00	8.171067e-01	1.043249e+00	7.073341e+01	1.424060e+02	3.037684e-01	6.504367e-02	2.205562e+03	
2  109.312	2.248400e+00	1.268456e-01	7.115410e-01	3.058644e+00	9.712776e-01	6.493253e-02	4.701129e-01	1.234481e-02	4.518104e+00	8.863344e+00	1.001199e+00	8.824075e+00	7.018453e-01	2.454566e-01	2.133677e+00	8.104301e-01	1.043926e+00	7.109361e+01	1.430284e+02	2.963281e-01	5.905119e-02	1.507688e+03	
11  110.236	2.248400e+00	1.268456e-01	7.115410e-01	3.058644e+00	9.712776e-01	6.493253e-02	4.701129e-01	1.234481e-02	4.518104e+00	8.863344e+00	1.000376e+00	8.824075e+00	7.018453e-01	2.454566e-01	2.133677e+00	8.104301e-01	1.043926e+00	7.109361e+01	1.430284e+02	2.963281e-01	5.905119e-02	1.507688e+03	
22  108.735	2.248400e+00	1.268456e-01	7.115410e-01	3.058644e+00	9.712776e-01	6.493253e-02	4.701129e-01	1.234481e-02	4.518104e+00	8.863344e+00	1.001885e+00	8.824075e+00	7.018453e-01	2.454566e-01	2.133677e+00	8.104301e-01	1.043926e+00	7.109361e+01	1.430284e+02	2.963281e-01	5.905119e-02	1.507688e+03	
3  108.067	2.248400e+00	1.268456e-01	7.115410e-01	3.058644e+00	9.712776e-01	6.493253e-02	4.701129e-01	1.234481e-02	4.518104e+00	8.863344e+00	1.004256e+00	8.824075e+00	7.018453e-01	2.454566e-01	2.133677e+00	8.104301e-01	1.043926e+00	7.109361e+01	1.430284e+02	2.963281e-01	5.905119e-02	1.507688e+03	
30  109.999	2.256234e+00	1.287880e-01	7.147051e-01	3.073607e+00	9.713975e-01	7.119652e-02	5.536111e-01	1.465853e-02	4.294562e+00	6.631200e+00	1.005397e+00	9.444428e+00	7.003579e-01	2.454822e-01	2.165386e+00	8.189182e-01	1.043710e+00	7.133827e+01	1.421151e+02	2.983811e-01	6.872182e-02	1.277080e+03	
8  109.675	2.256234e+00	1.287880e-01	7.147051e-01	3.073607e+00	9.713975e-01	7.119652e-02	5.536111e-01	1.465853e-02	4.294562e+00	6.631200e+00	1.003485e+00	9.444428e+00	7.003579e-01	2.454822e-01	2.165386e+00	8.189182e-01	1.043710e+00	7.133827e+01	1.421151e+02	2.983811e-01	6.872182e-02	1.277080e+03	
3  109.965	2.255710e+00	1.322742e-01	7.102440e-01	3.071118e+00	9.612527e-01	7.270135e-02	6.350146e-01	1.188381e-02	4.419687e+00	6.470298e+00	1.000203e+00	9.648295e+00	6.887559e-01	2.454802e-01	2.159377e+00	8.271249e-01	1.043265e+00	7.083936e+01	1.409573e+02	3.098068e-01	7.782587e-02	1.736195e+03	
11  110.118	2.255710e+00	1.322742e-01	7.102440e-01	3.071118e+00	9.612527e-01	7.270135e-02	6.350146e-01	1.188381e-02	4.419687e+00	6.470298e+00	9.997816e-01	9.648295e+00	6.887559e-01	2.454802e-01	2.159377e+00	8.271249e-01	1.043265e+00	7.083936e+01	1.409573e+02	3.098068e-01	7.782587e-02	1.736195e+03	
43  110.255	2.255710e+00	1.322742e-01	7.102440e-01	3.071118e+00	9.612527e-01	7.270135e-02	6.350146e-01	1.188381e-02	4.419687e+00	6.470298e+00	1.002483e+00	9.648295e+00	6.887559e-01	2.454802e-01	2.159377e+00	8.271249e-01	1.043265e+00	7.083936e+01	1.409573e+02	3.098068e-01	7.782587e-02	1.736195e+03	
23  106.782	2.288395e+00	1.308653e-01	7.089543e-01	3.090843e+00	9.701962e-01	7.420446e-02	5.491322e-01	2.212270e-02	4.371449e+00	5.872718e+00	1.007661e+00	9.721870e+00	6.895936e-01	2.456364e-01	2.203633e+00	8.175261e-01	1.043347e+00	7.082623e+01	1.412854e+02	3.089681e-01	6.812058e-02	1.755814e+03	
9  107.189	2.288395e+00	1.308653e-01	7.089543e-01	3.090843e+00	9.701962e-01	7.420446e-02	5.491322e-01	2.212270e-02	4.371449e+00	5.872718e+00	1.004889e+00	9.721870e+00	6.895936e-01	2.456364e-01	2.203633e+00	8.175261e-01	1.043347e+00	7.082623e+01	1.412854e+02	3.089681e-01	6.812058e-02	1.755814e+03	
2  106.046	2.298708e+00	1.252019e-01	7.274638e-01	3.096985e+00	9.744832e-01	8.145657e-02	5.270379e-01	3.904372e-03	4.142392e+00	5.307854e+00	1.008101e+00	1.020161e+01	7.165761e-01	2.456585e-01	2.216029e+00	8.273003e-01	1.043378e+00	7.264352e+01	1.426429e+02	2.821611e-01	6.573345e-02	1.200137e+03	
10  105.736	2.298708e+00	1.252019e-01	7.274638e-01	3.096985e+00	9.744832e-01	8.145657e-02	5.270379e-01	3.904372e-03	4.142392e+00	5.307854e+00	1.009004e+00	1.020161e+01	7.165761e-01	2.456585e-01	2.216029e+00	8.273003e-01	1.043378e+00	7.264352e+01	1.426429e+02	2.821611e-01	6.573345e-02	1.200137e+03	
15  106.614	2.299623e+00	1.295136e-01	7.333309e-01	3.088289e+00	9.774899e-01	7.715361e-02	6.801541e-01	2.338836e-02	4.067338e+00	4.340592e+00	1.006195e+00	9.897831e+00	7.136555e-01	2.456463e-01	2.193574e+00	8.153378e-01	1.044283e+00	7.318874e+01	1.409231e+02	2.855664e-01	8.316623e-02	1.275385e+03	
5  109.329	2.308606e+00	1.313455e-01	7.332776e-01	3.058667e+00	9.844638e-01	6.502056e-02	7.325709e-01	2.387967e-02	4.190028e+00	5.540040e+00	1.004370e+00	8.765329e+00	7.105221e-01	2.456883e-01	2.128467e+00	8.103217e-01	1.044124e+00	7.318524e+01	1.401990e+02	2.889901e-01	8.889446e-02	1.266136e+03	
14  105.533	2.307084e+00	1.326817e-01	7.312689e-01	3.083400e+00	9.897767e-01	6.932845e-02	7.436291e-01	3.579724e-02	4.172411e+00	4.894682e+00	1.008983e+00	9.229652e+00	7.063019e-01	2.456822e-01	2.182118e+00	8.119729e-01	1.044512e+00	7.300478e+01	1.398434e+02	2.933839e-01	9.025638e-02	1.380081e+03	
55  106.132	2.307084e+00	1.326817e-01	7.312689e-01	3.083400e+00	9.897767e-01	6.932845e-02	7.436291e-01	3.579724e-02	4.172411e+00	4.894682e+00	1.011139e+00	9.229652e+00	7.063019e-01	2.456822e-01	2.182118e+00	8.119729e-01	1.044512e+00	7.300478e+01	1.398434e+02	2.933839e-01	9.025638e-02	1.380081e+03	
11  105.522	2.307084e+00	1.326817e-01	7.312689e-01	3.083400e+00	9.897767e-01	6.932845e-02	7.436291e-01	3.579724e-02	4.172411e+00	4.894682e+00	1.009443e+00	9.229652e+00	7.063019e-01	2.456822e-01	2.182118e+00	8.119729e-01	1.044512e+00	7.300478e+01	1.398434e+02	2.933839e-01	9.025638e-02	1.380081e+03	
27  105.722	2.307084e+00	1.326817e-01	7.312689e-01	3.083400e+00	9.897767e-01	6.932845e-02	7.436291e-01	3.579724e-02	4.172411e+00	4.894682e+00	1.008229e+00	9.229652e+00	7.063019e-01	2.456822e-01	2.182118e+00	8.119729e-01	1.044512e+00	7.300478e+01	1.398434e+02	2.933839e-01	9.025638e-02	1.380081e+03	
6  106.223	2.284846e+00	1.283587e-01	7.072960e-01	3.107810e+00	9.963212e-01	7.877254e-02	4.341179e-01	3.124461e-02	4.206952e+00	6.330498e+00	1.007327e+00	1.011943e+01	6.943419e-01	2.456101e-01	2.240586e+00	8.193829e-01	1.044256e+00	7.067747e+01	1.424381e+02	3.048487e-01	5.483104e-02	1.120948e+03	
110  106.17	2.284846e+00	1.283587e-01	7.072960e-01	3.107810e+00	9.963212e-01	7.877254e-02	4.341179e-01	3.124461e-02	4.206952e+00	6.330498e+00	1.007485e+00	1.011943e+01	6.943419e-01	2.456101e-01	2.240586e+00	8.193829e-01	1.044256e+00	7.067747e+01	1.424381e+02	3.048487e-01	5.483104e-02	1.120948e+03	
17  107.134	2.284846e+00	1.283587e-01	7.072960e-01	3.107810e+00	9.963212e-01	7.877254e-02	4.341179e-01	3.124461e-02	4.206952e+00	6.330498e+00	1.010802e+00	1.011943e+01	6.943419e-01	2.456101e-01	2.240586e+00	8.193829e-01	1.044256e+00	7.067747e+01	1.424381e+02	3.048487e-01	5.483104e-02	1.120948e+03	
16  110.736	2.265788e+00	1.308586e-01	6.937894e-01	3.093569e+00	9.867864e-01	6.521154e-02	4.158570e-01	3.637475e-02	4.440108e+00	7.991225e+00	1.012944e+00	8.929331e+00	6.765889e-01	2.455358e-01	2.207452e+00	8.155060e-01	1.044060e+00	6.933623e+01	1.421303e+02	3.219425e-01	5.276973e-02	1.452580e+03	
19  110.101	2.265788e+00	1.308586e-01	6.937894e-01	3.093569e+00	9.867864e-01	6.521154e-02	4.158570e-01	3.637475e-02	4.440108e+00	7.991225e+00	1.011442e+00	8.929331e+00	6.765889e-01	2.455358e-01	2.207452e+00	8.155060e-01	1.044060e+00	6.933623e+01	1.421303e+02	3.219425e-01	5.276973e-02	1.452580e+03	
54  105.538	2.327991e+00	1.313261e-01	7.208072e-01	3.078803e+00	9.859541e-01	6.634823e-02	6.064039e-01	2.826703e-02	4.378106e+00	5.871264e+00	1.009444e+00	8.895033e+00	6.987090e-01	2.457931e-01	2.174676e+00	8.111899e-01	1.044176e+00	7.205794e+01	1.405172e+02	3.001096e-01	7.484931e-02	1.788208e+03	
15  105.966	2.277155e+00	1.294363e-01	7.127362e-01	3.068065e+00	9.860559e-01	6.298059e-02	5.263628e-01	2.458441e-02	4.285186e+00	8.786208e+00	1.007511e+00	8.613575e+00	6.979845e-01	2.455722e-01	2.150896e+00	8.120286e-01	1.044054e+00	7.118767e+01	1.418610e+02	3.013354e-01	6.570801e-02	9.222536e+02	
11  105.361	2.277155e+00	1.294363e-01	7.127362e-01	3.068065e+00	9.860559e-01	6.298059e-02	5.263628e-01	2.458441e-02	4.285186e+00	8.786208e+00	1.005758e+00	8.613575e+00	6.979845e-01	2.455722e-01	2.150896e+00	8.120286e-01	1.044054e+00	7.118767e+01	1.418610e+02	3.013354e-01	6.570801e-02	9.222536e+02	
11  105.397	2.277155e+00	1.294363e-01	7.127362e-01	3.068065e+00	9.860559e-01	6.298059e-02	5.263628e-01	2.458441e-02	4.285186e+00	8.786208e+00	1.005213e+00	8.613575e+00	6.979845e-01	2.455722e-01	2.150896e+00	8.120286e-01	1.044054e+00	7.118767e+01	1.418610e+02	3.013354e-01	6.570801e-02	9.222536e+02	
11  105.951	2.277155e+00	1.294363e-01	7.127362e-01	3.068065e+00	9.860559e-01	6.298059e-02	5.263628e-01	2.458441e-02	4.285186e+00	8.786208e+00	1.003865e+00	8.613575e+00	6.979845e-01	2.455722e-01	2.150896e+00	8.120286e-01	1.044054e+00	7.118767e+01	1.418610e+02	3.013354e-01	6.570801e-02	9.222536e+02	
22  105.553	2.277155e+00	1.294363e-01	7.127362e-01	3.068065e+00	9.860559e-01	6.298059e-02	5.263628e-01	2.458441e-02	4.285186e+00	8.786208e+00	1.004636e+00	8.613575e+00	6.979845e-01	2.455722e-01	2.150896e+00	8.120286e-01	1.044054e+00	7.118767e+01	1.418610e+02	3.013354e-01	6.570801e-02	9.222536e+02	
21  105.36	2.277155e+00	1.294363e-01	7.127362e-01	3.068065e+00	9.860559e-01	6.298059e-02	5.263628e-01	2.458441e-02	4.285186e+00	8.786208e+00	1.005715e+00	8.613575e+00	6.979845e-01	2.455722e-01	2.150896e+00	8.120286e-01	1.044054e+00	7.118767e+01	1.418610e+02	3.013354e-01	6.570801e-02	9.222536e+02	
5  108.62	2.305570e+00	1.236354e-01	7.384128e-01	3.030246e+00	9.954933e-01	5.918261e-02	5.458827e-01	2.927805e-02	4.179332e+00	6.809733e+00	1.000878e+00	8.084047e+00	7.293257e-01	2.456782e-01	2.070689e+00	7.715818e-01	1.044075e+00	7.382082e+01	1.428365e+02	2.701424e-01	6.797130e-02	9.813341e+02	
5  109.107	2.305829e+00	1.265126e-01	7.349761e-01	3.031977e+00	9.959213e-01	6.106033e-02	6.000808e-01	3.470153e-02	4.255012e+00	5.330228e+00	9.984905e-01	8.333516e+00	7.205874e-01	2.456785e-01	2.074701e+00	7.753752e-01	1.044177e+00	7.350231e+01	1.418681e+02	2.785812e-01	7.422331e-02	1.513655e+03	
58  109.201	2.300092e+00	1.248796e-01	7.351214e-01	3.047849e+00	1.005760e+00	6.041736e-02	5.592350e-01	4.311049e-02	4.345075e+00	6.436399e+00	1.006051e+00	8.270401e+00	7.241751e-01	2.456554e-01	2.107149e+00	7.703111e-01	1.044115e+00	7.355605e+01	1.425096e+02	2.750502e-01	6.959338e-02	1.466454e+03	
1  108.992	2.268065e+00	1.256865e-01	7.272235e-01	3.032102e+00	1.000444e+00	6.024809e-02	5.461892e-01	3.807949e-02	4.303815e+00	6.737980e+00	9.987045e-01	8.319889e+00	7.173823e-01	2.455226e-01	2.075122e+00	7.731234e-01	1.044023e+00	7.271399e+01	1.427197e+02	2.819861e-01	6.807511e-02	1.283117e+03	
1  108.858	2.274342e+00	1.216280e-01	7.259129e-01	3.057733e+00	9.986878e-01	7.226434e-02	4.116028e-01	3.103740e-02	4.234121e+00	7.498212e+00	9.997368e-01	9.391830e+00	7.242858e-01	2.455506e-01	2.129573e+00	7.779564e-01	1.043802e+00	7.259454e+01	1.442734e+02	2.750814e-01	5.223062e-02	9.883414e+02	
34  108.588	2.274342e+00	1.216280e-01	7.259129e-01	3.057733e+00	9.986878e-01	7.226434e-02	4.116028e-01	3.103740e-02	4.234121e+00	7.498212e+00	9.992703e-01	9.391830e+00	7.242858e-01	2.455506e-01	2.129573e+00	7.779564e-01	1.043802e+00	7.259454e+01	1.442734e+02	2.750814e-01	5.223062e-02	9.883414e+02	
3  110.663	2.312003e+00	1.196363e-01	7.477910e-01	3.059362e+00	1.000630e+00	8.040460e-02	4.966582e-01	1.999023e-02	4.151608e+00	5.994331e+00	9.980689e-01	9.975081e+00	7.432376e-01	2.457028e-01	2.133681e+00	7.819977e-01	1.043946e+00	7.477840e+01	1.439851e+02	2.565041e-01	6.227691e-02	1.054763e+03	
7  109.879	2.254940e+00	1.212468e-01	7.249274e-01	3.067280e+00	9.962129e-01	7.823160e-02	3.943378e-01	2.624284e-02	4.167001e+00	7.498189e+00	9.981849e-01	9.980310e+00	7.247909e-01	2.454671e-01	2.150756e+00	7.871113e-01	1.044239e+00	7.248705e+01	1.446708e+02	2.746256e-01	5.015138e-02	8.637743e+02	
3  111.847	2.233087e+00	1.250463e-01	7.165144e-01	3.058156e+00	9.909930e-01	6.844645e-02	4.435198e-01	3.470473e-02	4.155097e+00	8.143114e+00	9.991928e-01	9.191891e+00	7.112357e-01	2.453752e-01	2.130194e+00	7.837133e-01	1.044742e+00	7.162160e+01	1.437275e+02	2.881619e-01	5.604938e-02	7.689702e+02	
18  112.147	2.240728e+00	1.263123e-01	7.191507e-01	3.075028e+00	9.879787e-01	8.002766e-02	5.019529e-01	3.309523e-02	4.006553e+00	5.664088e+00	9.992488e-01	1.027836e+01	7.104340e-01	2.454034e-01	2.168137e+00	7.951732e-01	1.044585e+00	7.183189e+01	1.430884e+02	2.889895e-01	6.294020e-02	8.534512e+02	
11  109.771	2.240728e+00	1.263123e-01	7.191507e-01	3.075028e+00	9.879787e-01	8.002766e-02	5.019529e-01	3.309523e-02	4.006553e+00	5.664088e+00	9.973847e-01	1.027836e+01	7.104340e-01	2.454034e-01	2.168137e+00	7.951732e-01	1.044585e+00	7.183189e+01	1.430884e+02	2.889895e-01	6.294020e-02	8.534512e+02	
55  108.617	2.240728e+00	1.263123e-01	7.191507e-01	3.075028e+00	9.879787e-01	8.002766e-02	5.019529e-01	3.309523e-02	4.006553e+00	5.664088e+00	9.941893e-01	1.027836e+01	7.104340e-01	2.454034e-01	2.168137e+00	7.951732e-01	1.044585e+00	7.183189e+01	1.430884e+02	2.889895e-01	6.294020e-02	8.534512e+02	
8  109.876	2.240728e+00	1.263123e-01	7.191507e-01	3.075028e+00	9.879787e-01	8.002766e-02	5.019529e-01	3.309523e-02	4.006553e+00	5.664088e+00	9.974926e-01	1.027836e+01	7.104340e-01	2.454034e-01	2.168137e+00	7.951732e-01	1.044585e+00	7.183189e+01	1.430884e+02	2.889895e-01	6.294020e-02	8.534512e+02	
37  111.942	2.221161e+00	1.219298e-01	7.168283e-01	3.077441e+00	9.849486e-01	7.869812e-02	3.861326e-01	2.908870e-02	4.099590e+00	8.287817e+00	1.001135e+00	1.013056e+01	7.180981e-01	2.453208e-01	2.171893e+00	7.863303e-01	1.043856e+00	7.167493e+01	1.448986e+02	2.812706e-01	4.915814e-02	6.728831e+02	
17  111.967	2.251290e+00	1.237871e-01	7.204283e-01	3.070772e+00	9.996581e-01	7.321938e-02	4.173796e-01	5.075532e-02	4.265169e+00	6.985169e+00	1.000145e+00	9.600362e+00	7.162525e-01	2.454534e-01	2.157686e+00	7.686886e-01	1.044945e+00	7.206115e+01	1.439422e+02	2.831231e-01	5.294337e-02	1.132404e+03	
11  111.955	2.251290e+00	1.237871e-01	7.204283e-01	3.070772e+00	9.996581e-01	7.321938e-02	4.173796e-01	5.075532e-02	4.265169e+00	6.985169e+00	9.970081e-01	9.600362e+00	7.162525e-01	2.454534e-01	2.157686e+00	7.686886e-01	1.044945e+00	7.206115e+01	1.439422e+02	2.831231e-01	5.294337e-02	1.132404e+03	
19  111.89	2.251290e+00	1.237871e-01	7.204283e-01	3.070772e+00	9.996581e-01	7.321938e-02	4.173796e-01	5.075532e-02	4.265169e+00	6.985169e+00	9.971274e-01	9.600362e+00	7.162525e-01	2.454534e-01	2.157686e+00	7.686886e-01	1.044945e+00	7.206115e+01	1.439422e+02	2.831231e-01	5.294337e-02	1.132404e+03	
14  111.728	2.312511e+00	1.250142e-01	7.348736e-01	3.076506e+00	1.001365e+00	7.726763e-02	5.122531e-01	5.415667e-02	4.072127e+00	4.909676e+00	9.962563e-01	9.829206e+00	7.239403e-01	2.457073e-01	2.170630e+00	7.673567e-01	1.045378e+00	7.350933e+01	1.425425e+02	2.757281e-01	6.418811e-02	1.112049e+03	
1  112.957	2.312511e+00	1.250142e-01	7.348736e-01	3.076506e+00	1.001365e+00	7.726763e-02	5.122531e-01	5.415667e-02	4.072127e+00	4.909676e+00	9.945006e-01	9.829206e+00	7.239403e-01	2.457073e-01	2.170630e+00	7.673567e-01	1.045378e+00	7.350933e+01	1.425425e+02	2.757281e-01	6.418811e-02	1.112049e+03	
21  112.78	2.311775e+00	1.229950e-01	7.336245e-01	3.080847e+00	9.998732e-01	8.080711e-02	4.466196e-01	4.952054e-02	4.093969e+00	5.132869e+00	9.939484e-01	1.010913e+01	7.266052e-01	2.457070e-01	2.180595e+00	7.677122e-01	1.045163e+00	7.339786e+01	1.433430e+02	2.728817e-01	5.640012e-02	1.106594e+03	
6  111.449	2.311775e+00	1.229950e-01	7.336245e-01	3.080847e+00	9.998732e-01	8.080711e-02	4.466196e-01	4.952054e-02	4.093969e+00	5.132869e+00	9.955509e-01	1.010913e+01	7.266052e-01	2.457070e-01	2.180595e+00	7.677122e-01	1.045163e+00	7.339786e+01	1.433430e+02	2.728817e-01	5.640012e-02	1.106594e+03	
16  111.808	2.249404e+00	1.229296e-01	7.106083e-01	3.080022e+00	1.001557e+00	7.952312e-02	2.974704e-01	5.472364e-02	4.167311e+00	7.370326e+00	9.919410e-01	1.016227e+01	7.100468e-01	2.454349e-01	2.175551e+00	7.707009e-01	1.045370e+00	7.107216e+01	1.447486e+02	2.892155e-01	3.830297e-02	9.114067e+02	
3  111.838	2.249404e+00	1.229296e-01	7.106083e-01	3.080022e+00	1.001557e+00	7.952312e-02	2.974704e-01	5.472364e-02	4.167311e+00	7.370326e+00	9.951746e-01	1.016227e+01	7.100468e-01	2.454349e-01	2.175551e+00	7.707009e-01	1.045370e+00	7.107216e+01	1.447486e+02	2.892155e-01	3.830297e-02	9.114067e+02	
8  110.989	2.251831e+00	1.265096e-01	7.123524e-01	3.062749e+00	9.911742e-01	6.816058e-02	4.296370e-01	5.448609e-02	4.226936e+00	8.414062e+00	9.974128e-01	9.150732e+00	7.046980e-01	2.454564e-01	2.138899e+00	7.644298e-01	1.044984e+00	7.123869e+01	1.432108e+02	2.948954e-01	5.447008e-02	8.698661e+02	
11  109.359	2.251831e+00	1.265096e-01	7.123524e-01	3.062749e+00	9.911742e-01	6.816058e-02	4.296370e-01	5.448609e-02	4.226936e+00	8.414062e+00	9.946884e-01	9.150732e+00	7.046980e-01	2.454564e-01	2.138899e+00	7.644298e-01	1.044984e+00	7.123869e+01	1.432108e+02	2.948954e-01	5.447008e-02	8.698661e+02	
22  109.598	2.251831e+00	1.265096e-01	7.123524e-01	3.062749e+00	9.911742e-01	6.816058e-02	4.296370e-01	5.448609e-02	4.226936e+00	8.414062e+00	9.932452e-01	9.150732e+00	7.046980e-01	2.454564e-01	2.138899e+00	7.644298e-01	1.044984e+00	7.123869e+01	1.432108e+02	2.948954e-01	5.447008e-02	8.698661e+02	
22  110.249	2.251831e+00	1.265096e-01	7.123524e-01	3.062749e+00	9.911742e-01	6.816058e-02	4.296370e-01	5.448609e-02	4.226936e+00	8.414062e+00	9.966358e-01	9.150732e+00	7.046980e-01	2.454564e-01	2.138899e+00	7.644298e-01	1.044984e+00	7.123869e+01	1.432108e+02	2.948954e-01	5.447008e-02	8.698661e+02	
44  109.454	2.251831e+00	1.265096e-01	7.123524e-01	3.062749e+00	9.911742e-01	6.816058e-02	4.296370e-01	5.448609e-02	4.226936e+00	8.414062e+00	9.936412e-01	9.150732e+00	7.046980e-01	2.454564e-01	2.138899e+00	7.644298e-01	1.044984e+00	7.123869e+01	1.432108e+02	2.948954e-01	5.447008e-02	8.698661e+02	
11  109.464	2.251831e+00	1.265096e-01	7.123524e-01	3.062749e+00	9.911742e-01	6.816058e-02	4.296370e-01	5.448609e-02	4.226936e+00	8.414062e+00	9.936101e-01	9.150732e+00	7.046980e-01	2.454564e-01	2.138899e+00	7.644298e-01	1.044984e+00	7.123869e+01	1.432108e+02	2.948954e-01	5.447008e-02	8.698661e+02	
11  109.564	2.251831e+00	1.265096e-01	7.123524e-01	3.062749e+00	9.911742e-01	6.816058e-02	4.296370e-01	5.448609e-02	4.226936e+00	8.414062e+00	9.955091e-01	9.150732e+00	7.046980e-01	2.454564e-01	2.138899e+00	7.644298e-01	1.044984e+00	7.123869e+01	1.432108e+02	2.948954e-01	5.447008e-02	8.698661e+02	
13  109.398	2.251831e+00	1.265096e-01	7.123524e-01	3.062749e+00	9.911742e-01	6.816058e-02	4.296370e-01	5.448609e-02	4.226936e+00	8.414062e+00	9.949479e-01	9.150732e+00	7.046980e-01	2.454564e-01	2.138899e+00	7.644298e-01	1.044984e+00	7.123869e+01	1.432108e+02	2.948954e-01	5.447008e-02	8.698661e+02	
6  106.31	2.232734e+00	1.289771e-01	7.052003e-01	3.045787e+00	9.887310e-01	6.420399e-02	4.841074e-01	3.866685e-02	4.322865e+00	8.694238e+00	9.932096e-01	8.844212e+00	6.934724e-01	2.453802e-01	2.104349e+00	7.871463e-01	1.044073e+00	7.046828e+01	1.425963e+02	3.058679e-01	6.084916e-02	1.014537e+03	
5  105.8	2.245958e+00	1.309394e-01	7.041665e-01	3.059030e+00	9.860618e-01	7.142731e-02	5.227891e-01	3.948691e-02	4.352366e+00	6.910063e+00	9.917700e-01	9.566815e+00	6.874085e-01	2.454392e-01	2.134535e+00	7.965282e-01	1.044033e+00	7.034326e+01	1.418232e+02	3.117443e-01	6.527055e-02	1.375946e+03	
9  110.174	2.321182e+00	1.370570e-01	7.378611e-01	3.037401e+00	9.889910e-01	5.304621e-02	9.176114e-01	5.720593e-02	4.410867e+00	4.340722e+00	1.002189e+00	7.708249e+00	7.028621e-01	2.457432e-01	2.079787e+00	7.786770e-01	1.044639e+00	7.385123e+01	1.379015e+02	2.963344e-01	1.092259e-01	2.783808e+03	
9  108.184	2.278540e+00	1.338231e-01	7.251311e-01	3.065437e+00	9.936441e-01	6.558859e-02	7.316213e-01	5.251926e-02	4.169610e+00	4.299127e+00	1.001751e+00	8.975446e+00	6.994289e-01	2.455628e-01	2.144620e+00	7.923961e-01	1.045012e+00	7.244600e+01	1.398734e+02	3.001415e-01	8.908515e-02	1.571908e+03	
22  108.39	2.278540e+00	1.338231e-01	7.251311e-01	3.065437e+00	9.936441e-01	6.558859e-02	7.316213e-01	5.251926e-02	4.169610e+00	4.299127e+00	1.003197e+00	8.975446e+00	6.994289e-01	2.455628e-01	2.144620e+00	7.923961e-01	1.045012e+00	7.244600e+01	1.398734e+02	3.001415e-01	8.908515e-02	1.571908e+03	
30  108.19	2.278540e+00	1.338231e-01	7.251311e-01	3.065437e+00	9.936441e-01	6.558859e-02	7.316213e-01	5.251926e-02	4.169610e+00	4.299127e+00	1.001710e+00	8.975446e+00	6.994289e-01	2.455628e-01	2.144620e+00	7.923961e-01	1.045012e+00	7.244600e+01	1.398734e+02	3.001415e-01	8.908515e-02	1.571908e+03	
19  110.376	2.272799e+00	1.303852e-01	7.274578e-01	3.062089e+00	9.938327e-01	6.399213e-02	6.765658e-01	4.178293e-02	4.265454e+00	4.574006e+00	1.005624e+00	8.785282e+00	7.074618e-01	2.455447e-01	2.137714e+00	7.923115e-01	1.044328e+00	7.272845e+01	1.409570e+02	2.915873e-01	8.284818e-02	1.830400e+03	
