5  103.716	2.223888e+00	1.299036e-01	6.644409e-01	3.046460e+00	9.498958e-01	4.641137e-02	2.199462e-01	7.975233e-01	3.438249e+00	1.001997e+00	7.033458e+00	6.540121e-01	2.453301e-01	2.103556e+00	8.326175e-01	1.041936e+00	6.645853e+01	1.436570e+02	3.459004e-01	2.879434e-02	1.947130e-14	
1  103.832	2.289042e+00	1.268209e-01	6.979635e-01	3.049538e+00	9.578491e-01	5.448803e-02	3.408620e-01	8.547896e-01	2.771434e+00	1.001499e+00	7.722338e+00	6.912525e-01	2.456047e-01	2.110526e+00	8.224842e-01	1.042929e+00	6.978799e+01	1.431637e+02	3.087138e-01	4.386686e-02	-9.738734e-14	
9  102.866	2.244807e+00	1.247910e-01	6.887479e-01	3.053410e+00	9.585814e-01	5.547254e-02	2.402828e-01	7.884757e-01	3.539801e+00	1.002872e+00	7.888943e+00	6.880413e-01	2.454218e-01	2.118816e+00	8.221229e-01	1.042782e+00	6.887376e+01	1.446075e+02	3.118765e-01	3.128356e-02	-8.482789e-14	
3  102.388	2.281480e+00	1.259536e-01	7.019907e-01	3.078758e+00	9.659979e-01	7.229795e-02	3.833389e-01	8.789940e-01	3.713628e+00	1.001904e+00	9.448972e+00	6.966848e-01	2.455763e-01	2.172946e+00	8.326437e-01	1.042017e+00	7.018750e+01	1.432485e+02	3.032026e-01	4.891542e-02	5.271207e-14	
4  102.41	2.263478e+00	1.206213e-01	6.920470e-01	3.046082e+00	9.645141e-01	5.924090e-02	1.712543e-01	9.505452e-01	3.956926e+00	9.991630e-01	8.146995e+00	6.994483e-01	2.454995e-01	2.103513e+00	8.070756e-01	1.041299e+00	6.920330e+01	1.457998e+02	3.004609e-01	2.247361e-02	4.712488e-14	
12  102.915	2.263478e+00	1.206213e-01	6.920470e-01	3.046082e+00	9.645141e-01	5.924090e-02	1.712543e-01	9.505452e-01	3.956926e+00	9.985411e-01	8.146995e+00	6.994483e-01	2.454995e-01	2.103513e+00	8.070756e-01	1.041299e+00	6.920330e+01	1.457998e+02	3.004609e-01	2.247361e-02	4.712488e-14	
1  103.243	2.257032e+00	1.245686e-01	6.968397e-01	3.042252e+00	9.641979e-01	5.755669e-02	3.389797e-01	6.016543e-01	3.665319e+00	9.988957e-01	8.069611e+00	6.955878e-01	2.454741e-01	2.095399e+00	8.140312e-01	1.041263e+00	6.967690e+01	1.440705e+02	3.043349e-01	4.347923e-02	1.571174e-14	
18  104.887	2.243774e+00	1.270953e-01	6.802608e-01	3.057838e+00	9.576575e-01	6.054210e-02	3.008505e-01	8.617891e-01	4.454025e+00	9.994980e-01	8.418773e+00	6.754205e-01	2.454160e-01	2.127947e+00	8.272611e-01	1.040603e+00	6.801417e+01	1.437761e+02	3.244374e-01	3.872867e-02	-3.211666e-16	
9  104.021	2.239131e+00	1.246037e-01	6.978189e-01	3.050574e+00	9.689542e-01	6.461951e-02	3.645015e-01	7.671904e-01	3.555512e+00	9.979108e-01	8.804798e+00	6.967084e-01	2.453991e-01	2.112598e+00	8.189949e-01	1.041215e+00	6.976879e+01	1.441350e+02	3.032286e-01	4.656203e-02	1.131888e-14	
3  102.698	2.239131e+00	1.246037e-01	6.978189e-01	3.050574e+00	9.689542e-01	6.461951e-02	3.645015e-01	7.671904e-01	3.555512e+00	1.000143e+00	8.804798e+00	6.967084e-01	2.453991e-01	2.112598e+00	8.189949e-01	1.041215e+00	6.976879e+01	1.441350e+02	3.032286e-01	4.656203e-02	1.131888e-14	
1  102.404	2.238203e+00	1.296878e-01	7.005734e-01	3.047137e+00	9.611748e-01	6.060943e-02	5.279511e-01	7.788486e-01	3.193884e+00	1.000495e+00	8.509069e+00	6.886604e-01	2.453947e-01	2.105284e+00	8.272265e-01	1.041726e+00	7.004098e+01	1.421485e+02	3.112520e-01	6.615721e-02	-1.632469e-15	
3  103.927	2.238553e+00	1.334584e-01	6.940242e-01	3.017853e+00	9.496944e-01	3.984606e-02	5.742471e-01	7.312016e-01	3.641687e+00	1.002090e+00	6.332389e+00	6.750345e-01	2.453945e-01	2.045202e+00	8.216846e-01	1.041971e+00	6.940087e+01	1.410585e+02	3.249721e-01	7.167751e-02	-3.928435e-14	
12  102.404	2.315450e+00	1.349578e-01	7.401668e-01	3.016282e+00	9.678675e-01	5.308236e-02	9.451838e-01	8.145005e-01	4.165815e+00	9.977942e-01	7.678162e+00	7.101811e-01	2.457161e-01	2.041444e+00	8.195857e-01	1.042540e+00	7.402468e+01	1.383300e+02	2.897220e-01	1.125640e-01	-7.324387e-16	
6  102.023	2.294147e+00	1.288352e-01	7.251568e-01	3.030054e+00	9.756297e-01	6.358278e-02	6.533578e-01	8.126934e-01	4.811187e+00	9.943453e-01	8.669127e+00	7.101064e-01	2.456300e-01	2.069645e+00	8.173363e-01	1.042287e+00	7.251826e+01	1.412007e+02	2.897923e-01	8.062655e-02	7.950836e-14	
5  103.163	2.289312e+00	1.266061e-01	7.268408e-01	3.026508e+00	9.739452e-01	6.634969e-02	5.906988e-01	8.638092e-01	4.142060e+00	9.906736e-01	8.901561e+00	7.156420e-01	2.456104e-01	2.062264e+00	8.103741e-01	1.042708e+00	7.268464e+01	1.420558e+02	2.842136e-01	7.349181e-02	1.575492e-13	
2  103.34	2.289312e+00	1.266061e-01	7.268408e-01	3.026508e+00	9.739452e-01	6.634969e-02	5.906988e-01	8.638092e-01	4.142060e+00	9.922498e-01	8.901561e+00	7.156420e-01	2.456104e-01	2.062264e+00	8.103741e-01	1.042708e+00	7.268464e+01	1.420558e+02	2.842136e-01	7.349181e-02	1.575492e-13	
3  105.425	2.276668e+00	1.277442e-01	6.886566e-01	3.063199e+00	9.601056e-01	7.254151e-02	2.977135e-01	7.954097e-01	3.448815e+00	9.930557e-01	9.531074e+00	6.812919e-01	2.455516e-01	2.139166e+00	8.332432e-01	1.042907e+00	6.886509e+01	1.432764e+02	3.186224e-01	3.862207e-02	4.750444e-15	
3  105.589	2.341897e+00	1.370459e-01	7.329295e-01	3.044261e+00	9.657238e-01	6.691608e-02	9.028852e-01	5.703183e-01	4.063507e+00	9.952075e-01	9.035153e+00	7.001663e-01	2.458227e-01	2.099140e+00	8.372973e-01	1.043075e+00	7.329997e+01	1.378076e+02	2.998916e-01	1.079317e-01	3.887708e-14	
2  105.572	2.359405e+00	1.381100e-01	7.475597e-01	3.030562e+00	9.699026e-01	5.935599e-02	1.034136e+00	5.804432e-01	3.225675e+00	9.981721e-01	8.280153e+00	7.095372e-01	2.458930e-01	2.070711e+00	8.325326e-01	1.043542e+00	7.476281e+01	1.368638e+02	2.905526e-01	1.215599e-01	4.502828e-14	
1  105.526	2.359405e+00	1.381100e-01	7.475597e-01	3.030562e+00	9.699026e-01	5.935599e-02	1.034136e+00	5.804432e-01	3.225675e+00	9.965360e-01	8.280153e+00	7.095372e-01	2.458930e-01	2.070711e+00	8.325326e-01	1.043542e+00	7.476281e+01	1.368638e+02	2.905526e-01	1.215599e-01	4.502828e-14	
3  105.723	2.329543e+00	1.318672e-01	7.318108e-01	2.992009e+00	9.746684e-01	3.736677e-02	7.257066e-01	7.031821e-01	3.134654e+00	9.982509e-01	5.857416e+00	7.090153e-01	2.457696e-01	1.992431e+00	8.090804e-01	1.043826e+00	7.318789e+01	1.398439e+02	2.909775e-01	8.838762e-02	1.431576e-13	
1  105.148	2.316603e+00	1.310333e-01	7.214284e-01	2.982089e+00	9.737280e-01	2.622938e-02	6.384445e-01	4.977959e-01	4.178986e+00	1.002636e+00	4.485350e+00	7.024011e-01	2.457200e-01	1.972486e+00	8.045677e-01	1.043268e+00	7.214660e+01	1.405225e+02	2.975357e-01	7.866342e-02	1.705974e-13	
1  105.707	2.268478e+00	1.325765e-01	6.977463e-01	2.981756e+00	9.686776e-01	1.805275e-02	5.560178e-01	3.951246e-01	4.668513e+00	1.007037e+00	3.443639e+00	6.794406e-01	2.455269e-01	1.971847e+00	8.099114e-01	1.041967e+00	6.976110e+01	1.409980e+02	3.203301e-01	6.927188e-02	1.546368e-13	
5  106.241	2.275867e+00	1.312245e-01	6.968184e-01	3.023022e+00	9.737186e-01	3.645162e-02	4.896112e-01	2.213218e-01	4.308847e+00	1.008871e+00	5.799296e+00	6.811840e-01	2.455554e-01	2.055249e+00	8.263392e-01	1.042370e+00	6.968944e+01	1.415428e+02	3.187792e-01	6.161102e-02	1.259468e-13	
3  106.094	2.252756e+00	1.251469e-01	6.691247e-01	3.076230e+00	9.677566e-01	5.434141e-02	8.194053e-02	2.824283e-01	4.228549e+00	1.011905e+00	7.732989e+00	6.683785e-01	2.454568e-01	2.167687e+00	8.393017e-01	1.042538e+00	6.693885e+01	1.451731e+02	3.315660e-01	1.111896e-02	-6.437828e-14	
2  106.078	2.314750e+00	1.289292e-01	7.082163e-01	3.032300e+00	9.742134e-01	4.009069e-02	4.860125e-01	1.860379e-01	3.811861e+00	1.011083e+00	6.128136e+00	6.952801e-01	2.457146e-01	2.074185e+00	8.220788e-01	1.042473e+00	7.082044e+01	1.417008e+02	3.047649e-01	6.120835e-02	1.607969e-13	
2  106.529	2.329772e+00	1.329038e-01	7.395138e-01	3.021295e+00	9.845520e-01	4.349279e-02	8.784470e-01	5.343403e-02	4.156248e+00	1.010313e+00	6.576529e+00	7.130125e-01	2.457773e-01	2.051611e+00	8.220153e-01	1.042092e+00	7.394741e+01	1.389166e+02	2.868941e-01	1.054921e-01	-4.509245e-14	
1  106.591	2.332011e+00	1.382989e-01	7.489886e-01	3.020007e+00	9.738966e-01	4.005967e-02	1.116895e+00	2.018125e-01	4.093801e+00	1.012504e+00	6.266479e+00	7.106099e-01	2.457861e-01	2.049244e+00	8.279213e-01	1.042322e+00	7.490278e+01	1.367039e+02	2.893272e-01	1.303704e-01	4.810388e-14	
4  104.245	2.356952e+00	1.355202e-01	7.736750e-01	3.022460e+00	9.886001e-01	5.495650e-02	1.210758e+00	1.976568e-01	4.082476e+00	1.006313e+00	7.820261e+00	7.331746e-01	2.458855e-01	2.054282e+00	8.225960e-01	1.042864e+00	7.737271e+01	1.366965e+02	2.667004e-01	1.398200e-01	-9.224717e-14	
4  106.063	2.403757e+00	1.370945e-01	7.931258e-01	3.004465e+00	9.911674e-01	4.655654e-02	1.383543e+00	1.496720e-01	3.820680e+00	1.007870e+00	6.880412e+00	7.427949e-01	2.460689e-01	2.017772e+00	8.146578e-01	1.043011e+00	7.931850e+01	1.352034e+02	2.571455e-01	1.565405e-01	-3.656750e-14	
1  107.523	2.386926e+00	1.354170e-01	7.788930e-01	3.057587e+00	9.887096e-01	6.306074e-02	1.219188e+00	2.186300e-01	3.604785e+00	1.014352e+00	8.572117e+00	7.363929e-01	2.460066e-01	2.127938e+00	8.357195e-01	1.043094e+00	7.790598e+01	1.363770e+02	2.635442e-01	1.407412e-01	-6.277417e-14	
2  109.86	2.427900e+00	1.428332e-01	8.042585e-01	3.045039e+00	9.859356e-01	5.720820e-02	1.626113e+00	9.895559e-02	3.237900e+00	1.015979e+00	8.042408e+00	7.405884e-01	2.461670e-01	2.101621e+00	8.400563e-01	1.043358e+00	8.044156e+01	1.328381e+02	2.595076e-01	1.790179e-01	-1.970832e-14	
2  110.55	2.427900e+00	1.428332e-01	8.042585e-01	3.045039e+00	9.859356e-01	5.720820e-02	1.626113e+00	9.895559e-02	3.237900e+00	1.014371e+00	8.042408e+00	7.405884e-01	2.461670e-01	2.101621e+00	8.400563e-01	1.043358e+00	8.044156e+01	1.328381e+02	2.595076e-01	1.790179e-01	-1.970832e-14	
3  109.569	2.379339e+00	1.374246e-01	7.646991e-01	3.040659e+00	9.880208e-01	5.443041e-02	1.188162e+00	1.406112e-01	3.556650e+00	1.010404e+00	7.750287e+00	7.229331e-01	2.459777e-01	2.092327e+00	8.352613e-01	1.042301e+00	7.647910e+01	1.361453e+02	2.769666e-01	1.374138e-01	2.916749e-14	
5  108.221	2.365968e+00	1.372693e-01	7.546270e-01	3.031395e+00	9.809925e-01	5.082465e-02	1.121398e+00	1.898149e-01	4.949106e+00	1.007552e+00	7.378707e+00	7.159860e-01	2.459247e-01	2.072626e+00	8.302407e-01	1.041824e+00	7.546935e+01	1.365828e+02	2.838807e-01	1.305792e-01	3.242488e-14	
3  107.488	2.365968e+00	1.372693e-01	7.546270e-01	3.031395e+00	9.809925e-01	5.082465e-02	1.121398e+00	1.898149e-01	4.949106e+00	1.008430e+00	7.378707e+00	7.159860e-01	2.459247e-01	2.072626e+00	8.302407e-01	1.041824e+00	7.546935e+01	1.365828e+02	2.838807e-01	1.305792e-01	3.242488e-14	
1  107.039	2.376340e+00	1.435061e-01	7.710475e-01	3.029857e+00	9.768961e-01	5.678894e-02	1.448301e+00	5.212779e-01	4.424296e+00	1.004209e+00	8.081851e+00	7.173043e-01	2.459632e-01	2.069792e+00	8.375968e-01	1.041836e+00	7.712294e+01	1.338977e+02	2.825445e-01	1.622951e-01	1.556396e-13	
1  106.849	2.378269e+00	1.470448e-01	7.743920e-01	3.025637e+00	9.714464e-01	5.406507e-02	1.566992e+00	5.212774e-01	4.203749e+00	1.003586e+00	7.851717e+00	7.139068e-01	2.459691e-01	2.060909e+00	8.412055e-01	1.042325e+00	7.745731e+01	1.327197e+02	2.860677e-01	1.732914e-01	3.106445e-13	
2  107.923	2.320577e+00	1.409104e-01	7.370800e-01	3.017910e+00	9.578632e-01	4.349341e-02	1.134558e+00	7.571249e-01	4.392405e+00	1.004562e+00	6.692434e+00	6.966280e-01	2.457346e-01	2.045325e+00	8.278725e-01	1.041231e+00	7.372502e+01	1.362219e+02	3.033024e-01	1.318632e-01	4.288848e-14	
2  105.632	2.288261e+00	1.353678e-01	7.097546e-01	3.042437e+00	9.572608e-01	4.958804e-02	7.518753e-01	7.931268e-01	3.961902e+00	1.006220e+00	7.336361e+00	6.844434e-01	2.456031e-01	2.095580e+00	8.328869e-01	1.041230e+00	7.097109e+01	1.393356e+02	3.154814e-01	9.148841e-02	3.498406e-14	
7  104.678	2.284903e+00	1.273173e-01	6.862862e-01	3.069937e+00	9.596588e-01	5.459876e-02	2.938018e-01	9.557343e-01	4.078223e+00	1.010253e+00	7.727694e+00	6.796370e-01	2.455907e-01	2.153689e+00	8.333446e-01	1.041705e+00	6.862619e+01	1.432839e+02	3.203581e-01	3.800077e-02	1.649856e-13	
1  102.768	2.257962e+00	1.248784e-01	6.816263e-01	3.027915e+00	9.623271e-01	3.975881e-02	2.149159e-01	9.547812e-01	3.286846e+00	1.006145e+00	6.123573e+00	6.810877e-01	2.454755e-01	2.065276e+00	8.120265e-01	1.041273e+00	6.815633e+01	1.445576e+02	3.189246e-01	2.803358e-02	9.038071e-14	
5  103.331	2.284227e+00	1.251893e-01	6.817628e-01	3.046522e+00	9.550258e-01	4.967679e-02	1.987817e-01	6.533845e-01	2.823152e+00	1.003354e+00	7.185379e+00	6.801643e-01	2.455851e-01	2.104134e+00	8.179510e-01	1.041471e+00	6.816857e+01	1.442809e+02	3.198393e-01	2.616082e-02	1.642327e-14	
4  103.097	2.227602e+00	1.244247e-01	6.588596e-01	3.011836e+00	9.454313e-01	3.108770e-02	1.801750e-02	7.506010e-01	3.653034e+00	1.000741e+00	5.147579e+00	6.607462e-01	2.453462e-01	2.032919e+00	8.056678e-01	1.041592e+00	6.589565e+01	1.459529e+02	3.392346e-01	2.758898e-03	-1.536165e-14	
1  103.657	2.279657e+00	1.245234e-01	6.819432e-01	3.003282e+00	9.531460e-01	3.494181e-02	1.807457e-01	8.872215e-01	3.692344e+00	9.972640e-01	5.534506e+00	6.819578e-01	2.455649e-01	2.015520e+00	7.986851e-01	1.041592e+00	6.819046e+01	1.445838e+02	3.180746e-01	2.400950e-02	-1.056813e-13	
9  105.223	2.324999e+00	1.239453e-01	7.010987e-01	3.049978e+00	9.579016e-01	5.946104e-02	2.946057e-01	8.468890e-01	4.323391e+00	9.992131e-01	8.091194e+00	6.991961e-01	2.457547e-01	2.111814e+00	8.120802e-01	1.041526e+00	7.010803e+01	1.437014e+02	3.007617e-01	3.837056e-02	-1.114309e-13	
6  104.456	2.298369e+00	1.227019e-01	7.082112e-01	3.073837e+00	9.598630e-01	7.540063e-02	3.347244e-01	8.498644e-01	4.763727e+00	9.986907e-01	9.623343e+00	7.080916e-01	2.456479e-01	2.162809e+00	8.181082e-01	1.041674e+00	7.082524e+01	1.441019e+02	2.917695e-01	4.310944e-02	4.433091e-14	
11  104.149	2.294248e+00	1.183621e-01	6.950932e-01	3.085588e+00	9.644455e-01	8.230306e-02	9.826168e-02	9.452532e-01	3.970414e+00	9.965401e-01	1.013631e+01	7.060383e-01	2.456280e-01	2.188185e+00	8.162777e-01	1.041509e+00	6.950606e+01	1.463986e+02	2.938183e-01	1.327504e-02	-5.908017e-14	
4  104.608	2.330713e+00	1.198770e-01	7.173292e-01	3.092005e+00	9.702305e-01	8.564613e-02	2.897201e-01	9.195809e-01	3.210886e+00	9.995567e-01	1.036963e+01	7.203040e-01	2.457794e-01	2.202279e+00	8.192819e-01	1.042010e+00	7.172928e+01	1.446808e+02	2.795789e-01	3.756779e-02	-4.008864e-14	
3  103.344	2.322840e+00	1.200377e-01	7.101163e-01	3.059037e+00	9.698596e-01	7.036855e-02	2.258192e-01	4.678722e-01	2.162381e+00	9.966057e-01	9.050735e+00	7.144035e-01	2.457446e-01	2.130870e+00	8.090405e-01	1.042488e+00	7.099107e+01	1.450378e+02	2.854226e-01	2.957376e-02	-6.500935e-14	
6  106.214	2.322840e+00	1.200377e-01	7.101163e-01	3.059037e+00	9.698596e-01	7.036855e-02	2.258192e-01	4.678722e-01	2.162381e+00	1.001654e+00	9.050735e+00	7.144035e-01	2.457446e-01	2.130870e+00	8.090405e-01	1.042488e+00	7.099107e+01	1.450378e+02	2.854226e-01	2.957376e-02	-6.500935e-14	
1  105.486	2.303848e+00	1.172573e-01	7.063030e-01	3.050937e+00	9.745926e-01	6.624520e-02	1.375469e-01	6.432822e-01	2.932383e+00	1.003267e+00	8.661452e+00	7.173519e-01	2.456652e-01	2.113584e+00	8.003358e-01	1.041981e+00	7.062639e+01	1.463946e+02	2.824797e-01	1.818619e-02	-2.310504e-14	
5  105.036	2.287005e+00	1.211338e-01	6.981869e-01	2.997747e+00	9.673669e-01	3.645807e-02	2.086971e-01	7.314703e-01	2.956736e+00	1.003887e+00	5.663310e+00	7.032137e-01	2.455958e-01	2.004154e+00	7.888849e-01	1.041714e+00	6.981363e+01	1.452267e+02	2.968162e-01	2.730713e-02	3.021802e-14	
2  104.92	2.312419e+00	1.240448e-01	7.154369e-01	3.050676e+00	9.719792e-01	6.398068e-02	4.326646e-01	5.037966e-01	3.676265e+00	1.005827e+00	8.570496e+00	7.111415e-01	2.457042e-01	2.113007e+00	8.135754e-01	1.041463e+00	7.154214e+01	1.431679e+02	2.887303e-01	5.490025e-02	-5.853362e-17	
4  104.214	2.275177e+00	1.222887e-01	6.894202e-01	3.047900e+00	9.683740e-01	6.032600e-02	1.828873e-01	5.961470e-01	2.890867e+00	1.003554e+00	8.250676e+00	6.934119e-01	2.455475e-01	2.106959e+00	8.141044e-01	1.041555e+00	6.893142e+01	1.451869e+02	3.064737e-01	2.402029e-02	-3.111889e-14	
1  105.217	2.274800e+00	1.233836e-01	7.018496e-01	3.047907e+00	9.756850e-01	6.852997e-02	3.252256e-01	6.089772e-01	3.008519e+00	9.996562e-01	9.069356e+00	7.019891e-01	2.455475e-01	2.106989e+00	8.160738e-01	1.041495e+00	7.018029e+01	1.442330e+02	2.979325e-01	4.185331e-02	1.531048e-15	
1  104.607	2.278288e+00	1.243382e-01	7.093295e-01	3.052221e+00	9.736126e-01	7.163405e-02	4.063579e-01	7.023317e-01	3.603322e+00	9.995964e-01	9.371570e+00	7.062542e-01	2.455631e-01	2.116122e+00	8.181670e-01	1.041818e+00	7.092733e+01	1.435735e+02	2.936427e-01	5.174240e-02	6.604264e-14	
1  102.262	2.278288e+00	1.243382e-01	7.093295e-01	3.052221e+00	9.736126e-01	7.163405e-02	4.063579e-01	7.023317e-01	3.603322e+00	9.943752e-01	9.371570e+00	7.062542e-01	2.455631e-01	2.116122e+00	8.181670e-01	1.041818e+00	7.092733e+01	1.435735e+02	2.936427e-01	5.174240e-02	6.604264e-14	
5  102.324	2.278898e+00	1.290816e-01	7.167338e-01	3.026352e+00	9.733794e-01	5.855168e-02	6.131413e-01	5.999275e-01	3.908349e+00	9.951595e-01	8.211407e+00	7.031000e-01	2.455665e-01	2.062106e+00	8.172032e-01	1.041869e+00	7.167286e+01	1.414822e+02	2.968137e-01	7.605595e-02	7.074745e-15	
1  103.386	2.344561e+00	1.332196e-01	7.424054e-01	3.004776e+00	9.732649e-01	4.889718e-02	8.900984e-01	4.569627e-01	3.911651e+00	9.955508e-01	7.150953e+00	7.145788e-01	2.458349e-01	2.018101e+00	8.118369e-01	1.042435e+00	7.425034e+01	1.386593e+02	2.853769e-01	1.065537e-01	3.068331e-14	
3  103.545	2.277667e+00	1.280585e-01	7.077540e-01	2.975564e+00	9.720593e-01	3.248030e-02	5.073397e-01	3.951959e-01	3.082046e+00	9.938947e-01	5.295280e+00	6.976289e-01	2.455611e-01	1.959911e+00	7.959327e-01	1.041779e+00	7.077939e+01	1.422107e+02	3.023793e-01	6.365193e-02	4.144455e-14	
1  103.465	2.277667e+00	1.280585e-01	7.077540e-01	2.975564e+00	9.720593e-01	3.248030e-02	5.073397e-01	3.951959e-01	3.082046e+00	9.940352e-01	5.295280e+00	6.976289e-01	2.455611e-01	1.959911e+00	7.959327e-01	1.041779e+00	7.077939e+01	1.422107e+02	3.023793e-01	6.365193e-02	4.144455e-14	
1  103.767	2.294254e+00	1.302189e-01	7.239117e-01	2.979238e+00	9.754549e-01	3.772797e-02	6.971088e-01	3.876749e-01	3.015017e+00	9.937697e-01	5.940785e+00	7.065665e-01	2.456301e-01	1.967209e+00	7.995935e-01	1.041884e+00	7.240075e+01	1.406824e+02	2.934362e-01	8.548872e-02	4.101093e-14	
7  102.434	2.300103e+00	1.275097e-01	7.206950e-01	3.004082e+00	9.723536e-01	4.879881e-02	5.807741e-01	3.378486e-01	2.912854e+00	9.941212e-01	7.134293e+00	7.089809e-01	2.456535e-01	2.016786e+00	8.030116e-01	1.041910e+00	7.207247e+01	1.417797e+02	2.909663e-01	7.230283e-02	-5.604373e-15	
1  101.651	2.283896e+00	1.269851e-01	7.101125e-01	3.046745e+00	9.750489e-01	6.235140e-02	4.820292e-01	1.907495e-01	2.356055e+00	9.996423e-01	8.530775e+00	7.015541e-01	2.455863e-01	2.104532e+00	8.229890e-01	1.042055e+00	7.099958e+01	1.425262e+02	2.983460e-01	6.073301e-02	-3.410210e-14	
8  101.555	2.283896e+00	1.269851e-01	7.101125e-01	3.046745e+00	9.750489e-01	6.235140e-02	4.820292e-01	1.907495e-01	2.356055e+00	9.998419e-01	8.530775e+00	7.015541e-01	2.455863e-01	2.104532e+00	8.229890e-01	1.042055e+00	7.099958e+01	1.425262e+02	2.983460e-01	6.073301e-02	-3.410210e-14	
5  101.606	2.266073e+00	1.251486e-01	6.954499e-01	3.063125e+00	9.708221e-01	6.165856e-02	3.066442e-01	3.004756e-01	2.366596e+00	1.004945e+00	8.460217e+00	6.929315e-01	2.455114e-01	2.139281e+00	8.281285e-01	1.042297e+00	6.953410e+01	1.439753e+02	3.069736e-01	3.953579e-02	-5.499278e-14	
1  102.466	2.249581e+00	1.259807e-01	6.881417e-01	3.053730e+00	9.695952e-01	5.492961e-02	2.685170e-01	2.083516e-01	2.277410e+00	1.005056e+00	7.834152e+00	6.848997e-01	2.454416e-01	2.119343e+00	8.285958e-01	1.042737e+00	6.881499e+01	1.441246e+02	3.150314e-01	3.480407e-02	-1.288701e-13	
19  102.07	2.227964e+00	1.214817e-01	6.731684e-01	3.048014e+00	9.724573e-01	5.102961e-02	3.892903e-02	3.023220e-01	3.193710e+00	1.005420e+00	7.381692e+00	6.810719e-01	2.453493e-01	2.107066e+00	8.191563e-01	1.042139e+00	6.732294e+01	1.466143e+02	3.188516e-01	5.228996e-03	-1.917143e-13	
4  101.63	2.220924e+00	1.225048e-01	6.698174e-01	3.039632e+00	9.659771e-01	5.678046e-02	4.191792e-02	4.809070e-01	4.438904e+00	9.949839e-01	8.031189e+00	6.758967e-01	2.453192e-01	2.089451e+00	8.172945e-01	1.042275e+00	6.698975e+01	1.464035e+02	3.239364e-01	5.683169e-03	-7.712101e-14	
3  103.651	2.244955e+00	1.239363e-01	6.814600e-01	3.003598e+00	9.648573e-01	4.170482e-02	1.441536e-01	8.719410e-01	4.630094e+00	9.927762e-01	6.388737e+00	6.831946e-01	2.454192e-01	2.015747e+00	8.039318e-01	1.043030e+00	6.816112e+01	1.452876e+02	3.166355e-01	1.889840e-02	1.844610e-14	
7  103.624	2.244955e+00	1.239363e-01	6.814600e-01	3.003598e+00	9.648573e-01	4.170482e-02	1.441536e-01	8.719410e-01	4.630094e+00	9.937153e-01	6.388737e+00	6.831946e-01	2.454192e-01	2.015747e+00	8.039318e-01	1.043030e+00	6.816112e+01	1.452876e+02	3.166355e-01	1.889840e-02	1.844610e-14	
3  101.549	2.228999e+00	1.233781e-01	6.715216e-01	3.006443e+00	9.592668e-01	3.450201e-02	7.716112e-02	7.658453e-01	4.212353e+00	1.000238e+00	5.555131e+00	6.753836e-01	2.453532e-01	2.021679e+00	8.033867e-01	1.042246e+00	6.716187e+01	1.459128e+02	3.245189e-01	1.030703e-02	-1.640697e-14	
2  101.79	2.228999e+00	1.233781e-01	6.715216e-01	3.006443e+00	9.592668e-01	3.450201e-02	7.716112e-02	7.658453e-01	4.212353e+00	9.987195e-01	5.555131e+00	6.753836e-01	2.453532e-01	2.021679e+00	8.033867e-01	1.042246e+00	6.716187e+01	1.459128e+02	3.245189e-01	1.030703e-02	-1.640697e-14	
18  102.356	2.227263e+00	1.231378e-01	6.724943e-01	3.028556e+00	9.514749e-01	4.657796e-02	7.815923e-02	8.124917e-01	4.034089e+00	9.972714e-01	6.965736e+00	6.768786e-01	2.453459e-01	2.067237e+00	8.092322e-01	1.042298e+00	6.725356e+01	1.459998e+02	3.229848e-01	1.063299e-02	-8.411413e-14	
6  102.052	2.227263e+00	1.231378e-01	6.724943e-01	3.028556e+00	9.514749e-01	4.657796e-02	7.815923e-02	8.124917e-01	4.034089e+00	9.986254e-01	6.965736e+00	6.768786e-01	2.453459e-01	2.067237e+00	8.092322e-01	1.042298e+00	6.725356e+01	1.459998e+02	3.229848e-01	1.063299e-02	-8.411413e-14	
11  103.202	2.252744e+00	1.258413e-01	6.841536e-01	3.084796e+00	9.571537e-01	7.726415e-02	2.760515e-01	9.245779e-01	4.099517e+00	9.991932e-01	9.961906e+00	6.815472e-01	2.454539e-01	2.185918e+00	8.351201e-01	1.041085e+00	6.840419e+01	1.440940e+02	3.183126e-01	3.566288e-02	7.050182e-14	
3  105.51	2.319611e+00	1.312234e-01	7.371471e-01	3.086245e+00	9.612838e-01	8.596545e-02	8.200315e-01	6.884491e-01	3.713300e+00	9.995957e-01	1.068429e+01	7.143775e-01	2.457357e-01	2.189124e+00	8.373124e-01	1.041956e+00	7.372161e+01	1.396571e+02	2.855344e-01	9.906244e-02	-1.634704e-15	
1  105.64	2.319611e+00	1.312234e-01	7.371471e-01	3.086245e+00	9.612838e-01	8.596545e-02	8.200315e-01	6.884491e-01	3.713300e+00	9.991423e-01	1.068429e+01	7.143775e-01	2.457357e-01	2.189124e+00	8.373124e-01	1.041956e+00	7.372161e+01	1.396571e+02	2.855344e-01	9.906244e-02	-1.634704e-15	
2  108.747	2.336354e+00	1.359657e-01	7.478833e-01	3.094034e+00	9.596894e-01	9.106069e-02	1.061618e+00	7.628842e-01	4.308356e+00	9.993055e-01	1.117791e+01	7.136201e-01	2.458013e-01	2.206199e+00	8.471069e-01	1.041447e+00	7.480681e+01	1.374304e+02	2.862727e-01	1.243984e-01	-7.318151e-14	
8  108.413	2.347847e+00	1.411548e-01	7.591583e-01	3.080454e+00	9.609293e-01	8.642176e-02	1.299641e+00	7.720756e-01	4.139618e+00	9.982695e-01	1.085697e+01	7.128802e-01	2.458454e-01	2.176277e+00	8.509494e-01	1.041757e+00	7.593266e+01	1.352535e+02	2.870089e-01	1.481725e-01	-8.017239e-14	
1  106.143	2.312906e+00	1.379563e-01	7.439275e-01	3.040975e+00	9.548571e-01	6.232350e-02	1.079112e+00	5.096265e-01	3.822979e+00	9.995150e-01	8.660848e+00	7.075742e-01	2.457056e-01	2.092360e+00	8.304887e-01	1.042313e+00	7.440266e+01	1.371538e+02	2.923455e-01	1.264757e-01	-1.327776e-13	
2  106.879	2.325347e+00	1.426549e-01	7.590954e-01	3.059649e+00	9.595471e-01	7.577260e-02	1.335651e+00	5.460843e-01	4.100837e+00	9.980377e-01	9.990740e+00	7.107263e-01	2.457548e-01	2.131094e+00	8.466372e-01	1.042627e+00	7.591187e+01	1.350129e+02	2.891898e-01	1.518716e-01	-8.694721e-14	
1  103.449	2.281960e+00	1.332015e-01	7.393567e-01	3.033006e+00	9.725185e-01	6.128651e-02	9.296945e-01	3.808869e-01	4.326484e+00	1.000355e+00	8.559172e+00	7.133377e-01	2.455812e-01	2.075859e+00	8.238188e-01	1.042043e+00	7.392812e+01	1.391274e+02	2.865424e-01	1.110109e-01	-2.445639e-14	
1  103.264	2.255368e+00	1.295653e-01	7.055388e-01	3.037571e+00	9.620583e-01	6.012353e-02	5.687453e-01	3.584371e-01	4.293625e+00	9.972612e-01	8.424325e+00	6.930419e-01	2.454682e-01	2.085558e+00	8.210173e-01	1.041239e+00	7.054352e+01	1.418233e+02	3.068555e-01	7.091986e-02	-1.697992e-14	
2  104.111	2.237696e+00	1.302369e-01	7.005095e-01	3.028716e+00	9.610000e-01	5.274289e-02	5.669388e-01	4.697865e-01	4.252225e+00	9.995910e-01	7.713647e+00	6.875865e-01	2.453934e-01	2.067381e+00	8.195592e-01	1.040991e+00	7.003732e+01	1.418642e+02	3.123660e-01	7.067571e-02	-3.980440e-14	
9  104.489	2.271935e+00	1.341211e-01	7.412520e-01	3.054899e+00	9.774506e-01	6.978679e-02	9.690796e-01	5.651244e-01	4.968144e+00	1.003332e+00	9.424471e+00	7.133183e-01	2.455403e-01	2.121664e+00	8.372056e-01	1.042487e+00	7.410658e+01	1.388550e+02	2.865712e-01	1.153055e-01	-9.292183e-14	
3  104.975	2.283545e+00	1.335463e-01	7.384090e-01	3.073794e+00	9.756854e-01	7.227854e-02	9.248028e-01	7.308591e-01	4.187121e+00	1.008631e+00	9.617229e+00	7.118943e-01	2.455875e-01	2.162158e+00	8.432640e-01	1.042217e+00	7.382567e+01	1.390521e+02	2.879632e-01	1.105256e-01	-7.339572e-14	
2  105.281	2.283545e+00	1.335463e-01	7.384090e-01	3.073794e+00	9.756854e-01	7.227854e-02	9.248028e-01	7.308591e-01	4.187121e+00	1.008002e+00	9.617229e+00	7.118943e-01	2.455875e-01	2.162158e+00	8.432640e-01	1.042217e+00	7.382567e+01	1.390521e+02	2.879632e-01	1.105256e-01	-7.339572e-14	
3  104.247	2.195759e+00	1.261855e-01	6.889560e-01	3.041140e+00	9.677588e-01	5.544088e-02	3.563174e-01	9.880794e-01	4.193582e+00	1.002217e+00	8.017177e+00	6.862338e-01	2.452160e-01	2.092621e+00	8.221838e-01	1.041679e+00	6.887654e+01	1.442452e+02	3.138022e-01	4.561115e-02	-1.111962e-13	
3  102.539	2.299753e+00	1.302520e-01	7.348953e-01	3.051054e+00	9.770447e-01	7.243955e-02	7.668412e-01	4.856824e-01	4.497351e+00	9.963455e-01	9.524182e+00	7.150194e-01	2.456544e-01	2.113655e+00	8.278884e-01	1.042611e+00	7.348502e+01	1.403132e+02	2.848705e-01	9.336559e-02	5.628155e-14	
2  102.959	2.315023e+00	1.244383e-01	7.331047e-01	3.070891e+00	9.802325e-01	7.694965e-02	5.742468e-01	6.384267e-01	4.958557e+00	1.002022e+00	9.774390e+00	7.241862e-01	2.457164e-01	2.155967e+00	8.221799e-01	1.042123e+00	7.331139e+01	1.423948e+02	2.756645e-01	7.158469e-02	6.394382e-14	
1  102.576	2.315023e+00	1.244383e-01	7.331047e-01	3.070891e+00	9.802325e-01	7.694965e-02	5.742468e-01	6.384267e-01	4.958557e+00	1.004499e+00	9.774390e+00	7.241862e-01	2.457164e-01	2.155967e+00	8.221799e-01	1.042123e+00	7.331139e+01	1.423948e+02	2.756645e-01	7.158469e-02	6.394382e-14	
9  104.509	2.300080e+00	1.247187e-01	7.307945e-01	3.079334e+00	9.822340e-01	7.814517e-02	5.918670e-01	6.391212e-01	4.760703e+00	1.008135e+00	9.931583e+00	7.222199e-01	2.456547e-01	2.174223e+00	8.268889e-01	1.041575e+00	7.307875e+01	1.424193e+02	2.776233e-01	7.360735e-02	1.738206e-14	
9  104.849	2.300080e+00	1.247187e-01	7.307945e-01	3.079334e+00	9.822340e-01	7.814517e-02	5.918670e-01	6.391212e-01	4.760703e+00	1.005895e+00	9.931583e+00	7.222199e-01	2.456547e-01	2.174223e+00	8.268889e-01	1.041575e+00	7.307875e+01	1.424193e+02	2.776233e-01	7.360735e-02	1.738206e-14	
1  104.836	2.353797e+00	1.359119e-01	7.760877e-01	3.047807e+00	9.848291e-01	7.049963e-02	1.268013e+00	8.477264e-01	4.561623e+00	1.004202e+00	9.342360e+00	7.340950e-01	2.458730e-01	2.106858e+00	8.307803e-01	1.042221e+00	7.762167e+01	1.364132e+02	2.657050e-01	1.454283e-01	-3.003376e-15	
1  105.784	2.353797e+00	1.359119e-01	7.760877e-01	3.047807e+00	9.848291e-01	7.049963e-02	1.268013e+00	8.477264e-01	4.561623e+00	1.002815e+00	9.342360e+00	7.340950e-01	2.458730e-01	2.106858e+00	8.307803e-01	1.042221e+00	7.762167e+01	1.364132e+02	2.657050e-01	1.454283e-01	-3.003376e-15	
3  104.908	2.332294e+00	1.354226e-01	7.464040e-01	3.042806e+00	9.714248e-01	5.633373e-02	1.002843e+00	6.980985e-01	4.856067e+00	1.005725e+00	7.986577e+00	7.138279e-01	2.457869e-01	2.096258e+00	8.309099e-01	1.042438e+00	7.464791e+01	1.378063e+02	2.860810e-01	1.185722e-01	-8.077593e-15	
1  104.999	2.287398e+00	1.321491e-01	7.367030e-01	3.071179e+00	9.721965e-01	7.514043e-02	8.683230e-01	6.773696e-01	3.400967e+00	1.002594e+00	9.837523e+00	7.130650e-01	2.456027e-01	2.156433e+00	8.377705e-01	1.042075e+00	7.365977e+01	1.395689e+02	2.868036e-01	1.043537e-01	8.097244e-15	
1  106.179	2.281119e+00	1.327352e-01	7.369127e-01	3.052233e+00	9.634708e-01	6.534478e-02	8.961494e-01	6.042541e-01	4.276265e+00	1.002241e+00	8.942396e+00	7.121781e-01	2.455776e-01	2.116165e+00	8.280330e-01	1.041992e+00	7.369075e+01	1.393865e+02	2.877302e-01	1.072703e-01	5.142572e-14	
2  109.409	2.286857e+00	1.299203e-01	7.341670e-01	3.091745e+00	9.596313e-01	8.304502e-02	7.919668e-01	6.132993e-01	4.888752e+00	1.003671e+00	1.049050e+01	7.150530e-01	2.456031e-01	2.201376e+00	8.364578e-01	1.041631e+00	7.342905e+01	1.404294e+02	2.848956e-01	9.564199e-02	2.177640e-13	
2  107.216	2.186544e+00	1.230088e-01	6.724682e-01	3.078847e+00	9.516687e-01	6.857210e-02	1.463369e-01	6.031137e-01	4.477826e+00	1.002452e+00	9.273630e+00	6.778241e-01	2.451762e-01	2.173357e+00	8.276893e-01	1.040913e+00	6.723615e+01	1.461708e+02	3.221976e-01	1.862480e-02	2.781212e-13	
3  107.09	2.186544e+00	1.230088e-01	6.724682e-01	3.078847e+00	9.516687e-01	6.857210e-02	1.463369e-01	6.031137e-01	4.477826e+00	1.007494e+00	9.273630e+00	6.778241e-01	2.451762e-01	2.173357e+00	8.276893e-01	1.040913e+00	6.723615e+01	1.461708e+02	3.221976e-01	1.862480e-02	2.781212e-13	
4  107.903	2.203765e+00	1.313475e-01	6.874815e-01	3.037590e+00	9.569259e-01	4.764484e-02	5.247656e-01	8.336070e-01	4.668203e+00	1.009708e+00	7.231658e+00	6.737397e-01	2.452480e-01	2.085845e+00	8.270870e-01	1.040588e+00	6.871798e+01	1.421637e+02	3.262703e-01	6.556733e-02	8.858694e-15	
3  108.069	2.209445e+00	1.305684e-01	6.888868e-01	3.069246e+00	9.504703e-01	5.608530e-02	4.792757e-01	7.746009e-01	4.637284e+00	1.014799e+00	8.123850e+00	6.764537e-01	2.452749e-01	2.152491e+00	8.377771e-01	1.041563e+00	6.887501e+01	1.424758e+02	3.236246e-01	6.008612e-02	1.287587e-13	
2  107.279	2.209445e+00	1.305684e-01	6.888868e-01	3.069246e+00	9.504703e-01	5.608530e-02	4.792757e-01	7.746009e-01	4.637284e+00	1.013058e+00	8.123850e+00	6.764537e-01	2.452749e-01	2.152491e+00	8.377771e-01	1.041563e+00	6.887501e+01	1.424758e+02	3.236246e-01	6.008612e-02	1.287587e-13	
2  105.112	2.213869e+00	1.314339e-01	6.817622e-01	3.089941e+00	9.517471e-01	6.879566e-02	4.221519e-01	6.808165e-01	4.351028e+00	1.008419e+00	9.395599e+00	6.678505e-01	2.452919e-01	2.196758e+00	8.513908e-01	1.042087e+00	6.816661e+01	1.424575e+02	3.320675e-01	5.342673e-02	-7.621501e-14	
5  105.054	2.196301e+00	1.271304e-01	6.730703e-01	3.044690e+00	9.518717e-01	4.531617e-02	2.099548e-01	9.010115e-01	4.960659e+00	1.008148e+00	6.954151e+00	6.690077e-01	2.452167e-01	2.100536e+00	8.264454e-01	1.042845e+00	6.732638e+01	1.446855e+02	3.309793e-01	2.747519e-02	-1.758069e-13	
1  105.127	2.204467e+00	1.240225e-01	6.763977e-01	3.064971e+00	9.583674e-01	5.945791e-02	1.267114e-01	7.986112e-01	4.261346e+00	1.005855e+00	8.374385e+00	6.789047e-01	2.452512e-01	2.143250e+00	8.294566e-01	1.043310e+00	6.765455e+01	1.457846e+02	3.209830e-01	1.672747e-02	-2.943680e-13	
5  105.14	2.204467e+00	1.240225e-01	6.763977e-01	3.064971e+00	9.583674e-01	5.945791e-02	1.267114e-01	7.986112e-01	4.261346e+00	1.005886e+00	8.374385e+00	6.789047e-01	2.452512e-01	2.143250e+00	8.294566e-01	1.043310e+00	6.765455e+01	1.457846e+02	3.209830e-01	1.672747e-02	-2.943680e-13	
6  105.114	2.243264e+00	1.272421e-01	7.108258e-01	3.056112e+00	9.704085e-01	5.675933e-02	4.896569e-01	8.424287e-01	4.125952e+00	1.011055e+00	8.076078e+00	7.023407e-01	2.454180e-01	2.124369e+00	8.286600e-01	1.043365e+00	7.108498e+01	1.428629e+02	2.976506e-01	6.181125e-02	-2.437145e-13	
10  105.541	2.178896e+00	1.221275e-01	6.715590e-01	3.060816e+00	9.620473e-01	5.500578e-02	6.043920e-02	8.181060e-01	3.697731e+00	1.009298e+00	7.942064e+00	6.789178e-01	2.451424e-01	2.134327e+00	8.253030e-01	1.042893e+00	6.717214e+01	1.468812e+02	3.210734e-01	7.947594e-03	-2.975941e-13	
2  105.454	2.214006e+00	1.288530e-01	7.020364e-01	3.065437e+00	9.712563e-01	6.383549e-02	5.017788e-01	9.363415e-01	4.569890e+00	1.008542e+00	8.878579e+00	6.920175e-01	2.452952e-01	2.144096e+00	8.382902e-01	1.042832e+00	7.019120e+01	1.427189e+02	3.079680e-01	6.326246e-02	-2.777607e-13	
2  104.124	2.227370e+00	1.260285e-01	6.986370e-01	3.037326e+00	9.616323e-01	4.819924e-02	3.688418e-01	7.872544e-01	4.825319e+00	1.007825e+00	7.196342e+00	6.945384e-01	2.453510e-01	2.085224e+00	8.178665e-01	1.043064e+00	6.986742e+01	1.438885e+02	3.054513e-01	4.720702e-02	-1.457945e-13	
3  105.506	2.208379e+00	1.237374e-01	6.664495e-01	3.036685e+00	9.525888e-01	3.922948e-02	3.332646e-02	7.555574e-01	3.514629e+00	1.008516e+00	6.174626e+00	6.698266e-01	2.452655e-01	2.084034e+00	8.174968e-01	1.043165e+00	6.667907e+01	1.462667e+02	3.301204e-01	4.611120e-03	-1.794816e-13	
4  105.634	2.288686e+00	1.245763e-01	7.031422e-01	3.047593e+00	9.574569e-01	4.723361e-02	3.114739e-01	9.448754e-01	3.241791e+00	1.011372e+00	6.931724e+00	7.003492e-01	2.456046e-01	2.106935e+00	8.154473e-01	1.043174e+00	7.032405e+01	1.438570e+02	2.997432e-01	4.031243e-02	1.117359e-14	
4  103.366	2.295281e+00	1.300636e-01	7.275487e-01	3.072660e+00	9.677664e-01	7.177015e-02	6.785508e-01	7.666654e-01	3.659362e+00	1.005654e+00	9.458936e+00	7.096356e-01	2.456352e-01	2.159613e+00	8.363561e-01	1.043326e+00	7.275039e+01	1.407890e+02	2.902987e-01	8.353052e-02	-1.132768e-13	
13  104.141	2.336743e+00	1.317967e-01	7.691267e-01	3.031115e+00	9.816124e-01	6.048415e-02	1.042344e+00	7.909694e-01	3.924871e+00	1.005355e+00	8.335334e+00	7.366649e-01	2.458028e-01	2.071731e+00	8.179366e-01	1.043824e+00	7.691805e+01	1.384222e+02	2.632042e-01	1.228176e-01	-9.799232e-14	
1  104.162	2.355602e+00	1.316089e-01	7.799224e-01	3.017896e+00	9.878141e-01	5.896892e-02	1.113435e+00	8.168701e-01	3.946205e+00	1.003051e+00	8.145651e+00	7.438948e-01	2.458773e-01	2.044565e+00	8.112929e-01	1.043826e+00	7.799469e+01	1.379823e+02	2.559582e-01	1.300136e-01	-2.179374e-14	
2  104.069	2.355602e+00	1.316089e-01	7.799224e-01	3.017896e+00	9.878141e-01	5.896892e-02	1.113435e+00	8.168701e-01	3.946205e+00	1.002469e+00	8.145651e+00	7.438948e-01	2.458773e-01	2.044565e+00	8.112929e-01	1.043826e+00	7.799469e+01	1.379823e+02	2.559582e-01	1.300136e-01	-2.179374e-14	
1  103.814	2.301360e+00	1.250871e-01	7.390064e-01	3.047322e+00	9.804375e-01	6.068205e-02	6.132497e-01	7.915502e-01	3.795873e+00	1.008029e+00	8.303773e+00	7.277734e-01	2.456575e-01	2.105701e+00	8.154609e-01	1.043544e+00	7.390571e+01	1.422201e+02	2.721196e-01	7.607830e-02	-7.908777e-14	
3  104.736	2.332041e+00	1.296823e-01	7.475813e-01	3.067804e+00	9.768206e-01	6.737373e-02	7.989888e-01	5.168057e-01	4.411999e+00	1.010315e+00	8.965313e+00	7.251911e-01	2.457863e-01	2.149372e+00	8.316445e-01	1.043682e+00	7.476588e+01	1.399792e+02	2.747593e-01	9.699460e-02	-1.074164e-13	
6  104.68	2.366423e+00	1.215018e-01	7.568640e-01	3.071368e+00	9.863660e-01	8.347650e-02	6.040832e-01	4.451083e-01	4.505209e+00	1.000673e+00	1.013591e+01	7.453679e-01	2.459233e-01	2.157123e+00	8.119154e-01	1.043371e+00	7.568516e+01	1.424383e+02	2.544231e-01	7.504952e-02	1.103985e-14	
12  105.624	2.374480e+00	1.250530e-01	7.658318e-01	3.089965e+00	9.831206e-01	8.894718e-02	7.722347e-01	2.349263e-01	4.990491e+00	1.004308e+00	1.066159e+01	7.452023e-01	2.459587e-01	2.197496e+00	8.260891e-01	1.043785e+00	7.658607e+01	1.407458e+02	2.546776e-01	9.412019e-02	-3.176243e-14	
4  107.234	2.394967e+00	1.232497e-01	7.865345e-01	3.119526e+00	9.961072e-01	1.129083e-01	8.747080e-01	1.185696e-01	4.819048e+00	1.001398e+00	1.250480e+01	7.611042e-01	2.460385e-01	2.263475e+00	8.319944e-01	1.043706e+00	7.865795e+01	1.405308e+02	2.387695e-01	1.053639e-01	-1.151588e-13	
12  106.793	2.370017e+00	1.241920e-01	7.776495e-01	3.095528e+00	9.962997e-01	1.066645e-01	8.506722e-01	6.195100e-02	4.606095e+00	9.953104e-01	1.210268e+01	7.543417e-01	2.459391e-01	2.210162e+00	8.274816e-01	1.043706e+00	7.775989e+01	1.406615e+02	2.455880e-01	1.026421e-01	7.335875e-14	
2  107.092	2.370017e+00	1.241920e-01	7.776495e-01	3.095528e+00	9.962997e-01	1.066645e-01	8.506722e-01	6.195100e-02	4.606095e+00	9.941748e-01	1.210268e+01	7.543417e-01	2.459391e-01	2.210162e+00	8.274816e-01	1.043706e+00	7.775989e+01	1.406615e+02	2.455880e-01	1.026421e-01	7.335875e-14	
2  109.412	2.369660e+00	1.192468e-01	7.697529e-01	3.142606e+00	9.989244e-01	1.310707e-01	6.258224e-01	2.838948e-01	3.282190e+00	9.926956e-01	1.385792e+01	7.578325e-01	2.459342e-01	2.316229e+00	8.365847e-01	1.043743e+00	7.696986e+01	1.429087e+02	2.420984e-01	7.736259e-02	-3.266413e-13	
7  109.806	2.407523e+00	1.212986e-01	7.924902e-01	3.146469e+00	1.010030e+00	1.296959e-01	8.573605e-01	1.518707e-01	2.828032e+00	1.000027e+00	1.374345e+01	7.678953e-01	2.460817e-01	2.326336e+00	8.407732e-01	1.043517e+00	7.925864e+01	1.409880e+02	2.319730e-01	1.034736e-01	-2.642937e-13	
5  109.544	2.399263e+00	1.201184e-01	7.893178e-01	3.129563e+00	1.007696e+00	1.234952e-01	8.049584e-01	6.615734e-02	2.384965e+00	9.977834e-01	1.324365e+01	7.678679e-01	2.460496e-01	2.287025e+00	8.300696e-01	1.043337e+00	7.893466e+01	1.415734e+02	2.319948e-01	9.765341e-02	-3.527031e-13	
7  110.291	2.418338e+00	1.240835e-01	8.074933e-01	3.059359e+00	1.011554e+00	9.572835e-02	1.080718e+00	6.149721e-02	2.175626e+00	9.946130e-01	1.112145e+01	7.713259e-01	2.461248e-01	2.132192e+00	8.076781e-01	1.042969e+00	8.074748e+01	1.392015e+02	2.285530e-01	1.268411e-01	-7.634019e-14	
1  106.368	2.353711e+00	1.238100e-01	7.688786e-01	3.034853e+00	9.980347e-01	7.890382e-02	7.974127e-01	1.680533e-01	2.516612e+00	9.916909e-01	9.838523e+00	7.495778e-01	2.458718e-01	2.079759e+00	8.038511e-01	1.043088e+00	7.688999e+01	1.411387e+02	2.503088e-01	9.657592e-02	1.694362e-13	
2  105.711	2.304802e+00	1.169684e-01	7.161297e-01	2.998397e+00	9.900535e-01	5.308599e-02	2.014240e-01	5.052563e-01	2.582336e+00	9.902586e-01	7.374601e+00	7.255864e-01	2.456674e-01	2.004590e+00	7.817308e-01	1.042283e+00	7.162363e+01	1.461459e+02	2.744184e-01	2.593791e-02	1.271845e-13	
4  105.77	2.276440e+00	1.171912e-01	6.904303e-01	2.986202e+00	9.805332e-01	4.336827e-02	3.624045e-02	4.299442e-01	2.586492e+00	9.888350e-01	6.394896e+00	7.049187e-01	2.455513e-01	1.980166e+00	7.801908e-01	1.041515e+00	6.905807e+01	1.472101e+02	2.951845e-01	4.786938e-03	2.382803e-14	
1  105.887	2.276440e+00	1.171912e-01	6.904303e-01	2.986202e+00	9.805332e-01	4.336827e-02	3.624045e-02	4.299442e-01	2.586492e+00	9.898142e-01	6.394896e+00	7.049187e-01	2.455513e-01	1.980166e+00	7.801908e-01	1.041515e+00	6.905807e+01	1.472101e+02	2.951845e-01	4.786938e-03	2.382803e-14	
2  105.557	2.292190e+00	1.210769e-01	6.925411e-01	3.004454e+00	9.797740e-01	5.040130e-02	1.566764e-01	4.459161e-01	2.463118e+00	9.905144e-01	7.182422e+00	6.983120e-01	2.456172e-01	2.016953e+00	7.964001e-01	1.041655e+00	6.926499e+01	1.454426e+02	3.017603e-01	2.043123e-02	5.831602e-14	
5  105.381	2.252481e+00	1.238477e-01	6.719710e-01	3.016364e+00	9.719543e-01	5.209831e-02	9.769510e-02	6.165550e-01	3.517227e+00	9.901574e-01	7.490983e+00	6.745417e-01	2.454518e-01	2.041165e+00	8.106310e-01	1.041530e+00	6.722353e+01	1.454492e+02	3.254668e-01	1.299714e-02	8.687261e-14	
4  105.28	2.287584e+00	1.302532e-01	6.919138e-01	3.032947e+00	9.704719e-01	5.808673e-02	4.399454e-01	8.855996e-01	3.384565e+00	9.939507e-01	8.146015e+00	6.788778e-01	2.455990e-01	2.075568e+00	8.263099e-01	1.041318e+00	6.920514e+01	1.419082e+02	3.211069e-01	5.568770e-02	9.712330e-14	
2  104.502	2.275045e+00	1.290077e-01	6.886294e-01	3.038059e+00	9.710267e-01	6.086699e-02	3.796435e-01	9.791408e-01	3.457120e+00	9.937346e-01	8.431780e+00	6.786699e-01	2.455465e-01	2.086242e+00	8.269729e-01	1.041478e+00	6.887499e+01	1.426065e+02	3.213009e-01	4.846679e-02	1.060690e-13	
6  104.315	2.258339e+00	1.227448e-01	6.666426e-01	3.038059e+00	9.647000e-01	5.869797e-02	2.971790e-02	8.531094e-01	3.714025e+00	9.925504e-01	8.124428e+00	6.717274e-01	2.454745e-01	2.085841e+00	8.147475e-01	1.040997e+00	6.667132e+01	1.460015e+02	3.281739e-01	4.347198e-03	-7.645046e-14	
2  104.344	2.258339e+00	1.227448e-01	6.666426e-01	3.038059e+00	9.647000e-01	5.869797e-02	2.971790e-02	8.531094e-01	3.714025e+00	9.926373e-01	8.124428e+00	6.717274e-01	2.454745e-01	2.085841e+00	8.147475e-01	1.040997e+00	6.667132e+01	1.460015e+02	3.281739e-01	4.347198e-03	-7.645046e-14	
3  104.897	2.316739e+00	1.273048e-01	6.950688e-01	3.086174e+00	9.649820e-01	7.932224e-02	3.379180e-01	7.655534e-01	4.756188e+00	9.976166e-01	1.002704e+01	6.871851e-01	2.457209e-01	2.189151e+00	8.395968e-01	1.041923e+00	6.950186e+01	1.427654e+02	3.128175e-01	4.363095e-02	3.720666e-14	
1  105.513	2.347033e+00	1.258009e-01	7.231801e-01	3.106004e+00	9.730521e-01	9.898554e-02	4.951356e-01	7.221912e-01	4.969003e+00	9.944854e-01	1.159993e+01	7.131538e-01	2.458464e-01	2.233304e+00	8.404345e-01	1.042443e+00	7.231474e+01	1.420922e+02	2.869346e-01	6.264710e-02	6.568385e-15	
3  105.565	2.384630e+00	1.282441e-01	7.585870e-01	3.111539e+00	9.859224e-01	1.059462e-01	8.257768e-01	4.484579e-01	3.998892e+00	9.972751e-01	1.213947e+01	7.344421e-01	2.459988e-01	2.246516e+00	8.447831e-01	1.042998e+00	7.586362e+01	1.396691e+02	2.656423e-01	1.000290e-01	8.718181e-14	
2  105.628	2.355113e+00	1.253484e-01	7.336205e-01	3.127114e+00	9.801631e-01	1.042071e-01	5.843914e-01	2.483636e-01	3.452961e+00	1.002777e+00	1.202052e+01	7.219970e-01	2.458807e-01	2.281558e+00	8.466416e-01	1.041785e+00	7.336372e+01	1.417242e+02	2.779496e-01	7.293369e-02	-2.334104e-14	
1  104.597	2.392995e+00	1.310913e-01	7.711660e-01	3.084921e+00	9.840599e-01	9.041818e-02	1.024128e+00	3.663124e-01	3.447951e+00	1.001352e+00	1.090237e+01	7.380597e-01	2.460324e-01	2.187040e+00	8.361915e-01	1.042724e+00	7.712632e+01	1.380790e+02	2.618857e-01	1.209397e-01	5.371939e-14	
5  103.752	2.378389e+00	1.300264e-01	7.700353e-01	3.072085e+00	9.824091e-01	8.249337e-02	9.866739e-01	4.828337e-01	2.277160e+00	1.002934e+00	1.023079e+01	7.393838e-01	2.459726e-01	2.158770e+00	8.285076e-01	1.042948e+00	7.700949e+01	1.386180e+02	2.605059e-01	1.169768e-01	3.720741e-14	
7  103.461	2.342798e+00	1.338013e-01	7.485725e-01	3.068440e+00	9.689871e-01	7.260829e-02	9.507145e-01	4.783798e-02	2.330986e+00	1.004850e+00	9.502035e+00	7.182003e-01	2.458304e-01	2.150397e+00	8.370605e-01	1.042839e+00	7.485315e+01	1.382823e+02	2.817336e-01	1.131091e-01	-9.052255e-14	
2  102.938	2.348046e+00	1.299697e-01	7.436268e-01	3.060357e+00	9.727949e-01	7.607411e-02	7.922227e-01	3.358713e-01	2.364839e+00	9.981345e-01	9.726665e+00	7.211888e-01	2.458506e-01	2.133413e+00	8.268140e-01	1.042637e+00	7.435703e+01	1.397734e+02	2.787125e-01	9.612306e-02	-2.211379e-15	
1  103.392	2.350987e+00	1.322225e-01	7.655681e-01	3.038754e+00	9.752886e-01	7.040851e-02	1.036647e+00	4.904187e-01	3.265773e+00	9.978164e-01	9.251144e+00	7.330009e-01	2.458627e-01	2.087707e+00	8.192443e-01	1.043055e+00	7.656132e+01	1.381930e+02	2.668431e-01	1.221670e-01	3.814842e-14	
2  104.156	2.310529e+00	1.264287e-01	7.426848e-01	3.037733e+00	9.666862e-01	6.225145e-02	7.086991e-01	4.440810e-01	2.836059e+00	1.001979e+00	8.473214e+00	7.275685e-01	2.456993e-01	2.086148e+00	8.074771e-01	1.042559e+00	7.428051e+01	1.413547e+02	2.722931e-01	8.692406e-02	9.588744e-14	
8  103.235	2.291047e+00	1.216775e-01	7.231745e-01	3.045309e+00	9.721250e-01	5.841923e-02	3.897219e-01	6.781861e-01	3.045569e+00	1.006028e+00	8.038645e+00	7.222950e-01	2.456147e-01	2.101814e+00	8.069559e-01	1.043253e+00	7.231872e+01	1.441995e+02	2.775731e-01	4.964871e-02	1.363526e-14	
8  102.423	2.282898e+00	1.234892e-01	7.182160e-01	3.065973e+00	9.765716e-01	6.602480e-02	4.358354e-01	4.344831e-01	3.239561e+00	1.008764e+00	8.826909e+00	7.151496e-01	2.455828e-01	2.145383e+00	8.213288e-01	1.042383e+00	7.181724e+01	1.436115e+02	2.847533e-01	5.524707e-02	9.668945e-15	
1  102.304	2.250206e+00	1.191682e-01	6.903472e-01	3.069252e+00	9.680567e-01	6.216638e-02	8.329215e-02	2.516278e-01	3.456058e+00	1.008479e+00	8.435268e+00	7.013057e-01	2.454447e-01	2.152605e+00	8.169104e-01	1.042667e+00	6.903565e+01	1.467669e+02	2.986025e-01	1.099734e-02	-5.162214e-14	
1  103.332	2.294332e+00	1.200218e-01	7.047626e-01	3.077620e+00	9.697848e-01	6.525073e-02	2.043855e-01	1.865169e-01	3.248201e+00	1.010992e+00	8.649753e+00	7.109032e-01	2.456295e-01	2.170703e+00	8.182296e-01	1.042424e+00	7.047709e+01	1.454635e+02	2.890281e-01	2.673576e-02	9.117793e-14	
1  104.099	2.301343e+00	1.228208e-01	7.214825e-01	3.078091e+00	9.727901e-01	6.871474e-02	4.380016e-01	8.103429e-02	3.565387e+00	1.011679e+00	9.028173e+00	7.186614e-01	2.456609e-01	2.171561e+00	8.215706e-01	1.042050e+00	7.215116e+01	1.435720e+02	2.812389e-01	5.547863e-02	1.409769e-13	
13  103.352	2.304159e+00	1.205152e-01	7.237261e-01	3.063924e+00	9.786869e-01	6.490735e-02	3.760644e-01	3.154367e-01	3.222228e+00	1.009936e+00	8.619781e+00	7.248297e-01	2.456691e-01	2.141004e+00	8.115412e-01	1.042296e+00	7.237907e+01	1.444149e+02	2.750647e-01	4.802055e-02	7.660943e-14	
2  105.743	2.332948e+00	1.246264e-01	7.580867e-01	3.104279e+00	9.936337e-01	9.545253e-02	7.666131e-01	4.175074e-01	3.881632e+00	1.007661e+00	1.134963e+01	7.417322e-01	2.457887e-01	2.229698e+00	8.350981e-01	1.042522e+00	7.582345e+01	1.413194e+02	2.581439e-01	9.352966e-02	-2.920185e-14	
5  104.25	2.343115e+00	1.279456e-01	7.618532e-01	3.081166e+00	9.869025e-01	9.071197e-02	9.034910e-01	5.536649e-01	4.487309e+00	1.001000e+00	1.098664e+01	7.380580e-01	2.458315e-01	2.178514e+00	8.299410e-01	1.042245e+00	7.619674e+01	1.398179e+02	2.618091e-01	1.082894e-01	7.413249e-14	
1  103.218	2.277424e+00	1.297233e-01	7.306421e-01	3.011515e+00	9.716844e-01	5.284283e-02	7.606307e-01	4.062551e-01	4.902001e+00	9.982878e-01	7.655088e+00	7.131130e-01	2.455628e-01	2.032050e+00	8.084171e-01	1.041704e+00	7.306711e+01	1.406989e+02	2.868289e-01	9.271585e-02	-1.354017e-14	
3  102.822	2.267679e+00	1.284227e-01	6.927278e-01	2.997711e+00	9.536398e-01	3.363500e-02	3.962539e-01	8.023035e-01	4.656544e+00	9.993618e-01	5.465142e+00	6.838803e-01	2.455174e-01	2.004621e+00	8.033766e-01	1.041738e+00	6.927557e+01	1.427418e+02	3.161269e-01	5.066006e-02	-8.784500e-14	
1  105.223	2.316997e+00	1.269138e-01	7.179618e-01	2.985888e+00	9.579007e-01	3.410251e-02	5.338195e-01	8.152943e-01	4.274982e+00	9.981061e-01	5.441602e+00	7.076675e-01	2.457221e-01	1.981485e+00	7.897503e-01	1.041618e+00	7.180881e+01	1.419600e+02	2.924135e-01	6.715811e-02	-1.509980e-13	
6  102.896	2.315354e+00	1.285852e-01	7.283388e-01	3.060461e+00	9.662524e-01	6.853628e-02	6.686001e-01	7.251541e-01	4.742181e+00	1.003385e+00	9.082911e+00	7.126324e-01	2.457182e-01	2.133716e+00	8.241956e-01	1.041868e+00	7.283849e+01	1.409713e+02	2.872336e-01	8.232927e-02	5.250122e-14	
1  102.926	2.276300e+00	1.250808e-01	7.261109e-01	3.041209e+00	9.700850e-01	6.433962e-02	5.704761e-01	9.458492e-01	4.418794e+00	1.000770e+00	8.715750e+00	7.182754e-01	2.455571e-01	2.093081e+00	8.103699e-01	1.041976e+00	7.261621e+01	1.426623e+02	2.816252e-01	7.106835e-02	1.259766e-13	
6  104.354	2.276300e+00	1.250808e-01	7.261109e-01	3.041209e+00	9.700850e-01	6.433962e-02	5.704761e-01	9.458492e-01	4.418794e+00	1.003654e+00	8.715750e+00	7.182754e-01	2.455571e-01	2.093081e+00	8.103699e-01	1.041976e+00	7.261621e+01	1.426623e+02	2.816252e-01	7.106835e-02	1.259766e-13	
1  105.264	2.246771e+00	1.215740e-01	7.063723e-01	3.064092e+00	9.667061e-01	7.138503e-02	3.283188e-01	9.697474e-01	3.980005e+00	1.005173e+00	9.367347e+00	7.098964e-01	2.454330e-01	2.141543e+00	8.145519e-01	1.041573e+00	7.063614e+01	1.449856e+02	2.900495e-01	4.192659e-02	1.949071e-13	
2  105.887	2.307625e+00	1.237859e-01	7.356283e-01	3.060553e+00	9.667595e-01	7.138324e-02	5.594081e-01	7.834070e-01	3.292876e+00	1.005635e+00	9.269463e+00	7.272456e-01	2.456875e-01	2.134091e+00	8.125260e-01	1.042856e+00	7.357010e+01	1.426950e+02	2.725814e-01	6.982678e-02	8.026580e-14	
11  104.61	2.302799e+00	1.225886e-01	7.089422e-01	3.052100e+00	9.608823e-01	6.166943e-02	3.121240e-01	9.120641e-01	3.812708e+00	1.004886e+00	8.339246e+00	7.088524e-01	2.456641e-01	2.116418e+00	8.103998e-01	1.042409e+00	7.089072e+01	1.441945e+02	2.910193e-01	4.034400e-02	-2.931105e-15	
1  103.666	2.302799e+00	1.225886e-01	7.089422e-01	3.052100e+00	9.608823e-01	6.166943e-02	3.121240e-01	9.120641e-01	3.812708e+00	9.998487e-01	8.339246e+00	7.088524e-01	2.456641e-01	2.116418e+00	8.103998e-01	1.042409e+00	7.089072e+01	1.441945e+02	2.910193e-01	4.034400e-02	-2.931105e-15	
9  106.453	2.278373e+00	1.278998e-01	6.860673e-01	3.092428e+00	9.473169e-01	7.084168e-02	2.944948e-01	9.523640e-01	3.664687e+00	1.003086e+00	9.350965e+00	6.784820e-01	2.455629e-01	2.202471e+00	8.414587e-01	1.042370e+00	6.860675e+01	1.432160e+02	3.215353e-01	3.819714e-02	-1.195267e-13	
8  105.783	2.278373e+00	1.278998e-01	6.860673e-01	3.092428e+00	9.473169e-01	7.084168e-02	2.944948e-01	9.523640e-01	3.664687e+00	1.004414e+00	9.350965e+00	6.784820e-01	2.455629e-01	2.202471e+00	8.414587e-01	1.042370e+00	6.860675e+01	1.432160e+02	3.215353e-01	3.819714e-02	-1.195267e-13	
2  104.051	2.248791e+00	1.274050e-01	6.724539e-01	3.043277e+00	9.433693e-01	4.918562e-02	1.949984e-01	8.851219e-01	3.196133e+00	1.000039e+00	7.260071e+00	6.672113e-01	2.454348e-01	2.097444e+00	8.217832e-01	1.042020e+00	6.724831e+01	1.441373e+02	3.327517e-01	2.585939e-02	-1.153470e-13	
6  104.292	2.248791e+00	1.274050e-01	6.724539e-01	3.043277e+00	9.433693e-01	4.918562e-02	1.949984e-01	8.851219e-01	3.196133e+00	1.001941e+00	7.260071e+00	6.672113e-01	2.454348e-01	2.097444e+00	8.217832e-01	1.042020e+00	6.724831e+01	1.441373e+02	3.327517e-01	2.585939e-02	-1.153470e-13	
1  105.656	2.265366e+00	1.268020e-01	6.702514e-01	3.026779e+00	9.451245e-01	3.463101e-02	1.384456e-01	5.689505e-01	2.515200e+00	1.006413e+00	5.546037e+00	6.660621e-01	2.455050e-01	2.063044e+00	8.149256e-01	1.042238e+00	6.703065e+01	1.443678e+02	3.340386e-01	1.861386e-02	-2.126475e-14	
1  104.544	2.296412e+00	1.285888e-01	6.883903e-01	3.051373e+00	9.559861e-01	4.902627e-02	3.204349e-01	3.697056e-01	2.795664e+00	1.007886e+00	7.150574e+00	6.788668e-01	2.456367e-01	2.114070e+00	8.279549e-01	1.042381e+00	6.883521e+01	1.427444e+02	3.212083e-01	4.135493e-02	8.875085e-15	
1  104.969	2.265205e+00	1.317396e-01	6.826196e-01	3.069570e+00	9.503784e-01	5.522570e-02	3.891327e-01	4.732927e-01	3.037884e+00	1.009290e+00	7.924385e+00	6.672999e-01	2.455073e-01	2.152634e+00	8.424744e-01	1.042322e+00	6.826503e+01	1.419987e+02	3.327267e-01	4.972155e-02	-4.840275e-14	
1  103.813	2.237124e+00	1.281253e-01	6.583676e-01	3.050450e+00	9.530304e-01	4.612543e-02	1.168061e-01	5.919723e-01	2.892459e+00	1.006515e+00	6.924730e+00	6.514836e-01	2.453866e-01	2.111703e+00	8.316993e-01	1.041504e+00	6.585053e+01	1.444379e+02	3.484196e-01	1.557596e-02	7.575672e-14	
2  105.412	2.237124e+00	1.281253e-01	6.583676e-01	3.050450e+00	9.530304e-01	4.612543e-02	1.168061e-01	5.919723e-01	2.892459e+00	1.001721e+00	6.924730e+00	6.514836e-01	2.453866e-01	2.111703e+00	8.316993e-01	1.041504e+00	6.585053e+01	1.444379e+02	3.484196e-01	1.557596e-02	7.575672e-14	
2  108.026	2.220909e+00	1.328465e-01	6.564414e-01	3.028514e+00	9.446465e-01	3.602281e-02	2.618753e-01	5.497706e-01	2.605535e+00	9.996006e-01	5.846991e+00	6.392504e-01	2.453157e-01	2.065849e+00	8.300126e-01	1.041069e+00	6.565825e+01	1.428004e+02	3.606754e-01	3.398111e-02	2.052634e-13	
6  108.148	2.270797e+00	1.340312e-01	6.812126e-01	3.030957e+00	9.501285e-01	3.896352e-02	4.629701e-01	4.339900e-01	2.275323e+00	1.001480e+00	6.135525e+00	6.610615e-01	2.455283e-01	2.071067e+00	8.300834e-01	1.041522e+00	6.812082e+01	1.410831e+02	3.389716e-01	5.847809e-02	1.178778e-13	
4  105.423	2.270797e+00	1.340312e-01	6.812126e-01	3.030957e+00	9.501285e-01	3.896352e-02	4.629701e-01	4.339900e-01	2.275323e+00	1.004486e+00	6.135525e+00	6.610615e-01	2.455283e-01	2.071067e+00	8.300834e-01	1.041522e+00	6.812082e+01	1.410831e+02	3.389716e-01	5.847809e-02	1.178778e-13	
2  106.131	2.247062e+00	1.321606e-01	6.810446e-01	3.041414e+00	9.457642e-01	4.096821e-02	4.381645e-01	1.742139e-01	2.552736e+00	1.008765e+00	6.392706e+00	6.652176e-01	2.454309e-01	2.093455e+00	8.287594e-01	1.041143e+00	6.809772e+01	1.418875e+02	3.348672e-01	5.539800e-02	1.064419e-13	
17  104.201	2.236012e+00	1.258473e-01	6.647599e-01	3.059974e+00	9.542044e-01	4.560611e-02	1.132203e-01	3.238795e-01	2.670946e+00	1.011839e+00	6.831894e+00	6.630028e-01	2.453852e-01	2.132186e+00	8.291261e-01	1.041295e+00	6.647832e+01	1.450355e+02	3.369900e-01	1.500574e-02	1.417234e-13	
10  103.617	2.244005e+00	1.274587e-01	6.648795e-01	3.027934e+00	9.597054e-01	3.716118e-02	1.502237e-01	1.028677e-01	3.679076e+00	1.004685e+00	5.862763e+00	6.594371e-01	2.454187e-01	2.064749e+00	8.214216e-01	1.041477e+00	6.649368e+01	1.443696e+02	3.404913e-01	1.974062e-02	7.748301e-14	
1  103.056	2.231183e+00	1.272038e-01	6.679239e-01	3.043923e+00	9.608437e-01	4.426327e-02	1.845178e-01	1.365539e-01	4.313959e+00	1.007109e+00	6.715872e+00	6.632236e-01	2.453656e-01	2.098232e+00	8.270518e-01	1.041310e+00	6.678775e+01	1.444133e+02	3.366753e-01	2.413758e-02	-2.242555e-14	
15  103.547	2.197838e+00	1.252228e-01	6.595529e-01	3.089189e+00	9.605583e-01	6.614923e-02	8.010553e-02	4.392539e-01	3.509534e+00	1.007847e+00	9.043568e+00	6.598523e-01	2.452226e-01	2.195183e+00	8.436595e-01	1.041278e+00	6.595398e+01	1.457737e+02	3.399398e-01	1.056559e-02	-1.554803e-13	
1  104.053	2.216401e+00	1.295205e-01	6.664478e-01	3.077579e+00	9.574612e-01	6.017294e-02	2.532391e-01	4.949028e-01	4.202681e+00	1.007482e+00	8.487882e+00	6.568267e-01	2.453018e-01	2.169949e+00	8.456958e-01	1.041246e+00	6.663827e+01	1.436770e+02	3.429670e-01	3.279006e-02	-4.690667e-14	
11  104.075	2.216401e+00	1.295205e-01	6.664478e-01	3.077579e+00	9.574612e-01	6.017294e-02	2.532391e-01	4.949028e-01	4.202681e+00	1.007379e+00	8.487882e+00	6.568267e-01	2.453018e-01	2.169949e+00	8.456958e-01	1.041246e+00	6.663827e+01	1.436770e+02	3.429670e-01	3.279006e-02	-4.690667e-14	
3  104.043	2.238007e+00	1.289028e-01	6.723274e-01	3.044639e+00	9.574501e-01	4.173627e-02	2.648668e-01	4.928080e-01	4.886763e+00	1.009507e+00	6.444053e+00	6.636968e-01	2.453947e-01	2.099932e+00	8.291970e-01	1.041402e+00	6.723202e+01	1.435350e+02	3.362472e-01	3.431213e-02	8.479315e-14	
6  102.669	2.262865e+00	1.297286e-01	7.060122e-01	3.009113e+00	9.664815e-01	3.610044e-02	5.306244e-01	4.293649e-01	4.812376e+00	1.004882e+00	5.791403e+00	6.929157e-01	2.455001e-01	2.027149e+00	8.133850e-01	1.042565e+00	7.060045e+01	1.418606e+02	3.070431e-01	6.650332e-02	-3.925567e-14	
7  102.536	2.262865e+00	1.297286e-01	7.060122e-01	3.009113e+00	9.664815e-01	3.610044e-02	5.306244e-01	4.293649e-01	4.812376e+00	1.006284e+00	5.791403e+00	6.929157e-01	2.455001e-01	2.027149e+00	8.133850e-01	1.042565e+00	7.060045e+01	1.418606e+02	3.070431e-01	6.650332e-02	-3.925567e-14	
4  102.518	2.242348e+00	1.284261e-01	6.995486e-01	3.014669e+00	9.601689e-01	3.860135e-02	4.600781e-01	7.152520e-01	4.960825e+00	1.005909e+00	6.115162e+00	6.902573e-01	2.454138e-01	2.038786e+00	8.119855e-01	1.042290e+00	6.995461e+01	1.427131e+02	3.097456e-01	5.820708e-02	-3.398103e-14	
1  103.153	2.197459e+00	1.266328e-01	6.682332e-01	2.990745e+00	9.513172e-01	2.511842e-02	1.884958e-01	7.473497e-01	3.796305e+00	1.002227e+00	4.470508e+00	6.655800e-01	2.452219e-01	1.990982e+00	8.022293e-01	1.041612e+00	6.682400e+01	1.448929e+02	3.343872e-01	2.469540e-02	-4.138472e-15	
1  101.475	2.207339e+00	1.245440e-01	6.715748e-01	3.028581e+00	9.575881e-01	4.919222e-02	1.447518e-01	9.429410e-01	3.558301e+00	9.989914e-01	7.301921e+00	6.733231e-01	2.452614e-01	2.066765e+00	8.139354e-01	1.041721e+00	6.715712e+01	1.455263e+02	3.265903e-01	1.914599e-02	-6.744312e-15	
7  100.901	2.218429e+00	1.208588e-01	6.705728e-01	3.039538e+00	9.618358e-01	5.304787e-02	7.340810e-03	8.069762e-01	4.330781e+00	1.000571e+00	7.621327e+00	6.802671e-01	2.453085e-01	2.089484e+00	8.115171e-01	1.042058e+00	6.705923e+01	1.470321e+02	3.195871e-01	1.065671e-03	-6.525521e-14	
7  100.916	2.218429e+00	1.208588e-01	6.705728e-01	3.039538e+00	9.618358e-01	5.304787e-02	7.340810e-03	8.069762e-01	4.330781e+00	1.000602e+00	7.621327e+00	6.802671e-01	2.453085e-01	2.089484e+00	8.115171e-01	1.042058e+00	6.705923e+01	1.470321e+02	3.195871e-01	1.065671e-03	-6.525521e-14	
3  103.166	2.257203e+00	1.202114e-01	6.830402e-01	3.024747e+00	9.577128e-01	5.250652e-02	5.129949e-02	8.162389e-01	4.475641e+00	9.947643e-01	7.484640e+00	6.923384e-01	2.454718e-01	2.059372e+00	7.998596e-01	1.042519e+00	6.829906e+01	1.465632e+02	3.074096e-01	7.188693e-03	-1.088903e-13	
3  102.875	2.257203e+00	1.202114e-01	6.830402e-01	3.024747e+00	9.577128e-01	5.250652e-02	5.129949e-02	8.162389e-01	4.475641e+00	9.936889e-01	7.484640e+00	6.923384e-01	2.454718e-01	2.059372e+00	7.998596e-01	1.042519e+00	6.829906e+01	1.465632e+02	3.074096e-01	7.188693e-03	-1.088903e-13	
4  102.662	2.253885e+00	1.182318e-01	6.843607e-01	3.062372e+00	9.596445e-01	6.866349e-02	8.935701e-03	5.360439e-01	3.964233e+00	9.972072e-01	9.024648e+00	6.978253e-01	2.454600e-01	2.138120e+00	8.100109e-01	1.042387e+00	6.842864e+01	1.473254e+02	3.019228e-01	1.424067e-03	-4.311209e-14	
6  102.115	2.273872e+00	1.199266e-01	7.022235e-01	3.062149e+00	9.665854e-01	7.226585e-02	2.006786e-01	5.791142e-01	4.216326e+00	9.975249e-01	9.344051e+00	7.092277e-01	2.455453e-01	2.137485e+00	8.113729e-01	1.042257e+00	7.021549e+01	1.457137e+02	2.905783e-01	2.628038e-02	4.099007e-14	
4  102.795	2.298897e+00	1.212326e-01	7.176224e-01	3.073681e+00	9.701485e-01	7.961870e-02	3.392968e-01	7.145946e-01	4.029777e+00	9.981340e-01	9.962795e+00	7.185562e-01	2.456497e-01	2.162132e+00	8.169641e-01	1.042685e+00	7.175536e+01	1.444434e+02	2.812702e-01	4.358111e-02	3.822739e-14	
17  103.122	2.311826e+00	1.281986e-01	7.326692e-01	3.084664e+00	9.702562e-01	8.457922e-02	6.921224e-01	9.974374e-01	4.282750e+00	1.000918e+00	1.052438e+01	7.167631e-01	2.457035e-01	2.185760e+00	8.338659e-01	1.042040e+00	7.326668e+01	1.409942e+02	2.831264e-01	8.494744e-02	9.896862e-14	
1  101.695	2.306987e+00	1.273090e-01	7.136647e-01	3.058354e+00	9.702729e-01	6.457580e-02	5.047824e-01	9.871238e-01	4.989430e+00	1.003118e+00	8.692430e+00	7.033741e-01	2.456819e-01	2.129015e+00	8.256211e-01	1.042011e+00	7.136062e+01	1.420954e+02	2.965128e-01	6.343855e-02	4.890855e-14	
3  102.143	2.331639e+00	1.262380e-01	7.336463e-01	3.034738e+00	9.726123e-01	5.761796e-02	6.159528e-01	5.381855e-01	4.558140e+00	1.002269e+00	7.959736e+00	7.209005e-01	2.457833e-01	2.079628e+00	8.093438e-01	1.042285e+00	7.336915e+01	1.415947e+02	2.789841e-01	7.638291e-02	2.390794e-14	
2  102.321	2.252964e+00	1.211521e-01	6.779317e-01	3.033368e+00	9.571954e-01	4.054144e-02	6.127477e-02	9.843590e-01	4.176754e+00	1.007917e+00	6.187672e+00	6.858681e-01	2.454545e-01	2.077160e+00	8.055376e-01	1.041755e+00	6.780004e+01	1.463106e+02	3.141931e-01	8.268312e-03	1.312039e-13	
5  102.321	2.252964e+00	1.211521e-01	6.779317e-01	3.033368e+00	9.571954e-01	4.054144e-02	6.127477e-02	9.843590e-01	4.176754e+00	1.007927e+00	6.187672e+00	6.858681e-01	2.454545e-01	2.077160e+00	8.055376e-01	1.041755e+00	6.780004e+01	1.463106e+02	3.141931e-01	8.268312e-03	1.312039e-13	
15  101.474	2.264739e+00	1.247744e-01	7.049985e-01	3.054913e+00	9.671671e-01	5.944107e-02	3.738754e-01	8.617762e-01	4.516786e+00	1.005807e+00	8.246166e+00	7.019895e-01	2.455070e-01	2.121864e+00	8.206156e-01	1.042459e+00	7.049490e+01	1.437686e+02	2.979246e-01	4.774790e-02	8.322997e-15	
9  101.472	2.264739e+00	1.247744e-01	7.049985e-01	3.054913e+00	9.671671e-01	5.944107e-02	3.738754e-01	8.617762e-01	4.516786e+00	1.005823e+00	8.246166e+00	7.019895e-01	2.455070e-01	2.121864e+00	8.206156e-01	1.042459e+00	7.049490e+01	1.437686e+02	2.979246e-01	4.774790e-02	8.322997e-15	
1  101.459	2.277266e+00	1.232629e-01	7.139226e-01	3.023517e+00	9.713955e-01	4.923932e-02	3.869749e-01	8.329904e-01	4.194664e+00	1.002826e+00	7.155362e+00	7.121683e-01	2.455576e-01	2.056467e+00	8.035845e-01	1.042705e+00	7.139270e+01	1.439543e+02	2.877502e-01	4.931866e-02	1.961175e-14	
1  101.442	2.277266e+00	1.232629e-01	7.139226e-01	3.023517e+00	9.713955e-01	4.923932e-02	3.869749e-01	8.329904e-01	4.194664e+00	1.003143e+00	7.155362e+00	7.121683e-01	2.455576e-01	2.056467e+00	8.035845e-01	1.042705e+00	7.139270e+01	1.439543e+02	2.877502e-01	4.931866e-02	1.961175e-14	
9  102.033	2.260930e+00	1.211451e-01	6.939203e-01	3.014296e+00	9.653812e-01	3.851951e-02	1.941966e-01	8.475681e-01	3.308907e+00	1.005724e+00	5.954665e+00	7.000576e-01	2.454881e-01	2.037860e+00	7.962353e-01	1.041671e+00	6.939287e+01	1.455818e+02	3.000121e-01	2.539001e-02	1.094240e-13	
3  102.032	2.260930e+00	1.211451e-01	6.939203e-01	3.014296e+00	9.653812e-01	3.851951e-02	1.941966e-01	8.475681e-01	3.308907e+00	1.005695e+00	5.954665e+00	7.000576e-01	2.454881e-01	2.037860e+00	7.962353e-01	1.041671e+00	6.939287e+01	1.455818e+02	3.000121e-01	2.539001e-02	1.094240e-13	
6  101.73	2.262730e+00	1.232658e-01	7.023785e-01	2.998993e+00	9.684418e-01	3.695080e-02	3.251038e-01	6.765849e-01	3.492703e+00	1.001774e+00	5.805953e+00	7.029315e-01	2.454973e-01	2.006849e+00	7.944979e-01	1.041844e+00	7.023758e+01	1.443935e+02	2.970973e-01	4.179199e-02	3.272477e-14	
1  101.376	2.271139e+00	1.278941e-01	7.016353e-01	3.020652e+00	9.619090e-01	4.491989e-02	4.516596e-01	8.425191e-01	4.134217e+00	1.002168e+00	6.761868e+00	6.927168e-01	2.455323e-01	2.050686e+00	8.120933e-01	1.041865e+00	7.016225e+01	1.425757e+02	3.072484e-01	5.717877e-02	2.901535e-16	
4  101.386	2.271139e+00	1.278941e-01	7.016353e-01	3.020652e+00	9.619090e-01	4.491989e-02	4.516596e-01	8.425191e-01	4.134217e+00	1.002031e+00	6.761868e+00	6.927168e-01	2.455323e-01	2.050686e+00	8.120933e-01	1.041865e+00	7.016225e+01	1.425757e+02	3.072484e-01	5.717877e-02	2.901535e-16	
12  102.76	2.247277e+00	1.218763e-01	6.970369e-01	3.000935e+00	9.593430e-01	3.767401e-02	2.379945e-01	6.876219e-01	4.175138e+00	1.000218e+00	5.921780e+00	7.014043e-01	2.454341e-01	2.011614e+00	7.913015e-01	1.042220e+00	6.970871e+01	1.453340e+02	2.985890e-01	3.104785e-02	2.769227e-14	
1  102.682	2.269573e+00	1.239379e-01	7.128434e-01	3.022393e+00	9.630756e-01	5.515632e-02	4.076868e-01	2.282998e-01	3.398769e+00	9.962671e-01	7.810416e+00	7.099438e-01	2.455291e-01	2.054514e+00	8.023278e-01	1.042598e+00	7.127729e+01	1.437674e+02	2.898828e-01	5.198179e-02	-9.321468e-15	
2  102.58	2.278410e+00	1.281930e-01	7.257336e-01	3.062511e+00	9.707052e-01	7.332921e-02	6.277474e-01	6.120941e-03	3.144922e+00	9.999615e-01	9.609964e+00	7.120367e-01	2.455668e-01	2.137730e+00	8.289092e-01	1.043075e+00	7.255730e+01	1.416339e+02	2.878429e-01	7.772421e-02	-5.507101e-14	
1  102.318	2.251754e+00	1.278837e-01	7.014440e-01	3.033441e+00	9.623798e-01	5.890447e-02	4.370270e-01	3.036827e-01	2.800949e+00	9.950223e-01	8.287761e+00	6.928515e-01	2.454520e-01	2.076638e+00	8.193007e-01	1.042807e+00	7.013449e+01	1.428538e+02	3.069975e-01	5.548917e-02	-5.789329e-14	
5  102.348	2.251754e+00	1.278837e-01	7.014440e-01	3.033441e+00	9.623798e-01	5.890447e-02	4.370270e-01	3.036827e-01	2.800949e+00	9.955738e-01	8.287761e+00	6.928515e-01	2.454520e-01	2.076638e+00	8.193007e-01	1.042807e+00	7.013449e+01	1.428538e+02	3.069975e-01	5.548917e-02	-5.789329e-14	
12  102.164	2.280882e+00	1.277273e-01	7.203555e-01	3.019261e+00	9.712563e-01	5.206526e-02	5.589825e-01	2.313208e-01	2.587678e+00	9.988439e-01	7.522061e+00	7.085611e-01	2.455735e-01	2.047565e+00	8.119156e-01	1.043265e+00	7.202834e+01	1.420373e+02	2.913127e-01	6.974926e-02	-6.504194e-14	
1  103.478	2.326888e+00	1.238626e-01	7.420190e-01	3.056827e+00	9.844627e-01	7.661964e-02	6.294632e-01	3.187303e-01	2.127441e+00	1.000070e+00	9.710526e+00	7.315739e-01	2.457635e-01	2.125973e+00	8.135299e-01	1.041904e+00	7.420698e+01	1.421571e+02	2.682817e-01	7.793193e-02	1.669019e-14	
1  103.04	2.331407e+00	1.218168e-01	7.282060e-01	3.058945e+00	9.794761e-01	7.420935e-02	4.446469e-01	4.659057e-01	3.035353e+00	9.997189e-01	9.430531e+00	7.249862e-01	2.457814e-01	2.130580e+00	8.109267e-01	1.041897e+00	7.282063e+01	1.434576e+02	2.748602e-01	5.635826e-02	5.786447e-15	
2  102.014	2.299979e+00	1.282047e-01	7.235022e-01	3.062001e+00	9.737667e-01	7.496507e-02	6.249119e-01	4.349221e-01	3.072837e+00	9.989412e-01	9.708717e+00	7.098473e-01	2.456540e-01	2.136978e+00	8.280951e-01	1.041967e+00	7.234274e+01	1.414167e+02	2.900349e-01	7.739904e-02	3.913525e-14	
9  101.098	2.255107e+00	1.227542e-01	6.856268e-01	3.054262e+00	9.674103e-01	6.515108e-02	1.772510e-01	8.315622e-01	3.193592e+00	9.984563e-01	8.773996e+00	6.894314e-01	2.454636e-01	2.120315e+00	8.189613e-01	1.041655e+00	6.855284e+01	1.453083e+02	3.104396e-01	2.329032e-02	2.971990e-15	
8  101.004	2.255107e+00	1.227542e-01	6.856268e-01	3.054262e+00	9.674103e-01	6.515108e-02	1.772510e-01	8.315622e-01	3.193592e+00	9.980304e-01	8.773996e+00	6.894314e-01	2.454636e-01	2.120315e+00	8.189613e-01	1.041655e+00	6.855284e+01	1.453083e+02	3.104396e-01	2.329032e-02	2.971990e-15	
6  103.013	2.284150e+00	1.283841e-01	7.026678e-01	2.978403e+00	9.649858e-01	3.266185e-02	4.627591e-01	7.847807e-01	2.548064e+00	9.940365e-01	5.310782e+00	6.924353e-01	2.455849e-01	1.965511e+00	7.968952e-01	1.041929e+00	7.026727e+01	1.422701e+02	3.075576e-01	5.845229e-02	5.305833e-14	
2  103.292	2.275930e+00	1.244579e-01	6.876666e-01	2.971787e+00	9.645334e-01	2.630781e-02	2.209509e-01	6.981055e-01	3.825951e+00	9.944161e-01	4.458419e+00	6.873168e-01	2.455511e-01	1.952181e+00	7.887232e-01	1.041943e+00	6.876186e+01	1.444424e+02	3.126371e-01	2.876208e-02	2.782154e-14	
1  103.143	2.290574e+00	1.253850e-01	6.972439e-01	2.964186e+00	9.642667e-01	1.938489e-02	3.184760e-01	5.988996e-01	4.012252e+00	9.984502e-01	3.537350e+00	6.936136e-01	2.456136e-01	1.937269e+00	7.854140e-01	1.041989e+00	6.970274e+01	1.435947e+02	3.062939e-01	4.096054e-02	-4.446586e-14	
1  104.002	2.325091e+00	1.294717e-01	7.311700e-01	2.940950e+00	9.710210e-01	1.308937e-02	6.888169e-01	6.230190e-01	3.686299e+00	9.990935e-01	2.701895e+00	7.130782e-01	2.457565e-01	1.892348e+00	7.802927e-01	1.042619e+00	7.308356e+01	1.405832e+02	2.866928e-01	8.458071e-02	-6.078933e-14	
1  104.383	2.363521e+00	1.297030e-01	7.419101e-01	2.985835e+00	9.771593e-01	3.685946e-02	7.649919e-01	7.690919e-01	4.632162e+00	9.994893e-01	5.709890e+00	7.202189e-01	2.459099e-01	1.979864e+00	7.971637e-01	1.042346e+00	7.419685e+01	1.397966e+02	2.798105e-01	9.291814e-02	7.561590e-14	
1  104.269	2.354653e+00	1.282198e-01	7.410407e-01	3.004137e+00	9.705168e-01	5.260234e-02	7.073138e-01	9.733264e-01	4.408703e+00	9.929531e-01	7.434946e+00	7.222635e-01	2.458744e-01	2.016866e+00	7.997947e-01	1.042739e+00	7.410642e+01	1.404926e+02	2.776348e-01	8.672804e-02	-7.763179e-15	
18  104.276	2.354653e+00	1.282198e-01	7.410407e-01	3.004137e+00	9.705168e-01	5.260234e-02	7.073138e-01	9.733264e-01	4.408703e+00	9.928597e-01	7.434946e+00	7.222635e-01	2.458744e-01	2.016866e+00	7.997947e-01	1.042739e+00	7.410642e+01	1.404926e+02	2.776348e-01	8.672804e-02	-7.763179e-15	
2  105.274	2.371887e+00	1.269973e-01	7.499033e-01	3.004432e+00	9.787543e-01	5.800436e-02	7.336118e-01	8.775833e-01	4.586814e+00	9.905115e-01	7.922182e+00	7.305504e-01	2.459444e-01	2.017322e+00	7.971090e-01	1.042663e+00	7.499477e+01	1.404842e+02	2.693478e-01	8.955452e-02	7.662284e-14	
1  105.267	2.371887e+00	1.269973e-01	7.499033e-01	3.004432e+00	9.787543e-01	5.800436e-02	7.336118e-01	8.775833e-01	4.586814e+00	9.906037e-01	7.922182e+00	7.305504e-01	2.459444e-01	2.017322e+00	7.971090e-01	1.042663e+00	7.499477e+01	1.404842e+02	2.693478e-01	8.955452e-02	7.662284e-14	
1  105.207	2.368376e+00	1.305063e-01	7.489648e-01	3.078088e+00	9.812863e-01	9.106835e-02	8.459684e-01	6.353825e-01	4.246330e+00	9.938643e-01	1.100441e+01	7.237616e-01	2.459330e-01	2.172247e+00	8.363295e-01	1.042373e+00	7.490527e+01	1.392222e+02	2.762776e-01	1.020703e-01	1.353858e-13	
5  106.897	2.391818e+00	1.302513e-01	7.651262e-01	3.115217e+00	9.842037e-01	1.126479e-01	9.565654e-01	9.909061e-01	4.133572e+00	9.941205e-01	1.270403e+01	7.351921e-01	2.460258e-01	2.254525e+00	8.478316e-01	1.042416e+00	7.652246e+01	1.385907e+02	2.648577e-01	1.139996e-01	1.625340e-14	
1  110.082	2.406293e+00	1.309646e-01	7.708426e-01	3.124112e+00	9.849702e-01	1.207135e-01	1.036561e+00	7.032617e-01	3.715685e+00	9.921589e-01	1.333170e+01	7.374781e-01	2.460819e-01	2.275042e+00	8.507023e-01	1.041766e+00	7.709949e+01	1.379781e+02	2.624952e-01	1.224181e-01	-2.037414e-13	
7  111.807	2.444335e+00	1.299748e-01	8.060745e-01	3.183926e+00	1.005668e+00	1.521363e-01	1.266209e+00	6.696775e-01	2.444053e+00	9.990342e-01	1.563696e+01	7.611732e-01	2.462240e-01	2.414829e+00	8.718250e-01	1.042042e+00	8.060140e+01	1.369588e+02	2.382093e-01	1.456540e-01	-1.126901e-13	
1  111.719	2.486903e+00	1.416354e-01	8.460101e-01	3.174340e+00	1.008519e+00	1.483631e-01	1.914078e+00	5.608553e-01	2.437474e+00	1.002682e+00	1.557626e+01	7.665233e-01	2.463871e-01	2.394002e+00	8.891590e-01	1.043011e+00	8.458015e+01	1.315824e+02	2.329738e-01	2.049208e-01	4.942909e-13	
2  109.525	2.462285e+00	1.455239e-01	8.420093e-01	3.093959e+00	1.001748e+00	1.093725e-01	1.998620e+00	7.728653e-01	3.011646e+00	9.996726e-01	1.264898e+01	7.589860e-01	2.462958e-01	2.209547e+00	8.635616e-01	1.043775e+00	8.417356e+01	1.306895e+02	2.411922e-01	2.115086e-01	4.969373e-13	
4  108.456	2.440072e+00	1.421399e-01	8.317403e-01	3.131543e+00	9.937542e-01	1.239625e-01	1.838563e+00	8.490784e-01	2.127285e+00	1.002430e+00	1.377251e+01	7.582045e-01	2.462093e-01	2.291707e+00	8.706479e-01	1.043314e+00	8.315701e+01	1.321379e+02	2.416650e-01	1.980039e-01	6.248797e-14	
4  108.895	2.448416e+00	1.363299e-01	8.217807e-01	3.128036e+00	9.999881e-01	1.227880e-01	1.581164e+00	7.927240e-01	2.432331e+00	1.001483e+00	1.353294e+01	7.606237e-01	2.462437e-01	2.284742e+00	8.589141e-01	1.042655e+00	8.218034e+01	1.342224e+02	2.391941e-01	1.753275e-01	5.805446e-15	
1  109.999	2.473963e+00	1.362395e-01	8.299468e-01	3.184042e+00	1.003027e+00	1.503512e-01	1.609849e+00	7.506796e-01	2.484887e+00	1.002251e+00	1.556698e+01	7.654065e-01	2.463411e-01	2.414494e+00	8.824004e-01	1.043124e+00	8.298647e+01	1.339289e+02	2.341354e-01	1.781186e-01	2.461522e-13	
13  111.234	2.489124e+00	1.383061e-01	8.480347e-01	3.229215e+00	1.002229e+00	1.725044e-01	1.808667e+00	6.893165e-01	2.579101e+00	1.005277e+00	1.718378e+01	7.727402e-01	2.463954e-01	2.519038e+00	9.023629e-01	1.043433e+00	8.477190e+01	1.326367e+02	2.262662e-01	1.957329e-01	7.099733e-13	
1  111.43	2.489124e+00	1.383061e-01	8.480347e-01	3.229215e+00	1.002229e+00	1.725044e-01	1.808667e+00	6.893165e-01	2.579101e+00	1.003391e+00	1.718378e+01	7.727402e-01	2.463954e-01	2.519038e+00	9.023629e-01	1.043433e+00	8.477190e+01	1.326367e+02	2.262662e-01	1.957329e-01	7.099733e-13	
3  111.017	2.492246e+00	1.441504e-01	8.593531e-01	3.186063e+00	1.002211e+00	1.542721e-01	2.090551e+00	8.252045e-01	2.911310e+00	1.002024e+00	1.600809e+01	7.703838e-01	2.464056e-01	2.418201e+00	8.947886e-01	1.043483e+00	8.588183e+01	1.303946e+02	2.290169e-01	2.194741e-01	4.365608e-13	
6  113.593	2.469554e+00	1.473304e-01	8.354870e-01	3.221571e+00	9.943692e-01	1.607952e-01	2.028334e+00	7.907168e-01	2.691889e+00	1.007270e+00	1.676101e+01	7.526947e-01	2.463182e-01	2.505856e+00	9.205662e-01	1.042678e+00	8.355203e+01	1.301896e+02	2.464067e-01	2.140735e-01	9.338424e-13	
8  113.561	2.469554e+00	1.473304e-01	8.354870e-01	3.221571e+00	9.943692e-01	1.607952e-01	2.028334e+00	7.907168e-01	2.691889e+00	1.008887e+00	1.676101e+01	7.526947e-01	2.463182e-01	2.505856e+00	9.205662e-01	1.042678e+00	8.355203e+01	1.301896e+02	2.464067e-01	2.140735e-01	9.338424e-13	
2  112.561	2.426980e+00	1.373905e-01	8.148807e-01	3.246508e+00	1.002656e+00	1.709838e-01	1.579691e+00	9.993154e-01	3.862218e+00	1.010896e+00	1.739219e+01	7.560545e-01	2.461527e-01	2.566543e+00	9.166852e-01	1.042490e+00	8.150696e+01	1.342820e+02	2.425887e-01	1.752809e-01	1.166947e-12	
