1  102.201	2.279281e+00	1.296783e-01	7.314800e-01	3.036122e+00	9.752084e-01	6.210123e-02	7.340044e-01	5.166818e-02	2.858431e+00	1.001593e+00	8.580058e+00	7.138116e-01	2.455669e-01	2.082257e+00	8.210296e-01	1.042695e+00	7.314484e+01	1.408033e+02	2.861053e-01	8.970462e-02	-9.789653e-14	
3  102.716	2.278875e+00	1.259931e-01	7.269905e-01	3.016100e+00	9.820157e-01	5.324128e-02	5.693777e-01	1.267435e-01	3.149059e+00	1.000248e+00	7.621188e+00	7.172427e-01	2.455637e-01	2.041213e+00	8.082224e-01	1.043115e+00	7.269454e+01	1.424191e+02	2.826590e-01	7.091852e-02	-7.772353e-14	
1  103.527	2.265524e+00	1.256954e-01	7.220746e-01	2.974439e+00	9.770557e-01	3.186050e-02	5.412969e-01	2.424065e-01	2.598227e+00	1.000459e+00	5.232197e+00	7.142479e-01	2.455099e-01	1.957923e+00	7.899523e-01	1.042703e+00	7.221188e+01	1.427519e+02	2.857292e-01	6.768352e-02	4.100315e-14	
4  103.494	2.236080e+00	1.206500e-01	6.957547e-01	2.968324e+00	9.713551e-01	2.666853e-02	1.924553e-01	3.082861e-01	2.491532e+00	9.981424e-01	4.555539e+00	7.031569e-01	2.453876e-01	1.945903e+00	7.800381e-01	1.042430e+00	6.958062e+01	1.459754e+02	2.968344e-01	2.514499e-02	1.856444e-13	
2  104.596	2.270144e+00	1.175998e-01	7.051840e-01	2.950608e+00	9.752254e-01	1.888329e-02	1.459785e-01	2.266230e-01	3.268532e+00	9.984022e-01	3.465506e+00	7.167240e-01	2.455306e-01	1.910760e+00	7.642238e-01	1.042639e+00	7.052643e+01	1.466249e+02	2.833413e-01	1.905515e-02	3.898650e-13	
1  103.727	2.311815e+00	1.206734e-01	7.338834e-01	3.008273e+00	9.750542e-01	5.297293e-02	4.440915e-01	2.539963e-01	3.278554e+00	9.975868e-01	7.441916e+00	7.317236e-01	2.457013e-01	2.025605e+00	7.868448e-01	1.042857e+00	7.338348e+01	1.439600e+02	2.681486e-01	5.633900e-02	-8.214321e-14	
1  102.849	2.266142e+00	1.191912e-01	7.114553e-01	3.009601e+00	9.747805e-01	5.269792e-02	2.596757e-01	2.059148e-01	3.403534e+00	9.960441e-01	7.469387e+00	7.183568e-01	2.455120e-01	2.028280e+00	7.891385e-01	1.042346e+00	7.114616e+01	1.457069e+02	2.815047e-01	3.372350e-02	-5.020872e-14	
1  102.276	2.288896e+00	1.208390e-01	7.166014e-01	3.021755e+00	9.735345e-01	4.725596e-02	3.359952e-01	2.879716e-01	3.240304e+00	1.006226e+00	6.878255e+00	7.188627e-01	2.456037e-01	2.052984e+00	7.960181e-01	1.042367e+00	7.165607e+01	1.446783e+02	2.810443e-01	4.314975e-02	5.567689e-14	
2  101.664	2.216436e+00	1.240872e-01	6.826149e-01	3.052923e+00	9.616558e-01	5.862747e-02	2.072509e-01	1.719727e-02	3.482254e+00	1.003627e+00	8.260289e+00	6.846599e-01	2.453016e-01	2.117700e+00	8.221042e-01	1.042162e+00	6.826449e+01	1.452520e+02	3.152745e-01	2.700128e-02	-1.108069e-14	
10  101.087	2.262666e+00	1.254566e-01	7.023878e-01	3.036948e+00	9.689155e-01	5.236030e-02	3.771742e-01	1.050933e-01	2.491050e+00	1.005104e+00	7.540215e+00	6.984636e-01	2.454954e-01	2.084152e+00	8.159776e-01	1.042348e+00	7.023378e+01	1.436083e+02	3.014350e-01	4.814633e-02	-7.279459e-14	
1  102.966	2.242406e+00	1.257624e-01	6.927103e-01	3.050252e+00	9.597102e-01	5.067804e-02	3.344154e-01	5.247016e-02	3.187775e+00	1.010797e+00	7.403347e+00	6.897336e-01	2.454108e-01	2.112236e+00	8.208871e-01	1.041827e+00	6.926857e+01	1.439559e+02	3.101917e-01	4.292752e-02	9.111669e-14	
13  102.528	2.209649e+00	1.284222e-01	6.773198e-01	3.046812e+00	9.589666e-01	5.050394e-02	2.995345e-01	3.261694e-02	2.738049e+00	1.006308e+00	7.500728e+00	6.704051e-01	2.452737e-01	2.104791e+00	8.298796e-01	1.042035e+00	6.773685e+01	1.438045e+02	3.295257e-01	3.858461e-02	-2.028216e-14	
7  103.538	2.209649e+00	1.284222e-01	6.773198e-01	3.046812e+00	9.589666e-01	5.050394e-02	2.995345e-01	3.261694e-02	2.738049e+00	1.002843e+00	7.500728e+00	6.704051e-01	2.452737e-01	2.104791e+00	8.298796e-01	1.042035e+00	6.773685e+01	1.438045e+02	3.295257e-01	3.858461e-02	-2.028216e-14	
14  103.707	2.200287e+00	1.242689e-01	6.630554e-01	3.053501e+00	9.597400e-01	4.733934e-02	6.495042e-02	2.462366e-02	3.080389e+00	1.006784e+00	7.094659e+00	6.657271e-01	2.452330e-01	2.119225e+00	8.263471e-01	1.041839e+00	6.632279e+01	1.460707e+02	3.342076e-01	8.679826e-03	7.945914e-14	
2  103.664	2.220802e+00	1.236191e-01	6.789634e-01	3.022431e+00	9.719118e-01	4.210258e-02	1.759882e-01	1.384303e-02	3.247047e+00	1.002047e+00	6.468781e+00	6.821666e-01	2.453205e-01	2.054335e+00	8.114831e-01	1.041546e+00	6.789460e+01	1.454661e+02	3.177656e-01	2.302684e-02	2.469122e-15	
2  104.34	2.251914e+00	1.183090e-01	6.992598e-01	3.045203e+00	9.845156e-01	5.604771e-02	1.454731e-01	1.786927e-01	2.970923e+00	1.004693e+00	7.810884e+00	7.106718e-01	2.454468e-01	2.101499e+00	8.070447e-01	1.042165e+00	6.992589e+01	1.466539e+02	2.892818e-01	1.907304e-02	-5.278382e-14	
3  105.125	2.203845e+00	1.184080e-01	6.767795e-01	3.060767e+00	9.793586e-01	6.024430e-02	1.266232e-02	3.658653e-01	2.495243e+00	1.005046e+00	8.330715e+00	6.918793e-01	2.452442e-01	2.134401e+00	8.172828e-01	1.041533e+00	6.768204e+01	1.478216e+02	3.081051e-01	1.619183e-03	-5.653519e-14	
2  104.343	2.224163e+00	1.191731e-01	6.836776e-01	3.079220e+00	9.775342e-01	7.247651e-02	8.472163e-02	6.074421e-01	2.320119e+00	1.002925e+00	9.463440e+00	6.960369e-01	2.453312e-01	2.173936e+00	8.238302e-01	1.041350e+00	6.836689e+01	1.470371e+02	3.039156e-01	1.109603e-02	-7.705316e-14	
2  104.099	2.224163e+00	1.191731e-01	6.836776e-01	3.079220e+00	9.775342e-01	7.247651e-02	8.472163e-02	6.074421e-01	2.320119e+00	1.007145e+00	9.463440e+00	6.960369e-01	2.453312e-01	2.173936e+00	8.238302e-01	1.041350e+00	6.836689e+01	1.470371e+02	3.039156e-01	1.109603e-02	-7.705316e-14	
3  104.074	2.206611e+00	1.241540e-01	6.789907e-01	3.078211e+00	9.675824e-01	6.704947e-02	2.080672e-01	7.708698e-01	2.408777e+00	1.009316e+00	9.108139e+00	6.813280e-01	2.452582e-01	2.171833e+00	8.341932e-01	1.041398e+00	6.790016e+01	1.453431e+02	3.186018e-01	2.707722e-02	-3.485139e-14	
3  104.719	2.273644e+00	1.237031e-01	7.124398e-01	3.115713e+00	9.833611e-01	9.145430e-02	3.991426e-01	7.574770e-01	3.350404e+00	1.009320e+00	1.113265e+01	7.101796e-01	2.455420e-01	2.255089e+00	8.465971e-01	1.042435e+00	7.125031e+01	1.438222e+02	2.897276e-01	5.079470e-02	-7.685889e-14	
3  105.278	2.299329e+00	1.282073e-01	7.475580e-01	3.102337e+00	9.871456e-01	9.410203e-02	8.055906e-01	7.142047e-01	2.897989e+00	1.007340e+00	1.140150e+01	7.283231e-01	2.456492e-01	2.224849e+00	8.450691e-01	1.042886e+00	7.475783e+01	1.406264e+02	2.715951e-01	9.755096e-02	5.504973e-14	
2  106.051	2.296113e+00	1.309051e-01	7.442558e-01	3.128167e+00	9.794304e-01	1.042176e-01	8.757215e-01	7.134713e-01	2.468976e+00	1.008549e+00	1.233235e+01	7.210792e-01	2.456367e-01	2.283281e+00	8.602437e-01	1.042491e+00	7.442529e+01	1.397321e+02	2.787968e-01	1.051862e-01	2.517570e-14	
3  105.453	2.305049e+00	1.281767e-01	7.454652e-01	3.108979e+00	9.761300e-01	9.436658e-02	7.958268e-01	5.657083e-01	2.039293e+00	1.008996e+00	1.140427e+01	7.267303e-01	2.456737e-01	2.239332e+00	8.435542e-01	1.042428e+00	7.453574e+01	1.406186e+02	2.731586e-01	9.655780e-02	5.640313e-14	
1  104.755	2.306262e+00	1.297881e-01	7.406867e-01	3.065472e+00	9.701920e-01	6.604930e-02	7.974602e-01	6.396414e-01	2.697927e+00	1.012612e+00	8.897091e+00	7.201893e-01	2.456774e-01	2.144085e+00	8.287654e-01	1.042612e+00	7.406129e+01	1.402284e+02	2.797044e-01	9.676439e-02	1.655364e-13	
4  102.925	2.296434e+00	1.268618e-01	7.217348e-01	3.075856e+00	9.664704e-01	7.386900e-02	5.604965e-01	2.346150e-01	3.080453e+00	1.006478e+00	9.591461e+00	7.110531e-01	2.456384e-01	2.166583e+00	8.292399e-01	1.042322e+00	7.216556e+01	1.420652e+02	2.888274e-01	7.001217e-02	-2.284907e-15	
4  104.699	2.281943e+00	1.295414e-01	6.929238e-01	3.054916e+00	9.555632e-01	5.216857e-02	4.371339e-01	4.355653e-01	3.013705e+00	1.010019e+00	7.527249e+00	6.811665e-01	2.455766e-01	2.122023e+00	8.285360e-01	1.041163e+00	6.927959e+01	1.421396e+02	3.187354e-01	5.531433e-02	1.909789e-14	
3  106.919	2.302131e+00	1.308789e-01	6.880388e-01	3.042238e+00	9.488832e-01	4.697608e-02	4.208272e-01	5.808657e-01	2.970414e+00	1.005994e+00	6.948021e+00	6.733783e-01	2.456588e-01	2.095307e+00	8.248327e-01	1.041038e+00	6.879266e+01	1.416812e+02	3.265441e-01	5.325214e-02	1.073126e-14	
4  106.017	2.285248e+00	1.326666e-01	6.975118e-01	3.016545e+00	9.483207e-01	4.153765e-02	5.702742e-01	6.850114e-01	2.493238e+00	1.002155e+00	6.419104e+00	6.788199e-01	2.455878e-01	2.042252e+00	8.161202e-01	1.041085e+00	6.973496e+01	1.407713e+02	3.210678e-01	7.101029e-02	-1.692530e-14	
1  106.023	2.297532e+00	1.267318e-01	7.080238e-01	3.006936e+00	9.500460e-01	3.992952e-02	4.522050e-01	5.306159e-01	3.668693e+00	1.001688e+00	6.150778e+00	6.998326e-01	2.456414e-01	2.022854e+00	7.981731e-01	1.041830e+00	7.079472e+01	1.425860e+02	3.000947e-01	5.726727e-02	3.094114e-14	
1  105.959	2.303393e+00	1.220218e-01	7.073761e-01	3.018391e+00	9.567985e-01	4.647263e-02	3.139650e-01	7.020668e-01	4.045529e+00	1.002564e+00	6.793797e+00	7.085710e-01	2.456661e-01	2.046454e+00	7.927198e-01	1.041314e+00	7.073145e+01	1.443383e+02	2.912886e-01	4.053858e-02	7.616300e-14	
6  105.814	2.315332e+00	1.232421e-01	7.088966e-01	3.033606e+00	9.567614e-01	5.760734e-02	3.491741e-01	6.681295e-01	4.215508e+00	9.986399e-01	7.940827e+00	7.071558e-01	2.457157e-01	2.077543e+00	8.014887e-01	1.041503e+00	7.089581e+01	1.437354e+02	2.927231e-01	4.490580e-02	1.599155e-14	
5  106.085	2.315332e+00	1.232421e-01	7.088966e-01	3.033606e+00	9.567614e-01	5.760734e-02	3.491741e-01	6.681295e-01	4.215508e+00	9.951987e-01	7.940827e+00	7.071558e-01	2.457157e-01	2.077543e+00	8.014887e-01	1.041503e+00	7.089581e+01	1.437354e+02	2.927231e-01	4.490580e-02	1.599155e-14	
3  102.904	2.283559e+00	1.213386e-01	7.022122e-01	3.068849e+00	9.676640e-01	7.721415e-02	2.472439e-01	5.046694e-01	4.072123e+00	9.941618e-01	9.803953e+00	7.062016e-01	2.455844e-01	2.151711e+00	8.172923e-01	1.041897e+00	7.022487e+01	1.450317e+02	2.936666e-01	3.220710e-02	-4.514214e-14	
1  103.409	2.270027e+00	1.229994e-01	6.964665e-01	3.073877e+00	9.654694e-01	8.152427e-02	2.563146e-01	6.617868e-01	3.927580e+00	9.911434e-01	1.026075e+01	6.981978e-01	2.455272e-01	2.162452e+00	8.246818e-01	1.042001e+00	6.965385e+01	1.447139e+02	3.016717e-01	3.336525e-02	-3.049411e-14	
1  104.171	2.280804e+00	1.171394e-01	7.067612e-01	3.065632e+00	9.740056e-01	8.050580e-02	1.518566e-01	8.139061e-01	4.378376e+00	9.919788e-01	1.000283e+01	7.183956e-01	2.455743e-01	2.144924e+00	8.062958e-01	1.042120e+00	7.067685e+01	1.466143e+02	2.814481e-01	2.010064e-02	-3.789347e-14	
10  104.572	2.280804e+00	1.171394e-01	7.067612e-01	3.065632e+00	9.740056e-01	8.050580e-02	1.518566e-01	8.139061e-01	4.378376e+00	9.914740e-01	1.000283e+01	7.183956e-01	2.455743e-01	2.144924e+00	8.062958e-01	1.042120e+00	7.067685e+01	1.466143e+02	2.814481e-01	2.010064e-02	-3.789347e-14	
1  104.088	2.280804e+00	1.171394e-01	7.067612e-01	3.065632e+00	9.740056e-01	8.050580e-02	1.518566e-01	8.139061e-01	4.378376e+00	9.921020e-01	1.000283e+01	7.183956e-01	2.455743e-01	2.144924e+00	8.062958e-01	1.042120e+00	7.067685e+01	1.466143e+02	2.814481e-01	2.010064e-02	-3.789347e-14	
4  103.184	2.277636e+00	1.230522e-01	7.148019e-01	3.085091e+00	9.690004e-01	8.087103e-02	3.895371e-01	5.119057e-01	4.555205e+00	1.000493e+00	1.018472e+01	7.132456e-01	2.455611e-01	2.186850e+00	8.270420e-01	1.042654e+00	7.147166e+01	1.439885e+02	2.866434e-01	4.963052e-02	1.590829e-14	
1  103.43	2.316327e+00	1.255373e-01	7.318784e-01	3.048931e+00	9.673703e-01	6.663641e-02	5.700227e-01	7.041844e-01	3.220359e+00	9.985622e-01	8.852218e+00	7.210660e-01	2.457198e-01	2.109297e+00	8.135561e-01	1.043007e+00	7.317950e+01	1.421378e+02	2.788269e-01	7.109732e-02	-1.266468e-14	
1  103.187	2.293864e+00	1.232555e-01	7.202061e-01	3.039887e+00	9.747482e-01	5.226520e-02	4.176782e-01	7.242971e-01	3.383697e+00	1.006812e+00	7.431148e+00	7.169067e-01	2.456232e-01	2.090509e+00	8.099024e-01	1.043037e+00	7.202364e+01	1.436367e+02	2.829903e-01	5.306879e-02	4.035737e-14	
2  104.734	2.252061e+00	1.192880e-01	6.918864e-01	3.066243e+00	9.638538e-01	5.697187e-02	9.061108e-02	8.989514e-01	4.335184e+00	1.009263e+00	7.914583e+00	7.023416e-01	2.454490e-01	2.146537e+00	8.147602e-01	1.042974e+00	6.920119e+01	1.466889e+02	2.976020e-01	1.192892e-02	3.168708e-13	
3  105.228	2.288572e+00	1.216107e-01	7.115275e-01	3.067188e+00	9.625067e-01	6.123009e-02	3.034722e-01	9.243956e-01	3.403044e+00	1.008569e+00	8.305899e+00	7.132306e-01	2.456029e-01	2.148242e+00	8.148319e-01	1.042843e+00	7.114652e+01	1.446586e+02	2.866643e-01	3.906053e-02	3.105959e-13	
4  104.828	2.338870e+00	1.200515e-01	7.335223e-01	3.059878e+00	9.777070e-01	6.360494e-02	3.992154e-01	8.339596e-01	2.863091e+00	1.007664e+00	8.396904e+00	7.321626e-01	2.458086e-01	2.132574e+00	8.062182e-01	1.042899e+00	7.335299e+01	1.440509e+02	2.676999e-01	5.090753e-02	7.907097e-14	
1  104.432	2.329467e+00	1.188593e-01	7.383352e-01	3.030731e+00	9.862799e-01	6.065455e-02	3.938873e-01	6.570779e-01	3.849376e+00	9.989656e-01	8.124657e+00	7.379905e-01	2.457700e-01	2.071521e+00	7.940111e-01	1.043424e+00	7.383054e+01	1.444685e+02	2.618597e-01	5.019341e-02	-3.069807e-14	
1  103.675	2.317499e+00	1.202055e-01	7.170263e-01	3.048293e+00	9.711388e-01	5.898813e-02	2.767890e-01	7.678057e-01	3.934211e+00	1.002682e+00	8.003519e+00	7.197748e-01	2.457221e-01	2.108294e+00	8.048273e-01	1.043084e+00	7.170541e+01	1.448210e+02	2.800834e-01	3.580930e-02	2.962705e-14	
1  103.883	2.350037e+00	1.239544e-01	7.429288e-01	3.017680e+00	9.830536e-01	4.878268e-02	6.014498e-01	6.207091e-01	3.464739e+00	1.003894e+00	6.980204e+00	7.316949e-01	2.458532e-01	2.044556e+00	7.980618e-01	1.042547e+00	7.429607e+01	1.420238e+02	2.682201e-01	7.467867e-02	2.098735e-14	
3  105.316	2.359567e+00	1.229755e-01	7.570272e-01	3.006471e+00	9.841960e-01	4.950979e-02	6.940697e-01	5.199161e-01	2.860162e+00	1.001932e+00	7.038512e+00	7.430732e-01	2.458927e-01	2.021766e+00	7.870883e-01	1.042158e+00	7.570644e+01	1.417476e+02	2.567810e-01	8.521126e-02	-6.068629e-14	
1  103.963	2.378570e+00	1.287341e-01	7.676079e-01	3.009005e+00	9.865472e-01	5.297696e-02	9.310147e-01	4.701925e-01	3.562525e+00	1.000014e+00	7.450528e+00	7.399951e-01	2.459694e-01	2.026973e+00	8.013566e-01	1.042755e+00	7.676138e+01	1.391531e+02	2.599117e-01	1.110862e-01	2.029743e-14	
3  106.799	2.408340e+00	1.269389e-01	7.830595e-01	3.006517e+00	9.899934e-01	4.876427e-02	9.844839e-01	3.771985e-01	2.851047e+00	1.005835e+00	6.941207e+00	7.525808e-01	2.460858e-01	2.021858e+00	7.925266e-01	1.042639e+00	7.830855e+01	1.390395e+02	2.472731e-01	1.167083e-01	-1.007374e-14	
3  106.606	2.399555e+00	1.269078e-01	7.876722e-01	2.990690e+00	9.957157e-01	4.472261e-02	1.019664e+00	6.246089e-02	2.671626e+00	1.004071e+00	6.535109e+00	7.557597e-01	2.460486e-01	1.989907e+00	7.876096e-01	1.042974e+00	7.876614e+01	1.389817e+02	2.441208e-01	1.202957e-01	-6.508809e-14	
5  105.044	2.379867e+00	1.276611e-01	7.743651e-01	2.980345e+00	9.876369e-01	4.135953e-02	9.489554e-01	2.495624e-01	2.842834e+00	9.994021e-01	6.206580e+00	7.463973e-01	2.459731e-01	1.969559e+00	7.862483e-01	1.042917e+00	7.743607e+01	1.393056e+02	2.535145e-01	1.129251e-01	-3.806036e-14	
1  104.738	2.352914e+00	1.269840e-01	7.482187e-01	2.988908e+00	9.751183e-01	4.791120e-02	7.414573e-01	3.772499e-01	3.300262e+00	9.917389e-01	6.946167e+00	7.299179e-01	2.458680e-01	1.986720e+00	7.899637e-01	1.042447e+00	7.483585e+01	1.406458e+02	2.700200e-01	9.062273e-02	-2.710056e-14	
1  104.376	2.307558e+00	1.238885e-01	7.271990e-01	2.983474e+00	9.759406e-01	4.555261e-02	4.950593e-01	6.728087e-01	3.609724e+00	9.887749e-01	6.718339e+00	7.208176e-01	2.456830e-01	1.975872e+00	7.869225e-01	1.042711e+00	7.273366e+01	1.429727e+02	2.791167e-01	6.237725e-02	1.459569e-14	
3  104.968	2.311369e+00	1.269024e-01	7.102471e-01	2.971100e+00	9.749052e-01	3.008527e-02	4.494616e-01	6.581629e-01	3.424977e+00	9.926532e-01	4.941747e+00	7.013720e-01	2.456977e-01	1.951078e+00	7.922546e-01	1.042340e+00	7.101915e+01	1.424055e+02	2.986214e-01	5.686377e-02	1.510603e-13	
3  105.547	2.320898e+00	1.278659e-01	7.258901e-01	2.964181e+00	9.779781e-01	3.476817e-02	6.117792e-01	3.773883e-01	3.079396e+00	9.890655e-01	5.518542e+00	7.121151e-01	2.457370e-01	1.937688e+00	7.886143e-01	1.042153e+00	7.259926e+01	1.413458e+02	2.878990e-01	7.582732e-02	1.959037e-13	
7  103.15	2.280253e+00	1.231301e-01	6.999134e-01	3.015263e+00	9.721973e-01	5.583341e-02	2.770046e-01	3.973803e-01	4.036409e+00	9.888467e-01	7.821919e+00	7.007453e-01	2.455684e-01	2.039311e+00	8.025944e-01	1.042153e+00	7.000253e+01	1.444758e+02	2.991678e-01	3.592451e-02	1.140812e-13	
6  103.061	2.201869e+00	1.235914e-01	6.663185e-01	3.032011e+00	9.603890e-01	5.771304e-02	7.841590e-02	5.611668e-01	3.783833e+00	9.896360e-01	8.185579e+00	6.706068e-01	2.452382e-01	2.073493e+00	8.150826e-01	1.041621e+00	6.665016e+01	1.461594e+02	3.293057e-01	1.054411e-02	9.416658e-14	
2  103.322	2.234300e+00	1.269832e-01	6.800600e-01	3.030120e+00	9.652097e-01	5.590058e-02	2.491237e-01	7.903890e-01	3.745691e+00	9.910405e-01	7.991640e+00	6.757066e-01	2.453762e-01	2.069543e+00	8.214564e-01	1.042435e+00	6.800848e+01	1.441420e+02	3.241842e-01	3.240065e-02	7.094424e-14	
3  103.672	2.199338e+00	1.231843e-01	6.695469e-01	3.037246e+00	9.641976e-01	6.151332e-02	1.052788e-01	7.411317e-01	4.429923e+00	9.901521e-01	8.563398e+00	6.746862e-01	2.452276e-01	2.084444e+00	8.161867e-01	1.041315e+00	6.697175e+01	1.461589e+02	3.251985e-01	1.402662e-02	1.009563e-13	
4  103.413	2.199338e+00	1.231843e-01	6.695469e-01	3.037246e+00	9.641976e-01	6.151332e-02	1.052788e-01	7.411317e-01	4.429923e+00	9.906486e-01	8.563398e+00	6.746862e-01	2.452276e-01	2.084444e+00	8.161867e-01	1.041315e+00	6.697175e+01	1.461589e+02	3.251985e-01	1.402662e-02	1.009563e-13	
1  102.636	2.229384e+00	1.221909e-01	6.810205e-01	3.041712e+00	9.559602e-01	6.094387e-02	1.400921e-01	9.914846e-01	4.581757e+00	9.935829e-01	8.428773e+00	6.869252e-01	2.453559e-01	2.094310e+00	8.105776e-01	1.041699e+00	6.810895e+01	1.459246e+02	3.129641e-01	1.853798e-02	2.164748e-14	
1  102.841	2.248617e+00	1.214375e-01	6.871990e-01	3.058533e+00	9.617044e-01	7.261886e-02	1.517918e-01	9.226698e-01	4.770821e+00	9.916972e-01	9.477064e+00	6.937314e-01	2.454376e-01	2.129605e+00	8.156574e-01	1.041817e+00	6.872858e+01	1.458513e+02	3.061328e-01	2.006746e-02	1.232754e-14	
4  102.402	2.276914e+00	1.254188e-01	7.070467e-01	3.055113e+00	9.617555e-01	6.867445e-02	4.131739e-01	8.462198e-01	4.339396e+00	9.962336e-01	9.129377e+00	7.021483e-01	2.455567e-01	2.122316e+00	8.191872e-01	1.042079e+00	7.070339e+01	1.433008e+02	2.977281e-01	5.260369e-02	-1.971330e-14	
18  102.288	2.276914e+00	1.254188e-01	7.070467e-01	3.055113e+00	9.617555e-01	6.867445e-02	4.131739e-01	8.462198e-01	4.339396e+00	9.986607e-01	9.129377e+00	7.021483e-01	2.455567e-01	2.122316e+00	8.191872e-01	1.042079e+00	7.070339e+01	1.433008e+02	2.977281e-01	5.260369e-02	-1.971330e-14	
12  101.056	2.248303e+00	1.229294e-01	6.828277e-01	3.045375e+00	9.611143e-01	5.264352e-02	1.458253e-01	8.825389e-01	4.785641e+00	1.004344e+00	7.548598e+00	6.866307e-01	2.454350e-01	2.102031e+00	8.156614e-01	1.042288e+00	6.828682e+01	1.455023e+02	3.132649e-01	1.914547e-02	3.875289e-14	
5  100.867	2.248303e+00	1.229294e-01	6.828277e-01	3.045375e+00	9.611143e-01	5.264352e-02	1.458253e-01	8.825389e-01	4.785641e+00	1.002735e+00	7.548598e+00	6.866307e-01	2.454350e-01	2.102031e+00	8.156614e-01	1.042288e+00	6.828682e+01	1.455023e+02	3.132649e-01	1.914547e-02	3.875289e-14	
1  101.886	2.248498e+00	1.269776e-01	6.810071e-01	3.068437e+00	9.598434e-01	5.966969e-02	2.581915e-01	9.120832e-01	3.485304e+00	1.005826e+00	8.330785e+00	6.762249e-01	2.454362e-01	2.150841e+00	8.343806e-01	1.042027e+00	6.810311e+01	1.439454e+02	3.236640e-01	3.344110e-02	-1.698174e-15	
1  102.573	2.230149e+00	1.251304e-01	6.651000e-01	3.079659e+00	9.598622e-01	7.310570e-02	1.027979e-01	8.768008e-01	2.513717e+00	9.971154e-01	9.631833e+00	6.653676e-01	2.453558e-01	2.174538e+00	8.371977e-01	1.041228e+00	6.650945e+01	1.453460e+02	3.345665e-01	1.364495e-02	1.262689e-13	
9  101.948	2.267345e+00	1.267282e-01	6.871581e-01	3.072573e+00	9.605831e-01	6.551534e-02	3.026184e-01	8.207689e-01	2.415852e+00	1.003854e+00	8.856911e+00	6.821342e-01	2.455143e-01	2.159586e+00	8.332196e-01	1.041573e+00	6.870818e+01	1.435969e+02	3.177682e-01	3.897304e-02	-1.344699e-14	
4  102.579	2.250544e+00	1.242298e-01	6.667143e-01	3.013093e+00	9.555506e-01	3.138337e-02	5.454165e-02	9.239603e-01	3.191972e+00	1.003254e+00	5.138901e+00	6.683618e-01	2.454447e-01	2.035238e+00	8.069949e-01	1.041909e+00	6.667546e+01	1.455808e+02	3.315021e-01	7.321395e-03	-2.774242e-14	
11  102.968	2.250544e+00	1.242298e-01	6.667143e-01	3.013093e+00	9.555506e-01	3.138337e-02	5.454165e-02	9.239603e-01	3.191972e+00	1.004899e+00	5.138901e+00	6.683618e-01	2.454447e-01	2.035238e+00	8.069949e-01	1.041909e+00	6.667546e+01	1.455808e+02	3.315021e-01	7.321395e-03	-2.774242e-14	
7  102.94	2.250126e+00	1.228300e-01	6.691039e-01	3.022161e+00	9.614959e-01	3.696549e-02	1.786151e-02	8.853490e-01	3.831162e+00	1.004663e+00	5.797707e+00	6.738312e-01	2.454422e-01	2.053808e+00	8.096214e-01	1.042479e+00	6.692226e+01	1.461248e+02	3.260148e-01	2.525657e-03	-1.060795e-14	
14  102.818	2.251473e+00	1.233406e-01	6.747081e-01	3.009782e+00	9.599084e-01	2.951887e-02	8.729857e-02	8.986214e-01	4.165776e+00	1.007102e+00	4.901757e+00	6.780741e-01	2.454496e-01	2.028580e+00	8.036262e-01	1.042236e+00	6.747969e+01	1.456394e+02	3.218041e-01	1.166460e-02	5.206149e-14	
1  103.09	2.299825e+00	1.259515e-01	6.983395e-01	3.044344e+00	9.609487e-01	4.923740e-02	3.212209e-01	8.395678e-01	4.344098e+00	1.007447e+00	7.130011e+00	6.931049e-01	2.456498e-01	2.099914e+00	8.183713e-01	1.042560e+00	6.984308e+01	1.433588e+02	3.067573e-01	4.125286e-02	-3.822465e-14	
10  103.834	2.260702e+00	1.275858e-01	6.820096e-01	3.093280e+00	9.615728e-01	6.888059e-02	2.896016e-01	8.510948e-01	4.456626e+00	1.010406e+00	9.201632e+00	6.755953e-01	2.454896e-01	2.204995e+00	8.455067e-01	1.041536e+00	6.820323e+01	1.435195e+02	3.243374e-01	3.736134e-02	2.928264e-15	
3  103.495	2.252010e+00	1.250828e-01	6.664152e-01	3.074995e+00	9.556429e-01	6.099730e-02	1.052215e-01	8.373198e-01	4.211010e+00	1.006619e+00	8.401782e+00	6.662409e-01	2.454500e-01	2.165017e+00	8.326415e-01	1.040897e+00	6.664315e+01	1.451108e+02	3.337350e-01	1.384526e-02	5.295370e-14	
8  103.723	2.258036e+00	1.266837e-01	6.742903e-01	3.064855e+00	9.508641e-01	5.904242e-02	2.146542e-01	8.491716e-01	3.658676e+00	1.004716e+00	8.237250e+00	6.702614e-01	2.454747e-01	2.143135e+00	8.288928e-01	1.040966e+00	6.742618e+01	1.441223e+02	3.296650e-01	2.788231e-02	5.962997e-14	
1  102.82	2.278649e+00	1.245024e-01	6.903525e-01	3.052875e+00	9.557540e-01	5.437742e-02	2.512589e-01	5.153610e-01	3.502808e+00	1.006677e+00	7.688825e+00	6.894510e-01	2.455620e-01	2.117770e+00	8.175171e-01	1.041693e+00	6.903167e+01	1.442718e+02	3.104382e-01	3.258127e-02	5.142819e-14	
3  104.088	2.271476e+00	1.249783e-01	6.781063e-01	3.052527e+00	9.493729e-01	5.240167e-02	1.798259e-01	6.754726e-01	4.131855e+00	1.005386e+00	7.502453e+00	6.772829e-01	2.455316e-01	2.117097e+00	8.186821e-01	1.041198e+00	6.780905e+01	1.445717e+02	3.226235e-01	2.345100e-02	6.807484e-14	
2  105.138	2.281928e+00	1.245536e-01	7.028770e-01	2.989137e+00	9.531842e-01	2.992098e-02	3.275171e-01	8.216178e-01	4.508497e+00	1.001383e+00	4.953526e+00	7.002909e-01	2.455779e-01	1.987025e+00	7.899921e-01	1.042739e+00	7.029124e+01	1.438693e+02	2.997250e-01	4.200964e-02	8.204375e-14	
2  105.198	2.281928e+00	1.245536e-01	7.028770e-01	2.989137e+00	9.531842e-01	2.992098e-02	3.275171e-01	8.216178e-01	4.508497e+00	1.001512e+00	4.953526e+00	7.002909e-01	2.455779e-01	1.987025e+00	7.899921e-01	1.042739e+00	7.029124e+01	1.438693e+02	2.997250e-01	4.200964e-02	8.204375e-14	
1  104.214	2.247003e+00	1.242312e-01	6.784348e-01	2.999789e+00	9.475797e-01	3.586244e-02	1.584326e-01	9.423810e-01	3.283580e+00	9.972730e-01	5.719906e+00	6.797117e-01	2.454296e-01	2.008488e+00	7.967398e-01	1.041928e+00	6.785175e+01	1.451249e+02	3.202499e-01	2.084112e-02	-3.873091e-14	
2  103.946	2.261569e+00	1.236859e-01	6.865713e-01	3.040976e+00	9.549715e-01	6.112837e-02	1.814108e-01	9.520313e-01	3.393518e+00	9.942805e-01	8.408181e+00	6.881418e-01	2.454901e-01	2.092453e+00	8.132012e-01	1.042581e+00	6.867171e+01	1.450038e+02	3.117918e-01	2.375293e-02	-6.821360e-14	
1  103.24	2.235426e+00	1.247996e-01	6.689910e-01	3.049764e+00	9.521629e-01	6.016289e-02	9.160869e-02	9.805050e-01	2.890911e+00	9.959339e-01	8.382157e+00	6.697652e-01	2.453784e-01	2.110623e+00	8.225944e-01	1.042287e+00	6.691521e+01	1.454362e+02	3.301686e-01	1.210248e-02	-7.799081e-15	
16  103.283	2.247148e+00	1.209076e-01	6.807921e-01	3.040366e+00	9.655335e-01	6.189865e-02	5.477205e-02	9.234191e-01	2.756511e+00	9.940617e-01	8.453659e+00	6.891193e-01	2.454286e-01	2.091081e+00	8.113512e-01	1.042747e+00	6.808462e+01	1.464895e+02	3.107435e-01	7.347859e-03	-7.564761e-15	
1  103.314	2.285767e+00	1.242208e-01	7.259094e-01	3.028802e+00	9.736265e-01	6.544612e-02	5.111158e-01	9.566005e-01	2.600110e+00	9.949064e-01	8.781997e+00	7.195079e-01	2.455932e-01	2.067243e+00	8.057641e-01	1.042742e+00	7.258842e+01	1.430502e+02	2.803603e-01	6.428719e-02	-7.930938e-14	
3  102.327	2.251277e+00	1.220267e-01	6.967572e-01	3.029643e+00	9.641947e-01	5.727381e-02	2.282166e-01	9.459727e-01	2.779556e+00	9.970078e-01	8.014012e+00	7.007774e-01	2.454478e-01	2.069085e+00	8.051401e-01	1.042536e+00	6.967378e+01	1.453016e+02	2.991140e-01	2.974103e-02	-4.110988e-14	
3  101.86	2.258114e+00	1.238221e-01	7.002641e-01	3.049775e+00	9.714308e-01	6.830089e-02	3.206126e-01	8.416800e-01	2.491802e+00	9.975005e-01	9.101130e+00	7.000255e-01	2.454759e-01	2.110813e+00	8.182132e-01	1.042092e+00	7.002259e+01	1.443304e+02	2.998301e-01	4.126591e-02	-2.733935e-14	
10  101.601	2.225388e+00	1.231217e-01	6.755020e-01	3.044680e+00	9.564684e-01	5.730994e-02	1.165693e-01	7.114171e-01	3.514211e+00	9.994083e-01	8.087444e+00	6.799026e-01	2.453380e-01	2.100364e+00	8.159589e-01	1.041933e+00	6.755573e+01	1.458408e+02	3.200095e-01	1.541964e-02	2.098773e-14	
2  102.741	2.201480e+00	1.242597e-01	6.574217e-01	3.062743e+00	9.515149e-01	5.724130e-02	4.338052e-02	7.165885e-01	3.620793e+00	1.004756e+00	8.139312e+00	6.601430e-01	2.452354e-01	2.138752e+00	8.271416e-01	1.040856e+00	6.574742e+01	1.461682e+02	3.398015e-01	5.743682e-03	1.188988e-13	
2  102.142	2.265574e+00	1.275593e-01	6.979728e-01	3.023726e+00	9.664988e-01	4.133858e-02	4.079257e-01	7.307906e-01	3.329395e+00	1.007905e+00	6.357242e+00	6.902109e-01	2.455083e-01	2.057068e+00	8.153346e-01	1.042084e+00	6.979402e+01	1.429188e+02	3.096783e-01	5.191173e-02	-1.982749e-14	
4  101.934	2.265671e+00	1.274594e-01	6.971241e-01	3.030736e+00	9.610406e-01	5.652342e-02	3.954414e-01	5.197102e-01	2.841969e+00	9.966087e-01	8.001643e+00	6.897190e-01	2.455077e-01	2.071036e+00	8.165267e-01	1.042148e+00	6.971587e+01	1.430028e+02	3.101981e-01	5.043929e-02	-5.938690e-14	
3  101.629	2.271283e+00	1.245238e-01	6.981274e-01	3.026263e+00	9.620531e-01	5.242971e-02	3.119582e-01	7.041208e-01	2.378524e+00	9.990967e-01	7.517269e+00	6.964546e-01	2.455305e-01	2.062020e+00	8.077455e-01	1.042125e+00	6.980985e+01	1.440564e+02	3.034406e-01	4.020168e-02	-4.874263e-14	
4  101.508	2.271283e+00	1.245238e-01	6.981274e-01	3.026263e+00	9.620531e-01	5.242971e-02	3.119582e-01	7.041208e-01	2.378524e+00	9.988793e-01	7.517269e+00	6.964546e-01	2.455305e-01	2.062020e+00	8.077455e-01	1.042125e+00	6.980985e+01	1.440564e+02	3.034406e-01	4.020168e-02	-4.874263e-14	
6  101.509	2.241880e+00	1.255269e-01	6.873390e-01	3.015128e+00	9.624820e-01	4.737628e-02	2.837308e-01	6.790837e-01	3.097534e+00	9.973306e-01	7.051022e+00	6.853954e-01	2.454081e-01	2.039242e+00	8.081333e-01	1.041744e+00	6.873724e+01	1.442489e+02	3.145088e-01	3.671633e-02	-2.226848e-14	
3  101.303	2.241880e+00	1.255269e-01	6.873390e-01	3.015128e+00	9.624820e-01	4.737628e-02	2.837308e-01	6.790837e-01	3.097534e+00	9.952921e-01	7.051022e+00	6.853954e-01	2.454081e-01	2.039242e+00	8.081333e-01	1.041744e+00	6.873724e+01	1.442489e+02	3.145088e-01	3.671633e-02	-2.226848e-14	
7  101.607	2.277342e+00	1.257190e-01	7.109562e-01	3.001326e+00	9.669147e-01	4.297134e-02	4.532105e-01	7.170293e-01	2.932280e+00	9.971119e-01	6.509239e+00	7.048611e-01	2.455571e-01	2.011446e+00	7.990077e-01	1.042156e+00	7.109550e+01	1.430338e+02	2.950549e-01	5.737609e-02	-3.800374e-14	
7  102.032	2.277342e+00	1.257190e-01	7.109562e-01	3.001326e+00	9.669147e-01	4.297134e-02	4.532105e-01	7.170293e-01	2.932280e+00	9.961469e-01	6.509239e+00	7.048611e-01	2.455571e-01	2.011446e+00	7.990077e-01	1.042156e+00	7.109550e+01	1.430338e+02	2.950549e-01	5.737609e-02	-3.800374e-14	
7  102.617	2.273252e+00	1.267423e-01	7.190500e-01	3.002692e+00	9.698896e-01	4.880423e-02	5.418889e-01	8.581394e-01	2.610625e+00	9.931867e-01	7.174058e+00	7.095542e-01	2.455405e-01	2.014066e+00	8.019414e-01	1.042675e+00	7.190569e+01	1.424248e+02	2.903716e-01	6.784413e-02	-8.135084e-14	
6  105.149	2.291959e+00	1.340317e-01	7.481512e-01	2.982416e+00	9.785046e-01	3.727019e-02	9.740857e-01	7.763610e-01	2.836636e+00	9.990846e-01	5.953581e+00	7.184798e-01	2.456193e-01	1.973578e+00	8.075777e-01	1.043598e+00	7.481969e+01	1.386446e+02	2.815259e-01	1.156373e-01	1.562908e-14	
1  104.794	2.291959e+00	1.340317e-01	7.481512e-01	2.982416e+00	9.785046e-01	3.727019e-02	9.740857e-01	7.763610e-01	2.836636e+00	1.000423e+00	5.953581e+00	7.184798e-01	2.456193e-01	1.973578e+00	8.075777e-01	1.043598e+00	7.481969e+01	1.386446e+02	2.815259e-01	1.156373e-01	1.562908e-14	
1  105.301	2.284833e+00	1.348458e-01	7.480457e-01	2.966117e+00	9.795265e-01	2.904120e-02	1.016032e+00	4.201307e-01	3.051625e+00	1.001234e+00	4.969499e+00	7.170470e-01	2.455921e-01	1.941659e+00	8.026285e-01	1.043228e+00	7.481368e+01	1.383523e+02	2.829519e-01	1.201200e-01	1.072424e-13	
1  106.319	2.281796e+00	1.408524e-01	7.518031e-01	2.969468e+00	9.744867e-01	2.821455e-02	1.249214e+00	2.578086e-01	3.063982e+00	1.003533e+00	4.939501e+00	7.091591e-01	2.455814e-01	1.948522e+00	8.133197e-01	1.042797e+00	7.518843e+01	1.361292e+02	2.907820e-01	1.438216e-01	1.658686e-13	
6  106.05	2.320981e+00	1.468064e-01	7.587249e-01	2.985007e+00	9.690950e-01	3.858026e-02	1.462809e+00	2.500020e-01	3.185809e+00	9.994197e-01	6.231769e+00	7.034044e-01	2.457408e-01	1.979064e+00	8.274224e-01	1.042562e+00	7.585895e+01	1.336910e+02	2.964827e-01	1.642193e-01	1.046592e-13	
1  105.617	2.335454e+00	1.443443e-01	7.601847e-01	2.994001e+00	9.732660e-01	3.749874e-02	1.365685e+00	2.630388e-01	3.973824e+00	1.003943e+00	6.042860e+00	7.085727e-01	2.458012e-01	1.996749e+00	8.284911e-01	1.043249e+00	7.601589e+01	1.344225e+02	2.912972e-01	1.550049e-01	5.161259e-14	
3  106.126	2.335454e+00	1.443443e-01	7.601847e-01	2.994001e+00	9.732660e-01	3.749874e-02	1.365685e+00	2.630388e-01	3.973824e+00	1.002211e+00	6.042860e+00	7.085727e-01	2.458012e-01	1.996749e+00	8.284911e-01	1.043249e+00	7.601589e+01	1.344225e+02	2.912972e-01	1.550049e-01	5.161259e-14	
3  105.651	2.309812e+00	1.399365e-01	7.528284e-01	3.074742e+00	9.780459e-01	8.387114e-02	1.203196e+00	2.876358e-01	4.539019e+00	9.978112e-01	1.075197e+01	7.111295e-01	2.456968e-01	2.164451e+00	8.562041e-01	1.042864e+00	7.527798e+01	1.362491e+02	2.888199e-01	1.390513e-01	-1.404453e-14	
1  106.056	2.321374e+00	1.411234e-01	7.618328e-01	2.985097e+00	9.831316e-01	4.168519e-02	1.295689e+00	3.141986e-01	4.277716e+00	9.970687e-01	6.521362e+00	7.156820e-01	2.457433e-01	1.978886e+00	8.215125e-01	1.043274e+00	7.617541e+01	1.355101e+02	2.842481e-01	1.482051e-01	5.937424e-14	
1  106.44	2.352985e+00	1.417951e-01	7.767415e-01	2.954823e+00	9.833028e-01	2.846071e-02	1.418969e+00	7.952740e-01	4.428673e+00	9.973733e-01	4.887867e+00	7.248465e-01	2.458703e-01	1.919577e+00	8.069112e-01	1.043323e+00	7.766587e+01	1.345738e+02	2.750669e-01	1.601178e-01	8.643475e-14	
6  105.844	2.317808e+00	1.379261e-01	7.536954e-01	2.943434e+00	9.779711e-01	2.195590e-02	1.145451e+00	7.308420e-01	4.584451e+00	9.949731e-01	4.030023e+00	7.151499e-01	2.457299e-01	1.897879e+00	7.971706e-01	1.042771e+00	7.536677e+01	1.368227e+02	2.847784e-01	1.333883e-01	1.667699e-13	
4  105.896	2.326666e+00	1.398679e-01	7.532608e-01	2.978896e+00	9.612948e-01	3.539741e-02	1.186107e+00	6.516956e-01	4.833098e+00	9.960026e-01	5.745419e+00	7.113080e-01	2.457628e-01	1.966652e+00	8.101394e-01	1.042971e+00	7.532504e+01	1.361611e+02	2.887051e-01	1.373234e-01	4.753322e-14	
1  108.429	2.354901e+00	1.426696e-01	7.872244e-01	2.953765e+00	9.687212e-01	3.384879e-02	1.525869e+00	7.118437e-01	3.949349e+00	9.927446e-01	5.565918e+00	7.307580e-01	2.458754e-01	1.917751e+00	8.012661e-01	1.043670e+00	7.871783e+01	1.339728e+02	2.693778e-01	1.700337e-01	-6.668475e-14	
2  108.188	2.411109e+00	1.405062e-01	8.024748e-01	2.969991e+00	9.766117e-01	3.513350e-02	1.525767e+00	5.074795e-01	3.670918e+00	1.000340e+00	5.616078e+00	7.434283e-01	2.460975e-01	1.949024e+00	8.025938e-01	1.044174e+00	8.023978e+01	1.338681e+02	2.565555e-01	1.698322e-01	-1.386622e-13	
1  108.547	2.442219e+00	1.393217e-01	8.241593e-01	2.953448e+00	9.871777e-01	2.948479e-02	1.680718e+00	2.587093e-01	4.954253e+00	1.003956e+00	4.905455e+00	7.579492e-01	2.462183e-01	1.916894e+00	7.900858e-01	1.043284e+00	8.238577e+01	1.332172e+02	2.418631e-01	1.840123e-01	-9.978171e-14	
2  108.614	2.476533e+00	1.465084e-01	8.388553e-01	2.988543e+00	9.906393e-01	5.149130e-02	1.998764e+00	4.418137e-01	4.199004e+00	1.000835e+00	7.437803e+00	7.553312e-01	2.463513e-01	1.985910e+00	8.174545e-01	1.043431e+00	8.384619e+01	1.303237e+02	2.444784e-01	2.114404e-01	-6.331211e-13	
1  109.175	2.450251e+00	1.463514e-01	8.264651e-01	2.946954e+00	9.888547e-01	2.947921e-02	1.893887e+00	6.271319e-01	3.621520e+00	9.996424e-01	4.980697e+00	7.488083e-01	2.462491e-01	1.904334e+00	8.035879e-01	1.043857e+00	8.261643e+01	1.309545e+02	2.510219e-01	2.027109e-01	-4.671274e-13	
5  109.49	2.420592e+00	1.408724e-01	7.988372e-01	2.945982e+00	9.820797e-01	1.393283e-02	1.530102e+00	9.722935e-01	4.073448e+00	1.008980e+00	2.888685e+00	7.402181e-01	2.461374e-01	1.901392e+00	7.948961e-01	1.043154e+00	7.988831e+01	1.336922e+02	2.595855e-01	1.703662e-01	5.407818e-15	
1  109.529	2.420592e+00	1.408724e-01	7.988372e-01	2.945982e+00	9.820797e-01	1.393283e-02	1.530102e+00	9.722935e-01	4.073448e+00	1.011255e+00	2.888685e+00	7.402181e-01	2.461374e-01	1.901392e+00	7.948961e-01	1.043154e+00	7.988831e+01	1.336922e+02	2.595855e-01	1.703662e-01	5.407818e-15	
2  107.575	2.417377e+00	1.397891e-01	7.955354e-01	2.970216e+00	9.811498e-01	2.876978e-02	1.469186e+00	8.796631e-01	4.744831e+00	1.008010e+00	4.822915e+00	7.398841e-01	2.461243e-01	1.949298e+00	8.027951e-01	1.043201e+00	7.955209e+01	1.341733e+02	2.599581e-01	1.646755e-01	2.133939e-14	
5  107.17	2.388311e+00	1.430721e-01	7.920603e-01	2.973583e+00	9.751964e-01	2.993372e-02	1.568683e+00	6.991622e-01	4.956204e+00	1.008043e+00	5.042743e+00	7.327740e-01	2.460104e-01	1.955846e+00	8.099415e-01	1.043135e+00	7.920113e+01	1.333988e+02	2.670777e-01	1.739611e-01	1.056971e-13	
2  105.278	2.353694e+00	1.380400e-01	7.734306e-01	2.963381e+00	9.790940e-01	2.569977e-02	1.284807e+00	8.253698e-01	4.314277e+00	1.005904e+00	4.490550e+00	7.288388e-01	2.458719e-01	1.935970e+00	8.010890e-01	1.042993e+00	7.734535e+01	1.358816e+02	2.710868e-01	1.471770e-01	1.437301e-13	
1  105.309	2.353694e+00	1.380400e-01	7.734306e-01	2.963381e+00	9.790940e-01	2.569977e-02	1.284807e+00	8.253698e-01	4.314277e+00	1.004355e+00	4.490550e+00	7.288388e-01	2.458719e-01	1.935970e+00	8.010890e-01	1.042993e+00	7.734535e+01	1.358816e+02	2.710868e-01	1.471770e-01	1.437301e-13	
6  105.275	2.341874e+00	1.376325e-01	7.575776e-01	3.049810e+00	9.853088e-01	7.283156e-02	1.169212e+00	9.347513e-01	4.753232e+00	9.987965e-01	9.610407e+00	7.181405e-01	2.458262e-01	2.111203e+00	8.404949e-01	1.042174e+00	7.574848e+01	1.365710e+02	2.818282e-01	1.355546e-01	1.812899e-13	
3  105.397	2.379587e+00	1.313735e-01	7.817218e-01	3.056018e+00	9.969830e-01	7.890137e-02	1.135039e+00	6.343157e-01	4.951993e+00	1.001660e+00	9.944473e+00	7.448008e-01	2.459755e-01	2.124259e+00	8.269762e-01	1.042733e+00	7.817277e+01	1.376943e+02	2.551528e-01	1.321863e-01	1.341889e-13	
9  105.931	2.379587e+00	1.313735e-01	7.817218e-01	3.056018e+00	9.969830e-01	7.890137e-02	1.135039e+00	6.343157e-01	4.951993e+00	1.000920e+00	9.944473e+00	7.448008e-01	2.459755e-01	2.124259e+00	8.269762e-01	1.042733e+00	7.817277e+01	1.376943e+02	2.551528e-01	1.321863e-01	1.341889e-13	
1  109.554	2.419636e+00	1.336958e-01	8.061626e-01	3.051477e+00	1.010190e+00	8.389291e-02	1.361815e+00	7.139164e-01	4.857634e+00	9.983187e-01	1.033538e+01	7.556477e-01	2.461311e-01	2.114915e+00	8.301480e-01	1.043415e+00	8.060710e+01	1.358782e+02	2.443903e-01	1.545047e-01	2.624364e-13	
1  108.677	2.419636e+00	1.336958e-01	8.061626e-01	3.051477e+00	1.010190e+00	8.389291e-02	1.361815e+00	7.139164e-01	4.857634e+00	9.998255e-01	1.033538e+01	7.556477e-01	2.461311e-01	2.114915e+00	8.301480e-01	1.043415e+00	8.060710e+01	1.358782e+02	2.443903e-01	1.545047e-01	2.624364e-13	
6  107.26	2.435197e+00	1.326008e-01	8.079542e-01	3.053086e+00	1.003532e+00	7.691807e-02	1.327949e+00	8.085321e-01	4.839898e+00	1.006037e+00	9.665179e+00	7.581614e-01	2.461928e-01	2.118385e+00	8.249424e-01	1.043440e+00	8.079577e+01	1.360870e+02	2.417731e-01	1.513434e-01	1.473272e-13	
1  107.516	2.441512e+00	1.342397e-01	8.217509e-01	3.076006e+00	1.003101e+00	8.973923e-02	1.492488e+00	6.719412e-01	4.206517e+00	1.007640e+00	1.078851e+01	7.636501e-01	2.462176e-01	2.167163e+00	8.345904e-01	1.043468e+00	8.217453e+01	1.350208e+02	2.362622e-01	1.670088e-01	1.309441e-13	
1  106.176	2.417622e+00	1.331981e-01	8.045757e-01	3.072378e+00	9.981456e-01	8.648091e-02	1.347046e+00	8.462287e-01	3.451714e+00	1.006351e+00	1.055067e+01	7.555907e-01	2.461256e-01	2.159333e+00	8.327413e-01	1.043030e+00	8.045974e+01	1.360552e+02	2.443260e-01	1.531831e-01	1.208643e-13	
1  107.429	2.432300e+00	1.313629e-01	8.014966e-01	3.061282e+00	9.983320e-01	7.677757e-02	1.253970e+00	7.568119e-01	4.639689e+00	1.008883e+00	9.632142e+00	7.562704e-01	2.461836e-01	2.135613e+00	8.240625e-01	1.042876e+00	8.015788e+01	1.366844e+02	2.436385e-01	1.441536e-01	1.238922e-13	
4  107.369	2.432300e+00	1.313629e-01	8.014966e-01	3.061282e+00	9.983320e-01	7.677757e-02	1.253970e+00	7.568119e-01	4.639689e+00	1.009793e+00	9.632142e+00	7.562704e-01	2.461836e-01	2.135613e+00	8.240625e-01	1.042876e+00	8.015788e+01	1.366844e+02	2.436385e-01	1.441536e-01	1.238922e-13	
1  109.198	2.443009e+00	1.284268e-01	8.097536e-01	3.070227e+00	1.010653e+00	8.640934e-02	1.202437e+00	7.439712e-01	4.285479e+00	1.007418e+00	1.037477e+01	7.653943e-01	2.462212e-01	2.154820e+00	8.233968e-01	1.043465e+00	8.098352e+01	1.374343e+02	2.346077e-01	1.390751e-01	1.931878e-13	
4  105.742	2.401013e+00	1.305626e-01	7.868378e-01	3.092214e+00	9.966015e-01	9.344099e-02	1.112235e+00	9.132228e-01	4.430364e+00	1.005947e+00	1.110784e+01	7.490752e-01	2.460611e-01	2.202814e+00	8.394779e-01	1.043451e+00	7.869007e+01	1.377484e+02	2.508652e-01	1.299496e-01	2.172695e-13	
2  103.91	2.343417e+00	1.288654e-01	7.412680e-01	3.064464e+00	9.813289e-01	6.572071e-02	7.473152e-01	8.342678e-01	4.925897e+00	1.010262e+00	8.752424e+00	7.215447e-01	2.458304e-01	2.142409e+00	8.291135e-01	1.042457e+00	7.413000e+01	1.402788e+02	2.783751e-01	9.119739e-02	5.101524e-14	
4  104.039	2.377566e+00	1.279632e-01	7.634187e-01	2.999874e+00	9.875008e-01	4.582256e-02	8.683718e-01	9.439285e-01	4.519326e+00	1.003180e+00	6.687176e+00	7.385433e-01	2.459643e-01	2.008513e+00	7.973992e-01	1.042869e+00	7.634286e+01	1.396094e+02	2.613848e-01	1.043276e-01	5.954150e-14	
3  104.443	2.386050e+00	1.274076e-01	7.711768e-01	3.008344e+00	9.893389e-01	5.943661e-02	9.172470e-01	9.417616e-01	4.463486e+00	9.966698e-01	8.057837e+00	7.443884e-01	2.460001e-01	2.025754e+00	7.975502e-01	1.042637e+00	7.712435e+01	1.394472e+02	2.555190e-01	1.096365e-01	9.250026e-14	
5  104.953	2.367947e+00	1.264228e-01	7.821848e-01	2.994055e+00	9.896858e-01	4.959591e-02	9.776623e-01	6.983586e-01	3.985636e+00	1.002316e+00	7.094494e+00	7.535518e-01	2.459254e-01	1.996919e+00	7.878531e-01	1.043204e+00	7.820866e+01	1.395870e+02	2.463032e-01	1.160600e-01	-5.616751e-14	
6  105.552	2.372920e+00	1.254072e-01	7.716638e-01	2.973818e+00	9.850867e-01	3.794006e-02	8.659907e-01	9.739494e-01	4.632219e+00	1.001114e+00	5.803179e+00	7.485400e-01	2.459465e-01	1.956858e+00	7.777745e-01	1.042752e+00	7.716943e+01	1.402577e+02	2.513607e-01	1.040848e-01	9.028055e-15	
7  102.979	2.358260e+00	1.273616e-01	7.655483e-01	3.022767e+00	9.881824e-01	6.252162e-02	8.758292e-01	6.743158e-01	4.595191e+00	9.996912e-01	8.407465e+00	7.412137e-01	2.458888e-01	2.055001e+00	8.054608e-01	1.043133e+00	7.655076e+01	1.399135e+02	2.586739e-01	1.052173e-01	3.815051e-14	
5  102.496	2.340372e+00	1.243934e-01	7.487885e-01	3.040190e+00	9.854595e-01	6.781053e-02	6.693930e-01	5.565662e-01	4.061637e+00	1.000475e+00	8.884867e+00	7.351438e-01	2.458169e-01	2.091015e+00	8.078511e-01	1.042662e+00	7.487851e+01	1.417093e+02	2.647342e-01	8.248405e-02	2.965517e-15	
1  103.462	2.351324e+00	1.264862e-01	7.569861e-01	3.076733e+00	9.859076e-01	8.784349e-02	7.772439e-01	4.589770e-01	3.491211e+00	9.993326e-01	1.067497e+01	7.370051e-01	2.458627e-01	2.168840e+00	8.270074e-01	1.043260e+00	7.569440e+01	1.406172e+02	2.629012e-01	9.451836e-02	3.746822e-14	
3  103.902	2.349375e+00	1.362219e-01	7.643512e-01	3.045032e+00	9.807011e-01	7.688016e-02	1.157643e+00	5.729065e-01	3.920571e+00	9.951390e-01	9.933106e+00	7.254300e-01	2.458553e-01	2.101041e+00	8.329929e-01	1.042837e+00	7.643663e+01	1.368431e+02	2.745301e-01	1.345718e-01	8.546449e-14	
3  103.419	2.317209e+00	1.367650e-01	7.453747e-01	3.045925e+00	9.701858e-01	7.165227e-02	1.036473e+00	8.195565e-01	3.737271e+00	9.961200e-01	9.539816e+00	7.109289e-01	2.457240e-01	2.102712e+00	8.358213e-01	1.042789e+00	7.453659e+01	1.375372e+02	2.890339e-01	1.221860e-01	3.293399e-14	
3  102.483	2.338080e+00	1.334789e-01	7.518580e-01	3.048506e+00	9.789918e-01	6.815129e-02	9.649894e-01	7.800800e-01	3.575507e+00	1.002121e+00	9.096164e+00	7.213109e-01	2.458089e-01	2.108450e+00	8.312659e-01	1.043112e+00	7.518301e+01	1.383471e+02	2.786052e-01	1.146888e-01	3.901925e-14	
2  103.653	2.292321e+00	1.249842e-01	7.163904e-01	3.097592e+00	9.709342e-01	9.075593e-02	4.321534e-01	4.888801e-01	3.801022e+00	9.979461e-01	1.105018e+01	7.104344e-01	2.456215e-01	2.214589e+00	8.382123e-01	1.043261e+00	7.163509e+01	1.431604e+02	2.894419e-01	5.472025e-02	-9.980444e-14	
1  103.081	2.301590e+00	1.274743e-01	7.052887e-01	3.077214e+00	9.647589e-01	6.704884e-02	4.174455e-01	8.926113e-01	3.839387e+00	1.006480e+00	8.940942e+00	6.960078e-01	2.456584e-01	2.169984e+00	8.356250e-01	1.042826e+00	7.053816e+01	1.425234e+02	3.038435e-01	5.298772e-02	-7.126946e-14	
5  103.596	2.335264e+00	1.291628e-01	7.196045e-01	3.054074e+00	9.684622e-01	6.600454e-02	5.593852e-01	5.526386e-01	2.826042e+00	9.988386e-01	8.805693e+00	7.041181e-01	2.457955e-01	2.120364e+00	8.275651e-01	1.042980e+00	7.196521e+01	1.411267e+02	2.957875e-01	6.982388e-02	-9.712968e-14	
1  103.585	2.322183e+00	1.295399e-01	7.213784e-01	3.052134e+00	9.713779e-01	6.875979e-02	5.884497e-01	9.799105e-01	2.291468e+00	9.964942e-01	9.107000e+00	7.050930e-01	2.457412e-01	2.116138e+00	8.288558e-01	1.043257e+00	7.213468e+01	1.410538e+02	2.947977e-01	7.314575e-02	-6.915275e-14	
10  104.554	2.322183e+00	1.295399e-01	7.213784e-01	3.052134e+00	9.713779e-01	6.875979e-02	5.884497e-01	9.799105e-01	2.291468e+00	9.985989e-01	9.107000e+00	7.050930e-01	2.457412e-01	2.116138e+00	8.288558e-01	1.043257e+00	7.213468e+01	1.410538e+02	2.947977e-01	7.314575e-02	-6.915275e-14	
7  104.031	2.322183e+00	1.295399e-01	7.213784e-01	3.052134e+00	9.713779e-01	6.875979e-02	5.884497e-01	9.799105e-01	2.291468e+00	9.978571e-01	9.107000e+00	7.050930e-01	2.457412e-01	2.116138e+00	8.288558e-01	1.043257e+00	7.213468e+01	1.410538e+02	2.947977e-01	7.314575e-02	-6.915275e-14	
3  104.729	2.364399e+00	1.290969e-01	7.402748e-01	3.066732e+00	9.770496e-01	7.741219e-02	7.058021e-01	9.680490e-01	2.011203e+00	9.999445e-01	9.786890e+00	7.199507e-01	2.459138e-01	2.147582e+00	8.303439e-01	1.043176e+00	7.402587e+01	1.401993e+02	2.799554e-01	8.650494e-02	2.151541e-15	
18  104.981	2.364399e+00	1.290969e-01	7.402748e-01	3.066732e+00	9.770496e-01	7.741219e-02	7.058021e-01	9.680490e-01	2.011203e+00	1.000324e+00	9.786890e+00	7.199507e-01	2.459138e-01	2.147582e+00	8.303439e-01	1.043176e+00	7.402587e+01	1.401993e+02	2.799554e-01	8.650494e-02	2.151541e-15	
1  105.122	2.378384e+00	1.312256e-01	7.565352e-01	3.039293e+00	9.832241e-01	7.017673e-02	8.988599e-01	8.023644e-01	2.359940e+00	9.978926e-01	9.147752e+00	7.279261e-01	2.459694e-01	2.089455e+00	8.220889e-01	1.043194e+00	7.565257e+01	1.387377e+02	2.720304e-01	1.076713e-01	1.128850e-13	
1  104.208	2.355025e+00	1.289910e-01	7.312361e-01	3.052739e+00	9.712566e-01	6.830730e-02	6.525127e-01	7.595723e-01	2.398236e+00	1.000709e+00	8.977343e+00	7.133957e-01	2.458760e-01	2.117534e+00	8.236128e-01	1.042524e+00	7.312588e+01	1.405478e+02	2.865385e-01	8.054885e-02	1.801513e-14	
1  105.197	2.355025e+00	1.289910e-01	7.312361e-01	3.052739e+00	9.712566e-01	6.830730e-02	6.525127e-01	7.595723e-01	2.398236e+00	9.957037e-01	8.977343e+00	7.133957e-01	2.458760e-01	2.117534e+00	8.236128e-01	1.042524e+00	7.312588e+01	1.405478e+02	2.865385e-01	8.054885e-02	1.801513e-14	
2  105.876	2.298013e+00	1.202004e-01	7.071020e-01	3.070604e+00	9.695706e-01	8.456762e-02	2.301848e-01	4.356057e-01	2.297903e+00	9.877321e-01	1.038942e+01	7.122059e-01	2.456440e-01	2.155429e+00	8.148432e-01	1.042307e+00	7.071591e+01	1.452576e+02	2.876679e-01	3.010846e-02	-7.926766e-14	
3  108.093	2.302788e+00	1.220653e-01	7.007764e-01	3.146018e+00	9.695989e-01	1.184677e-01	2.258844e-01	4.090473e-01	2.289331e+00	9.887715e-01	1.321239e+01	7.030740e-01	2.456611e-01	2.325328e+00	8.529412e-01	1.042438e+00	7.006577e+01	1.447721e+02	2.968172e-01	2.933000e-02	-1.695925e-13	
3  108.947	2.336901e+00	1.191111e-01	7.239046e-01	3.159570e+00	9.810762e-01	1.288099e-01	2.895262e-01	4.318786e-01	2.831378e+00	9.903818e-01	1.380118e+01	7.270160e-01	2.458022e-01	2.356663e+00	8.487122e-01	1.042936e+00	7.236928e+01	1.448674e+02	2.729811e-01	3.718677e-02	-6.661415e-14	
1  107.514	2.306629e+00	1.190760e-01	6.999481e-01	3.156626e+00	9.739141e-01	1.169275e-01	1.120647e-01	1.979354e-01	3.262449e+00	9.948938e-01	1.298793e+01	7.084559e-01	2.456791e-01	2.349967e+00	8.518716e-01	1.042892e+00	6.999551e+01	1.460538e+02	2.914152e-01	1.460981e-02	-2.461923e-13	
2  106.282	2.306629e+00	1.190760e-01	6.999481e-01	3.156626e+00	9.739141e-01	1.169275e-01	1.120647e-01	1.979354e-01	3.262449e+00	9.963721e-01	1.298793e+01	7.084559e-01	2.456791e-01	2.349967e+00	8.518716e-01	1.042892e+00	6.999551e+01	1.460538e+02	2.914152e-01	1.460981e-02	-2.461923e-13	
1  105.062	2.301366e+00	1.178340e-01	7.098661e-01	3.148058e+00	9.786123e-01	1.125403e-01	1.646623e-01	3.665370e-01	3.180865e+00	9.999028e-01	1.261652e+01	7.192964e-01	2.456580e-01	2.329316e+00	8.436759e-01	1.042782e+00	7.098352e+01	1.461633e+02	2.806534e-01	2.140232e-02	-9.751264e-14	
13  104.283	2.286091e+00	1.196997e-01	6.981060e-01	3.144634e+00	9.744769e-01	1.106695e-01	1.476095e-01	2.429456e-01	2.381695e+00	9.978857e-01	1.257225e+01	7.061216e-01	2.455935e-01	2.321603e+00	8.485209e-01	1.042330e+00	6.980579e+01	1.459243e+02	2.937760e-01	1.926412e-02	-1.515370e-13	
5  105.294	2.254130e+00	1.209589e-01	6.735001e-01	3.162961e+00	9.650885e-01	1.059842e-01	1.467440e-02	3.452019e-01	3.334545e+00	1.005204e+00	1.232707e+01	6.820068e-01	2.454619e-01	2.364890e+00	8.626789e-01	1.041850e+00	6.737711e+01	1.466029e+02	3.178893e-01	1.862496e-03	-9.494611e-14	
1  103.975	2.281163e+00	1.264100e-01	6.966988e-01	3.114849e+00	9.691624e-01	8.807790e-02	3.612210e-01	1.855827e-01	3.127881e+00	1.003564e+00	1.087609e+01	6.911558e-01	2.455751e-01	2.253138e+00	8.507811e-01	1.041698e+00	6.967167e+01	1.432479e+02	3.087625e-01	4.623986e-02	-1.387281e-13	
4  103.296	2.286632e+00	1.294999e-01	6.904153e-01	3.050078e+00	9.619570e-01	5.315467e-02	3.779406e-01	1.998790e-01	2.798939e+00	1.002229e+00	7.620863e+00	6.789019e-01	2.455959e-01	2.111710e+00	8.308954e-01	1.042226e+00	6.903819e+01	1.423658e+02	3.209853e-01	4.825613e-02	-1.140719e-13	
2  103.451	2.281542e+00	1.288677e-01	7.017006e-01	3.015167e+00	9.646733e-01	5.041325e-02	4.424710e-01	3.534438e-01	3.295358e+00	9.915770e-01	7.355779e+00	6.906040e-01	2.455742e-01	2.039071e+00	8.145261e-01	1.042870e+00	7.017659e+01	1.422869e+02	3.093268e-01	5.604285e-02	-7.674974e-14	
2  104.383	2.292740e+00	1.256430e-01	7.146825e-01	3.043369e+00	9.741627e-01	6.773078e-02	4.290829e-01	4.183704e-01	3.321488e+00	9.920563e-01	9.008199e+00	7.077478e-01	2.456210e-01	2.097621e+00	8.193524e-01	1.043520e+00	7.146841e+01	1.430177e+02	2.921246e-01	5.439692e-02	-1.100730e-13	
2  103.938	2.292740e+00	1.256430e-01	7.146825e-01	3.043369e+00	9.741627e-01	6.773078e-02	4.290829e-01	4.183704e-01	3.321488e+00	9.931890e-01	9.008199e+00	7.077478e-01	2.456210e-01	2.097621e+00	8.193524e-01	1.043520e+00	7.146841e+01	1.430177e+02	2.921246e-01	5.439692e-02	-1.100730e-13	
2  104.209	2.324873e+00	1.257048e-01	7.348807e-01	2.989239e+00	9.742559e-01	4.100648e-02	5.758101e-01	4.188780e-01	3.195913e+00	9.962970e-01	6.213298e+00	7.230267e-01	2.457526e-01	1.987237e+00	7.923657e-01	1.043599e+00	7.349174e+01	1.419819e+02	2.769403e-01	7.164837e-02	-7.800888e-14	
1  103.794	2.354019e+00	1.232009e-01	7.396361e-01	3.000025e+00	9.797054e-01	4.232895e-02	5.367914e-01	4.473637e-01	3.377587e+00	1.001455e+00	6.271966e+00	7.306478e-01	2.458696e-01	2.008795e+00	7.893793e-01	1.042885e+00	7.396957e+01	1.424575e+02	2.692814e-01	6.716368e-02	2.831277e-14	
1  104.897	2.366664e+00	1.210883e-01	7.507213e-01	2.995049e+00	9.847165e-01	4.641861e-02	5.507455e-01	3.700157e-01	3.830039e+00	9.981392e-01	6.669622e+00	7.420297e-01	2.459212e-01	1.998930e+00	7.807894e-01	1.042988e+00	7.508093e+01	1.427786e+02	2.578717e-01	6.881025e-02	3.481097e-15	
2  104.543	2.359354e+00	1.233514e-01	7.557107e-01	2.994618e+00	9.799148e-01	4.628768e-02	6.638131e-01	5.463942e-01	3.780039e+00	9.985850e-01	6.706793e+00	7.415649e-01	2.458928e-01	1.998171e+00	7.840399e-01	1.043193e+00	7.557139e+01	1.417857e+02	2.583340e-01	8.182782e-02	-3.545377e-14	
3  104.061	2.337332e+00	1.221366e-01	7.377376e-01	3.023566e+00	9.818518e-01	5.189356e-02	4.782231e-01	6.031234e-01	4.257553e+00	1.003092e+00	7.295548e+00	7.314536e-01	2.458012e-01	2.056829e+00	7.987078e-01	1.043660e+00	7.377769e+01	1.431693e+02	2.684208e-01	6.025990e-02	-1.745950e-14	
3  103.87	2.358728e+00	1.239346e-01	7.571487e-01	3.051470e+00	9.876238e-01	7.426685e-02	6.841062e-01	6.854092e-01	3.753093e+00	9.994513e-01	9.420694e+00	7.413892e-01	2.458908e-01	2.114900e+00	8.109779e-01	1.043540e+00	7.571189e+01	1.415647e+02	2.584805e-01	8.411505e-02	1.844075e-14	
4  102.584	2.332414e+00	1.255717e-01	7.405082e-01	3.062111e+00	9.846651e-01	7.120666e-02	6.368382e-01	5.787501e-01	3.242325e+00	1.004688e+00	9.235035e+00	7.272340e-01	2.457837e-01	2.137349e+00	8.220770e-01	1.042836e+00	7.405009e+01	1.416565e+02	2.726616e-01	7.876873e-02	-9.288825e-15	
5  101.671	2.313024e+00	1.285774e-01	7.305383e-01	3.038464e+00	9.790653e-01	6.353053e-02	6.664256e-01	4.783298e-01	3.643687e+00	9.986077e-01	8.616439e+00	7.144755e-01	2.457053e-01	2.087350e+00	8.203204e-01	1.042612e+00	7.304958e+01	1.410129e+02	2.854315e-01	8.212031e-02	6.488152e-15	
2  102.837	2.314137e+00	1.281379e-01	7.076236e-01	3.055631e+00	9.697894e-01	6.522989e-02	4.808020e-01	2.454586e-01	3.826301e+00	9.993382e-01	8.751981e+00	6.965637e-01	2.457096e-01	2.123401e+00	8.272236e-01	1.041710e+00	7.076034e+01	1.419371e+02	3.034141e-01	6.061607e-02	2.184007e-14	
2  103.07	2.316480e+00	1.255742e-01	7.035144e-01	3.060110e+00	9.738186e-01	6.587733e-02	3.615086e-01	3.696480e-01	3.536805e+00	1.000415e+00	8.754041e+00	6.981353e-01	2.457179e-01	2.133076e+00	8.254571e-01	1.041862e+00	7.034879e+01	1.430815e+02	3.018447e-01	4.630851e-02	1.059044e-14	
3  104.879	2.322806e+00	1.217310e-01	6.910821e-01	3.051233e+00	9.696243e-01	5.866535e-02	1.517570e-01	1.036690e-01	4.429839e+00	1.000555e+00	7.959200e+00	6.951427e-01	2.457429e-01	2.114130e+00	8.127440e-01	1.041257e+00	6.911771e+01	1.449702e+02	3.049364e-01	1.997309e-02	6.447193e-14	
6  105.231	2.322806e+00	1.217310e-01	6.910821e-01	3.051233e+00	9.696243e-01	5.866535e-02	1.517570e-01	1.036690e-01	4.429839e+00	1.002681e+00	7.959200e+00	6.951427e-01	2.457429e-01	2.114130e+00	8.127440e-01	1.041257e+00	6.911771e+01	1.449702e+02	3.049364e-01	1.997309e-02	6.447193e-14	
7  104.983	2.300948e+00	1.227957e-01	6.763964e-01	3.042081e+00	9.666261e-01	5.234093e-02	6.595308e-02	1.979710e-01	4.255156e+00	1.000906e+00	7.380888e+00	6.799777e-01	2.456516e-01	2.094810e+00	8.150945e-01	1.041568e+00	6.764349e+01	1.453476e+02	3.200582e-01	8.883879e-03	6.844979e-14	
3  102.96	2.297121e+00	1.234296e-01	6.893654e-01	3.033660e+00	9.692751e-01	4.924122e-02	1.782843e-01	9.833715e-02	3.796002e+00	1.002651e+00	7.091210e+00	6.905296e-01	2.456370e-01	2.077387e+00	8.123146e-01	1.042292e+00	6.893767e+01	1.446852e+02	3.093853e-01	2.342719e-02	-4.536603e-14	
1  102.28	2.309379e+00	1.232190e-01	7.108251e-01	3.029472e+00	9.740141e-01	5.853721e-02	3.478004e-01	2.436733e-01	3.638179e+00	9.975618e-01	8.032512e+00	7.091084e-01	2.456887e-01	2.068655e+00	8.060997e-01	1.042225e+00	7.108700e+01	1.438051e+02	2.908094e-01	4.463566e-02	3.258605e-14	
1  102.065	2.294292e+00	1.209696e-01	7.062444e-01	3.043739e+00	9.770272e-01	6.448261e-02	2.598408e-01	2.033269e-01	3.862919e+00	9.992041e-01	8.594470e+00	7.101364e-01	2.456265e-01	2.098312e+00	8.080723e-01	1.041955e+00	7.062640e+01	1.449489e+02	2.897690e-01	3.371643e-02	2.274010e-14	
1  103.898	2.243723e+00	1.190707e-01	6.799407e-01	3.079378e+00	9.634294e-01	7.853628e-02	4.921771e-02	2.683838e-01	4.550132e+00	9.988208e-01	9.962795e+00	6.924483e-01	2.454168e-01	2.174522e+00	8.188666e-01	1.040860e+00	6.800161e+01	1.470248e+02	3.074424e-01	6.588235e-03	-3.060345e-14	
8  103.228	2.241728e+00	1.227049e-01	6.890908e-01	3.058236e+00	9.707395e-01	6.653005e-02	2.382637e-01	2.865503e-01	4.333508e+00	1.002433e+00	8.941260e+00	6.929763e-01	2.454078e-01	2.128941e+00	8.195837e-01	1.040909e+00	6.891235e+01	1.451815e+02	3.069395e-01	3.086714e-02	-8.097496e-14	
11  102.332	2.231398e+00	1.221716e-01	6.827128e-01	3.038994e+00	9.667059e-01	5.847026e-02	1.701788e-01	8.204768e-02	4.270059e+00	9.995302e-01	8.168026e+00	6.885675e-01	2.453643e-01	2.088442e+00	8.111845e-01	1.041082e+00	6.827631e+01	1.457561e+02	3.113328e-01	2.227721e-02	-3.644414e-14	
4  104.302	2.208591e+00	1.260109e-01	6.803903e-01	2.983337e+00	9.607486e-01	3.233498e-02	2.836484e-01	1.037075e-01	3.526629e+00	9.974003e-01	5.369952e+00	6.785343e-01	2.452715e-01	1.976051e+00	7.969648e-01	1.041093e+00	6.805291e+01	1.444814e+02	3.213772e-01	3.669289e-02	-4.727338e-14	
1  104.858	2.215628e+00	1.290001e-01	6.844569e-01	2.997815e+00	9.617693e-01	3.966098e-02	4.108332e-01	1.165341e-01	3.467622e+00	9.977339e-01	6.280349e+00	6.758678e-01	2.452997e-01	2.004676e+00	8.082464e-01	1.040847e+00	6.845448e+01	1.430842e+02	3.240267e-01	5.219374e-02	-7.584113e-14	
3  103.442	2.212110e+00	1.295472e-01	6.733337e-01	3.037850e+00	9.554695e-01	5.327234e-02	3.278461e-01	1.699801e-01	3.700683e+00	9.999036e-01	7.807975e+00	6.641259e-01	2.452826e-01	2.085892e+00	8.265350e-01	1.040972e+00	6.733406e+01	1.433718e+02	3.358072e-01	4.206164e-02	-1.633596e-14	
1  103.934	2.214731e+00	1.289970e-01	6.878977e-01	2.998711e+00	9.641212e-01	4.259101e-02	4.202244e-01	1.324360e-01	3.884767e+00	9.956978e-01	6.624721e+00	6.791365e-01	2.452970e-01	2.006189e+00	8.098662e-01	1.041558e+00	6.880087e+01	1.430480e+02	3.207746e-01	5.339111e-02	-1.694132e-14	
4  102.278	2.254040e+00	1.310621e-01	7.063599e-01	3.042840e+00	9.664268e-01	6.003254e-02	5.877283e-01	2.794508e-01	2.743922e+00	1.001557e+00	8.449941e+00	6.908000e-01	2.454612e-01	2.096213e+00	8.298744e-01	1.042353e+00	7.063147e+01	1.413882e+02	3.091162e-01	7.311300e-02	-8.299482e-14	
1  102.99	2.247880e+00	1.325138e-01	7.070177e-01	3.042287e+00	9.691184e-01	6.056597e-02	6.458858e-01	1.128911e-01	3.152192e+00	1.001308e+00	8.546329e+00	6.886075e-01	2.454366e-01	2.095059e+00	8.335256e-01	1.042236e+00	7.069624e+01	1.408559e+02	3.113118e-01	7.976224e-02	-6.877612e-14	
4  102.924	2.258069e+00	1.300463e-01	7.012079e-01	2.993959e+00	9.613822e-01	3.043949e-02	5.112605e-01	1.535002e-02	2.565780e+00	1.004719e+00	5.104240e+00	6.881390e-01	2.454795e-01	1.996570e+00	8.069255e-01	1.042265e+00	7.011884e+01	1.419261e+02	3.117675e-01	6.423685e-02	-1.889952e-14	
3  104.122	2.238185e+00	1.248865e-01	6.927955e-01	2.985518e+00	9.580346e-01	2.601837e-02	2.822203e-01	6.786606e-02	3.124784e+00	1.003815e+00	4.517931e+00	6.917188e-01	2.453964e-01	1.979725e+00	7.940847e-01	1.042841e+00	6.928844e+01	1.444597e+02	3.083000e-01	3.646108e-02	1.390891e-13	
4  103.498	2.213407e+00	1.283159e-01	6.773267e-01	3.001204e+00	9.539297e-01	3.679540e-02	2.836320e-01	3.916152e-02	3.684144e+00	9.977623e-01	5.938466e+00	6.705800e-01	2.452915e-01	2.011051e+00	8.099874e-01	1.042363e+00	6.774746e+01	1.438646e+02	3.293847e-01	3.662432e-02	-3.130045e-14	
1  103.101	2.243841e+00	1.320005e-01	6.910215e-01	3.037123e+00	9.524289e-01	4.959682e-02	5.056304e-01	5.126446e-02	3.262673e+00	1.004117e+00	7.390225e+00	6.751608e-01	2.454177e-01	2.084368e+00	8.276999e-01	1.041799e+00	6.909647e+01	1.416377e+02	3.247730e-01	6.346592e-02	-2.799612e-14	
2  103.877	2.261793e+00	1.253557e-01	6.983188e-01	3.055211e+00	9.564556e-01	6.984526e-02	3.391312e-01	6.537481e-02	3.316855e+00	9.960188e-01	9.278534e+00	6.951035e-01	2.454936e-01	2.122211e+00	8.202825e-01	1.042361e+00	6.983516e+01	1.438229e+02	3.048288e-01	4.359505e-02	-9.591933e-14	
6  102.227	2.247870e+00	1.201590e-01	6.899914e-01	3.066049e+00	9.662627e-01	7.358112e-02	1.357552e-01	1.470217e-01	3.974483e+00	9.985568e-01	9.536953e+00	6.989429e-01	2.454349e-01	2.145640e+00	8.163465e-01	1.041864e+00	6.899862e+01	1.462641e+02	3.009295e-01	1.793439e-02	-3.135503e-14	
2  102.583	2.264561e+00	1.235515e-01	6.933478e-01	3.072374e+00	9.593695e-01	7.328568e-02	2.440272e-01	9.690432e-02	3.806814e+00	1.000014e+00	9.545872e+00	6.944355e-01	2.455051e-01	2.159094e+00	8.247579e-01	1.042217e+00	6.933487e+01	1.446936e+02	3.054628e-01	3.169585e-02	-5.269814e-14	
6  101.388	2.263139e+00	1.234993e-01	6.891268e-01	3.047547e+00	9.687367e-01	6.035451e-02	2.060657e-01	2.099781e-01	3.115291e+00	1.000506e+00	8.310441e+00	6.908770e-01	2.454966e-01	2.106228e+00	8.185340e-01	1.042257e+00	6.891070e+01	1.449018e+02	3.090084e-01	2.693051e-02	-4.665945e-14	
3  101.283	2.263139e+00	1.234993e-01	6.891268e-01	3.047547e+00	9.687367e-01	6.035451e-02	2.060657e-01	2.099781e-01	3.115291e+00	9.971043e-01	8.310441e+00	6.908770e-01	2.454966e-01	2.106228e+00	8.185340e-01	1.042257e+00	6.891070e+01	1.449018e+02	3.090084e-01	2.693051e-02	-4.665945e-14	
4  103.116	2.287867e+00	1.249803e-01	6.916865e-01	3.077829e+00	9.632771e-01	6.886618e-02	2.398969e-01	2.330435e-01	2.441081e+00	1.001287e+00	9.094978e+00	6.894651e-01	2.456002e-01	2.171130e+00	8.326240e-01	1.042696e+00	6.917538e+01	1.441094e+02	3.103962e-01	3.114534e-02	-1.659019e-13	
3  103.618	2.281488e+00	1.246797e-01	6.979984e-01	3.061716e+00	9.671573e-01	5.808931e-02	2.751932e-01	1.882264e-01	2.382511e+00	1.005493e+00	8.062407e+00	6.957790e-01	2.455728e-01	2.136589e+00	8.259281e-01	1.043217e+00	6.981171e+01	1.440889e+02	3.040574e-01	3.553907e-02	-1.595838e-13	
5  103.924	2.281488e+00	1.246797e-01	6.979984e-01	3.061716e+00	9.671573e-01	5.808931e-02	2.751932e-01	1.882264e-01	2.382511e+00	1.005033e+00	8.062407e+00	6.957790e-01	2.455728e-01	2.136589e+00	8.259281e-01	1.043217e+00	6.981171e+01	1.440889e+02	3.040574e-01	3.553907e-02	-1.595838e-13	
3  102.64	2.278563e+00	1.209607e-01	6.880362e-01	3.028651e+00	9.658901e-01	4.554993e-02	9.415462e-02	2.135637e-01	2.939186e+00	1.000292e+00	6.700735e+00	6.948911e-01	2.455598e-01	2.067106e+00	8.045429e-01	1.042749e+00	6.881013e+01	1.459284e+02	3.049880e-01	1.249795e-02	-3.203098e-14	
2  102.661	2.273951e+00	1.232995e-01	6.906567e-01	3.027932e+00	9.682130e-01	4.467698e-02	1.880475e-01	4.847752e-01	2.183564e+00	1.001369e+00	6.649077e+00	6.923531e-01	2.455404e-01	2.065578e+00	8.103330e-01	1.042830e+00	6.906586e+01	1.449251e+02	3.074984e-01	2.460653e-02	-9.350647e-14	
3  102.407	2.273951e+00	1.232995e-01	6.906567e-01	3.027932e+00	9.682130e-01	4.467698e-02	1.880475e-01	4.847752e-01	2.183564e+00	1.004747e+00	6.649077e+00	6.923531e-01	2.455404e-01	2.065578e+00	8.103330e-01	1.042830e+00	6.906586e+01	1.449251e+02	3.074984e-01	2.460653e-02	-9.350647e-14	
3  103.397	2.232392e+00	1.246255e-01	6.756447e-01	3.007064e+00	9.516208e-01	2.823186e-02	1.539193e-01	5.204911e-01	2.136384e+00	1.007623e+00	4.790999e+00	6.764629e-01	2.453690e-01	2.023078e+00	8.027947e-01	1.042042e+00	6.756378e+01	1.452047e+02	3.234428e-01	2.022806e-02	1.220172e-13	
1  103.345	2.234317e+00	1.235730e-01	6.836852e-01	3.001028e+00	9.578797e-01	2.998734e-02	1.698493e-01	6.301514e-01	2.453170e+00	1.005145e+00	5.006250e+00	6.862876e-01	2.453773e-01	2.010806e+00	7.991784e-01	1.042755e+00	6.837619e+01	1.453717e+02	3.136695e-01	2.226264e-02	1.274848e-13	
5  102.11	2.248016e+00	1.254735e-01	6.896088e-01	2.991818e+00	9.622090e-01	2.901133e-02	2.857004e-01	5.484758e-01	2.617679e+00	1.003364e+00	4.883485e+00	6.873971e-01	2.454360e-01	1.992352e+00	7.985752e-01	1.042119e+00	6.895943e+01	1.441853e+02	3.125220e-01	3.695264e-02	2.536904e-14	
1  101.518	2.238644e+00	1.252967e-01	6.837770e-01	3.016035e+00	9.630558e-01	4.679590e-02	2.377577e-01	5.322971e-01	2.498742e+00	9.973219e-01	6.988493e+00	6.826671e-01	2.453943e-01	2.040921e+00	8.096349e-01	1.042100e+00	6.837864e+01	1.445598e+02	3.172348e-01	3.093790e-02	-2.392251e-14	
1  103.123	2.181007e+00	1.255195e-01	6.628480e-01	3.010338e+00	9.547699e-01	4.000567e-02	1.267969e-01	7.142722e-01	2.861849e+00	9.983130e-01	6.333159e+00	6.631148e-01	2.451507e-01	2.029829e+00	8.098657e-01	1.041451e+00	6.629819e+01	1.456520e+02	3.368131e-01	1.680657e-02	3.280807e-14	
9  103.171	2.180213e+00	1.234633e-01	6.673260e-01	3.011541e+00	9.580713e-01	4.210447e-02	8.993564e-02	9.078748e-01	3.398814e+00	9.981779e-01	6.551148e+00	6.721684e-01	2.451479e-01	2.032312e+00	8.066571e-01	1.041978e+00	6.674934e+01	1.463665e+02	3.277887e-01	1.201082e-02	6.746073e-14	
4  103.507	2.163294e+00	1.248590e-01	6.497557e-01	3.014734e+00	9.518551e-01	4.041617e-02	3.738220e-03	9.825462e-01	3.928029e+00	9.970531e-01	6.403141e+00	6.515512e-01	2.450750e-01	2.038658e+00	8.126155e-01	1.041546e+00	6.500064e+01	1.466158e+02	3.484078e-01	6.159618e-04	1.649270e-13	
13  104.591	2.180931e+00	1.272809e-01	6.564929e-01	2.988468e+00	9.555210e-01	2.336518e-02	9.965970e-02	9.048773e-01	3.374839e+00	1.000574e+00	4.259968e+00	6.524134e-01	2.451569e-01	1.985814e+00	8.078211e-01	1.042243e+00	6.566039e+01	1.453390e+02	3.474160e-01	1.339181e-02	1.664156e-13	
4  104.332	2.180931e+00	1.272809e-01	6.564929e-01	2.988468e+00	9.555210e-01	2.336518e-02	9.965970e-02	9.048773e-01	3.374839e+00	9.986364e-01	4.259968e+00	6.524134e-01	2.451569e-01	1.985814e+00	8.078211e-01	1.042243e+00	6.566039e+01	1.453390e+02	3.474160e-01	1.339181e-02	1.664156e-13	
1  103.786	2.250432e+00	1.276384e-01	6.998922e-01	2.973748e+00	9.657427e-01	1.799411e-02	4.171334e-01	8.793709e-01	3.956211e+00	1.004507e+00	3.453939e+00	6.920307e-01	2.454495e-01	1.956305e+00	7.961141e-01	1.042828e+00	6.999751e+01	1.430214e+02	3.079006e-01	5.310329e-02	1.281152e-13	
1  103.92	2.262850e+00	1.301239e-01	7.204781e-01	3.025737e+00	9.789925e-01	4.755828e-02	6.624849e-01	5.474763e-01	3.606801e+00	1.006526e+00	7.115751e+00	7.044153e-01	2.454983e-01	2.061142e+00	8.221390e-01	1.042794e+00	7.205006e+01	1.411836e+02	2.955045e-01	8.167710e-02	-6.000195e-14	
3  101.797	2.244163e+00	1.219900e-01	6.951900e-01	3.029761e+00	9.773101e-01	5.041026e-02	2.251666e-01	6.843335e-01	3.556467e+00	1.002396e+00	7.314209e+00	6.997192e-01	2.454169e-01	2.069417e+00	8.093660e-01	1.042334e+00	6.951573e+01	1.453919e+02	3.001752e-01	2.931543e-02	-1.561176e-14	
1  102.065	2.229285e+00	1.220689e-01	6.882687e-01	3.026163e+00	9.754304e-01	5.143029e-02	2.006229e-01	6.417429e-01	3.492884e+00	9.994968e-01	7.450858e+00	6.937934e-01	2.453548e-01	2.061905e+00	8.082007e-01	1.041621e+00	6.882561e+01	1.456512e+02	3.061076e-01	2.615430e-02	-7.883646e-15	
2  102.64	2.229285e+00	1.220689e-01	6.882687e-01	3.026163e+00	9.754304e-01	5.143029e-02	2.006229e-01	6.417429e-01	3.492884e+00	9.982779e-01	7.450858e+00	6.937934e-01	2.453548e-01	2.061905e+00	8.082007e-01	1.041621e+00	6.882561e+01	1.456512e+02	3.061076e-01	2.615430e-02	-7.883646e-15	
2  101.811	2.239752e+00	1.254524e-01	6.853620e-01	3.025887e+00	9.646604e-01	4.390589e-02	2.630485e-01	9.245075e-01	3.422806e+00	1.001824e+00	6.664425e+00	6.837473e-01	2.453993e-01	2.061505e+00	8.136508e-01	1.041844e+00	6.853355e+01	1.443885e+02	3.161484e-01	3.409433e-02	6.088987e-16	
3  103.187	2.266628e+00	1.192262e-01	6.923852e-01	3.062594e+00	9.671461e-01	6.261322e-02	1.312086e-01	9.798413e-01	3.338028e+00	1.004063e+00	8.433845e+00	7.025900e-01	2.455109e-01	2.138550e+00	8.107980e-01	1.041239e+00	6.923292e+01	1.463358e+02	2.973106e-01	1.729844e-02	4.200097e-14	
3  102.089	2.268872e+00	1.237224e-01	6.976541e-01	3.076284e+00	9.652805e-01	6.966457e-02	2.861839e-01	7.299520e-01	2.670383e+00	1.003106e+00	9.195726e+00	6.977613e-01	2.455214e-01	2.167715e+00	8.273604e-01	1.042107e+00	6.976026e+01	1.444057e+02	3.021141e-01	3.695352e-02	-7.255561e-15	
1  101.514	2.268872e+00	1.237224e-01	6.976541e-01	3.076284e+00	9.652805e-01	6.966457e-02	2.861839e-01	7.299520e-01	2.670383e+00	1.004386e+00	9.195726e+00	6.977613e-01	2.455214e-01	2.167715e+00	8.273604e-01	1.042107e+00	6.976026e+01	1.444057e+02	3.021141e-01	3.695352e-02	-7.255561e-15	
9  101.941	2.330628e+00	1.278723e-01	7.385995e-01	3.020820e+00	9.731227e-01	5.254506e-02	7.033822e-01	7.125660e-01	2.460253e+00	1.001426e+00	7.474336e+00	7.216279e-01	2.457761e-01	2.050902e+00	8.069718e-01	1.042495e+00	7.385321e+01	1.408349e+02	2.782635e-01	8.628687e-02	-1.460537e-14	
2  102.311	2.330628e+00	1.278723e-01	7.385995e-01	3.020820e+00	9.731227e-01	5.254506e-02	7.033822e-01	7.125660e-01	2.460253e+00	1.000392e+00	7.474336e+00	7.216279e-01	2.457761e-01	2.050902e+00	8.069718e-01	1.042495e+00	7.385321e+01	1.408349e+02	2.782635e-01	8.628687e-02	-1.460537e-14	
6  103.046	2.329995e+00	1.314008e-01	7.340243e-01	3.010888e+00	9.713480e-01	4.330030e-02	7.578165e-01	6.728523e-01	2.050853e+00	1.001858e+00	6.528930e+00	7.116163e-01	2.457732e-01	2.030612e+00	8.125648e-01	1.042950e+00	7.339693e+01	1.397821e+02	2.882799e-01	9.229065e-02	-5.794112e-14	
2  102.637	2.316062e+00	1.256698e-01	7.313242e-01	2.993106e+00	9.761464e-01	4.327741e-02	5.831056e-01	7.392950e-01	2.546564e+00	9.958049e-01	6.478795e+00	7.205081e-01	2.457161e-01	1.994874e+00	7.937025e-01	1.042557e+00	7.313176e+01	1.420467e+02	2.794166e-01	7.256182e-02	-1.660250e-14	
5  103.026	2.316062e+00	1.256698e-01	7.313242e-01	2.993106e+00	9.761464e-01	4.327741e-02	5.831056e-01	7.392950e-01	2.546564e+00	9.952246e-01	6.478795e+00	7.205081e-01	2.457161e-01	1.994874e+00	7.937025e-01	1.042557e+00	7.313176e+01	1.420467e+02	2.794166e-01	7.256182e-02	-1.660250e-14	
3  103.546	2.275182e+00	1.187826e-01	6.933970e-01	2.990442e+00	9.665879e-01	3.183850e-02	7.844729e-02	3.815896e-01	3.154235e+00	9.973681e-01	5.116147e+00	7.042768e-01	2.455479e-01	1.989450e+00	7.828332e-01	1.042674e+00	6.934415e+01	1.466032e+02	2.956938e-01	1.044783e-02	1.762150e-13	
4  103.693	2.287264e+00	1.195508e-01	7.002910e-01	2.995444e+00	9.671079e-01	3.184909e-02	1.548127e-01	2.507408e-01	3.432171e+00	1.000710e+00	5.107875e+00	7.082971e-01	2.455978e-01	1.999449e+00	7.847404e-01	1.042537e+00	7.003322e+01	1.458969e+02	2.916712e-01	2.034957e-02	1.912007e-13	
3  103.516	2.262216e+00	1.255575e-01	6.828707e-01	2.988141e+00	9.612012e-01	2.327812e-02	2.168654e-01	3.230048e-01	3.291483e+00	1.000761e+00	4.112863e+00	6.807404e-01	2.454968e-01	1.984737e+00	7.983652e-01	1.042174e+00	6.828434e+01	1.443378e+02	3.191474e-01	2.831583e-02	-2.938099e-14	
11  103.689	2.275374e+00	1.232165e-01	6.902568e-01	2.990661e+00	9.582158e-01	2.657688e-02	1.986090e-01	1.758644e-01	3.527894e+00	1.000236e+00	4.508663e+00	6.922131e-01	2.455504e-01	1.989787e+00	7.911866e-01	1.042233e+00	6.902797e+01	1.448767e+02	3.077387e-01	2.592583e-02	5.912297e-14	
1  103.173	2.230129e+00	1.242965e-01	6.700940e-01	3.017345e+00	9.487079e-01	3.990585e-02	9.842468e-02	2.895273e-01	3.332229e+00	9.965346e-01	6.215260e+00	6.719903e-01	2.453590e-01	2.043878e+00	8.066052e-01	1.042021e+00	6.701935e+01	1.455766e+02	3.279595e-01	1.298793e-02	7.220544e-15	
1  103.305	2.218159e+00	1.262973e-01	6.611538e-01	3.022478e+00	9.475224e-01	3.589215e-02	1.001183e-01	5.056536e-01	2.882334e+00	1.000763e+00	5.777647e+00	6.588037e-01	2.453084e-01	2.054532e+00	8.143813e-01	1.041635e+00	6.612145e+01	1.451874e+02	3.410885e-01	1.320442e-02	3.578346e-14	
2  103.17	2.255547e+00	1.247433e-01	6.840215e-01	3.044589e+00	9.556703e-01	5.403691e-02	1.880580e-01	3.745257e-01	2.059988e+00	9.980723e-01	7.715064e+00	6.836481e-01	2.454644e-01	2.099972e+00	8.185626e-01	1.042837e+00	6.840820e+01	1.447667e+02	3.162617e-01	2.444930e-02	-9.959619e-14	
3  102.618	2.255547e+00	1.247433e-01	6.840215e-01	3.044589e+00	9.556703e-01	5.403691e-02	1.880580e-01	3.745257e-01	2.059988e+00	9.990953e-01	7.715064e+00	6.836481e-01	2.454644e-01	2.099972e+00	8.185626e-01	1.042837e+00	6.840820e+01	1.447667e+02	3.162617e-01	2.444930e-02	-9.959619e-14	
6  104.725	2.268914e+00	1.271601e-01	6.848398e-01	3.036449e+00	9.467187e-01	4.298577e-02	2.709711e-01	2.880032e-01	2.464930e+00	1.004138e+00	6.528531e+00	6.788984e-01	2.455208e-01	2.083062e+00	8.168269e-01	1.042344e+00	6.848716e+01	1.436254e+02	3.210019e-01	3.488268e-02	3.754180e-14	
5  103.165	2.251543e+00	1.255471e-01	6.827034e-01	2.991142e+00	9.519316e-01	2.568514e-02	2.382255e-01	2.065599e-01	2.409167e+00	1.001313e+00	4.450499e+00	6.807566e-01	2.454509e-01	1.990965e+00	7.960976e-01	1.041674e+00	6.826316e+01	1.443605e+02	3.191545e-01	3.096516e-02	-1.845006e-14	
2  102.924	2.275405e+00	1.293172e-01	7.044020e-01	2.993122e+00	9.588732e-01	3.165536e-02	5.180761e-01	1.467739e-01	2.929992e+00	1.000681e+00	5.221786e+00	6.920820e-01	2.455508e-01	1.994971e+00	8.023669e-01	1.041774e+00	7.043510e+01	1.418901e+02	3.078315e-01	6.502412e-02	-3.281720e-14	
1  102.281	2.275840e+00	1.254724e-01	7.151235e-01	3.034182e+00	9.680394e-01	6.238008e-02	4.920796e-01	1.549643e-01	3.387683e+00	9.954553e-01	8.532327e+00	7.087707e-01	2.455523e-01	2.078380e+00	8.104545e-01	1.041850e+00	7.151413e+01	1.429314e+02	2.910959e-01	6.206661e-02	-1.012366e-13	
3  101.772	2.261327e+00	1.257898e-01	7.024748e-01	3.022948e+00	9.695223e-01	5.675591e-02	4.007383e-01	2.212391e-01	2.715773e+00	9.931151e-01	8.005363e+00	6.978941e-01	2.454902e-01	2.054995e+00	8.106307e-01	1.041960e+00	7.025081e+01	1.434309e+02	3.019983e-01	5.107597e-02	-4.230458e-14	
6  102.05	2.261327e+00	1.257898e-01	7.024748e-01	3.022948e+00	9.695223e-01	5.675591e-02	4.007383e-01	2.212391e-01	2.715773e+00	9.925837e-01	8.005363e+00	6.978941e-01	2.454902e-01	2.054995e+00	8.106307e-01	1.041960e+00	7.025081e+01	1.434309e+02	3.019983e-01	5.107597e-02	-4.230458e-14	
5  102.601	2.241076e+00	1.215613e-01	6.970164e-01	3.015612e+00	9.773041e-01	5.217104e-02	2.298459e-01	1.980502e-01	3.093479e+00	9.941043e-01	7.501200e+00	7.022259e-01	2.454053e-01	2.040153e+00	8.022572e-01	1.042337e+00	6.969976e+01	1.455129e+02	2.976455e-01	2.987432e-02	7.971376e-15	
4  102.922	2.279341e+00	1.216633e-01	7.160312e-01	3.001719e+00	9.820738e-01	4.323502e-02	3.589673e-01	2.296919e-01	3.153540e+00	9.988984e-01	6.474432e+00	7.170064e-01	2.455640e-01	2.012108e+00	7.935070e-01	1.042540e+00	7.160120e+01	1.444551e+02	2.829106e-01	4.586194e-02	2.000555e-14	
5  101.695	2.239808e+00	1.198118e-01	6.781753e-01	3.038867e+00	9.743200e-01	5.209805e-02	2.228669e-02	3.136412e-01	3.542488e+00	1.000349e+00	7.450959e+00	6.893082e-01	2.453975e-01	2.088225e+00	8.104998e-01	1.042153e+00	6.781484e+01	1.469981e+02	3.105861e-01	3.084093e-03	4.762542e-14	
