7  129.009	2.197281e+00	1.221596e-01	6.818978e-01	3.220940e+00	1.010413e+00	1.414867e-01	1.213712e-01	1.999112e-01	2.890728e+00	5.317059e+00	9.970795e-01	1.565158e+01	6.849235e-01	2.452003e-01	2.503158e+00	6.216711e-01	1.044417e+00	6.841286e+01	1.463026e+02	3.154980e-01	1.675965e-02	8.075623e+01	
11  128.347	2.197281e+00	1.221596e-01	6.818978e-01	3.220940e+00	1.010413e+00	1.414867e-01	1.213712e-01	1.999112e-01	2.890728e+00	5.317059e+00	9.982360e-01	1.565158e+01	6.849235e-01	2.452003e-01	2.503158e+00	6.216711e-01	1.044417e+00	6.841286e+01	1.463026e+02	3.154980e-01	1.675965e-02	8.075623e+01	
6  128.21	2.197281e+00	1.221596e-01	6.818978e-01	3.220940e+00	1.010413e+00	1.414867e-01	1.213712e-01	1.999112e-01	2.890728e+00	5.317059e+00	9.987797e-01	1.565158e+01	6.849235e-01	2.452003e-01	2.503158e+00	6.216711e-01	1.044417e+00	6.841286e+01	1.463026e+02	3.154980e-01	1.675965e-02	8.075623e+01	
5  128.384	2.197764e+00	1.225525e-01	6.811113e-01	3.213792e+00	1.010395e+00	1.391101e-01	1.236643e-01	2.105889e-01	2.875389e+00	5.269663e+00	9.972661e-01	1.548109e+01	6.829317e-01	2.452041e-01	2.486841e+00	6.021613e-01	1.044505e+00	6.833234e+01	1.461710e+02	3.172883e-01	1.698241e-02	6.906494e+01	
22  128.966	2.197764e+00	1.225525e-01	6.811113e-01	3.213792e+00	1.010395e+00	1.391101e-01	1.236643e-01	2.105889e-01	2.875389e+00	5.269663e+00	9.998439e-01	1.548109e+01	6.829317e-01	2.452041e-01	2.486841e+00	6.021613e-01	1.044505e+00	6.833234e+01	1.461710e+02	3.172883e-01	1.698241e-02	6.906494e+01	
11  128.33	2.197764e+00	1.225525e-01	6.811113e-01	3.213792e+00	1.010395e+00	1.391101e-01	1.236643e-01	2.105889e-01	2.875389e+00	5.269663e+00	9.983359e-01	1.548109e+01	6.829317e-01	2.452041e-01	2.486841e+00	6.021613e-01	1.044505e+00	6.833234e+01	1.461710e+02	3.172883e-01	1.698241e-02	6.906494e+01	
4  128.64	2.197764e+00	1.225525e-01	6.811113e-01	3.213792e+00	1.010395e+00	1.391101e-01	1.236643e-01	2.105889e-01	2.875389e+00	5.269663e+00	9.993006e-01	1.548109e+01	6.829317e-01	2.452041e-01	2.486841e+00	6.021613e-01	1.044505e+00	6.833234e+01	1.461710e+02	3.172883e-01	1.698241e-02	6.906494e+01	
27  128.898	2.188428e+00	1.220315e-01	6.822197e-01	3.216951e+00	1.010276e+00	1.421261e-01	1.254161e-01	2.024747e-01	2.841980e+00	5.098871e+00	9.987735e-01	1.573002e+01	6.855535e-01	2.451677e-01	2.493299e+00	6.095917e-01	1.044422e+00	6.842913e+01	1.464000e+02	3.146746e-01	1.715988e-02	6.629712e+01	
13  126.708	2.186711e+00	1.218651e-01	6.884467e-01	3.210460e+00	1.009615e+00	1.372451e-01	1.456050e-01	2.177738e-01	2.840953e+00	5.175779e+00	1.000432e+00	1.534731e+01	6.914453e-01	2.451613e-01	2.479807e+00	5.645027e-01	1.045448e+00	6.901318e+01	1.463707e+02	3.081184e-01	1.960266e-02	2.675732e+01	
11  126.125	2.186711e+00	1.218651e-01	6.884467e-01	3.210460e+00	1.009615e+00	1.372451e-01	1.456050e-01	2.177738e-01	2.840953e+00	5.175779e+00	9.983897e-01	1.534731e+01	6.914453e-01	2.451613e-01	2.479807e+00	5.645027e-01	1.045448e+00	6.901318e+01	1.463707e+02	3.081184e-01	1.960266e-02	2.675732e+01	
22  126.188	2.186711e+00	1.218651e-01	6.884467e-01	3.210460e+00	1.009615e+00	1.372451e-01	1.456050e-01	2.177738e-01	2.840953e+00	5.175779e+00	9.992654e-01	1.534731e+01	6.914453e-01	2.451613e-01	2.479807e+00	5.645027e-01	1.045448e+00	6.901318e+01	1.463707e+02	3.081184e-01	1.960266e-02	2.675732e+01	
11  126.634	2.186711e+00	1.218651e-01	6.884467e-01	3.210460e+00	1.009615e+00	1.372451e-01	1.456050e-01	2.177738e-01	2.840953e+00	5.175779e+00	1.000316e+00	1.534731e+01	6.914453e-01	2.451613e-01	2.479807e+00	5.645027e-01	1.045448e+00	6.901318e+01	1.463707e+02	3.081184e-01	1.960266e-02	2.675732e+01	
11  126.587	2.186711e+00	1.218651e-01	6.884467e-01	3.210460e+00	1.009615e+00	1.372451e-01	1.456050e-01	2.177738e-01	2.840953e+00	5.175779e+00	1.000237e+00	1.534731e+01	6.914453e-01	2.451613e-01	2.479807e+00	5.645027e-01	1.045448e+00	6.901318e+01	1.463707e+02	3.081184e-01	1.960266e-02	2.675732e+01	
11  126.26	2.186711e+00	1.218651e-01	6.884467e-01	3.210460e+00	1.009615e+00	1.372451e-01	1.456050e-01	2.177738e-01	2.840953e+00	5.175779e+00	9.977332e-01	1.534731e+01	6.914453e-01	2.451613e-01	2.479807e+00	5.645027e-01	1.045448e+00	6.901318e+01	1.463707e+02	3.081184e-01	1.960266e-02	2.675732e+01	
11  126.933	2.186711e+00	1.218651e-01	6.884467e-01	3.210460e+00	1.009615e+00	1.372451e-01	1.456050e-01	2.177738e-01	2.840953e+00	5.175779e+00	9.965145e-01	1.534731e+01	6.914453e-01	2.451613e-01	2.479807e+00	5.645027e-01	1.045448e+00	6.901318e+01	1.463707e+02	3.081184e-01	1.960266e-02	2.675732e+01	
22  126.64	2.186711e+00	1.218651e-01	6.884467e-01	3.210460e+00	1.009615e+00	1.372451e-01	1.456050e-01	2.177738e-01	2.840953e+00	5.175779e+00	9.969282e-01	1.534731e+01	6.914453e-01	2.451613e-01	2.479807e+00	5.645027e-01	1.045448e+00	6.901318e+01	1.463707e+02	3.081184e-01	1.960266e-02	2.675732e+01	
33  126.825	2.186711e+00	1.218651e-01	6.884467e-01	3.210460e+00	1.009615e+00	1.372451e-01	1.456050e-01	2.177738e-01	2.840953e+00	5.175779e+00	9.966537e-01	1.534731e+01	6.914453e-01	2.451613e-01	2.479807e+00	5.645027e-01	1.045448e+00	6.901318e+01	1.463707e+02	3.081184e-01	1.960266e-02	2.675732e+01	
11  126.872	2.186711e+00	1.218651e-01	6.884467e-01	3.210460e+00	1.009615e+00	1.372451e-01	1.456050e-01	2.177738e-01	2.840953e+00	5.175779e+00	9.965925e-01	1.534731e+01	6.914453e-01	2.451613e-01	2.479807e+00	5.645027e-01	1.045448e+00	6.901318e+01	1.463707e+02	3.081184e-01	1.960266e-02	2.675732e+01	
22  126.423	2.186711e+00	1.218651e-01	6.884467e-01	3.210460e+00	1.009615e+00	1.372451e-01	1.456050e-01	2.177738e-01	2.840953e+00	5.175779e+00	9.999291e-01	1.534731e+01	6.914453e-01	2.451613e-01	2.479807e+00	5.645027e-01	1.045448e+00	6.901318e+01	1.463707e+02	3.081184e-01	1.960266e-02	2.675732e+01	
11  127.308	2.186711e+00	1.218651e-01	6.884467e-01	3.210460e+00	1.009615e+00	1.372451e-01	1.456050e-01	2.177738e-01	2.840953e+00	5.175779e+00	1.001188e+00	1.534731e+01	6.914453e-01	2.451613e-01	2.479807e+00	5.645027e-01	1.045448e+00	6.901318e+01	1.463707e+02	3.081184e-01	1.960266e-02	2.675732e+01	
11  126.186	2.186711e+00	1.218651e-01	6.884467e-01	3.210460e+00	1.009615e+00	1.372451e-01	1.456050e-01	2.177738e-01	2.840953e+00	5.175779e+00	9.979980e-01	1.534731e+01	6.914453e-01	2.451613e-01	2.479807e+00	5.645027e-01	1.045448e+00	6.901318e+01	1.463707e+02	3.081184e-01	1.960266e-02	2.675732e+01	
11  126.115	2.186711e+00	1.218651e-01	6.884467e-01	3.210460e+00	1.009615e+00	1.372451e-01	1.456050e-01	2.177738e-01	2.840953e+00	5.175779e+00	9.986075e-01	1.534731e+01	6.914453e-01	2.451613e-01	2.479807e+00	5.645027e-01	1.045448e+00	6.901318e+01	1.463707e+02	3.081184e-01	1.960266e-02	2.675732e+01	
11  126.137	2.186711e+00	1.218651e-01	6.884467e-01	3.210460e+00	1.009615e+00	1.372451e-01	1.456050e-01	2.177738e-01	2.840953e+00	5.175779e+00	9.989866e-01	1.534731e+01	6.914453e-01	2.451613e-01	2.479807e+00	5.645027e-01	1.045448e+00	6.901318e+01	1.463707e+02	3.081184e-01	1.960266e-02	2.675732e+01	
11  126.129	2.186711e+00	1.218651e-01	6.884467e-01	3.210460e+00	1.009615e+00	1.372451e-01	1.456050e-01	2.177738e-01	2.840953e+00	5.175779e+00	9.989236e-01	1.534731e+01	6.914453e-01	2.451613e-01	2.479807e+00	5.645027e-01	1.045448e+00	6.901318e+01	1.463707e+02	3.081184e-01	1.960266e-02	2.675732e+01	
11  126.644	2.186711e+00	1.218651e-01	6.884467e-01	3.210460e+00	1.009615e+00	1.372451e-01	1.456050e-01	2.177738e-01	2.840953e+00	5.175779e+00	1.000333e+00	1.534731e+01	6.914453e-01	2.451613e-01	2.479807e+00	5.645027e-01	1.045448e+00	6.901318e+01	1.463707e+02	3.081184e-01	1.960266e-02	2.675732e+01	
11  126.246	2.186711e+00	1.218651e-01	6.884467e-01	3.210460e+00	1.009615e+00	1.372451e-01	1.456050e-01	2.177738e-01	2.840953e+00	5.175779e+00	9.994808e-01	1.534731e+01	6.914453e-01	2.451613e-01	2.479807e+00	5.645027e-01	1.045448e+00	6.901318e+01	1.463707e+02	3.081184e-01	1.960266e-02	2.675732e+01	
11  126.615	2.186711e+00	1.218651e-01	6.884467e-01	3.210460e+00	1.009615e+00	1.372451e-01	1.456050e-01	2.177738e-01	2.840953e+00	5.175779e+00	1.000286e+00	1.534731e+01	6.914453e-01	2.451613e-01	2.479807e+00	5.645027e-01	1.045448e+00	6.901318e+01	1.463707e+02	3.081184e-01	1.960266e-02	2.675732e+01	
22  126.419	2.186711e+00	1.218651e-01	6.884467e-01	3.210460e+00	1.009615e+00	1.372451e-01	1.456050e-01	2.177738e-01	2.840953e+00	5.175779e+00	9.999218e-01	1.534731e+01	6.914453e-01	2.451613e-01	2.479807e+00	5.645027e-01	1.045448e+00	6.901318e+01	1.463707e+02	3.081184e-01	1.960266e-02	2.675732e+01	
33  126.506	2.186711e+00	1.218651e-01	6.884467e-01	3.210460e+00	1.009615e+00	1.372451e-01	1.456050e-01	2.177738e-01	2.840953e+00	5.175779e+00	1.000093e+00	1.534731e+01	6.914453e-01	2.451613e-01	2.479807e+00	5.645027e-01	1.045448e+00	6.901318e+01	1.463707e+02	3.081184e-01	1.960266e-02	2.675732e+01	
33  126.571	2.186711e+00	1.218651e-01	6.884467e-01	3.210460e+00	1.009615e+00	1.372451e-01	1.456050e-01	2.177738e-01	2.840953e+00	5.175779e+00	1.000210e+00	1.534731e+01	6.914453e-01	2.451613e-01	2.479807e+00	5.645027e-01	1.045448e+00	6.901318e+01	1.463707e+02	3.081184e-01	1.960266e-02	2.675732e+01	
2  126.372	2.186711e+00	1.218651e-01	6.884467e-01	3.210460e+00	1.009615e+00	1.372451e-01	1.456050e-01	2.177738e-01	2.840953e+00	5.175779e+00	9.998141e-01	1.534731e+01	6.914453e-01	2.451613e-01	2.479807e+00	5.645027e-01	1.045448e+00	6.901318e+01	1.463707e+02	3.081184e-01	1.960266e-02	2.675732e+01	
20  128.33	2.186887e+00	1.219328e-01	6.905494e-01	3.211638e+00	1.008623e+00	1.373089e-01	1.512225e-01	2.265595e-01	2.827077e+00	5.169187e+00	1.000131e+00	1.535185e+01	6.930960e-01	2.451647e-01	2.483717e+00	5.454394e-01	1.045932e+00	6.919669e+01	1.463229e+02	3.062561e-01	2.023400e-02	1.100122e+01	
6  128.544	2.186887e+00	1.219328e-01	6.905494e-01	3.211638e+00	1.008623e+00	1.373089e-01	1.512225e-01	2.265595e-01	2.827077e+00	5.169187e+00	1.000545e+00	1.535185e+01	6.930960e-01	2.451647e-01	2.483717e+00	5.454394e-01	1.045932e+00	6.919669e+01	1.463229e+02	3.062561e-01	2.023400e-02	1.100122e+01	
5  128.982	2.195234e+00	1.210013e-01	6.988640e-01	3.202462e+00	1.008039e+00	1.346797e-01	1.741179e-01	2.274427e-01	2.861638e+00	5.314242e+00	9.995089e-01	1.506222e+01	7.023171e-01	2.452004e-01	2.461460e+00	5.220156e-01	1.046351e+00	6.998043e+01	1.463597e+02	2.966087e-01	2.317812e-02	-1.372070e-01	
11  128.117	2.195234e+00	1.210013e-01	6.988640e-01	3.202462e+00	1.008039e+00	1.346797e-01	1.741179e-01	2.274427e-01	2.861638e+00	5.314242e+00	9.974552e-01	1.506222e+01	7.023171e-01	2.452004e-01	2.461460e+00	5.220156e-01	1.046351e+00	6.998043e+01	1.463597e+02	2.966087e-01	2.317812e-02	-1.372070e-01	
11  128.266	2.195234e+00	1.210013e-01	6.988640e-01	3.202462e+00	1.008039e+00	1.346797e-01	1.741179e-01	2.274427e-01	2.861638e+00	5.314242e+00	9.982399e-01	1.506222e+01	7.023171e-01	2.452004e-01	2.461460e+00	5.220156e-01	1.046351e+00	6.998043e+01	1.463597e+02	2.966087e-01	2.317812e-02	-1.372070e-01	
11  128.585	2.195234e+00	1.210013e-01	6.988640e-01	3.202462e+00	1.008039e+00	1.346797e-01	1.741179e-01	2.274427e-01	2.861638e+00	5.314242e+00	9.957259e-01	1.506222e+01	7.023171e-01	2.452004e-01	2.461460e+00	5.220156e-01	1.046351e+00	6.998043e+01	1.463597e+02	2.966087e-01	2.317812e-02	-1.372070e-01	
11  128.389	2.195234e+00	1.210013e-01	6.988640e-01	3.202462e+00	1.008039e+00	1.346797e-01	1.741179e-01	2.274427e-01	2.861638e+00	5.314242e+00	9.961079e-01	1.506222e+01	7.023171e-01	2.452004e-01	2.461460e+00	5.220156e-01	1.046351e+00	6.998043e+01	1.463597e+02	2.966087e-01	2.317812e-02	-1.372070e-01	
11  129.486	2.195234e+00	1.210013e-01	6.988640e-01	3.202462e+00	1.008039e+00	1.346797e-01	1.741179e-01	2.274427e-01	2.861638e+00	5.314242e+00	9.945986e-01	1.506222e+01	7.023171e-01	2.452004e-01	2.461460e+00	5.220156e-01	1.046351e+00	6.998043e+01	1.463597e+02	2.966087e-01	2.317812e-02	-1.372070e-01	
31  132.024	2.195234e+00	1.210013e-01	6.988640e-01	3.202462e+00	1.008039e+00	1.346797e-01	1.741179e-01	2.274427e-01	2.861638e+00	5.314242e+00	9.927352e-01	1.506222e+01	7.023171e-01	2.452004e-01	2.461460e+00	5.220156e-01	1.046351e+00	6.998043e+01	1.463597e+02	2.966087e-01	2.317812e-02	-1.372070e-01	
2  131.525	2.200899e+00	1.214511e-01	6.965472e-01	3.202631e+00	1.007170e+00	1.330034e-01	1.596882e-01	2.235124e-01	2.833071e+00	5.308060e+00	9.936391e-01	1.492921e+01	6.992189e-01	2.452243e-01	2.461937e+00	5.369865e-01	1.046511e+00	6.977278e+01	1.462363e+02	3.001074e-01	2.140190e-02	6.579102e+00	
11  130.03	2.200899e+00	1.214511e-01	6.965472e-01	3.202631e+00	1.007170e+00	1.330034e-01	1.596882e-01	2.235124e-01	2.833071e+00	5.308060e+00	9.946208e-01	1.492921e+01	6.992189e-01	2.452243e-01	2.461937e+00	5.369865e-01	1.046511e+00	6.977278e+01	1.462363e+02	3.001074e-01	2.140190e-02	6.579102e+00	
8  128.47	2.200899e+00	1.214511e-01	6.965472e-01	3.202631e+00	1.007170e+00	1.330034e-01	1.596882e-01	2.235124e-01	2.833071e+00	5.308060e+00	9.960901e-01	1.492921e+01	6.992189e-01	2.452243e-01	2.461937e+00	5.369865e-01	1.046511e+00	6.977278e+01	1.462363e+02	3.001074e-01	2.140190e-02	6.579102e+00	
2  126.541	2.197096e+00	1.219103e-01	6.915585e-01	3.208867e+00	1.006421e+00	1.345269e-01	1.490994e-01	2.160183e-01	2.853217e+00	5.334016e+00	9.970761e-01	1.508990e+01	6.939206e-01	2.452040e-01	2.476430e+00	5.610749e-01	1.046018e+00	6.931325e+01	1.462230e+02	3.056652e-01	2.011538e-02	2.305261e+01	
9  127.973	2.201801e+00	1.210464e-01	6.954332e-01	3.197251e+00	1.007615e+00	1.333196e-01	1.573609e-01	2.327566e-01	2.829054e+00	5.386507e+00	9.938104e-01	1.493425e+01	6.991992e-01	2.452318e-01	2.449101e+00	5.239922e-01	1.045817e+00	6.965720e+01	1.463342e+02	3.000958e-01	2.113833e-02	2.574463e+00	
3  128.011	2.224489e+00	1.203347e-01	6.961941e-01	3.211069e+00	1.007588e+00	1.420424e-01	1.323137e-01	2.316695e-01	2.800897e+00	5.401440e+00	9.923317e-01	1.548574e+01	7.014053e-01	2.453437e-01	2.482323e+00	5.463107e-01	1.045461e+00	6.971198e+01	1.463590e+02	2.988296e-01	1.792922e-02	8.416016e+00	
11  129.769	2.224489e+00	1.203347e-01	6.961941e-01	3.211069e+00	1.007588e+00	1.420424e-01	1.323137e-01	2.316695e-01	2.800897e+00	5.401440e+00	9.909279e-01	1.548574e+01	7.014053e-01	2.453437e-01	2.482323e+00	5.463107e-01	1.045461e+00	6.971198e+01	1.463590e+02	2.988296e-01	1.792922e-02	8.416016e+00	
1  126.805	2.224489e+00	1.203347e-01	6.961941e-01	3.211069e+00	1.007588e+00	1.420424e-01	1.323137e-01	2.316695e-01	2.800897e+00	5.401440e+00	9.957461e-01	1.548574e+01	7.014053e-01	2.453437e-01	2.482323e+00	5.463107e-01	1.045461e+00	6.971198e+01	1.463590e+02	2.988296e-01	1.792922e-02	8.416016e+00	
10  127.429	2.224952e+00	1.201746e-01	6.972074e-01	3.216531e+00	1.005480e+00	1.454037e-01	1.332440e-01	2.328125e-01	2.829679e+00	5.440298e+00	9.951505e-01	1.573229e+01	7.026671e-01	2.453481e-01	2.495586e+00	5.443998e-01	1.045491e+00	6.979287e+01	1.464016e+02	2.975464e-01	1.803627e-02	6.219971e+00	
11  129.053	2.224952e+00	1.201746e-01	6.972074e-01	3.216531e+00	1.005480e+00	1.454037e-01	1.332440e-01	2.328125e-01	2.829679e+00	5.440298e+00	9.975629e-01	1.573229e+01	7.026671e-01	2.453481e-01	2.495586e+00	5.443998e-01	1.045491e+00	6.979287e+01	1.464016e+02	2.975464e-01	1.803627e-02	6.219971e+00	
11  129.441	2.224952e+00	1.201746e-01	6.972074e-01	3.216531e+00	1.005480e+00	1.454037e-01	1.332440e-01	2.328125e-01	2.829679e+00	5.440298e+00	9.978984e-01	1.573229e+01	7.026671e-01	2.453481e-01	2.495586e+00	5.443998e-01	1.045491e+00	6.979287e+01	1.464016e+02	2.975464e-01	1.803627e-02	6.219971e+00	
3  128.809	2.224952e+00	1.201746e-01	6.972074e-01	3.216531e+00	1.005480e+00	1.454037e-01	1.332440e-01	2.328125e-01	2.829679e+00	5.440298e+00	9.973324e-01	1.573229e+01	7.026671e-01	2.453481e-01	2.495586e+00	5.443998e-01	1.045491e+00	6.979287e+01	1.464016e+02	2.975464e-01	1.803627e-02	6.219971e+00	
8  128.282	2.209874e+00	1.208398e-01	6.926390e-01	3.198919e+00	1.001336e+00	1.355178e-01	1.293640e-01	2.363424e-01	2.791340e+00	5.528732e+00	9.976567e-01	1.506568e+01	6.973730e-01	2.452781e-01	2.453268e+00	5.396663e-01	1.045465e+00	6.939655e+01	1.464010e+02	3.025472e-01	1.762009e-02	1.004749e+01	
7  127.272	2.209874e+00	1.208398e-01	6.926390e-01	3.198919e+00	1.001336e+00	1.355178e-01	1.293640e-01	2.363424e-01	2.791340e+00	5.528732e+00	9.965467e-01	1.506568e+01	6.973730e-01	2.452781e-01	2.453268e+00	5.396663e-01	1.045465e+00	6.939655e+01	1.464010e+02	3.025472e-01	1.762009e-02	1.004749e+01	
4  127.122	2.201014e+00	1.217539e-01	6.914325e-01	3.204537e+00	1.001117e+00	1.382266e-01	1.462148e-01	2.086282e-01	2.763919e+00	5.306662e+00	9.958621e-01	1.534681e+01	6.941376e-01	2.452265e-01	2.465305e+00	5.602494e-01	1.045719e+00	6.927166e+01	1.461996e+02	3.056533e-01	1.968236e-02	1.333716e+01	
11  126.828	2.201014e+00	1.217539e-01	6.914325e-01	3.204537e+00	1.001117e+00	1.382266e-01	1.462148e-01	2.086282e-01	2.763919e+00	5.306662e+00	9.954098e-01	1.534681e+01	6.941376e-01	2.452265e-01	2.465305e+00	5.602494e-01	1.045719e+00	6.927166e+01	1.461996e+02	3.056533e-01	1.968236e-02	1.333716e+01	
10  126.416	2.201014e+00	1.217539e-01	6.914325e-01	3.204537e+00	1.001117e+00	1.382266e-01	1.462148e-01	2.086282e-01	2.763919e+00	5.306662e+00	9.942009e-01	1.534681e+01	6.941376e-01	2.452265e-01	2.465305e+00	5.602494e-01	1.045719e+00	6.927166e+01	1.461996e+02	3.056533e-01	1.968236e-02	1.333716e+01	
1  126.506	2.192682e+00	1.228017e-01	6.842724e-01	3.216051e+00	9.998513e-01	1.411941e-01	1.499898e-01	2.167142e-01	2.831803e+00	5.309033e+00	9.957102e-01	1.566559e+01	6.849796e-01	2.451843e-01	2.493609e+00	5.561173e-01	1.044863e+00	6.858127e+01	1.460436e+02	3.145202e-01	2.017343e-02	1.987134e+01	
33  126.533	2.192682e+00	1.228017e-01	6.842724e-01	3.216051e+00	9.998513e-01	1.411941e-01	1.499898e-01	2.167142e-01	2.831803e+00	5.309033e+00	9.954935e-01	1.566559e+01	6.849796e-01	2.451843e-01	2.493609e+00	5.561173e-01	1.044863e+00	6.858127e+01	1.460436e+02	3.145202e-01	2.017343e-02	1.987134e+01	
11  126.563	2.192682e+00	1.228017e-01	6.842724e-01	3.216051e+00	9.998513e-01	1.411941e-01	1.499898e-01	2.167142e-01	2.831803e+00	5.309033e+00	9.953440e-01	1.566559e+01	6.849796e-01	2.451843e-01	2.493609e+00	5.561173e-01	1.044863e+00	6.858127e+01	1.460436e+02	3.145202e-01	2.017343e-02	1.987134e+01	
22  126.532	2.192682e+00	1.228017e-01	6.842724e-01	3.216051e+00	9.998513e-01	1.411941e-01	1.499898e-01	2.167142e-01	2.831803e+00	5.309033e+00	9.954976e-01	1.566559e+01	6.849796e-01	2.451843e-01	2.493609e+00	5.561173e-01	1.044863e+00	6.858127e+01	1.460436e+02	3.145202e-01	2.017343e-02	1.987134e+01	
20  126.837	2.192682e+00	1.228017e-01	6.842724e-01	3.216051e+00	9.998513e-01	1.411941e-01	1.499898e-01	2.167142e-01	2.831803e+00	5.309033e+00	9.973356e-01	1.566559e+01	6.849796e-01	2.451843e-01	2.493609e+00	5.561173e-01	1.044863e+00	6.858127e+01	1.460436e+02	3.145202e-01	2.017343e-02	1.987134e+01	
2  127.188	2.182080e+00	1.229477e-01	6.805628e-01	3.216110e+00	9.985164e-01	1.411576e-01	1.156967e-01	2.125155e-01	2.867969e+00	5.457834e+00	9.973960e-01	1.572345e+01	6.820744e-01	2.451416e-01	2.493193e+00	6.015902e-01	1.045335e+00	6.827325e+01	1.462861e+02	3.179572e-01	1.587735e-02	6.063684e+01	
11  126.905	2.182080e+00	1.229477e-01	6.805628e-01	3.216110e+00	9.985164e-01	1.411576e-01	1.156967e-01	2.125155e-01	2.867969e+00	5.457834e+00	9.965635e-01	1.572345e+01	6.820744e-01	2.451416e-01	2.493193e+00	6.015902e-01	1.045335e+00	6.827325e+01	1.462861e+02	3.179572e-01	1.587735e-02	6.063684e+01	
8  126.854	2.182080e+00	1.229477e-01	6.805628e-01	3.216110e+00	9.985164e-01	1.411576e-01	1.156967e-01	2.125155e-01	2.867969e+00	5.457834e+00	9.960656e-01	1.572345e+01	6.820744e-01	2.451416e-01	2.493193e+00	6.015902e-01	1.045335e+00	6.827325e+01	1.462861e+02	3.179572e-01	1.587735e-02	6.063684e+01	
3  126.996	2.192531e+00	1.235472e-01	6.791528e-01	3.211351e+00	9.927849e-01	1.387864e-01	1.394266e-01	2.129269e-01	2.824212e+00	5.530802e+00	9.946798e-01	1.551184e+01	6.784397e-01	2.451787e-01	2.482068e+00	5.663273e-01	1.044506e+00	6.810524e+01	1.458970e+02	3.212447e-01	1.894126e-02	3.025330e+01	
22  127.126	2.192531e+00	1.235472e-01	6.791528e-01	3.211351e+00	9.927849e-01	1.387864e-01	1.394266e-01	2.129269e-01	2.824212e+00	5.530802e+00	9.955260e-01	1.551184e+01	6.784397e-01	2.451787e-01	2.482068e+00	5.663273e-01	1.044506e+00	6.810524e+01	1.458970e+02	3.212447e-01	1.894126e-02	3.025330e+01	
6  126.996	2.192531e+00	1.235472e-01	6.791528e-01	3.211351e+00	9.927849e-01	1.387864e-01	1.394266e-01	2.129269e-01	2.824212e+00	5.530802e+00	9.946877e-01	1.551184e+01	6.784397e-01	2.451787e-01	2.482068e+00	5.663273e-01	1.044506e+00	6.810524e+01	1.458970e+02	3.212447e-01	1.894126e-02	3.025330e+01	
5  127.221	2.202633e+00	1.241480e-01	6.821392e-01	3.213526e+00	9.925108e-01	1.381969e-01	1.660593e-01	2.097372e-01	2.842387e+00	5.418347e+00	9.952903e-01	1.543645e+01	6.791180e-01	2.452164e-01	2.487235e+00	5.504797e-01	1.044836e+00	6.837627e+01	1.455161e+02	3.202519e-01	2.234828e-02	1.778015e+01	
11  127.291	2.202633e+00	1.241480e-01	6.821392e-01	3.213526e+00	9.925108e-01	1.381969e-01	1.660593e-01	2.097372e-01	2.842387e+00	5.418347e+00	9.943947e-01	1.543645e+01	6.791180e-01	2.452164e-01	2.487235e+00	5.504797e-01	1.044836e+00	6.837627e+01	1.455161e+02	3.202519e-01	2.234828e-02	1.778015e+01	
11  127.868	2.202633e+00	1.241480e-01	6.821392e-01	3.213526e+00	9.925108e-01	1.381969e-01	1.660593e-01	2.097372e-01	2.842387e+00	5.418347e+00	9.931725e-01	1.543645e+01	6.791180e-01	2.452164e-01	2.487235e+00	5.504797e-01	1.044836e+00	6.837627e+01	1.455161e+02	3.202519e-01	2.234828e-02	1.778015e+01	
5  127.216	2.202633e+00	1.241480e-01	6.821392e-01	3.213526e+00	9.925108e-01	1.381969e-01	1.660593e-01	2.097372e-01	2.842387e+00	5.418347e+00	9.949183e-01	1.543645e+01	6.791180e-01	2.452164e-01	2.487235e+00	5.504797e-01	1.044836e+00	6.837627e+01	1.455161e+02	3.202519e-01	2.234828e-02	1.778015e+01	
12  125.554	2.201465e+00	1.232549e-01	6.815737e-01	3.210443e+00	9.914676e-01	1.384595e-01	1.389704e-01	2.174568e-01	2.849460e+00	5.659051e+00	9.941776e-01	1.543460e+01	6.813197e-01	2.452198e-01	2.480287e+00	5.597285e-01	1.044678e+00	6.833395e+01	1.458728e+02	3.183885e-01	1.893236e-02	2.785657e+01	
5  125.302	2.209262e+00	1.224782e-01	6.868284e-01	3.212391e+00	9.936632e-01	1.414477e-01	1.243048e-01	2.218626e-01	2.877328e+00	5.710304e+00	9.931607e-01	1.559957e+01	6.883309e-01	2.452646e-01	2.485379e+00	5.697927e-01	1.045619e+00	6.883909e+01	1.460457e+02	3.117226e-01	1.704124e-02	3.401587e+01	
33  125.464	2.209262e+00	1.224782e-01	6.868284e-01	3.212391e+00	9.936632e-01	1.414477e-01	1.243048e-01	2.218626e-01	2.877328e+00	5.710304e+00	9.923251e-01	1.559957e+01	6.883309e-01	2.452646e-01	2.485379e+00	5.697927e-01	1.045619e+00	6.883909e+01	1.460457e+02	3.117226e-01	1.704124e-02	3.401587e+01	
41  125.527	2.209262e+00	1.224782e-01	6.868284e-01	3.212391e+00	9.936632e-01	1.414477e-01	1.243048e-01	2.218626e-01	2.877328e+00	5.710304e+00	9.943891e-01	1.559957e+01	6.883309e-01	2.452646e-01	2.485379e+00	5.697927e-01	1.045619e+00	6.883909e+01	1.460457e+02	3.117226e-01	1.704124e-02	3.401587e+01	
14  125.205	2.209508e+00	1.211691e-01	6.889349e-01	3.208235e+00	9.980331e-01	1.391163e-01	1.475417e-01	2.184427e-01	2.814803e+00	5.596052e+00	9.963796e-01	1.536281e+01	6.930585e-01	2.452628e-01	2.474644e+00	5.463045e-01	1.044164e+00	6.902280e+01	1.462607e+02	3.066568e-01	1.997707e-02	1.298743e+01	
4  125.006	2.209508e+00	1.211691e-01	6.889349e-01	3.208235e+00	9.980331e-01	1.391163e-01	1.475417e-01	2.184427e-01	2.814803e+00	5.596052e+00	9.958424e-01	1.536281e+01	6.930585e-01	2.452628e-01	2.474644e+00	5.463045e-01	1.044164e+00	6.902280e+01	1.462607e+02	3.066568e-01	1.997707e-02	1.298743e+01	
18  123.964	2.225335e+00	1.212287e-01	6.927772e-01	3.196605e+00	9.968863e-01	1.337708e-01	1.324421e-01	2.194151e-01	2.803178e+00	5.587490e+00	9.948687e-01	1.487932e+01	6.961291e-01	2.453355e-01	2.446618e+00	5.556507e-01	1.045390e+00	6.941658e+01	1.461077e+02	3.039690e-01	1.816609e-02	2.619409e+01	
22  123.808	2.225335e+00	1.212287e-01	6.927772e-01	3.196605e+00	9.968863e-01	1.337708e-01	1.324421e-01	2.194151e-01	2.803178e+00	5.587490e+00	9.944223e-01	1.487932e+01	6.961291e-01	2.453355e-01	2.446618e+00	5.556507e-01	1.045390e+00	6.941658e+01	1.461077e+02	3.039690e-01	1.816609e-02	2.619409e+01	
3  123.794	2.225335e+00	1.212287e-01	6.927772e-01	3.196605e+00	9.968863e-01	1.337708e-01	1.324421e-01	2.194151e-01	2.803178e+00	5.587490e+00	9.943670e-01	1.487932e+01	6.961291e-01	2.453355e-01	2.446618e+00	5.556507e-01	1.045390e+00	6.941658e+01	1.461077e+02	3.039690e-01	1.816609e-02	2.619409e+01	
12  122.391	2.222024e+00	1.222257e-01	6.868067e-01	3.192578e+00	9.930473e-01	1.314241e-01	1.366852e-01	1.982496e-01	2.787872e+00	5.762636e+00	9.933728e-01	1.474994e+01	6.885520e-01	2.453043e-01	2.435544e+00	5.776974e-01	1.044680e+00	6.885519e+01	1.458765e+02	3.118044e-01	1.883426e-02	3.851929e+01	
7  123.337	2.233958e+00	1.207022e-01	6.964782e-01	3.196863e+00	9.969442e-01	1.331103e-01	1.442049e-01	1.895324e-01	2.745839e+00	5.504583e+00	9.954333e-01	1.476037e+01	7.007008e-01	2.453651e-01	2.444843e+00	5.810215e-01	1.045260e+00	6.976775e+01	1.460810e+02	2.999212e-01	1.977934e-02	2.925391e+01	
2  123.079	2.233958e+00	1.207022e-01	6.964782e-01	3.196863e+00	9.969442e-01	1.331103e-01	1.442049e-01	1.895324e-01	2.745839e+00	5.504583e+00	9.943258e-01	1.476037e+01	7.007008e-01	2.453651e-01	2.444843e+00	5.810215e-01	1.045260e+00	6.976775e+01	1.460810e+02	2.999212e-01	1.977934e-02	2.925391e+01	
9  124.207	2.219492e+00	1.209009e-01	6.943891e-01	3.207132e+00	9.956827e-01	1.357862e-01	1.252058e-01	1.856932e-01	2.742187e+00	5.359427e+00	9.965972e-01	1.503778e+01	6.991161e-01	2.453083e-01	2.468856e+00	6.109788e-01	1.045837e+00	6.958183e+01	1.462852e+02	3.017516e-01	1.733185e-02	4.853577e+01	
16  125.096	2.219492e+00	1.209009e-01	6.943891e-01	3.207132e+00	9.956827e-01	1.357862e-01	1.252058e-01	1.856932e-01	2.742187e+00	5.359427e+00	9.943295e-01	1.503778e+01	6.991161e-01	2.453083e-01	2.468856e+00	6.109788e-01	1.045837e+00	6.958183e+01	1.462852e+02	3.017516e-01	1.733185e-02	4.853577e+01	
9  127.579	2.225167e+00	1.213529e-01	6.916471e-01	3.190405e+00	9.928030e-01	1.239447e-01	1.465348e-01	1.733905e-01	2.693990e+00	5.395592e+00	9.966410e-01	1.409759e+01	6.952342e-01	2.453163e-01	2.427059e+00	6.015635e-01	1.044728e+00	6.932068e+01	1.459944e+02	3.060212e-01	2.026022e-02	4.441797e+01	
6  129.815	2.225973e+00	1.216834e-01	6.962609e-01	3.184341e+00	9.934756e-01	1.207483e-01	1.445721e-01	1.662168e-01	2.662126e+00	5.393500e+00	9.964802e-01	1.384503e+01	6.988517e-01	2.453182e-01	2.412476e+00	6.105843e-01	1.046407e+00	6.975941e+01	1.459021e+02	3.027418e-01	1.991473e-02	3.749414e+01	
2  131.858	2.242377e+00	1.214109e-01	6.911250e-01	3.188566e+00	9.971304e-01	1.207805e-01	1.393547e-01	1.603959e-01	2.650605e+00	5.374991e+00	9.985479e-01	1.377567e+01	6.947207e-01	2.453821e-01	2.420857e+00	6.285080e-01	1.044460e+00	6.926547e+01	1.458061e+02	3.076445e-01	1.951834e-02	6.783411e+01	
6  131.484	2.242377e+00	1.214109e-01	6.911250e-01	3.188566e+00	9.971304e-01	1.207805e-01	1.393547e-01	1.603959e-01	2.650605e+00	5.374991e+00	9.992035e-01	1.377567e+01	6.947207e-01	2.453821e-01	2.420857e+00	6.285080e-01	1.044460e+00	6.926547e+01	1.458061e+02	3.076445e-01	1.951834e-02	6.783411e+01	
16  129.634	2.242606e+00	1.221967e-01	6.897511e-01	3.184133e+00	9.958203e-01	1.162424e-01	1.143130e-01	1.795505e-01	2.588275e+00	5.586679e+00	1.000364e+00	1.346098e+01	6.915713e-01	2.453809e-01	2.413068e+00	6.199037e-01	1.045831e+00	6.916522e+01	1.457067e+02	3.105764e-01	1.581077e-02	8.187183e+01	
4  130.902	2.242606e+00	1.221967e-01	6.897511e-01	3.184133e+00	9.958203e-01	1.162424e-01	1.143130e-01	1.795505e-01	2.588275e+00	5.586679e+00	9.984356e-01	1.346098e+01	6.915713e-01	2.453809e-01	2.413068e+00	6.199037e-01	1.045831e+00	6.916522e+01	1.457067e+02	3.105764e-01	1.581077e-02	8.187183e+01	
5  130.554	2.241949e+00	1.219715e-01	6.932964e-01	3.189229e+00	9.974249e-01	1.183996e-01	1.433710e-01	1.927784e-01	2.590890e+00	5.624399e+00	9.991768e-01	1.362920e+01	6.946685e-01	2.453786e-01	2.427976e+00	5.671852e-01	1.045758e+00	6.947678e+01	1.456482e+02	3.064976e-01	1.940121e-02	3.248682e+01	
2  127.382	2.236780e+00	1.219226e-01	6.919309e-01	3.194195e+00	9.972553e-01	1.178238e-01	1.347151e-01	1.974020e-01	2.619013e+00	5.790696e+00	1.002120e+00	1.360971e+01	6.938442e-01	2.453559e-01	2.440419e+00	5.733867e-01	1.045797e+00	6.936910e+01	1.457769e+02	3.073599e-01	1.826800e-02	3.717761e+01	
5  126.972	2.236780e+00	1.219226e-01	6.919309e-01	3.194195e+00	9.972553e-01	1.178238e-01	1.347151e-01	1.974020e-01	2.619013e+00	5.790696e+00	1.002566e+00	1.360971e+01	6.938442e-01	2.453559e-01	2.440419e+00	5.733867e-01	1.045797e+00	6.936910e+01	1.457769e+02	3.073599e-01	1.826800e-02	3.717761e+01	
17  127.838	2.231824e+00	1.212636e-01	6.961193e-01	3.213764e+00	1.000301e+00	1.283250e-01	1.400913e-01	1.728623e-01	2.539048e+00	5.592544e+00	1.002977e+00	1.441965e+01	7.002355e-01	2.453350e-01	2.486634e+00	6.069788e-01	1.046216e+00	6.973392e+01	1.459663e+02	3.015530e-01	1.886740e-02	3.172803e+01	
11  128.168	2.231824e+00	1.212636e-01	6.961193e-01	3.213764e+00	1.000301e+00	1.283250e-01	1.400913e-01	1.728623e-01	2.539048e+00	5.592544e+00	1.002587e+00	1.441965e+01	7.002355e-01	2.453350e-01	2.486634e+00	6.069788e-01	1.046216e+00	6.973392e+01	1.459663e+02	3.015530e-01	1.886740e-02	3.172803e+01	
55  127.04	2.231824e+00	1.212636e-01	6.961193e-01	3.213764e+00	1.000301e+00	1.283250e-01	1.400913e-01	1.728623e-01	2.539048e+00	5.592544e+00	1.005209e+00	1.441965e+01	7.002355e-01	2.453350e-01	2.486634e+00	6.069788e-01	1.046216e+00	6.973392e+01	1.459663e+02	3.015530e-01	1.886740e-02	3.172803e+01	
11  128.541	2.231824e+00	1.212636e-01	6.961193e-01	3.213764e+00	1.000301e+00	1.283250e-01	1.400913e-01	1.728623e-01	2.539048e+00	5.592544e+00	1.007968e+00	1.441965e+01	7.002355e-01	2.453350e-01	2.486634e+00	6.069788e-01	1.046216e+00	6.973392e+01	1.459663e+02	3.015530e-01	1.886740e-02	3.172803e+01	
11  127.695	2.231824e+00	1.212636e-01	6.961193e-01	3.213764e+00	1.000301e+00	1.283250e-01	1.400913e-01	1.728623e-01	2.539048e+00	5.592544e+00	1.006987e+00	1.441965e+01	7.002355e-01	2.453350e-01	2.486634e+00	6.069788e-01	1.046216e+00	6.973392e+01	1.459663e+02	3.015530e-01	1.886740e-02	3.172803e+01	
11  129.032	2.231824e+00	1.212636e-01	6.961193e-01	3.213764e+00	1.000301e+00	1.283250e-01	1.400913e-01	1.728623e-01	2.539048e+00	5.592544e+00	1.008408e+00	1.441965e+01	7.002355e-01	2.453350e-01	2.486634e+00	6.069788e-01	1.046216e+00	6.973392e+01	1.459663e+02	3.015530e-01	1.886740e-02	3.172803e+01	
11  127.269	2.231824e+00	1.212636e-01	6.961193e-01	3.213764e+00	1.000301e+00	1.283250e-01	1.400913e-01	1.728623e-01	2.539048e+00	5.592544e+00	1.006212e+00	1.441965e+01	7.002355e-01	2.453350e-01	2.486634e+00	6.069788e-01	1.046216e+00	6.973392e+01	1.459663e+02	3.015530e-01	1.886740e-02	3.172803e+01	
11  127.12	2.231824e+00	1.212636e-01	6.961193e-01	3.213764e+00	1.000301e+00	1.283250e-01	1.400913e-01	1.728623e-01	2.539048e+00	5.592544e+00	1.005758e+00	1.441965e+01	7.002355e-01	2.453350e-01	2.486634e+00	6.069788e-01	1.046216e+00	6.973392e+01	1.459663e+02	3.015530e-01	1.886740e-02	3.172803e+01	
11  127.168	2.231824e+00	1.212636e-01	6.961193e-01	3.213764e+00	1.000301e+00	1.283250e-01	1.400913e-01	1.728623e-01	2.539048e+00	5.592544e+00	1.005934e+00	1.441965e+01	7.002355e-01	2.453350e-01	2.486634e+00	6.069788e-01	1.046216e+00	6.973392e+01	1.459663e+02	3.015530e-01	1.886740e-02	3.172803e+01	
44  127.448	2.231824e+00	1.212636e-01	6.961193e-01	3.213764e+00	1.000301e+00	1.283250e-01	1.400913e-01	1.728623e-01	2.539048e+00	5.592544e+00	1.006586e+00	1.441965e+01	7.002355e-01	2.453350e-01	2.486634e+00	6.069788e-01	1.046216e+00	6.973392e+01	1.459663e+02	3.015530e-01	1.886740e-02	3.172803e+01	
9  127.115	2.231824e+00	1.212636e-01	6.961193e-01	3.213764e+00	1.000301e+00	1.283250e-01	1.400913e-01	1.728623e-01	2.539048e+00	5.592544e+00	1.005737e+00	1.441965e+01	7.002355e-01	2.453350e-01	2.486634e+00	6.069788e-01	1.046216e+00	6.973392e+01	1.459663e+02	3.015530e-01	1.886740e-02	3.172803e+01	
13  125.984	2.239743e+00	1.213398e-01	6.912788e-01	3.202991e+00	9.958950e-01	1.270440e-01	1.245088e-01	1.675973e-01	2.496160e+00	5.503687e+00	1.001368e+00	1.428311e+01	6.958343e-01	2.453704e-01	2.458239e+00	6.260346e-01	1.045114e+00	6.928018e+01	1.458944e+02	3.065795e-01	1.709549e-02	6.585730e+01	
11  125.996	2.239743e+00	1.213398e-01	6.912788e-01	3.202991e+00	9.958950e-01	1.270440e-01	1.245088e-01	1.675973e-01	2.496160e+00	5.503687e+00	1.000529e+00	1.428311e+01	6.958343e-01	2.453704e-01	2.458239e+00	6.260346e-01	1.045114e+00	6.928018e+01	1.458944e+02	3.065795e-01	1.709549e-02	6.585730e+01	
11  126.432	2.239743e+00	1.213398e-01	6.912788e-01	3.202991e+00	9.958950e-01	1.270440e-01	1.245088e-01	1.675973e-01	2.496160e+00	5.503687e+00	9.993806e-01	1.428311e+01	6.958343e-01	2.453704e-01	2.458239e+00	6.260346e-01	1.045114e+00	6.928018e+01	1.458944e+02	3.065795e-01	1.709549e-02	6.585730e+01	
18  127.074	2.239743e+00	1.213398e-01	6.912788e-01	3.202991e+00	9.958950e-01	1.270440e-01	1.245088e-01	1.675973e-01	2.496160e+00	5.503687e+00	9.985312e-01	1.428311e+01	6.958343e-01	2.453704e-01	2.458239e+00	6.260346e-01	1.045114e+00	6.928018e+01	1.458944e+02	3.065795e-01	1.709549e-02	6.585730e+01	
15  126.34	2.246258e+00	1.213868e-01	6.928110e-01	3.209013e+00	9.940141e-01	1.287994e-01	1.248322e-01	1.691381e-01	2.500374e+00	5.610471e+00	9.992941e-01	1.439897e+01	6.969999e-01	2.453979e-01	2.473759e+00	6.224345e-01	1.045444e+00	6.942312e+01	1.458106e+02	3.053716e-01	1.708840e-02	5.803613e+01	
11  125.57	2.246258e+00	1.213868e-01	6.928110e-01	3.209013e+00	9.940141e-01	1.287994e-01	1.248322e-01	1.691381e-01	2.500374e+00	5.610471e+00	1.000503e+00	1.439897e+01	6.969999e-01	2.453979e-01	2.473759e+00	6.224345e-01	1.045444e+00	6.942312e+01	1.458106e+02	3.053716e-01	1.708840e-02	5.803613e+01	
11  125.956	2.246258e+00	1.213868e-01	6.928110e-01	3.209013e+00	9.940141e-01	1.287994e-01	1.248322e-01	1.691381e-01	2.500374e+00	5.610471e+00	9.997921e-01	1.439897e+01	6.969999e-01	2.453979e-01	2.473759e+00	6.224345e-01	1.045444e+00	6.942312e+01	1.458106e+02	3.053716e-01	1.708840e-02	5.803613e+01	
33  127.506	2.246258e+00	1.213868e-01	6.928110e-01	3.209013e+00	9.940141e-01	1.287994e-01	1.248322e-01	1.691381e-01	2.500374e+00	5.610471e+00	9.981993e-01	1.439897e+01	6.969999e-01	2.453979e-01	2.473759e+00	6.224345e-01	1.045444e+00	6.942312e+01	1.458106e+02	3.053716e-01	1.708840e-02	5.803613e+01	
11  126.845	2.246258e+00	1.213868e-01	6.928110e-01	3.209013e+00	9.940141e-01	1.287994e-01	1.248322e-01	1.691381e-01	2.500374e+00	5.610471e+00	9.987671e-01	1.439897e+01	6.969999e-01	2.453979e-01	2.473759e+00	6.224345e-01	1.045444e+00	6.942312e+01	1.458106e+02	3.053716e-01	1.708840e-02	5.803613e+01	
10  126.798	2.246258e+00	1.213868e-01	6.928110e-01	3.209013e+00	9.940141e-01	1.287994e-01	1.248322e-01	1.691381e-01	2.500374e+00	5.610471e+00	9.988122e-01	1.439897e+01	6.969999e-01	2.453979e-01	2.473759e+00	6.224345e-01	1.045444e+00	6.942312e+01	1.458106e+02	3.053716e-01	1.708840e-02	5.803613e+01	
1  126.591	2.249234e+00	1.209231e-01	6.970327e-01	3.201135e+00	9.903830e-01	1.274210e-01	1.228680e-01	1.635746e-01	2.581323e+00	5.579999e+00	9.966093e-01	1.425190e+01	7.017412e-01	2.454197e-01	2.452905e+00	6.329484e-01	1.045969e+00	6.982915e+01	1.459111e+02	3.006761e-01	1.714929e-02	5.997656e+01	
11  126.931	2.249234e+00	1.209231e-01	6.970327e-01	3.201135e+00	9.903830e-01	1.274210e-01	1.228680e-01	1.635746e-01	2.581323e+00	5.579999e+00	9.962851e-01	1.425190e+01	7.017412e-01	2.454197e-01	2.452905e+00	6.329484e-01	1.045969e+00	6.982915e+01	1.459111e+02	3.006761e-01	1.714929e-02	5.997656e+01	
11  126.319	2.249234e+00	1.209231e-01	6.970327e-01	3.201135e+00	9.903830e-01	1.274210e-01	1.228680e-01	1.635746e-01	2.581323e+00	5.579999e+00	9.969019e-01	1.425190e+01	7.017412e-01	2.454197e-01	2.452905e+00	6.329484e-01	1.045969e+00	6.982915e+01	1.459111e+02	3.006761e-01	1.714929e-02	5.997656e+01	
6  126.667	2.249234e+00	1.209231e-01	6.970327e-01	3.201135e+00	9.903830e-01	1.274210e-01	1.228680e-01	1.635746e-01	2.581323e+00	5.579999e+00	9.965334e-01	1.425190e+01	7.017412e-01	2.454197e-01	2.452905e+00	6.329484e-01	1.045969e+00	6.982915e+01	1.459111e+02	3.006761e-01	1.714929e-02	5.997656e+01	
5  129.329	2.256775e+00	1.205434e-01	6.965489e-01	3.195049e+00	9.912390e-01	1.255392e-01	1.348896e-01	1.477395e-01	2.612259e+00	5.584035e+00	9.957711e-01	1.404521e+01	7.022097e-01	2.454476e-01	2.435114e+00	6.470713e-01	1.044765e+00	6.976610e+01	1.458745e+02	3.008570e-01	1.914562e-02	6.550269e+01	
11  130.298	2.256775e+00	1.205434e-01	6.965489e-01	3.195049e+00	9.912390e-01	1.255392e-01	1.348896e-01	1.477395e-01	2.612259e+00	5.584035e+00	9.949827e-01	1.404521e+01	7.022097e-01	2.454476e-01	2.435114e+00	6.470713e-01	1.044765e+00	6.976610e+01	1.458745e+02	3.008570e-01	1.914562e-02	6.550269e+01	
4  129.819	2.256775e+00	1.205434e-01	6.965489e-01	3.195049e+00	9.912390e-01	1.255392e-01	1.348896e-01	1.477395e-01	2.612259e+00	5.584035e+00	9.953485e-01	1.404521e+01	7.022097e-01	2.454476e-01	2.435114e+00	6.470713e-01	1.044765e+00	6.976610e+01	1.458745e+02	3.008570e-01	1.914562e-02	6.550269e+01	
29  129.688	2.262145e+00	1.199961e-01	6.984103e-01	3.194078e+00	9.904419e-01	1.291299e-01	1.421536e-01	1.652361e-01	2.691577e+00	5.464779e+00	9.920271e-01	1.429433e+01	7.039052e-01	2.454830e-01	2.434457e+00	6.123540e-01	1.044316e+00	6.994760e+01	1.459242e+02	2.979601e-01	1.997645e-02	4.992810e+01	
22  128.01	2.262145e+00	1.199961e-01	6.984103e-01	3.194078e+00	9.904419e-01	1.291299e-01	1.421536e-01	1.652361e-01	2.691577e+00	5.464779e+00	9.935187e-01	1.429433e+01	7.039052e-01	2.454830e-01	2.434457e+00	6.123540e-01	1.044316e+00	6.994760e+01	1.459242e+02	2.979601e-01	1.997645e-02	4.992810e+01	
11  128.309	2.262145e+00	1.199961e-01	6.984103e-01	3.194078e+00	9.904419e-01	1.291299e-01	1.421536e-01	1.652361e-01	2.691577e+00	5.464779e+00	9.931881e-01	1.429433e+01	7.039052e-01	2.454830e-01	2.434457e+00	6.123540e-01	1.044316e+00	6.994760e+01	1.459242e+02	2.979601e-01	1.997645e-02	4.992810e+01	
11  127.161	2.262145e+00	1.199961e-01	6.984103e-01	3.194078e+00	9.904419e-01	1.291299e-01	1.421536e-01	1.652361e-01	2.691577e+00	5.464779e+00	9.950333e-01	1.429433e+01	7.039052e-01	2.454830e-01	2.434457e+00	6.123540e-01	1.044316e+00	6.994760e+01	1.459242e+02	2.979601e-01	1.997645e-02	4.992810e+01	
3  127.133	2.262145e+00	1.199961e-01	6.984103e-01	3.194078e+00	9.904419e-01	1.291299e-01	1.421536e-01	1.652361e-01	2.691577e+00	5.464779e+00	9.951419e-01	1.429433e+01	7.039052e-01	2.454830e-01	2.434457e+00	6.123540e-01	1.044316e+00	6.994760e+01	1.459242e+02	2.979601e-01	1.997645e-02	4.992810e+01	
8  127.576	2.272309e+00	1.207325e-01	6.950126e-01	3.199064e+00	9.892175e-01	1.283913e-01	1.315416e-01	1.747064e-01	2.631539e+00	5.639114e+00	9.969284e-01	1.423883e+01	6.990723e-01	2.455181e-01	2.448675e+00	6.043988e-01	1.044336e+00	6.962651e+01	1.456574e+02	3.029480e-01	1.841529e-02	5.599341e+01	
6  128.415	2.272309e+00	1.207325e-01	6.950126e-01	3.199064e+00	9.892175e-01	1.283913e-01	1.315416e-01	1.747064e-01	2.631539e+00	5.639114e+00	9.952775e-01	1.423883e+01	6.990723e-01	2.455181e-01	2.448675e+00	6.043988e-01	1.044336e+00	6.962651e+01	1.456574e+02	3.029480e-01	1.841529e-02	5.599341e+01	
13  126.56	2.268414e+00	1.205785e-01	6.978155e-01	3.179370e+00	9.876882e-01	1.180482e-01	1.151875e-01	1.688672e-01	2.601452e+00	5.723139e+00	9.958838e-01	1.343877e+01	7.025033e-01	2.454992e-01	2.399807e+00	6.246557e-01	1.045563e+00	6.992557e+01	1.458169e+02	3.001736e-01	1.624543e-02	7.954834e+01	
3  126.193	2.259765e+00	1.221910e-01	6.942437e-01	3.176241e+00	9.838600e-01	1.128327e-01	1.433963e-01	1.721315e-01	2.684229e+00	6.072680e+00	9.973826e-01	1.312129e+01	6.951175e-01	2.454466e-01	2.393995e+00	5.913455e-01	1.045600e+00	6.957626e+01	1.454097e+02	3.068987e-01	1.983760e-02	4.662830e+01	
11  125.733	2.259765e+00	1.221910e-01	6.942437e-01	3.176241e+00	9.838600e-01	1.128327e-01	1.433963e-01	1.721315e-01	2.684229e+00	6.072680e+00	9.985670e-01	1.312129e+01	6.951175e-01	2.454466e-01	2.393995e+00	5.913455e-01	1.045600e+00	6.957626e+01	1.454097e+02	3.068987e-01	1.983760e-02	4.662830e+01	
11  125.741	2.259765e+00	1.221910e-01	6.942437e-01	3.176241e+00	9.838600e-01	1.128327e-01	1.433963e-01	1.721315e-01	2.684229e+00	6.072680e+00	9.985225e-01	1.312129e+01	6.951175e-01	2.454466e-01	2.393995e+00	5.913455e-01	1.045600e+00	6.957626e+01	1.454097e+02	3.068987e-01	1.983760e-02	4.662830e+01	
1  125.701	2.259765e+00	1.221910e-01	6.942437e-01	3.176241e+00	9.838600e-01	1.128327e-01	1.433963e-01	1.721315e-01	2.684229e+00	6.072680e+00	9.988077e-01	1.312129e+01	6.951175e-01	2.454466e-01	2.393995e+00	5.913455e-01	1.045600e+00	6.957626e+01	1.454097e+02	3.068987e-01	1.983760e-02	4.662830e+01	
3  124.446	2.258621e+00	1.213943e-01	6.978432e-01	3.186446e+00	9.839495e-01	1.194243e-01	1.356135e-01	1.888991e-01	2.697160e+00	5.985527e+00	9.983305e-01	1.362604e+01	6.999948e-01	2.454568e-01	2.420606e+00	5.759057e-01	1.046100e+00	6.992619e+01	1.456551e+02	3.013015e-01	1.872922e-02	3.584204e+01	
7  123.995	2.250576e+00	1.215541e-01	6.911786e-01	3.190321e+00	9.818394e-01	1.196708e-01	1.083184e-01	1.957121e-01	2.703421e+00	5.977207e+00	9.997191e-01	1.369339e+01	6.941157e-01	2.454287e-01	2.429472e+00	6.014097e-01	1.045478e+00	6.932090e+01	1.458273e+02	3.074409e-01	1.523937e-02	7.360547e+01	
5  123.97	2.250576e+00	1.215541e-01	6.911786e-01	3.190321e+00	9.818394e-01	1.196708e-01	1.083184e-01	1.957121e-01	2.703421e+00	5.977207e+00	9.999143e-01	1.369339e+01	6.941157e-01	2.454287e-01	2.429472e+00	6.014097e-01	1.045478e+00	6.932090e+01	1.458273e+02	3.074409e-01	1.523937e-02	7.360547e+01	
1  127.662	2.247411e+00	1.218139e-01	6.917417e-01	3.180326e+00	9.829951e-01	1.137401e-01	1.293520e-01	1.859453e-01	2.716784e+00	5.823708e+00	1.000672e+00	1.323608e+01	6.936429e-01	2.454063e-01	2.403939e+00	5.906385e-01	1.045280e+00	6.935975e+01	1.457104e+02	3.078431e-01	1.803383e-02	6.263916e+01	
5  128.825	2.233450e+00	1.227752e-01	6.947078e-01	3.175948e+00	9.834008e-01	1.112102e-01	1.676811e-01	1.737887e-01	2.679058e+00	5.905424e+00	1.000347e+00	1.309719e+01	6.943246e-01	2.453355e-01	2.393995e+00	5.699733e-01	1.046217e+00	6.960729e+01	1.454467e+02	3.069949e-01	2.272233e-02	1.649512e+01	
11  128.888	2.233450e+00	1.227752e-01	6.947078e-01	3.175948e+00	9.834008e-01	1.112102e-01	1.676811e-01	1.737887e-01	2.679058e+00	5.905424e+00	1.001102e+00	1.309719e+01	6.943246e-01	2.453355e-01	2.393995e+00	5.699733e-01	1.046217e+00	6.960729e+01	1.454467e+02	3.069949e-01	2.272233e-02	1.649512e+01	
1  128.838	2.233450e+00	1.227752e-01	6.947078e-01	3.175948e+00	9.834008e-01	1.112102e-01	1.676811e-01	1.737887e-01	2.679058e+00	5.905424e+00	1.000186e+00	1.309719e+01	6.943246e-01	2.453355e-01	2.393995e+00	5.699733e-01	1.046217e+00	6.960729e+01	1.454467e+02	3.069949e-01	2.272233e-02	1.649512e+01	
34  125.013	2.241463e+00	1.227732e-01	6.866080e-01	3.190743e+00	9.847040e-01	1.171539e-01	1.369903e-01	1.831237e-01	2.653003e+00	6.072581e+00	1.001400e+00	1.356691e+01	6.870804e-01	2.453656e-01	2.430447e+00	5.865400e-01	1.044835e+00	6.885346e+01	1.455003e+02	3.144891e-01	1.884089e-02	4.898828e+01	
4  122.22	2.236783e+00	1.234063e-01	6.851560e-01	3.191420e+00	9.853075e-01	1.189672e-01	1.222886e-01	1.936550e-01	2.657163e+00	6.298038e+00	9.995521e-01	1.376007e+01	6.844528e-01	2.453467e-01	2.434135e+00	5.869280e-01	1.045732e+00	6.872996e+01	1.454628e+02	3.168553e-01	1.673651e-02	4.833118e+01	
5  124.33	2.248355e+00	1.221655e-01	6.929841e-01	3.186155e+00	9.854926e-01	1.177121e-01	1.188774e-01	2.055605e-01	2.691975e+00	6.161330e+00	9.993532e-01	1.356874e+01	6.940533e-01	2.454138e-01	2.421752e+00	5.724053e-01	1.046441e+00	6.948507e+01	1.456545e+02	3.070431e-01	1.637336e-02	4.234912e+01	
3  124.447	2.248355e+00	1.221655e-01	6.929841e-01	3.186155e+00	9.854926e-01	1.177121e-01	1.188774e-01	2.055605e-01	2.691975e+00	6.161330e+00	9.987881e-01	1.356874e+01	6.940533e-01	2.454138e-01	2.421752e+00	5.724053e-01	1.046441e+00	6.948507e+01	1.456545e+02	3.070431e-01	1.637336e-02	4.234912e+01	
5  124.198	2.247751e+00	1.221830e-01	6.914233e-01	3.176616e+00	9.900338e-01	1.142958e-01	1.355982e-01	1.952714e-01	2.651681e+00	6.026181e+00	9.979446e-01	1.329289e+01	6.923802e-01	2.454006e-01	2.397416e+00	5.659320e-01	1.045495e+00	6.931580e+01	1.455762e+02	3.088204e-01	1.854191e-02	4.257129e+01	
3  122.649	2.246829e+00	1.224799e-01	6.925309e-01	3.183499e+00	9.881638e-01	1.161522e-01	1.381864e-01	1.867386e-01	2.651019e+00	6.273907e+00	9.989280e-01	1.345459e+01	6.932093e-01	2.453886e-01	2.414422e+00	5.757161e-01	1.046080e+00	6.942004e+01	1.455113e+02	3.082475e-01	1.883090e-02	3.431946e+01	
11  122.559	2.246829e+00	1.224799e-01	6.925309e-01	3.183499e+00	9.881638e-01	1.161522e-01	1.381864e-01	1.867386e-01	2.651019e+00	6.273907e+00	9.996860e-01	1.345459e+01	6.932093e-01	2.453886e-01	2.414422e+00	5.757161e-01	1.046080e+00	6.942004e+01	1.455113e+02	3.082475e-01	1.883090e-02	3.431946e+01	
11  122.948	2.246829e+00	1.224799e-01	6.925309e-01	3.183499e+00	9.881638e-01	1.161522e-01	1.381864e-01	1.867386e-01	2.651019e+00	6.273907e+00	1.001098e+00	1.345459e+01	6.932093e-01	2.453886e-01	2.414422e+00	5.757161e-01	1.046080e+00	6.942004e+01	1.455113e+02	3.082475e-01	1.883090e-02	3.431946e+01	
11  122.579	2.246829e+00	1.224799e-01	6.925309e-01	3.183499e+00	9.881638e-01	1.161522e-01	1.381864e-01	1.867386e-01	2.651019e+00	6.273907e+00	9.999726e-01	1.345459e+01	6.932093e-01	2.453886e-01	2.414422e+00	5.757161e-01	1.046080e+00	6.942004e+01	1.455113e+02	3.082475e-01	1.883090e-02	3.431946e+01	
22  122.584	2.246829e+00	1.224799e-01	6.925309e-01	3.183499e+00	9.881638e-01	1.161522e-01	1.381864e-01	1.867386e-01	2.651019e+00	6.273907e+00	1.000005e+00	1.345459e+01	6.932093e-01	2.453886e-01	2.414422e+00	5.757161e-01	1.046080e+00	6.942004e+01	1.455113e+02	3.082475e-01	1.883090e-02	3.431946e+01	
11  123.232	2.246829e+00	1.224799e-01	6.925309e-01	3.183499e+00	9.881638e-01	1.161522e-01	1.381864e-01	1.867386e-01	2.651019e+00	6.273907e+00	1.001557e+00	1.345459e+01	6.932093e-01	2.453886e-01	2.414422e+00	5.757161e-01	1.046080e+00	6.942004e+01	1.455113e+02	3.082475e-01	1.883090e-02	3.431946e+01	
11  122.56	2.246829e+00	1.224799e-01	6.925309e-01	3.183499e+00	9.881638e-01	1.161522e-01	1.381864e-01	1.867386e-01	2.651019e+00	6.273907e+00	9.996988e-01	1.345459e+01	6.932093e-01	2.453886e-01	2.414422e+00	5.757161e-01	1.046080e+00	6.942004e+01	1.455113e+02	3.082475e-01	1.883090e-02	3.431946e+01	
11  122.902	2.246829e+00	1.224799e-01	6.925309e-01	3.183499e+00	9.881638e-01	1.161522e-01	1.381864e-01	1.867386e-01	2.651019e+00	6.273907e+00	1.001009e+00	1.345459e+01	6.932093e-01	2.453886e-01	2.414422e+00	5.757161e-01	1.046080e+00	6.942004e+01	1.455113e+02	3.082475e-01	1.883090e-02	3.431946e+01	
9  122.595	2.246829e+00	1.224799e-01	6.925309e-01	3.183499e+00	9.881638e-01	1.161522e-01	1.381864e-01	1.867386e-01	2.651019e+00	6.273907e+00	9.991851e-01	1.345459e+01	6.932093e-01	2.453886e-01	2.414422e+00	5.757161e-01	1.046080e+00	6.942004e+01	1.455113e+02	3.082475e-01	1.883090e-02	3.431946e+01	
2  123.16	2.247413e+00	1.221283e-01	6.880325e-01	3.182112e+00	9.863513e-01	1.160922e-01	1.186625e-01	1.879147e-01	2.673244e+00	6.131297e+00	9.988200e-01	1.344037e+01	6.899745e-01	2.453988e-01	2.409393e+00	5.984357e-01	1.044994e+00	6.901274e+01	1.456769e+02	3.117676e-01	1.651632e-02	7.063135e+01	
11  123.375	2.247413e+00	1.221283e-01	6.880325e-01	3.182112e+00	9.863513e-01	1.160922e-01	1.186625e-01	1.879147e-01	2.673244e+00	6.131297e+00	1.000892e+00	1.344037e+01	6.899745e-01	2.453988e-01	2.409393e+00	5.984357e-01	1.044994e+00	6.901274e+01	1.456769e+02	3.117676e-01	1.651632e-02	7.063135e+01	
33  123.083	2.247413e+00	1.221283e-01	6.880325e-01	3.182112e+00	9.863513e-01	1.160922e-01	1.186625e-01	1.879147e-01	2.673244e+00	6.131297e+00	9.991738e-01	1.344037e+01	6.899745e-01	2.453988e-01	2.409393e+00	5.984357e-01	1.044994e+00	6.901274e+01	1.456769e+02	3.117676e-01	1.651632e-02	7.063135e+01	
11  123.075	2.247413e+00	1.221283e-01	6.880325e-01	3.182112e+00	9.863513e-01	1.160922e-01	1.186625e-01	1.879147e-01	2.673244e+00	6.131297e+00	9.998967e-01	1.344037e+01	6.899745e-01	2.453988e-01	2.409393e+00	5.984357e-01	1.044994e+00	6.901274e+01	1.456769e+02	3.117676e-01	1.651632e-02	7.063135e+01	
6  123.187	2.247413e+00	1.221283e-01	6.880325e-01	3.182112e+00	9.863513e-01	1.160922e-01	1.186625e-01	1.879147e-01	2.673244e+00	6.131297e+00	1.000419e+00	1.344037e+01	6.899745e-01	2.453988e-01	2.409393e+00	5.984357e-01	1.044994e+00	6.901274e+01	1.456769e+02	3.117676e-01	1.651632e-02	7.063135e+01	
5  124.134	2.240780e+00	1.224843e-01	6.903414e-01	3.192087e+00	9.895198e-01	1.212357e-01	1.240851e-01	2.128071e-01	2.685429e+00	6.178931e+00	1.000319e+00	1.389074e+01	6.909584e-01	2.453801e-01	2.437265e+00	5.598359e-01	1.046109e+00	6.921704e+01	1.456395e+02	3.098193e-01	1.693830e-02	2.607837e+01	
11  124.431	2.240780e+00	1.224843e-01	6.903414e-01	3.192087e+00	9.895198e-01	1.212357e-01	1.240851e-01	2.128071e-01	2.685429e+00	6.178931e+00	9.981959e-01	1.389074e+01	6.909584e-01	2.453801e-01	2.437265e+00	5.598359e-01	1.046109e+00	6.921704e+01	1.456395e+02	3.098193e-01	1.693830e-02	2.607837e+01	
22  124.053	2.240780e+00	1.224843e-01	6.903414e-01	3.192087e+00	9.895198e-01	1.212357e-01	1.240851e-01	2.128071e-01	2.685429e+00	6.178931e+00	9.995672e-01	1.389074e+01	6.909584e-01	2.453801e-01	2.437265e+00	5.598359e-01	1.046109e+00	6.921704e+01	1.456395e+02	3.098193e-01	1.693830e-02	2.607837e+01	
33  124.064	2.240780e+00	1.224843e-01	6.903414e-01	3.192087e+00	9.895198e-01	1.212357e-01	1.240851e-01	2.128071e-01	2.685429e+00	6.178931e+00	9.998801e-01	1.389074e+01	6.909584e-01	2.453801e-01	2.437265e+00	5.598359e-01	1.046109e+00	6.921704e+01	1.456395e+02	3.098193e-01	1.693830e-02	2.607837e+01	
2  124.394	2.240780e+00	1.224843e-01	6.903414e-01	3.192087e+00	9.895198e-01	1.212357e-01	1.240851e-01	2.128071e-01	2.685429e+00	6.178931e+00	1.001013e+00	1.389074e+01	6.909584e-01	2.453801e-01	2.437265e+00	5.598359e-01	1.046109e+00	6.921704e+01	1.456395e+02	3.098193e-01	1.693830e-02	2.607837e+01	
9  123.784	2.243130e+00	1.228640e-01	6.858672e-01	3.195889e+00	9.860008e-01	1.212158e-01	1.146069e-01	2.166715e-01	2.689572e+00	6.448385e+00	1.001996e+00	1.390116e+01	6.860715e-01	2.453867e-01	2.446873e+00	5.655096e-01	1.045522e+00	6.880518e+01	1.455652e+02	3.149298e-01	1.570105e-02	3.494568e+01	
28  124.091	2.243130e+00	1.228640e-01	6.858672e-01	3.195889e+00	9.860008e-01	1.212158e-01	1.146069e-01	2.166715e-01	2.689572e+00	6.448385e+00	1.002523e+00	1.390116e+01	6.860715e-01	2.453867e-01	2.446873e+00	5.655096e-01	1.045522e+00	6.880518e+01	1.455652e+02	3.149298e-01	1.570105e-02	3.494568e+01	
5  123.391	2.232701e+00	1.233308e-01	6.841797e-01	3.196690e+00	9.828090e-01	1.191645e-01	1.121798e-01	1.975997e-01	2.659547e+00	6.555331e+00	1.004249e+00	1.379533e+01	6.842327e-01	2.453288e-01	2.447636e+00	5.942156e-01	1.045875e+00	6.866254e+01	1.455865e+02	3.172221e-01	1.532193e-02	5.302307e+01	
22  123.018	2.232701e+00	1.233308e-01	6.841797e-01	3.196690e+00	9.828090e-01	1.191645e-01	1.121798e-01	1.975997e-01	2.659547e+00	6.555331e+00	1.003716e+00	1.379533e+01	6.842327e-01	2.453288e-01	2.447636e+00	5.942156e-01	1.045875e+00	6.866254e+01	1.455865e+02	3.172221e-01	1.532193e-02	5.302307e+01	
11  122.572	2.232701e+00	1.233308e-01	6.841797e-01	3.196690e+00	9.828090e-01	1.191645e-01	1.121798e-01	1.975997e-01	2.659547e+00	6.555331e+00	1.002648e+00	1.379533e+01	6.842327e-01	2.453288e-01	2.447636e+00	5.942156e-01	1.045875e+00	6.866254e+01	1.455865e+02	3.172221e-01	1.532193e-02	5.302307e+01	
11  122.677	2.232701e+00	1.233308e-01	6.841797e-01	3.196690e+00	9.828090e-01	1.191645e-01	1.121798e-01	1.975997e-01	2.659547e+00	6.555331e+00	1.003012e+00	1.379533e+01	6.842327e-01	2.453288e-01	2.447636e+00	5.942156e-01	1.045875e+00	6.866254e+01	1.455865e+02	3.172221e-01	1.532193e-02	5.302307e+01	
10  123.021	2.232701e+00	1.233308e-01	6.841797e-01	3.196690e+00	9.828090e-01	1.191645e-01	1.121798e-01	1.975997e-01	2.659547e+00	6.555331e+00	1.003720e+00	1.379533e+01	6.842327e-01	2.453288e-01	2.447636e+00	5.942156e-01	1.045875e+00	6.866254e+01	1.455865e+02	3.172221e-01	1.532193e-02	5.302307e+01	
1  123.649	2.230854e+00	1.233690e-01	6.872808e-01	3.188637e+00	9.842578e-01	1.161171e-01	1.276409e-01	2.052232e-01	2.721306e+00	6.452552e+00	1.002965e+00	1.355642e+01	6.863740e-01	2.453246e-01	2.428625e+00	5.664172e-01	1.046298e+00	6.893996e+01	1.455342e+02	3.144425e-01	1.740944e-02	3.232886e+01	
11  123.669	2.230854e+00	1.233690e-01	6.872808e-01	3.188637e+00	9.842578e-01	1.161171e-01	1.276409e-01	2.052232e-01	2.721306e+00	6.452552e+00	1.002999e+00	1.355642e+01	6.863740e-01	2.453246e-01	2.428625e+00	5.664172e-01	1.046298e+00	6.893996e+01	1.455342e+02	3.144425e-01	1.740944e-02	3.232886e+01	
6  123.725	2.230854e+00	1.233690e-01	6.872808e-01	3.188637e+00	9.842578e-01	1.161171e-01	1.276409e-01	2.052232e-01	2.721306e+00	6.452552e+00	1.003090e+00	1.355642e+01	6.863740e-01	2.453246e-01	2.428625e+00	5.664172e-01	1.046298e+00	6.893996e+01	1.455342e+02	3.144425e-01	1.740944e-02	3.232886e+01	
16  123.351	2.222399e+00	1.242712e-01	6.809509e-01	3.189016e+00	9.827436e-01	1.184182e-01	1.226390e-01	1.938232e-01	2.727044e+00	6.399601e+00	1.000295e+00	1.380586e+01	6.785752e-01	2.452818e-01	2.428307e+00	5.907636e-01	1.045730e+00	6.833387e+01	1.454241e+02	3.224090e-01	1.686709e-02	5.186023e+01	
22  123.081	2.222399e+00	1.242712e-01	6.809509e-01	3.189016e+00	9.827436e-01	1.184182e-01	1.226390e-01	1.938232e-01	2.727044e+00	6.399601e+00	9.994910e-01	1.380586e+01	6.785752e-01	2.452818e-01	2.428307e+00	5.907636e-01	1.045730e+00	6.833387e+01	1.454241e+02	3.224090e-01	1.686709e-02	5.186023e+01	
11  123.459	2.222399e+00	1.242712e-01	6.809509e-01	3.189016e+00	9.827436e-01	1.184182e-01	1.226390e-01	1.938232e-01	2.727044e+00	6.399601e+00	1.000503e+00	1.380586e+01	6.785752e-01	2.452818e-01	2.428307e+00	5.907636e-01	1.045730e+00	6.833387e+01	1.454241e+02	3.224090e-01	1.686709e-02	5.186023e+01	
11  123.124	2.222399e+00	1.242712e-01	6.809509e-01	3.189016e+00	9.827436e-01	1.184182e-01	1.226390e-01	1.938232e-01	2.727044e+00	6.399601e+00	9.996836e-01	1.380586e+01	6.785752e-01	2.452818e-01	2.428307e+00	5.907636e-01	1.045730e+00	6.833387e+01	1.454241e+02	3.224090e-01	1.686709e-02	5.186023e+01	
11  123.317	2.222399e+00	1.242712e-01	6.809509e-01	3.189016e+00	9.827436e-01	1.184182e-01	1.226390e-01	1.938232e-01	2.727044e+00	6.399601e+00	1.000223e+00	1.380586e+01	6.785752e-01	2.452818e-01	2.428307e+00	5.907636e-01	1.045730e+00	6.833387e+01	1.454241e+02	3.224090e-01	1.686709e-02	5.186023e+01	
11  123.13	2.222399e+00	1.242712e-01	6.809509e-01	3.189016e+00	9.827436e-01	1.184182e-01	1.226390e-01	1.938232e-01	2.727044e+00	6.399601e+00	9.997060e-01	1.380586e+01	6.785752e-01	2.452818e-01	2.428307e+00	5.907636e-01	1.045730e+00	6.833387e+01	1.454241e+02	3.224090e-01	1.686709e-02	5.186023e+01	
11  123.088	2.222399e+00	1.242712e-01	6.809509e-01	3.189016e+00	9.827436e-01	1.184182e-01	1.226390e-01	1.938232e-01	2.727044e+00	6.399601e+00	9.984500e-01	1.380586e+01	6.785752e-01	2.452818e-01	2.428307e+00	5.907636e-01	1.045730e+00	6.833387e+01	1.454241e+02	3.224090e-01	1.686709e-02	5.186023e+01	
8  126.134	2.222399e+00	1.242712e-01	6.809509e-01	3.189016e+00	9.827436e-01	1.184182e-01	1.226390e-01	1.938232e-01	2.727044e+00	6.399601e+00	9.948854e-01	1.380586e+01	6.785752e-01	2.452818e-01	2.428307e+00	5.907636e-01	1.045730e+00	6.833387e+01	1.454241e+02	3.224090e-01	1.686709e-02	5.186023e+01	
10  123.963	2.236277e+00	1.234351e-01	6.838970e-01	3.191064e+00	9.846401e-01	1.199066e-01	1.188314e-01	2.017817e-01	2.705924e+00	6.448508e+00	9.951613e-01	1.384274e+01	6.831173e-01	2.453476e-01	2.434021e+00	5.813545e-01	1.045529e+00	6.861648e+01	1.454860e+02	3.179643e-01	1.632856e-02	4.751746e+01	
4  124.736	2.243131e+00	1.229371e-01	6.877330e-01	3.192407e+00	9.896393e-01	1.194062e-01	1.400550e-01	2.055346e-01	2.716139e+00	6.366499e+00	9.970011e-01	1.375671e+01	6.873041e-01	2.453741e-01	2.437733e+00	5.544305e-01	1.045300e+00	6.895758e+01	1.454453e+02	3.134446e-01	1.906512e-02	2.433826e+01	
11  126.72	2.243131e+00	1.229371e-01	6.877330e-01	3.192407e+00	9.896393e-01	1.194062e-01	1.400550e-01	2.055346e-01	2.716139e+00	6.366499e+00	9.958180e-01	1.375671e+01	6.873041e-01	2.453741e-01	2.437733e+00	5.544305e-01	1.045300e+00	6.895758e+01	1.454453e+02	3.134446e-01	1.906512e-02	2.433826e+01	
11  125.31	2.243131e+00	1.229371e-01	6.877330e-01	3.192407e+00	9.896393e-01	1.194062e-01	1.400550e-01	2.055346e-01	2.716139e+00	6.366499e+00	9.966255e-01	1.375671e+01	6.873041e-01	2.453741e-01	2.437733e+00	5.544305e-01	1.045300e+00	6.895758e+01	1.454453e+02	3.134446e-01	1.906512e-02	2.433826e+01	
22  123.804	2.243131e+00	1.229371e-01	6.877330e-01	3.192407e+00	9.896393e-01	1.194062e-01	1.400550e-01	2.055346e-01	2.716139e+00	6.366499e+00	9.977053e-01	1.375671e+01	6.873041e-01	2.453741e-01	2.437733e+00	5.544305e-01	1.045300e+00	6.895758e+01	1.454453e+02	3.134446e-01	1.906512e-02	2.433826e+01	
11  122.297	2.243131e+00	1.229371e-01	6.877330e-01	3.192407e+00	9.896393e-01	1.194062e-01	1.400550e-01	2.055346e-01	2.716139e+00	6.366499e+00	9.994557e-01	1.375671e+01	6.873041e-01	2.453741e-01	2.437733e+00	5.544305e-01	1.045300e+00	6.895758e+01	1.454453e+02	3.134446e-01	1.906512e-02	2.433826e+01	
10  122.165	2.243131e+00	1.229371e-01	6.877330e-01	3.192407e+00	9.896393e-01	1.194062e-01	1.400550e-01	2.055346e-01	2.716139e+00	6.366499e+00	9.997293e-01	1.375671e+01	6.873041e-01	2.453741e-01	2.437733e+00	5.544305e-01	1.045300e+00	6.895758e+01	1.454453e+02	3.134446e-01	1.906512e-02	2.433826e+01	
1  126.15	2.232624e+00	1.236558e-01	6.838446e-01	3.191610e+00	9.879080e-01	1.198269e-01	1.480939e-01	2.202713e-01	2.717511e+00	6.645859e+00	9.983391e-01	1.385898e+01	6.819298e-01	2.453241e-01	2.437514e+00	5.236577e-01	1.045002e+00	6.856276e+01	1.453537e+02	3.181984e-01	1.994446e-02	-1.805420e-01	
3  126.18	2.232624e+00	1.236558e-01	6.838446e-01	3.191610e+00	9.879080e-01	1.198269e-01	1.480939e-01	2.202713e-01	2.717511e+00	6.645859e+00	9.982842e-01	1.385898e+01	6.819298e-01	2.453241e-01	2.437514e+00	5.236577e-01	1.045002e+00	6.856276e+01	1.453537e+02	3.181984e-01	1.994446e-02	-1.805420e-01	
8  126.386	2.233179e+00	1.239384e-01	6.863516e-01	3.197652e+00	9.867105e-01	1.221928e-01	1.133795e-01	2.080809e-01	2.702105e+00	6.701654e+00	9.984576e-01	1.405724e+01	6.846370e-01	2.453339e-01	2.452345e+00	5.799575e-01	1.047098e+00	6.885861e+01	1.454288e+02	3.163747e-01	1.534866e-02	2.758386e+01	
6  127.258	2.233179e+00	1.239384e-01	6.863516e-01	3.197652e+00	9.867105e-01	1.221928e-01	1.133795e-01	2.080809e-01	2.702105e+00	6.701654e+00	9.971032e-01	1.405724e+01	6.846370e-01	2.453339e-01	2.452345e+00	5.799575e-01	1.047098e+00	6.885861e+01	1.454288e+02	3.163747e-01	1.534866e-02	2.758386e+01	
11  127.078	2.234742e+00	1.234063e-01	6.779317e-01	3.195464e+00	9.851724e-01	1.208658e-01	1.153156e-01	2.051505e-01	2.650756e+00	6.514423e+00	9.977172e-01	1.393029e+01	6.775512e-01	2.453359e-01	2.444499e+00	5.800324e-01	1.044042e+00	6.805157e+01	1.455223e+02	3.236467e-01	1.578362e-02	5.490112e+01	
13  127.328	2.232166e+00	1.240437e-01	6.871063e-01	3.194203e+00	9.815697e-01	1.220068e-01	1.292217e-01	1.953715e-01	2.651329e+00	6.626061e+00	9.951923e-01	1.404124e+01	6.850842e-01	2.453220e-01	2.443017e+00	5.715551e-01	1.046859e+00	6.890230e+01	1.453317e+02	3.159088e-01	1.741364e-02	1.627954e+01	
14  125.039	2.228431e+00	1.236731e-01	6.855689e-01	3.178414e+00	9.850679e-01	1.147439e-01	1.496804e-01	2.107371e-01	2.653903e+00	6.873573e+00	9.954174e-01	1.346132e+01	6.838943e-01	2.452977e-01	2.405407e+00	5.241886e-01	1.045586e+00	6.873696e+01	1.453818e+02	3.164626e-01	1.999328e-02	7.523193e-01	
11  125.426	2.228431e+00	1.236731e-01	6.855689e-01	3.178414e+00	9.850679e-01	1.147439e-01	1.496804e-01	2.107371e-01	2.653903e+00	6.873573e+00	9.950164e-01	1.346132e+01	6.838943e-01	2.452977e-01	2.405407e+00	5.241886e-01	1.045586e+00	6.873696e+01	1.453818e+02	3.164626e-01	1.999328e-02	7.523193e-01	
11  124.852	2.228431e+00	1.236731e-01	6.855689e-01	3.178414e+00	9.850679e-01	1.147439e-01	1.496804e-01	2.107371e-01	2.653903e+00	6.873573e+00	9.956351e-01	1.346132e+01	6.838943e-01	2.452977e-01	2.405407e+00	5.241886e-01	1.045586e+00	6.873696e+01	1.453818e+02	3.164626e-01	1.999328e-02	7.523193e-01	
22  125.01	2.228431e+00	1.236731e-01	6.855689e-01	3.178414e+00	9.850679e-01	1.147439e-01	1.496804e-01	2.107371e-01	2.653903e+00	6.873573e+00	9.954507e-01	1.346132e+01	6.838943e-01	2.452977e-01	2.405407e+00	5.241886e-01	1.045586e+00	6.873696e+01	1.453818e+02	3.164626e-01	1.999328e-02	7.523193e-01	
55  124.052	2.228431e+00	1.236731e-01	6.855689e-01	3.178414e+00	9.850679e-01	1.147439e-01	1.496804e-01	2.107371e-01	2.653903e+00	6.873573e+00	9.971477e-01	1.346132e+01	6.838943e-01	2.452977e-01	2.405407e+00	5.241886e-01	1.045586e+00	6.873696e+01	1.453818e+02	3.164626e-01	1.999328e-02	7.523193e-01	
11  124.138	2.228431e+00	1.236731e-01	6.855689e-01	3.178414e+00	9.850679e-01	1.147439e-01	1.496804e-01	2.107371e-01	2.653903e+00	6.873573e+00	9.968615e-01	1.346132e+01	6.838943e-01	2.452977e-01	2.405407e+00	5.241886e-01	1.045586e+00	6.873696e+01	1.453818e+02	3.164626e-01	1.999328e-02	7.523193e-01	
11  124.153	2.228431e+00	1.236731e-01	6.855689e-01	3.178414e+00	9.850679e-01	1.147439e-01	1.496804e-01	2.107371e-01	2.653903e+00	6.873573e+00	9.988442e-01	1.346132e+01	6.838943e-01	2.452977e-01	2.405407e+00	5.241886e-01	1.045586e+00	6.873696e+01	1.453818e+02	3.164626e-01	1.999328e-02	7.523193e-01	
11  124.042	2.228431e+00	1.236731e-01	6.855689e-01	3.178414e+00	9.850679e-01	1.147439e-01	1.496804e-01	2.107371e-01	2.653903e+00	6.873573e+00	9.971909e-01	1.346132e+01	6.838943e-01	2.452977e-01	2.405407e+00	5.241886e-01	1.045586e+00	6.873696e+01	1.453818e+02	3.164626e-01	1.999328e-02	7.523193e-01	
22  124.053	2.228431e+00	1.236731e-01	6.855689e-01	3.178414e+00	9.850679e-01	1.147439e-01	1.496804e-01	2.107371e-01	2.653903e+00	6.873573e+00	9.971451e-01	1.346132e+01	6.838943e-01	2.452977e-01	2.405407e+00	5.241886e-01	1.045586e+00	6.873696e+01	1.453818e+02	3.164626e-01	1.999328e-02	7.523193e-01	
11  124.793	2.228431e+00	1.236731e-01	6.855689e-01	3.178414e+00	9.850679e-01	1.147439e-01	1.496804e-01	2.107371e-01	2.653903e+00	6.873573e+00	9.957092e-01	1.346132e+01	6.838943e-01	2.452977e-01	2.405407e+00	5.241886e-01	1.045586e+00	6.873696e+01	1.453818e+02	3.164626e-01	1.999328e-02	7.523193e-01	
11  124.841	2.228431e+00	1.236731e-01	6.855689e-01	3.178414e+00	9.850679e-01	1.147439e-01	1.496804e-01	2.107371e-01	2.653903e+00	6.873573e+00	9.956481e-01	1.346132e+01	6.838943e-01	2.452977e-01	2.405407e+00	5.241886e-01	1.045586e+00	6.873696e+01	1.453818e+02	3.164626e-01	1.999328e-02	7.523193e-01	
11  125.091	2.228431e+00	1.236731e-01	6.855689e-01	3.178414e+00	9.850679e-01	1.147439e-01	1.496804e-01	2.107371e-01	2.653903e+00	6.873573e+00	9.953593e-01	1.346132e+01	6.838943e-01	2.452977e-01	2.405407e+00	5.241886e-01	1.045586e+00	6.873696e+01	1.453818e+02	3.164626e-01	1.999328e-02	7.523193e-01	
22  126.289	2.228431e+00	1.236731e-01	6.855689e-01	3.178414e+00	9.850679e-01	1.147439e-01	1.496804e-01	2.107371e-01	2.653903e+00	6.873573e+00	9.942847e-01	1.346132e+01	6.838943e-01	2.452977e-01	2.405407e+00	5.241886e-01	1.045586e+00	6.873696e+01	1.453818e+02	3.164626e-01	1.999328e-02	7.523193e-01	
11  125.185	2.228431e+00	1.236731e-01	6.855689e-01	3.178414e+00	9.850679e-01	1.147439e-01	1.496804e-01	2.107371e-01	2.653903e+00	6.873573e+00	9.952586e-01	1.346132e+01	6.838943e-01	2.452977e-01	2.405407e+00	5.241886e-01	1.045586e+00	6.873696e+01	1.453818e+02	3.164626e-01	1.999328e-02	7.523193e-01	
22  125.463	2.228431e+00	1.236731e-01	6.855689e-01	3.178414e+00	9.850679e-01	1.147439e-01	1.496804e-01	2.107371e-01	2.653903e+00	6.873573e+00	9.949812e-01	1.346132e+01	6.838943e-01	2.452977e-01	2.405407e+00	5.241886e-01	1.045586e+00	6.873696e+01	1.453818e+02	3.164626e-01	1.999328e-02	7.523193e-01	
4  124.97	2.228431e+00	1.236731e-01	6.855689e-01	3.178414e+00	9.850679e-01	1.147439e-01	1.496804e-01	2.107371e-01	2.653903e+00	6.873573e+00	9.954962e-01	1.346132e+01	6.838943e-01	2.452977e-01	2.405407e+00	5.241886e-01	1.045586e+00	6.873696e+01	1.453818e+02	3.164626e-01	1.999328e-02	7.523193e-01	
7  125.509	2.224008e+00	1.239534e-01	6.849831e-01	3.186889e+00	9.845491e-01	1.174335e-01	1.254123e-01	2.056456e-01	2.676592e+00	6.430276e+00	9.966632e-01	1.370681e+01	6.829833e-01	2.452938e-01	2.424857e+00	5.653951e-01	1.046494e+00	6.871092e+01	1.454627e+02	3.177009e-01	1.698233e-02	2.731885e+01	
6  125.009	2.224008e+00	1.239534e-01	6.849831e-01	3.186889e+00	9.845491e-01	1.174335e-01	1.254123e-01	2.056456e-01	2.676592e+00	6.430276e+00	9.972853e-01	1.370681e+01	6.829833e-01	2.452938e-01	2.424857e+00	5.653951e-01	1.046494e+00	6.871092e+01	1.454627e+02	3.177009e-01	1.698233e-02	2.731885e+01	
5  126.56	2.235123e+00	1.237983e-01	6.786687e-01	3.187943e+00	9.847703e-01	1.160041e-01	9.182365e-02	2.139481e-01	2.661517e+00	6.385590e+00	9.989651e-01	1.355310e+01	6.771734e-01	2.453512e-01	2.426235e+00	6.009448e-01	1.045355e+00	6.815134e+01	1.455062e+02	3.241760e-01	1.267443e-02	8.527283e+01	
11  130.596	2.235123e+00	1.237983e-01	6.786687e-01	3.187943e+00	9.847703e-01	1.160041e-01	9.182365e-02	2.139481e-01	2.661517e+00	6.385590e+00	9.959229e-01	1.355310e+01	6.771734e-01	2.453512e-01	2.426235e+00	6.009448e-01	1.045355e+00	6.815134e+01	1.455062e+02	3.241760e-01	1.267443e-02	8.527283e+01	
11  131.857	2.235123e+00	1.237983e-01	6.786687e-01	3.187943e+00	9.847703e-01	1.160041e-01	9.182365e-02	2.139481e-01	2.661517e+00	6.385590e+00	9.952979e-01	1.355310e+01	6.771734e-01	2.453512e-01	2.426235e+00	6.009448e-01	1.045355e+00	6.815134e+01	1.455062e+02	3.241760e-01	1.267443e-02	8.527283e+01	
19  129.478	2.235123e+00	1.237983e-01	6.786687e-01	3.187943e+00	9.847703e-01	1.160041e-01	9.182365e-02	2.139481e-01	2.661517e+00	6.385590e+00	9.965518e-01	1.355310e+01	6.771734e-01	2.453512e-01	2.426235e+00	6.009448e-01	1.045355e+00	6.815134e+01	1.455062e+02	3.241760e-01	1.267443e-02	8.527283e+01	
14  131.447	2.237227e+00	1.242153e-01	6.873069e-01	3.194430e+00	9.844266e-01	1.185043e-01	1.141187e-01	1.915494e-01	2.634584e+00	6.379206e+00	9.966937e-01	1.374976e+01	6.848614e-01	2.453462e-01	2.442434e+00	5.985661e-01	1.047455e+00	6.894347e+01	1.452878e+02	3.165940e-01	1.549602e-02	4.671130e+01	
10  130.746	2.237227e+00	1.242153e-01	6.873069e-01	3.194430e+00	9.844266e-01	1.185043e-01	1.141187e-01	1.915494e-01	2.634584e+00	6.379206e+00	9.972088e-01	1.374976e+01	6.848614e-01	2.453462e-01	2.442434e+00	5.985661e-01	1.047455e+00	6.894347e+01	1.452878e+02	3.165940e-01	1.549602e-02	4.671130e+01	
1  132.138	2.252475e+00	1.237735e-01	6.899553e-01	3.195767e+00	9.845155e-01	1.192437e-01	1.609446e-01	2.088661e-01	2.700983e+00	6.455886e+00	9.972365e-01	1.373228e+01	6.867996e-01	2.454071e-01	2.447182e+00	5.252821e-01	1.045877e+00	6.912930e+01	1.450309e+02	3.135675e-01	2.163839e-02	-1.954468e+00	
1  132.364	2.252475e+00	1.237735e-01	6.899553e-01	3.195767e+00	9.845155e-01	1.192437e-01	1.609446e-01	2.088661e-01	2.700983e+00	6.455886e+00	9.970706e-01	1.373228e+01	6.867996e-01	2.454071e-01	2.447182e+00	5.252821e-01	1.045877e+00	6.912930e+01	1.450309e+02	3.135675e-01	2.163839e-02	-1.954468e+00	
26  129.299	2.238534e+00	1.249618e-01	6.825800e-01	3.200991e+00	9.825488e-01	1.168758e-01	1.403985e-01	1.843392e-01	2.708900e+00	6.373696e+00	1.000510e+00	1.364304e+01	6.779923e-01	2.453380e-01	2.457208e+00	5.875735e-01	1.045963e+00	6.847193e+01	1.449974e+02	3.233790e-01	1.917057e-02	3.875745e+01	
5  129.973	2.249230e+00	1.245453e-01	6.839018e-01	3.191802e+00	9.849525e-01	1.140007e-01	1.278014e-01	2.109171e-01	2.684984e+00	6.452483e+00	9.993324e-01	1.336264e+01	6.795095e-01	2.453951e-01	2.436720e+00	5.563496e-01	1.046134e+00	6.860426e+01	1.450213e+02	3.214158e-01	1.735991e-02	3.522656e+01	
1  131.478	2.266456e+00	1.243060e-01	6.844837e-01	3.194225e+00	9.906093e-01	1.139110e-01	1.202761e-01	2.199202e-01	2.672173e+00	6.542196e+00	1.000805e+00	1.328821e+01	6.801723e-01	2.454689e-01	2.443147e+00	5.536324e-01	1.045962e+00	6.866724e+01	1.449195e+02	3.210260e-01	1.635020e-02	3.939685e+01	
1  130.134	2.266456e+00	1.243060e-01	6.844837e-01	3.194225e+00	9.906093e-01	1.139110e-01	1.202761e-01	2.199202e-01	2.672173e+00	6.542196e+00	1.001946e+00	1.328821e+01	6.801723e-01	2.454689e-01	2.443147e+00	5.536324e-01	1.045962e+00	6.866724e+01	1.449195e+02	3.210260e-01	1.635020e-02	3.939685e+01	
2  129.611	2.272941e+00	1.241810e-01	6.900343e-01	3.203480e+00	9.938517e-01	1.184065e-01	1.522018e-01	2.033702e-01	2.705790e+00	6.511779e+00	1.002298e+00	1.361378e+01	6.855958e-01	2.454825e-01	2.466178e+00	5.472100e-01	1.046204e+00	6.914979e+01	1.447557e+02	3.154467e-01	2.049682e-02	1.278394e+01	
8  128.793	2.271770e+00	1.241168e-01	6.868522e-01	3.201503e+00	9.924558e-01	1.158786e-01	1.442274e-01	2.177861e-01	2.785678e+00	6.514850e+00	1.003680e+00	1.342180e+01	6.824581e-01	2.454852e-01	2.461101e+00	5.412312e-01	1.045498e+00	6.886942e+01	1.448307e+02	3.183373e-01	1.966906e-02	2.668506e+01	
7  128.428	2.271770e+00	1.241168e-01	6.868522e-01	3.201503e+00	9.924558e-01	1.158786e-01	1.442274e-01	2.177861e-01	2.785678e+00	6.514850e+00	1.004078e+00	1.342180e+01	6.824581e-01	2.454852e-01	2.461101e+00	5.412312e-01	1.045498e+00	6.886942e+01	1.448307e+02	3.183373e-01	1.966906e-02	2.668506e+01	
4  129.162	2.255938e+00	1.242115e-01	6.911915e-01	3.194341e+00	9.931715e-01	1.117799e-01	1.418753e-01	2.097914e-01	2.758951e+00	6.489903e+00	1.004914e+00	1.314853e+01	6.869478e-01	2.454197e-01	2.443669e+00	5.516696e-01	1.047304e+00	6.929905e+01	1.449942e+02	3.139161e-01	1.918029e-02	2.260938e+01	
8  128.55	2.255938e+00	1.242115e-01	6.911915e-01	3.194341e+00	9.931715e-01	1.117799e-01	1.418753e-01	2.097914e-01	2.758951e+00	6.489903e+00	1.006353e+00	1.314853e+01	6.869478e-01	2.454197e-01	2.443669e+00	5.516696e-01	1.047304e+00	6.929905e+01	1.449942e+02	3.139161e-01	1.918029e-02	2.260938e+01	
3  126.076	2.260861e+00	1.233725e-01	6.887446e-01	3.190203e+00	9.967583e-01	1.108872e-01	1.400705e-01	2.053366e-01	2.659459e+00	6.488169e+00	1.006360e+00	1.303038e+01	6.866907e-01	2.454340e-01	2.432296e+00	5.524892e-01	1.045770e+00	6.906522e+01	1.451447e+02	3.146556e-01	1.887757e-02	3.519104e+01	
11  126.042	2.260861e+00	1.233725e-01	6.887446e-01	3.190203e+00	9.967583e-01	1.108872e-01	1.400705e-01	2.053366e-01	2.659459e+00	6.488169e+00	1.007060e+00	1.303038e+01	6.866907e-01	2.454340e-01	2.432296e+00	5.524892e-01	1.045770e+00	6.906522e+01	1.451447e+02	3.146556e-01	1.887757e-02	3.519104e+01	
11  126.041	2.260861e+00	1.233725e-01	6.887446e-01	3.190203e+00	9.967583e-01	1.108872e-01	1.400705e-01	2.053366e-01	2.659459e+00	6.488169e+00	1.007050e+00	1.303038e+01	6.866907e-01	2.454340e-01	2.432296e+00	5.524892e-01	1.045770e+00	6.906522e+01	1.451447e+02	3.146556e-01	1.887757e-02	3.519104e+01	
11  126.237	2.260861e+00	1.233725e-01	6.887446e-01	3.190203e+00	9.967583e-01	1.108872e-01	1.400705e-01	2.053366e-01	2.659459e+00	6.488169e+00	1.007914e+00	1.303038e+01	6.866907e-01	2.454340e-01	2.432296e+00	5.524892e-01	1.045770e+00	6.906522e+01	1.451447e+02	3.146556e-01	1.887757e-02	3.519104e+01	
23  126.935	2.260861e+00	1.233725e-01	6.887446e-01	3.190203e+00	9.967583e-01	1.108872e-01	1.400705e-01	2.053366e-01	2.659459e+00	6.488169e+00	1.009084e+00	1.303038e+01	6.866907e-01	2.454340e-01	2.432296e+00	5.524892e-01	1.045770e+00	6.906522e+01	1.451447e+02	3.146556e-01	1.887757e-02	3.519104e+01	
10  126.284	2.264261e+00	1.225429e-01	6.941481e-01	3.189803e+00	9.968252e-01	1.113394e-01	1.457909e-01	1.915896e-01	2.597153e+00	6.457872e+00	1.009297e+00	1.301727e+01	6.940387e-01	2.454453e-01	2.430539e+00	5.611573e-01	1.046170e+00	6.957326e+01	1.452826e+02	3.077901e-01	1.954897e-02	3.301038e+01	
22  126.113	2.264261e+00	1.225429e-01	6.941481e-01	3.189803e+00	9.968252e-01	1.113394e-01	1.457909e-01	1.915896e-01	2.597153e+00	6.457872e+00	1.009111e+00	1.301727e+01	6.940387e-01	2.454453e-01	2.430539e+00	5.611573e-01	1.046170e+00	6.957326e+01	1.452826e+02	3.077901e-01	1.954897e-02	3.301038e+01	
11  126.266	2.264261e+00	1.225429e-01	6.941481e-01	3.189803e+00	9.968252e-01	1.113394e-01	1.457909e-01	1.915896e-01	2.597153e+00	6.457872e+00	1.009278e+00	1.301727e+01	6.940387e-01	2.454453e-01	2.430539e+00	5.611573e-01	1.046170e+00	6.957326e+01	1.452826e+02	3.077901e-01	1.954897e-02	3.301038e+01	
11  125.77	2.264261e+00	1.225429e-01	6.941481e-01	3.189803e+00	9.968252e-01	1.113394e-01	1.457909e-01	1.915896e-01	2.597153e+00	6.457872e+00	1.008694e+00	1.301727e+01	6.940387e-01	2.454453e-01	2.430539e+00	5.611573e-01	1.046170e+00	6.957326e+01	1.452826e+02	3.077901e-01	1.954897e-02	3.301038e+01	
22  125.114	2.264261e+00	1.225429e-01	6.941481e-01	3.189803e+00	9.968252e-01	1.113394e-01	1.457909e-01	1.915896e-01	2.597153e+00	6.457872e+00	1.005833e+00	1.301727e+01	6.940387e-01	2.454453e-01	2.430539e+00	5.611573e-01	1.046170e+00	6.957326e+01	1.452826e+02	3.077901e-01	1.954897e-02	3.301038e+01	
22  125.006	2.264261e+00	1.225429e-01	6.941481e-01	3.189803e+00	9.968252e-01	1.113394e-01	1.457909e-01	1.915896e-01	2.597153e+00	6.457872e+00	1.006435e+00	1.301727e+01	6.940387e-01	2.454453e-01	2.430539e+00	5.611573e-01	1.046170e+00	6.957326e+01	1.452826e+02	3.077901e-01	1.954897e-02	3.301038e+01	
18  125.336	2.264261e+00	1.225429e-01	6.941481e-01	3.189803e+00	9.968252e-01	1.113394e-01	1.457909e-01	1.915896e-01	2.597153e+00	6.457872e+00	1.005269e+00	1.301727e+01	6.940387e-01	2.454453e-01	2.430539e+00	5.611573e-01	1.046170e+00	6.957326e+01	1.452826e+02	3.077901e-01	1.954897e-02	3.301038e+01	
4  126.925	2.264060e+00	1.219294e-01	6.993088e-01	3.196967e+00	9.979075e-01	1.174414e-01	1.456864e-01	1.893898e-01	2.620399e+00	6.165285e+00	1.003721e+00	1.347461e+01	7.001179e-01	2.454595e-01	2.448210e+00	5.690964e-01	1.046907e+00	7.005495e+01	1.454279e+02	3.014945e-01	1.962493e-02	2.245679e+01	
11  127.264	2.264060e+00	1.219294e-01	6.993088e-01	3.196967e+00	9.979075e-01	1.174414e-01	1.456864e-01	1.893898e-01	2.620399e+00	6.165285e+00	1.003170e+00	1.347461e+01	7.001179e-01	2.454595e-01	2.448210e+00	5.690964e-01	1.046907e+00	7.005495e+01	1.454279e+02	3.014945e-01	1.962493e-02	2.245679e+01	
1  126.625	2.264060e+00	1.219294e-01	6.993088e-01	3.196967e+00	9.979075e-01	1.174414e-01	1.456864e-01	1.893898e-01	2.620399e+00	6.165285e+00	1.005710e+00	1.347461e+01	7.001179e-01	2.454595e-01	2.448210e+00	5.690964e-01	1.046907e+00	7.005495e+01	1.454279e+02	3.014945e-01	1.962493e-02	2.245679e+01	
21  127.705	2.268976e+00	1.213072e-01	7.005679e-01	3.194922e+00	9.964747e-01	1.208906e-01	1.484580e-01	1.926153e-01	2.609017e+00	6.496832e+00	1.002068e+00	1.370585e+01	7.027269e-01	2.454779e-01	2.444160e+00	5.553138e-01	1.046442e+00	7.016566e+01	1.455181e+02	2.987371e-01	1.992455e-02	8.137939e+00	
11  127.634	2.268976e+00	1.213072e-01	7.005679e-01	3.194922e+00	9.964747e-01	1.208906e-01	1.484580e-01	1.926153e-01	2.609017e+00	6.496832e+00	1.001247e+00	1.370585e+01	7.027269e-01	2.454779e-01	2.444160e+00	5.553138e-01	1.046442e+00	7.016566e+01	1.455181e+02	2.987371e-01	1.992455e-02	8.137939e+00	
11  127.832	2.268976e+00	1.213072e-01	7.005679e-01	3.194922e+00	9.964747e-01	1.208906e-01	1.484580e-01	1.926153e-01	2.609017e+00	6.496832e+00	1.002478e+00	1.370585e+01	7.027269e-01	2.454779e-01	2.444160e+00	5.553138e-01	1.046442e+00	7.016566e+01	1.455181e+02	2.987371e-01	1.992455e-02	8.137939e+00	
