15  103.031	2.231880e+00	1.202972e-01	6.771974e-01	3.096423e+00	9.649634e-01	8.324995e-02	2.344965e-02	9.976187e-01	3.092352e+00	9.966635e-01	1.045028e+01	6.876804e-01	2.453672e-01	2.212612e+00	8.335461e-01	1.042540e+00	6.772358e+01	1.469510e+02	3.124009e-01	3.249563e-03	1.453083e-13	
4  104.85	2.299280e+00	1.269139e-01	7.050776e-01	3.106954e+00	9.667363e-01	9.096127e-02	3.958092e-01	7.776344e-01	3.657863e+00	9.963260e-01	1.108400e+01	6.970733e-01	2.456501e-01	2.235391e+00	8.478116e-01	1.042981e+00	7.048875e+01	1.427678e+02	3.028986e-01	5.064345e-02	-6.854683e-14	
2  106.227	2.297238e+00	1.285472e-01	6.965394e-01	3.084250e+00	9.645354e-01	7.725231e-02	3.643479e-01	6.817123e-01	2.591076e+00	9.956194e-01	9.914227e+00	6.863891e-01	2.456428e-01	2.185891e+00	8.439848e-01	1.043234e+00	6.965311e+01	1.425381e+02	3.135918e-01	4.694387e-02	-7.735491e-14	
1  104.724	2.301815e+00	1.295356e-01	7.034167e-01	3.033291e+00	9.648047e-01	5.647951e-02	4.549062e-01	7.274943e-01	3.025996e+00	9.929836e-01	7.937917e+00	6.903509e-01	2.456608e-01	2.076634e+00	8.231704e-01	1.043061e+00	7.033192e+01	1.418444e+02	3.095824e-01	5.757775e-02	1.620152e-13	
1  103.644	2.255818e+00	1.215328e-01	6.806944e-01	3.072234e+00	9.711069e-01	6.872162e-02	5.733616e-02	6.482923e-01	2.628902e+00	9.984578e-01	9.070683e+00	6.877069e-01	2.454702e-01	2.159493e+00	8.281755e-01	1.043048e+00	6.806311e+01	1.461944e+02	3.124151e-01	8.248165e-03	1.973575e-13	
6  105.104	2.272178e+00	1.281671e-01	6.995582e-01	3.069169e+00	9.723043e-01	6.714740e-02	3.944204e-01	7.270427e-01	2.553303e+00	1.000616e+00	9.036346e+00	6.902321e-01	2.455376e-01	2.152867e+00	8.393811e-01	1.043416e+00	6.996132e+01	1.427465e+02	3.096290e-01	5.056581e-02	1.453273e-14	
1  105.425	2.277092e+00	1.330688e-01	7.140783e-01	3.089575e+00	9.704704e-01	8.732178e-02	6.765686e-01	7.846226e-01	2.824542e+00	9.940655e-01	1.099228e+01	6.929095e-01	2.455530e-01	2.197518e+00	8.544692e-01	1.042991e+00	7.141029e+01	1.402685e+02	3.069822e-01	8.317056e-02	2.040751e-13	
5  104.811	2.277092e+00	1.330688e-01	7.140783e-01	3.089575e+00	9.704704e-01	8.732178e-02	6.765686e-01	7.846226e-01	2.824542e+00	9.950050e-01	1.099228e+01	6.929095e-01	2.455530e-01	2.197518e+00	8.544692e-01	1.042991e+00	7.141029e+01	1.402685e+02	3.069822e-01	8.317056e-02	2.040751e-13	
3  103.731	2.298492e+00	1.327443e-01	7.354687e-01	3.069711e+00	9.685639e-01	8.034640e-02	8.323739e-01	6.561971e-01	2.797377e+00	9.962300e-01	1.030177e+01	7.108700e-01	2.456481e-01	2.154409e+00	8.393580e-01	1.043133e+00	7.354564e+01	1.394794e+02	2.890988e-01	1.004309e-01	3.467251e-13	
1  103.146	2.289486e+00	1.300786e-01	7.273470e-01	3.040405e+00	9.620930e-01	6.317115e-02	7.047390e-01	7.903888e-01	2.398924e+00	9.974985e-01	8.665160e+00	7.095432e-01	2.456116e-01	2.091385e+00	8.200291e-01	1.042594e+00	7.272974e+01	1.407497e+02	2.903505e-01	8.644020e-02	3.261363e-13	
1  106.433	2.314691e+00	1.300825e-01	7.341842e-01	2.974044e+00	9.557556e-01	2.560168e-02	7.476610e-01	7.081081e-01	2.005021e+00	1.001580e+00	4.456005e+00	7.144287e-01	2.457118e-01	1.958416e+00	7.890990e-01	1.042445e+00	7.343938e+01	1.403064e+02	2.851630e-01	9.121230e-02	4.831292e-14	
4  106.284	2.314691e+00	1.300825e-01	7.341842e-01	2.974044e+00	9.557556e-01	2.560168e-02	7.476610e-01	7.081081e-01	2.005021e+00	1.002113e+00	4.456005e+00	7.144287e-01	2.457118e-01	1.958416e+00	7.890990e-01	1.042445e+00	7.343938e+01	1.403064e+02	2.851630e-01	9.121230e-02	4.831292e-14	
3  106.532	2.301365e+00	1.345551e-01	7.401197e-01	2.957311e+00	9.565623e-01	1.670941e-02	9.394269e-01	5.146679e-01	2.317758e+00	1.003686e+00	3.355269e+00	7.111945e-01	2.456612e-01	1.927020e+00	7.917408e-01	1.042701e+00	7.405349e+01	1.386291e+02	2.886634e-01	1.125252e-01	3.150750e-13	
5  104.652	2.296058e+00	1.278452e-01	7.359060e-01	2.977686e+00	9.637972e-01	3.139795e-02	7.012271e-01	5.169409e-01	2.243290e+00	1.000699e+00	5.174525e+00	7.201741e-01	2.456394e-01	1.964608e+00	7.883443e-01	1.042713e+00	7.359443e+01	1.412079e+02	2.794203e-01	8.627285e-02	-1.338098e-13	
4  105.089	2.300231e+00	1.306985e-01	7.218569e-01	2.961714e+00	9.581477e-01	1.337323e-02	6.622140e-01	3.333421e-01	2.376126e+00	1.005158e+00	2.848264e+00	7.039167e-01	2.456540e-01	1.936557e+00	7.899792e-01	1.042728e+00	7.222991e+01	1.407195e+02	2.961979e-01	8.195118e-02	4.303444e-13	
1  104.95	2.312395e+00	1.272437e-01	7.326618e-01	2.996452e+00	9.757196e-01	2.930759e-02	6.501919e-01	5.177059e-01	2.608804e+00	1.011310e+00	4.856510e+00	7.185254e-01	2.457047e-01	2.001516e+00	7.981861e-01	1.042406e+00	7.326836e+01	1.414170e+02	2.813760e-01	8.053091e-02	-2.182957e-13	
3  104.094	2.325669e+00	1.252911e-01	7.360451e-01	2.964209e+00	9.751773e-01	2.365730e-02	6.145307e-01	6.524884e-01	2.398925e+00	1.002566e+00	4.134850e+00	7.245462e-01	2.457532e-01	1.938568e+00	7.793201e-01	1.042200e+00	7.361433e+01	1.419044e+02	2.752103e-01	7.638846e-02	1.211021e-13	
5  104.073	2.325669e+00	1.252911e-01	7.360451e-01	2.964209e+00	9.751773e-01	2.365730e-02	6.145307e-01	6.524884e-01	2.398925e+00	1.003525e+00	4.134850e+00	7.245462e-01	2.457532e-01	1.938568e+00	7.793201e-01	1.042200e+00	7.361433e+01	1.419044e+02	2.752103e-01	7.638846e-02	1.211021e-13	
1  105.3	2.297546e+00	1.266961e-01	7.386455e-01	2.982589e+00	9.830397e-01	3.136511e-02	7.124965e-01	4.282234e-01	3.504682e+00	1.007749e+00	5.133511e+00	7.244035e-01	2.456436e-01	1.973473e+00	7.916847e-01	1.041908e+00	7.384603e+01	1.414167e+02	2.754411e-01	8.762401e-02	-1.554322e-13	
7  103.132	2.256065e+00	1.258764e-01	7.080548e-01	2.961177e+00	9.676499e-01	1.831249e-02	4.544697e-01	7.645193e-01	3.004673e+00	1.003024e+00	3.522007e+00	7.025295e-01	2.454714e-01	1.933221e+00	7.846090e-01	1.042016e+00	7.080927e+01	1.432405e+02	2.974703e-01	5.777516e-02	1.763281e-13	
1  103.891	2.280587e+00	1.280381e-01	7.277376e-01	2.957365e+00	9.742412e-01	2.116612e-02	6.704667e-01	6.920886e-01	3.901578e+00	1.002624e+00	3.900779e+00	7.139190e-01	2.455739e-01	1.925207e+00	7.851962e-01	1.042031e+00	7.277116e+01	1.414803e+02	2.860108e-01	8.290526e-02	-1.492724e-15	
1  103.695	2.254476e+00	1.295097e-01	7.144629e-01	2.957842e+00	9.694350e-01	2.377029e-02	6.033041e-01	4.610424e-01	4.711348e+00	9.970633e-01	4.290051e+00	7.008363e-01	2.454669e-01	1.925978e+00	7.915985e-01	1.042627e+00	7.145759e+01	1.417016e+02	2.992022e-01	7.487316e-02	-1.582805e-13	
3  103.616	2.225542e+00	1.265087e-01	6.878558e-01	2.953896e+00	9.583642e-01	1.743297e-02	3.134255e-01	5.534426e-01	3.724928e+00	9.956472e-01	3.456160e+00	6.843353e-01	2.453436e-01	1.920014e+00	7.859403e-01	1.042341e+00	6.882616e+01	1.440588e+02	3.158156e-01	4.044956e-02	2.671700e-13	
6  103.45	2.231602e+00	1.207817e-01	6.926330e-01	2.962942e+00	9.686084e-01	1.918614e-02	1.679444e-01	5.978460e-01	3.022473e+00	1.000820e+00	3.600224e+00	7.003700e-01	2.453693e-01	1.937013e+00	7.786055e-01	1.042623e+00	6.927889e+01	1.461051e+02	2.999354e-01	2.249663e-02	1.690943e-13	
9  103.474	2.222782e+00	1.189430e-01	6.950092e-01	2.997337e+00	9.682968e-01	3.683461e-02	1.512185e-01	8.476196e-01	2.632408e+00	1.002032e+00	5.796576e+00	7.060499e-01	2.453327e-01	2.003049e+00	7.862678e-01	1.042189e+00	6.948545e+01	1.467204e+02	2.938534e-01	2.002100e-02	-2.618134e-13	
7  103.264	2.245647e+00	1.198611e-01	7.023045e-01	3.034733e+00	9.752405e-01	4.769547e-02	2.157798e-01	8.188511e-01	2.946709e+00	1.010042e+00	6.969388e+00	7.099554e-01	2.454274e-01	2.078828e+00	8.037946e-01	1.042454e+00	7.019828e+01	1.459441e+02	2.901291e-01	2.821532e-02	-1.578452e-13	
9  103.251	2.245647e+00	1.198611e-01	7.023045e-01	3.034733e+00	9.752405e-01	4.769547e-02	2.157798e-01	8.188511e-01	2.946709e+00	1.009956e+00	6.969388e+00	7.099554e-01	2.454274e-01	2.078828e+00	8.037946e-01	1.042454e+00	7.019828e+01	1.459441e+02	2.901291e-01	2.821532e-02	-1.578452e-13	
1  107.166	2.258382e+00	1.179240e-01	7.158241e-01	3.069967e+00	9.913431e-01	6.696110e-02	2.390880e-01	3.967468e-01	3.969459e+00	1.012158e+00	8.847978e+00	7.250183e-01	2.454768e-01	2.153308e+00	8.157063e-01	1.043176e+00	7.158286e+01	1.461875e+02	2.753523e-01	3.102345e-02	-2.472915e-13	
3  107.851	2.258382e+00	1.179240e-01	7.158241e-01	3.069967e+00	9.913431e-01	6.696110e-02	2.390880e-01	3.967468e-01	3.969459e+00	1.009795e+00	8.847978e+00	7.250183e-01	2.454768e-01	2.153308e+00	8.157063e-01	1.043176e+00	7.158286e+01	1.461875e+02	2.753523e-01	3.102345e-02	-2.472915e-13	
2  107.086	2.297360e+00	1.225519e-01	7.368155e-01	3.052035e+00	9.931160e-01	6.063255e-02	5.275801e-01	3.337770e-01	3.148661e+00	1.009817e+00	8.249662e+00	7.310843e-01	2.456403e-01	2.114986e+00	8.152795e-01	1.043241e+00	7.368397e+01	1.432455e+02	2.690121e-01	6.635409e-02	-1.699157e-13	
4  107.327	2.292382e+00	1.259428e-01	7.221229e-01	3.056079e+00	9.840606e-01	5.806149e-02	4.918856e-01	3.658370e-01	3.035828e+00	1.008526e+00	8.047740e+00	7.132921e-01	2.456231e-01	2.123968e+00	8.274780e-01	1.043889e+00	7.221391e+01	1.426311e+02	2.866157e-01	6.222357e-02	-5.427685e-13	
1  107.75	2.332533e+00	1.234488e-01	7.438624e-01	3.039096e+00	9.852574e-01	5.419291e-02	5.542494e-01	3.285210e-01	3.015668e+00	1.007621e+00	7.520768e+00	7.336225e-01	2.457861e-01	2.087667e+00	8.093120e-01	1.044306e+00	7.438142e+01	1.425518e+02	2.662931e-01	6.958227e-02	-5.528905e-13	
6  106.924	2.332533e+00	1.234488e-01	7.438624e-01	3.039096e+00	9.852574e-01	5.419291e-02	5.542494e-01	3.285210e-01	3.015668e+00	1.009762e+00	7.520768e+00	7.336225e-01	2.457861e-01	2.087667e+00	8.093120e-01	1.044306e+00	7.438142e+01	1.425518e+02	2.662931e-01	6.958227e-02	-5.528905e-13	
1  105.244	2.304338e+00	1.233638e-01	7.302140e-01	3.011957e+00	9.822638e-01	4.112696e-02	4.736543e-01	3.035602e-01	2.984553e+00	1.007766e+00	6.176907e+00	7.242590e-01	2.456712e-01	2.032243e+00	8.002294e-01	1.043812e+00	7.301038e+01	1.432329e+02	2.757746e-01	6.009109e-02	-4.197054e-13	
8  104.118	2.279647e+00	1.261372e-01	7.205424e-01	3.060603e+00	9.725670e-01	6.890493e-02	4.957785e-01	5.026039e-01	3.085963e+00	1.001858e+00	9.155393e+00	7.118626e-01	2.455717e-01	2.134523e+00	8.265404e-01	1.043832e+00	7.205317e+01	1.427060e+02	2.880660e-01	6.255622e-02	8.316142e-14	
4  103.02	2.261452e+00	1.226854e-01	6.990863e-01	3.061813e+00	9.703836e-01	5.795684e-02	2.439163e-01	6.734444e-01	3.316315e+00	1.009459e+00	8.045326e+00	7.012846e-01	2.454954e-01	2.136599e+00	8.220441e-01	1.043088e+00	6.989254e+01	1.449344e+02	2.988064e-01	3.193966e-02	-3.310544e-13	
7  102.288	2.250944e+00	1.227197e-01	6.871624e-01	3.078038e+00	9.611268e-01	6.630167e-02	1.644197e-01	5.852579e-01	3.962909e+00	1.006402e+00	8.897134e+00	6.910653e-01	2.454506e-01	2.172162e+00	8.281399e-01	1.042638e+00	6.870721e+01	1.454348e+02	3.090548e-01	2.162372e-02	-1.962189e-13	
2  102.986	2.229273e+00	1.242166e-01	6.764651e-01	3.104865e+00	9.557305e-01	8.045554e-02	1.652284e-01	6.674156e-01	3.917229e+00	1.004386e+00	1.030676e+01	6.784405e-01	2.453526e-01	2.231281e+00	8.423405e-01	1.041589e+00	6.765544e+01	1.453098e+02	3.216566e-01	2.132395e-02	-6.406233e-14	
5  104.372	2.241178e+00	1.253086e-01	6.772546e-01	3.076848e+00	9.482165e-01	6.873660e-02	2.129775e-01	6.281338e-01	3.967453e+00	1.001657e+00	9.212906e+00	6.767195e-01	2.454020e-01	2.169469e+00	8.293297e-01	1.041001e+00	6.772227e+01	1.446890e+02	3.232879e-01	2.738491e-02	9.805821e-14	
1  106.611	2.229747e+00	1.299527e-01	6.547699e-01	3.058064e+00	9.358105e-01	4.978388e-02	1.631123e-01	7.286291e-01	3.378139e+00	1.003154e+00	7.374397e+00	6.441555e-01	2.453500e-01	2.129604e+00	8.333209e-01	1.040894e+00	6.546942e+01	1.438688e+02	3.559097e-01	2.173061e-02	9.151734e-14	
2  103.986	2.258534e+00	1.301676e-01	6.867989e-01	3.074747e+00	9.484890e-01	6.785373e-02	4.078504e-01	6.042240e-01	3.632933e+00	1.001284e+00	9.176365e+00	6.749853e-01	2.454760e-01	2.164837e+00	8.384309e-01	1.041623e+00	6.868826e+01	1.423873e+02	3.251695e-01	5.184934e-02	1.176324e-13	
1  104.463	2.253442e+00	1.283760e-01	6.823646e-01	3.075462e+00	9.465198e-01	6.965097e-02	3.242510e-01	6.801575e-01	4.202729e+00	9.995218e-01	9.322096e+00	6.748183e-01	2.454539e-01	2.166370e+00	8.348346e-01	1.041487e+00	6.824326e+01	1.432655e+02	3.253232e-01	4.152315e-02	1.377303e-13	
4  104.122	2.256121e+00	1.296804e-01	6.940858e-01	3.027856e+00	9.478771e-01	4.196990e-02	4.500801e-01	6.939827e-01	4.206568e+00	1.005291e+00	6.477153e+00	6.825240e-01	2.454694e-01	2.065887e+00	8.166223e-01	1.041920e+00	6.939406e+01	1.423313e+02	3.173879e-01	5.686887e-02	-1.608903e-13	
1  105.21	2.249423e+00	1.307056e-01	6.774968e-01	3.037413e+00	9.419813e-01	4.489859e-02	3.627383e-01	5.409329e-01	4.366415e+00	1.003192e+00	6.827136e+00	6.649991e-01	2.454366e-01	2.085603e+00	8.234928e-01	1.041158e+00	6.772956e+01	1.425521e+02	3.349657e-01	4.632640e-02	1.793075e-14	
2  105.521	2.263787e+00	1.293271e-01	6.785706e-01	3.004703e+00	9.444206e-01	2.705337e-02	3.188205e-01	5.773928e-01	4.718625e+00	1.004807e+00	4.661247e+00	6.687572e-01	2.454988e-01	2.020599e+00	8.075390e-01	1.041189e+00	6.784320e+01	1.429529e+02	3.311828e-01	4.076924e-02	-3.706888e-14	
1  104.965	2.233204e+00	1.306942e-01	6.786819e-01	3.002602e+00	9.438271e-01	3.498670e-02	3.885739e-01	4.956310e-01	3.907265e+00	9.977602e-01	5.722131e+00	6.665521e-01	2.453692e-01	2.014039e+00	8.097487e-01	1.041095e+00	6.786133e+01	1.426101e+02	3.332060e-01	4.920201e-02	-1.361184e-13	
5  102.859	2.238271e+00	1.264402e-01	6.768042e-01	3.031755e+00	9.488489e-01	5.013959e-02	2.375833e-01	5.668528e-01	3.675872e+00	9.977364e-01	7.367165e+00	6.737851e-01	2.453918e-01	2.073127e+00	8.142859e-01	1.041246e+00	6.766327e+01	1.442894e+02	3.260088e-01	3.070270e-02	2.303012e-14	
2  103.158	2.238271e+00	1.264402e-01	6.768042e-01	3.031755e+00	9.488489e-01	5.013959e-02	2.375833e-01	5.668528e-01	3.675872e+00	9.965303e-01	7.367165e+00	6.737851e-01	2.453918e-01	2.073127e+00	8.142859e-01	1.041246e+00	6.766327e+01	1.442894e+02	3.260088e-01	3.070270e-02	2.303012e-14	
7  102.161	2.233697e+00	1.252767e-01	6.677236e-01	3.019038e+00	9.541284e-01	4.376159e-02	1.288811e-01	6.728750e-01	2.869701e+00	9.954264e-01	6.650228e+00	6.674632e-01	2.453730e-01	2.046580e+00	8.101475e-01	1.041187e+00	6.674952e+01	1.451408e+02	3.321749e-01	1.698888e-02	-1.311209e-15	
2  101.957	2.290855e+00	1.302693e-01	7.058623e-01	3.018706e+00	9.652194e-01	4.648002e-02	5.341384e-01	6.826844e-01	3.567805e+00	9.984532e-01	6.930100e+00	6.910806e-01	2.456154e-01	2.046194e+00	8.171329e-01	1.042184e+00	7.056647e+01	1.414290e+02	3.087245e-01	6.679337e-02	-1.501106e-15	
4  103.568	2.261272e+00	1.327572e-01	6.838284e-01	3.041343e+00	9.592453e-01	5.243749e-02	4.406488e-01	6.656374e-01	4.176201e+00	9.982387e-01	7.656981e+00	6.663116e-01	2.454892e-01	2.093006e+00	8.353568e-01	1.042095e+00	6.838881e+01	1.415418e+02	3.335033e-01	5.591054e-02	1.477720e-13	
2  103.075	2.284228e+00	1.341247e-01	7.151794e-01	3.005386e+00	9.644568e-01	3.680809e-02	7.210208e-01	5.524402e-01	4.825649e+00	1.002444e+00	5.897876e+00	6.916247e-01	2.455900e-01	2.019640e+00	8.187921e-01	1.042688e+00	7.151076e+01	1.397846e+02	3.082259e-01	8.805598e-02	-2.683852e-13	
3  102.844	2.275443e+00	1.293019e-01	7.098415e-01	3.015039e+00	9.656755e-01	4.032909e-02	5.247572e-01	7.018721e-01	4.393664e+00	1.003358e+00	6.241724e+00	6.967708e-01	2.455541e-01	2.039283e+00	8.144307e-01	1.043097e+00	7.097375e+01	1.418687e+02	3.031216e-01	6.584986e-02	-3.043776e-13	
1  103.666	2.275443e+00	1.293019e-01	7.098415e-01	3.015039e+00	9.656755e-01	4.032909e-02	5.247572e-01	7.018721e-01	4.393664e+00	1.006782e+00	6.241724e+00	6.967708e-01	2.455541e-01	2.039283e+00	8.144307e-01	1.043097e+00	7.097375e+01	1.418687e+02	3.031216e-01	6.584986e-02	-3.043776e-13	
3  107.213	2.252188e+00	1.282437e-01	6.887411e-01	3.017871e+00	9.713429e-01	3.018395e-02	3.417886e-01	9.503891e-01	3.801840e+00	1.014642e+00	5.009640e+00	6.804596e-01	2.454571e-01	2.045357e+00	8.194742e-01	1.042652e+00	6.887511e+01	1.431889e+02	3.195781e-01	4.399873e-02	-4.071768e-13	
1  105.853	2.299993e+00	1.254672e-01	7.072634e-01	3.031326e+00	9.788627e-01	4.364592e-02	3.678881e-01	7.616275e-01	4.521768e+00	1.011601e+00	6.471786e+00	7.017781e-01	2.456540e-01	2.072306e+00	8.164998e-01	1.043080e+00	7.070970e+01	1.432473e+02	2.982033e-01	4.706407e-02	-2.938315e-13	
2  106.125	2.303713e+00	1.222004e-01	7.035275e-01	3.031359e+00	9.760029e-01	4.432648e-02	2.224562e-01	9.263993e-01	3.122291e+00	1.009740e+00	6.471160e+00	7.052445e-01	2.456691e-01	2.072739e+00	8.090468e-01	1.043472e+00	7.032929e+01	1.447204e+02	2.948158e-01	2.929708e-02	-3.403759e-13	
10  106.555	2.261673e+00	1.220032e-01	6.906442e-01	3.025270e+00	9.737471e-01	4.040311e-02	1.355548e-01	7.386682e-01	3.712502e+00	1.009108e+00	6.102063e+00	6.954777e-01	2.454962e-01	2.060542e+00	8.094755e-01	1.043618e+00	6.904945e+01	1.456239e+02	3.047445e-01	1.833885e-02	-4.252233e-13	
1  103.744	2.282832e+00	1.228693e-01	7.058200e-01	3.032257e+00	9.736967e-01	4.829241e-02	2.839439e-01	3.871336e-01	3.468781e+00	1.007757e+00	6.988508e+00	7.061878e-01	2.455840e-01	2.074460e+00	8.098739e-01	1.043290e+00	7.056242e+01	1.444705e+02	2.938713e-01	3.691246e-02	-2.228864e-13	
4  103.427	2.265184e+00	1.295666e-01	7.122996e-01	3.059482e+00	9.685303e-01	6.382967e-02	5.639309e-01	3.148301e-01	4.110472e+00	1.006755e+00	8.771869e+00	6.985594e-01	2.455104e-01	2.131756e+00	8.337637e-01	1.043068e+00	7.123717e+01	1.417291e+02	3.013786e-01	7.043435e-02	-9.162240e-14	
18  102.713	2.221051e+00	1.273666e-01	6.838612e-01	3.033339e+00	9.596478e-01	4.693425e-02	3.080093e-01	1.899972e-02	4.213135e+00	1.005772e+00	7.056763e+00	6.784938e-01	2.453242e-01	2.076320e+00	8.210288e-01	1.042328e+00	6.838187e+01	1.438933e+02	3.215189e-01	3.963638e-02	-2.510413e-13	
6  101.926	2.221051e+00	1.273666e-01	6.838612e-01	3.033339e+00	9.596478e-01	4.693425e-02	3.080093e-01	1.899972e-02	4.213135e+00	1.004315e+00	7.056763e+00	6.784938e-01	2.453242e-01	2.076320e+00	8.210288e-01	1.042328e+00	6.838187e+01	1.438933e+02	3.215189e-01	3.963638e-02	-2.510413e-13	
2  103.101	2.212226e+00	1.247161e-01	6.899351e-01	3.063404e+00	9.667740e-01	6.178202e-02	2.920107e-01	1.496832e-01	2.944597e+00	1.007607e+00	8.600208e+00	6.898193e-01	2.452859e-01	2.139546e+00	8.279568e-01	1.042213e+00	6.899519e+01	1.447241e+02	3.102602e-01	3.750680e-02	-2.142997e-13	
2  103.656	2.229011e+00	1.202557e-01	6.930791e-01	3.062770e+00	9.674765e-01	5.856088e-02	1.758738e-01	1.713644e-01	2.619555e+00	1.011321e+00	8.158394e+00	7.016373e-01	2.453577e-01	2.138416e+00	8.154241e-01	1.042006e+00	6.928838e+01	1.462362e+02	2.984400e-01	2.264916e-02	-2.967354e-13	
1  103.598	2.229011e+00	1.202557e-01	6.930791e-01	3.062770e+00	9.674765e-01	5.856088e-02	1.758738e-01	1.713644e-01	2.619555e+00	1.010403e+00	8.158394e+00	7.016373e-01	2.453577e-01	2.138416e+00	8.154241e-01	1.042006e+00	6.928838e+01	1.462362e+02	2.984400e-01	2.264916e-02	-2.967354e-13	
3  103.513	2.220062e+00	1.187219e-01	6.852991e-01	3.080424e+00	9.636268e-01	6.840105e-02	6.570347e-02	5.161867e-01	2.402540e+00	1.007778e+00	9.118010e+00	6.984025e-01	2.453194e-01	2.177195e+00	8.199069e-01	1.042139e+00	6.851926e+01	1.472824e+02	3.017009e-01	8.171253e-03	-1.737006e-13	
5  104.414	2.226399e+00	1.205411e-01	6.759891e-01	3.095613e+00	9.609986e-01	6.845690e-02	1.625376e-02	3.402303e-01	2.551248e+00	1.010731e+00	9.114414e+00	6.859739e-01	2.453480e-01	2.210836e+00	8.334497e-01	1.042840e+00	6.759007e+01	1.469848e+02	3.142833e-01	2.249271e-03	-7.286571e-13	
1  102.314	2.229131e+00	1.194135e-01	6.797967e-01	3.096753e+00	9.670992e-01	7.573669e-02	3.071897e-02	5.200190e-01	2.745280e+00	1.006988e+00	9.780736e+00	6.919630e-01	2.453564e-01	2.213164e+00	8.308944e-01	1.042219e+00	6.797326e+01	1.471867e+02	3.081714e-01	3.850020e-03	-1.149505e-13	
7  102.863	2.229131e+00	1.194135e-01	6.797967e-01	3.096753e+00	9.670992e-01	7.573669e-02	3.071897e-02	5.200190e-01	2.745280e+00	1.005242e+00	9.780736e+00	6.919630e-01	2.453564e-01	2.213164e+00	8.308944e-01	1.042219e+00	6.797326e+01	1.471867e+02	3.081714e-01	3.850020e-03	-1.149505e-13	
1  103.696	2.266662e+00	1.233970e-01	7.013524e-01	3.089089e+00	9.703868e-01	7.541618e-02	2.781648e-01	6.114107e-01	3.009444e+00	1.004018e+00	9.735482e+00	7.017899e-01	2.455162e-01	2.196154e+00	8.346573e-01	1.043177e+00	7.013313e+01	1.445423e+02	2.982437e-01	3.610507e-02	-1.749542e-13	
4  105.329	2.328222e+00	1.274394e-01	7.539211e-01	3.114733e+00	9.874118e-01	1.055120e-01	7.901457e-01	5.349211e-01	4.158831e+00	9.984627e-01	1.223316e+01	7.335897e-01	2.457672e-01	2.251352e+00	8.475612e-01	1.043573e+00	7.533890e+01	1.405370e+02	2.660928e-01	9.616816e-02	1.793031e-13	
1  106.384	2.365874e+00	1.279198e-01	7.731322e-01	3.132213e+00	9.924840e-01	1.216049e-01	9.391012e-01	4.153577e-01	3.414291e+00	9.948659e-01	1.335215e+01	7.447180e-01	2.459179e-01	2.286952e+00	8.519404e-01	1.043508e+00	7.717500e+01	1.393478e+02	2.549668e-01	1.127518e-01	2.730148e-13	
2  106.459	2.332915e+00	1.300921e-01	7.530883e-01	3.143638e+00	9.798780e-01	1.180031e-01	8.544457e-01	4.312044e-01	3.754089e+00	9.981894e-01	1.324759e+01	7.275337e-01	2.457839e-01	2.313573e+00	8.642799e-01	1.043783e+00	7.517789e+01	1.395490e+02	2.720584e-01	1.034263e-01	3.204946e-13	
1  106.119	2.377351e+00	1.303224e-01	7.786584e-01	3.103886e+00	9.924759e-01	1.032722e-01	1.038857e+00	3.852095e-01	3.639808e+00	9.986643e-01	1.198254e+01	7.446214e-01	2.459684e-01	2.227094e+00	8.455105e-01	1.043942e+00	7.781632e+01	1.383088e+02	2.550660e-01	1.226310e-01	-9.627845e-14	
4  108.772	2.347086e+00	1.324990e-01	7.714484e-01	3.137996e+00	9.866784e-01	1.239722e-01	1.056685e+00	5.018127e-01	3.632641e+00	9.935283e-01	1.370411e+01	7.356867e-01	2.458385e-01	2.299620e+00	8.661177e-01	1.044358e+00	7.694769e+01	1.379707e+02	2.638261e-01	1.248063e-01	4.962044e-13	
2  108.718	2.347086e+00	1.324990e-01	7.714484e-01	3.137996e+00	9.866784e-01	1.239722e-01	1.056685e+00	5.018127e-01	3.632641e+00	9.970663e-01	1.370411e+01	7.356867e-01	2.458385e-01	2.299620e+00	8.661177e-01	1.044358e+00	7.694769e+01	1.379707e+02	2.638261e-01	1.248063e-01	4.962044e-13	
3  109.272	2.310084e+00	1.347378e-01	7.353966e-01	3.119215e+00	9.680029e-01	1.075030e-01	8.535689e-01	5.905595e-01	2.841927e+00	9.946188e-01	1.258631e+01	7.061058e-01	2.456882e-01	2.261620e+00	8.661047e-01	1.044016e+00	7.345549e+01	1.387426e+02	2.937406e-01	1.026630e-01	2.552521e-13	
2  109.073	2.306400e+00	1.308746e-01	7.595825e-01	3.146998e+00	9.855355e-01	1.266531e-01	9.450031e-01	4.626421e-01	4.277548e+00	9.982523e-01	1.400268e+01	7.308192e-01	2.456684e-01	2.319983e+00	8.688496e-01	1.044166e+00	7.576243e+01	1.392186e+02	2.685727e-01	1.132216e-01	8.476000e-13	
1  111.274	2.313697e+00	1.318871e-01	7.811359e-01	3.157177e+00	9.969432e-01	1.388184e-01	1.160284e+00	4.800044e-01	4.426821e+00	9.977807e-01	1.490075e+01	7.434748e-01	2.456927e-01	2.339603e+00	8.734149e-01	1.044044e+00	7.781243e+01	1.379777e+02	2.558138e-01	1.361658e-01	1.426958e-12	
3  107.303	2.313447e+00	1.298710e-01	7.717291e-01	3.121971e+00	9.876868e-01	1.125622e-01	1.035923e+00	4.315172e-01	3.940271e+00	1.003540e+00	1.288582e+01	7.418470e-01	2.457080e-01	2.267040e+00	8.519176e-01	1.043455e+00	7.709338e+01	1.390638e+02	2.576768e-01	1.226619e-01	7.299699e-13	
1  105.747	2.375741e+00	1.307111e-01	7.759442e-01	3.146800e+00	9.875008e-01	1.204452e-01	1.056765e+00	3.577386e-01	4.286832e+00	1.005900e+00	1.332295e+01	7.419496e-01	2.459603e-01	2.319365e+00	8.617996e-01	1.043072e+00	7.748380e+01	1.381086e+02	2.578045e-01	1.252892e-01	4.006293e-13	
1  106.379	2.371255e+00	1.261333e-01	7.718864e-01	3.163516e+00	9.882420e-01	1.361254e-01	8.719039e-01	1.657135e-01	4.468495e+00	9.987879e-01	1.431544e+01	7.461025e-01	2.459358e-01	2.351774e+00	8.586447e-01	1.043364e+00	7.694489e+01	1.399487e+02	2.535136e-01	1.060498e-01	8.136902e-13	
3  106.556	2.368278e+00	1.277752e-01	7.547218e-01	3.123256e+00	9.745610e-01	1.130971e-01	8.036133e-01	2.513668e-01	2.992505e+00	9.967533e-01	1.266591e+01	7.323712e-01	2.459327e-01	2.268072e+00	8.447556e-01	1.042617e+00	7.539897e+01	1.399808e+02	2.675964e-01	9.776819e-02	2.472762e-13	
1  105.611	2.327934e+00	1.256234e-01	7.465397e-01	3.072749e+00	9.700394e-01	8.720281e-02	6.978261e-01	5.236734e-01	2.584329e+00	9.972556e-01	1.066105e+01	7.315942e-01	2.457708e-01	2.160763e+00	8.199896e-01	1.042705e+00	7.467178e+01	1.414191e+02	2.682458e-01	8.551784e-02	4.466433e-13	
2  105.315	2.340233e+00	1.279366e-01	7.616337e-01	3.023932e+00	9.749447e-01	6.775448e-02	8.833625e-01	4.072654e-01	3.058826e+00	9.958300e-01	8.955853e+00	7.378233e-01	2.458208e-01	2.057810e+00	8.038440e-01	1.042885e+00	7.617737e+01	1.399314e+02	2.620185e-01	1.062341e-01	2.416886e-13	
4  106.622	2.391924e+00	1.320917e-01	7.950421e-01	3.064980e+00	9.856354e-01	9.206437e-02	1.240352e+00	4.938347e-01	2.733813e+00	9.975859e-01	1.104583e+01	7.518906e-01	2.460308e-01	2.144160e+00	8.257731e-01	1.043390e+00	7.948298e+01	1.369746e+02	2.480161e-01	1.429388e-01	2.096622e-13	
5  106.795	2.366500e+00	1.271017e-01	7.822466e-01	3.083377e+00	9.853047e-01	9.765583e-02	9.817556e-01	6.211878e-01	2.004993e+00	9.991658e-01	1.146175e+01	7.522622e-01	2.459272e-01	2.182767e+00	8.252112e-01	1.043777e+00	7.819476e+01	1.394188e+02	2.473717e-01	1.166589e-01	6.006999e-13	
1  107.042	2.393510e+00	1.268378e-01	7.750309e-01	3.042490e+00	9.803902e-01	6.725846e-02	8.802988e-01	5.578534e-01	2.249483e+00	1.004574e+00	8.764961e+00	7.474855e-01	2.460317e-01	2.094650e+00	8.083166e-01	1.044062e+00	7.750571e+01	1.396797e+02	2.521812e-01	1.056602e-01	1.606834e-13	
1  107.63	2.378138e+00	1.264802e-01	7.630720e-01	3.055371e+00	9.754789e-01	7.082483e-02	7.765065e-01	3.144108e-01	2.906453e+00	1.004485e+00	9.104604e+00	7.404889e-01	2.459727e-01	2.121944e+00	8.145466e-01	1.044198e+00	7.631295e+01	1.403675e+02	2.592201e-01	9.425101e-02	2.958914e-14	
4  107.407	2.378138e+00	1.264802e-01	7.630720e-01	3.055371e+00	9.754789e-01	7.082483e-02	7.765065e-01	3.144108e-01	2.906453e+00	1.001573e+00	9.104604e+00	7.404889e-01	2.459727e-01	2.121944e+00	8.145466e-01	1.044198e+00	7.631295e+01	1.403675e+02	2.592201e-01	9.425101e-02	2.958914e-14	
1  107.721	2.380298e+00	1.352255e-01	7.768599e-01	3.076993e+00	9.743497e-01	8.491499e-02	1.157562e+00	4.040603e-01	2.764181e+00	9.998896e-01	1.053428e+01	7.350720e-01	2.459839e-01	2.168965e+00	8.409241e-01	1.044417e+00	7.767374e+01	1.367468e+02	2.646154e-01	1.341484e-01	-4.311651e-15	
2  108.022	2.377740e+00	1.335098e-01	7.802444e-01	3.087804e+00	9.727301e-01	9.462933e-02	1.146330e+00	6.202666e-01	3.617576e+00	9.974745e-01	1.131094e+01	7.401479e-01	2.459739e-01	2.191823e+00	8.393660e-01	1.044102e+00	7.798995e+01	1.371773e+02	2.596162e-01	1.331345e-01	4.601359e-13	
1  108.059	2.395108e+00	1.357974e-01	7.943492e-01	3.109541e+00	9.760532e-01	9.927497e-02	1.329408e+00	3.668922e-01	4.205240e+00	1.005777e+00	1.171295e+01	7.454118e-01	2.460444e-01	2.238039e+00	8.508375e-01	1.043975e+00	7.941658e+01	1.357612e+02	2.542542e-01	1.516215e-01	7.929504e-14	
5  105.513	2.359962e+00	1.310605e-01	7.844458e-01	3.073056e+00	9.880198e-01	8.278133e-02	1.127149e+00	3.906496e-01	3.983213e+00	1.005671e+00	1.034744e+01	7.476407e-01	2.459023e-01	2.160764e+00	8.316165e-01	1.043943e+00	7.845200e+01	1.379969e+02	2.519338e-01	1.317866e-01	5.433010e-14	
1  104.925	2.372811e+00	1.326685e-01	7.849552e-01	3.099395e+00	9.850381e-01	1.014525e-01	1.187852e+00	2.926870e-01	3.917383e+00	1.000127e+00	1.188918e+01	7.449864e-01	2.459537e-01	2.217552e+00	8.441432e-01	1.043415e+00	7.846214e+01	1.372258e+02	2.548112e-01	1.379047e-01	2.375621e-13	
3  103.705	2.337029e+00	1.269434e-01	7.489664e-01	3.100978e+00	9.793458e-01	9.452923e-02	7.560185e-01	2.054791e-01	3.893934e+00	1.001569e+00	1.129879e+01	7.309731e-01	2.458068e-01	2.221734e+00	8.371031e-01	1.042585e+00	7.490593e+01	1.407497e+02	2.689091e-01	9.225813e-02	1.360003e-13	
3  103.708	2.325455e+00	1.282371e-01	7.621882e-01	3.057435e+00	9.877214e-01	7.907978e-02	9.036490e-01	1.361848e-01	4.115428e+00	9.997203e-01	1.003721e+01	7.382851e-01	2.457605e-01	2.128430e+00	8.228791e-01	1.043092e+00	7.623105e+01	1.399341e+02	2.615938e-01	1.084296e-01	8.627857e-14	
7  104.163	2.325455e+00	1.282371e-01	7.621882e-01	3.057435e+00	9.877214e-01	7.907978e-02	9.036490e-01	1.361848e-01	4.115428e+00	9.989125e-01	1.003721e+01	7.382851e-01	2.457605e-01	2.128430e+00	8.228791e-01	1.043092e+00	7.623105e+01	1.399341e+02	2.615938e-01	1.084296e-01	8.627857e-14	
3  102.644	2.287911e+00	1.286260e-01	7.349290e-01	3.033864e+00	9.780431e-01	6.086531e-02	7.290512e-01	5.389346e-01	3.860801e+00	9.997383e-01	8.422231e+00	7.182626e-01	2.456057e-01	2.077747e+00	8.173876e-01	1.042545e+00	7.348412e+01	1.409922e+02	2.816435e-01	8.932824e-02	8.042185e-14	
2  101.963	2.287911e+00	1.286260e-01	7.349290e-01	3.033864e+00	9.780431e-01	6.086531e-02	7.290512e-01	5.389346e-01	3.860801e+00	1.002085e+00	8.422231e+00	7.182626e-01	2.456057e-01	2.077747e+00	8.173876e-01	1.042545e+00	7.348412e+01	1.409922e+02	2.816435e-01	8.932824e-02	8.042185e-14	
1  103.52	2.319179e+00	1.265197e-01	7.532833e-01	3.049397e+00	9.857841e-01	7.254730e-02	8.047614e-01	6.497021e-01	3.630952e+00	1.002859e+00	9.429279e+00	7.352245e-01	2.457334e-01	2.111500e+00	8.155609e-01	1.042249e+00	7.534609e+01	1.408377e+02	2.646703e-01	9.781024e-02	8.875132e-14	
4  102.54	2.312234e+00	1.271091e-01	7.432930e-01	3.061907e+00	9.802388e-01	7.987641e-02	7.323688e-01	4.577546e-01	3.152140e+00	9.986402e-01	1.011512e+01	7.270163e-01	2.457053e-01	2.137986e+00	8.235748e-01	1.042602e+00	7.434131e+01	1.410857e+02	2.729187e-01	8.962208e-02	1.323128e-13	
7  103.306	2.307777e+00	1.277510e-01	7.390687e-01	3.025082e+00	9.779244e-01	6.636884e-02	7.039297e-01	4.162246e-01	3.503085e+00	9.925754e-01	8.890826e+00	7.226266e-01	2.456863e-01	2.060050e+00	8.113459e-01	1.043098e+00	7.390739e+01	1.410978e+02	2.774125e-01	8.644035e-02	1.875898e-13	
2  105.962	2.331571e+00	1.263233e-01	7.181019e-01	3.031637e+00	9.789540e-01	6.536031e-02	4.583276e-01	5.405526e-01	4.304887e+00	9.907708e-01	8.690331e+00	7.084123e-01	2.457805e-01	2.072922e+00	8.157046e-01	1.043154e+00	7.180448e+01	1.423050e+02	2.917263e-01	5.797958e-02	1.142830e-13	
4  106.137	2.312793e+00	1.223340e-01	6.993805e-01	3.022796e+00	9.692016e-01	5.981737e-02	2.033449e-01	5.216662e-01	3.969362e+00	9.883677e-01	8.106438e+00	7.011997e-01	2.457046e-01	2.054397e+00	8.033795e-01	1.042794e+00	6.993703e+01	1.446777e+02	2.989215e-01	2.698134e-02	2.027356e-13	
5  106.756	2.312793e+00	1.223340e-01	6.993805e-01	3.022796e+00	9.692016e-01	5.981737e-02	2.033449e-01	5.216662e-01	3.969362e+00	9.858744e-01	8.106438e+00	7.011997e-01	2.457046e-01	2.054397e+00	8.033795e-01	1.042794e+00	6.993703e+01	1.446777e+02	2.989215e-01	2.698134e-02	2.027356e-13	
1  105.339	2.285188e+00	1.219927e-01	6.869044e-01	3.064949e+00	9.655056e-01	7.777057e-02	1.248460e-01	4.921278e-01	4.481652e+00	9.872499e-01	9.844187e+00	6.917467e-01	2.455915e-01	2.143529e+00	8.209850e-01	1.042246e+00	6.870182e+01	1.454519e+02	3.083331e-01	1.685702e-02	-1.550280e-14	
2  105.115	2.298905e+00	1.253237e-01	6.986537e-01	3.078242e+00	9.623212e-01	7.841559e-02	2.945492e-01	5.192873e-01	4.637704e+00	9.930791e-01	9.938702e+00	6.949244e-01	2.456502e-01	2.172498e+00	8.318820e-01	1.042926e+00	6.985841e+01	1.436485e+02	3.051904e-01	3.815477e-02	5.048514e-14	
2  104.355	2.307102e+00	1.272379e-01	7.150755e-01	3.082095e+00	9.658479e-01	7.978544e-02	4.806745e-01	2.116643e-01	4.667544e+00	9.967953e-01	1.009468e+01	7.047665e-01	2.456844e-01	2.180783e+00	8.355451e-01	1.043145e+00	7.150534e+01	1.422316e+02	2.952778e-01	6.051863e-02	-4.909187e-14	
2  105.105	2.307102e+00	1.272379e-01	7.150755e-01	3.082095e+00	9.658479e-01	7.978544e-02	4.806745e-01	2.116643e-01	4.667544e+00	9.960248e-01	1.009468e+01	7.047665e-01	2.456844e-01	2.180783e+00	8.355451e-01	1.043145e+00	7.150534e+01	1.422316e+02	2.952778e-01	6.051863e-02	-4.909187e-14	
2  105.967	2.320289e+00	1.299693e-01	7.304336e-01	3.110024e+00	9.729980e-01	9.120744e-02	6.786244e-01	1.448974e-01	3.895138e+00	1.001221e+00	1.113535e+01	7.115676e-01	2.457381e-01	2.241817e+00	8.527361e-01	1.043376e+00	7.304105e+01	1.405363e+02	2.882833e-01	8.357479e-02	-3.354359e-13	
3  107.118	2.325824e+00	1.274779e-01	7.308608e-01	3.148925e+00	9.750073e-01	1.102112e-01	6.006162e-01	3.421027e-01	4.760803e+00	1.002091e+00	1.260459e+01	7.160562e-01	2.457575e-01	2.326709e+00	8.636015e-01	1.043410e+00	7.300733e+01	1.413774e+02	2.836371e-01	7.498764e-02	-3.500920e-13	
2  107.519	2.326717e+00	1.284257e-01	7.483877e-01	3.194782e+00	9.835273e-01	1.425193e-01	7.983979e-01	3.847021e-01	4.243275e+00	9.989255e-01	1.503663e+01	7.260655e-01	2.457452e-01	2.423408e+00	8.825091e-01	1.042766e+00	7.452818e+01	1.401588e+02	2.734295e-01	9.874795e-02	1.589718e-12	
1  106.43	2.296271e+00	1.303745e-01	7.337581e-01	3.148555e+00	9.747785e-01	1.149427e-01	7.638537e-01	4.254290e-01	4.152399e+00	1.000056e+00	1.314627e+01	7.132962e-01	2.456304e-01	2.326416e+00	8.687763e-01	1.042599e+00	7.328740e+01	1.402809e+02	2.864753e-01	9.352146e-02	5.122684e-13	
3  104.596	2.296271e+00	1.303745e-01	7.337581e-01	3.148555e+00	9.747785e-01	1.149427e-01	7.638537e-01	4.254290e-01	4.152399e+00	1.003580e+00	1.314627e+01	7.132962e-01	2.456304e-01	2.326416e+00	8.687763e-01	1.042599e+00	7.328740e+01	1.402809e+02	2.864753e-01	9.352146e-02	5.122684e-13	
4  105.227	2.314978e+00	1.309221e-01	7.338755e-01	3.135514e+00	9.689313e-01	1.023238e-01	7.474592e-01	3.956332e-01	4.543405e+00	1.006928e+00	1.209633e+01	7.123496e-01	2.457137e-01	2.297817e+00	8.632801e-01	1.043194e+00	7.335596e+01	1.400559e+02	2.874886e-01	9.141275e-02	-1.549736e-13	
1  105.694	2.282839e+00	1.246407e-01	6.982395e-01	3.147272e+00	9.684810e-01	1.031799e-01	2.725464e-01	9.199346e-01	3.272310e+00	1.005509e+00	1.209936e+01	6.957920e-01	2.455797e-01	2.325273e+00	8.624544e-01	1.043290e+00	6.976790e+01	1.440548e+02	3.039755e-01	3.570649e-02	-5.141940e-13	
8  104.094	2.301996e+00	1.292618e-01	7.431586e-01	3.083995e+00	9.828555e-01	8.124047e-02	7.820792e-01	9.390803e-01	3.784501e+00	1.007279e+00	1.032533e+01	7.232624e-01	2.456626e-01	2.184929e+00	8.405024e-01	1.043381e+00	7.432001e+01	1.404546e+02	2.765159e-01	9.524287e-02	1.168333e-13	
12  105.035	2.324168e+00	1.318140e-01	7.556903e-01	3.083369e+00	9.879243e-01	8.205078e-02	9.450596e-01	9.945732e-01	3.674574e+00	1.008106e+00	1.040339e+01	7.275492e-01	2.457535e-01	2.183782e+00	8.450348e-01	1.043554e+00	7.557404e+01	1.389369e+02	2.721406e-01	1.128401e-01	5.489532e-14	
1  105.057	2.359429e+00	1.379133e-01	7.758302e-01	3.039201e+00	9.909330e-01	6.476059e-02	1.297533e+00	8.922438e-01	3.140089e+00	1.006971e+00	8.838165e+00	7.306474e-01	2.458996e-01	2.090092e+00	8.353854e-01	1.042941e+00	7.757413e+01	1.358110e+02	2.691982e-01	1.484872e-01	1.818349e-13	
9  103.315	2.355268e+00	1.330343e-01	7.658676e-01	3.057510e+00	9.861613e-01	7.364048e-02	1.058405e+00	8.459358e-01	2.990660e+00	1.005049e+00	9.587343e+00	7.320079e-01	2.458818e-01	2.128355e+00	8.327565e-01	1.043102e+00	7.659126e+01	1.378907e+02	2.678716e-01	1.246069e-01	1.302782e-13	
2  105.108	2.398972e+00	1.365742e-01	7.883629e-01	3.024407e+00	9.846460e-01	5.516893e-02	1.316819e+00	6.409982e-01	2.572979e+00	1.009030e+00	7.778244e+00	7.403202e-01	2.460572e-01	2.057957e+00	8.210492e-01	1.043372e+00	7.883954e+01	1.356393e+02	2.594330e-01	1.504012e-01	-5.969461e-14	
1  105.235	2.398972e+00	1.365742e-01	7.883629e-01	3.024407e+00	9.846460e-01	5.516893e-02	1.316819e+00	6.409982e-01	2.572979e+00	1.006188e+00	7.778244e+00	7.403202e-01	2.460572e-01	2.057957e+00	8.210492e-01	1.043372e+00	7.883954e+01	1.356393e+02	2.594330e-01	1.504012e-01	-5.969461e-14	
3  105.716	2.412320e+00	1.373020e-01	8.121911e-01	3.040703e+00	9.922063e-01	7.199511e-02	1.516653e+00	4.558096e-01	2.750984e+00	1.003294e+00	9.389441e+00	7.540751e-01	2.461114e-01	2.092658e+00	8.268675e-01	1.043954e+00	8.119943e+01	1.345942e+02	2.455844e-01	1.693070e-01	1.557469e-14	
5  106.824	2.434013e+00	1.422146e-01	8.270067e-01	3.053501e+00	9.906765e-01	8.105107e-02	1.773530e+00	4.488629e-01	2.111613e+00	1.002119e+00	1.023138e+01	7.551772e-01	2.461988e-01	2.119714e+00	8.390861e-01	1.044175e+00	8.264912e+01	1.324011e+02	2.444986e-01	1.921102e-01	6.193379e-14	
1  109.013	2.479853e+00	1.439030e-01	8.436869e-01	3.104675e+00	9.961540e-01	1.085582e-01	1.935966e+00	4.607963e-01	2.138460e+00	1.002498e+00	1.241155e+01	7.615064e-01	2.463786e-01	2.227185e+00	8.613113e-01	1.044008e+00	8.423523e+01	1.309318e+02	2.384637e-01	2.064716e-01	-2.623795e-13	
2  109.003	2.479853e+00	1.439030e-01	8.436869e-01	3.104675e+00	9.961540e-01	1.085582e-01	1.935966e+00	4.607963e-01	2.138460e+00	1.002813e+00	1.241155e+01	7.615064e-01	2.463786e-01	2.227185e+00	8.613113e-01	1.044008e+00	8.423523e+01	1.309318e+02	2.384637e-01	2.064716e-01	-2.623795e-13	
2  109.033	2.484874e+00	1.391245e-01	8.551035e-01	3.104804e+00	1.005616e+00	1.137675e-01	1.880310e+00	6.563246e-01	2.257403e+00	1.002376e+00	1.269676e+01	7.742860e-01	2.463948e-01	2.226865e+00	8.503673e-01	1.043960e+00	8.534020e+01	1.320556e+02	2.255139e-01	2.020976e-01	-3.093121e-13	
1  109.405	2.441186e+00	1.470735e-01	8.382970e-01	3.131014e+00	9.948064e-01	1.166041e-01	2.020678e+00	9.222444e-01	2.081753e+00	1.007403e+00	1.324027e+01	7.546448e-01	2.462250e-01	2.285044e+00	8.811693e-01	1.044117e+00	8.364975e+01	1.303460e+02	2.449948e-01	2.144438e-01	5.138226e-13	
2  110.343	2.428145e+00	1.497149e-01	8.336893e-01	3.110947e+00	9.838013e-01	1.028145e-01	2.070531e+00	7.010630e-01	2.847821e+00	1.008695e+00	1.221673e+01	7.483712e-01	2.461771e-01	2.242142e+00	8.754883e-01	1.044254e+00	8.328081e+01	1.298505e+02	2.512702e-01	2.180685e-01	4.828666e-13	
2  109.58	2.367340e+00	1.474102e-01	8.180485e-01	3.097745e+00	9.809533e-01	9.867825e-02	1.937518e+00	4.988083e-01	3.756430e+00	1.006593e+00	1.197204e+01	7.433965e-01	2.459373e-01	2.214581e+00	8.672038e-01	1.043681e+00	8.173862e+01	1.313859e+02	2.563813e-01	2.074008e-01	8.994445e-13	
1  111.127	2.342257e+00	1.415134e-01	7.924695e-01	3.156108e+00	9.797173e-01	1.179884e-01	1.581594e+00	1.025965e-01	4.320221e+00	1.012302e+00	1.349322e+01	7.361588e-01	2.458262e-01	2.341572e+00	8.840898e-01	1.042693e+00	7.916790e+01	1.340429e+02	2.639245e-01	1.772245e-01	1.382857e-12	
2  111.041	2.342257e+00	1.415134e-01	7.924695e-01	3.156108e+00	9.797173e-01	1.179884e-01	1.581594e+00	1.025965e-01	4.320221e+00	1.012897e+00	1.349322e+01	7.361588e-01	2.458262e-01	2.341572e+00	8.840898e-01	1.042693e+00	7.916790e+01	1.340429e+02	2.639245e-01	1.772245e-01	1.382857e-12	
2  112.805	2.329352e+00	1.470420e-01	7.955835e-01	3.138384e+00	9.781575e-01	1.071168e-01	1.770346e+00	1.109571e-02	4.281569e+00	1.014287e+00	1.280710e+01	7.296534e-01	2.457762e-01	2.303199e+00	8.886215e-01	1.043368e+00	7.953852e+01	1.323757e+02	2.701254e-01	1.936971e-01	7.698227e-13	
4  112.875	2.401461e+00	1.429986e-01	8.192002e-01	3.208408e+00	9.930824e-01	1.462146e-01	1.805802e+00	2.259323e-01	4.017239e+00	1.015484e+00	1.546176e+01	7.493761e-01	2.460549e-01	2.451242e+00	9.076986e-01	1.042788e+00	8.160558e+01	1.321287e+02	2.507809e-01	1.996199e-01	2.961866e-12	
1  110.388	2.395157e+00	1.410579e-01	7.978576e-01	3.217343e+00	9.837910e-01	1.493807e-01	1.557746e+00	3.559205e-01	2.584132e+00	1.010753e+00	1.564974e+01	7.379557e-01	2.460247e-01	2.470613e+00	9.095346e-01	1.042884e+00	7.941520e+01	1.334931e+02	2.622391e-01	1.770941e-01	2.768851e-12	
3  111.269	2.407435e+00	1.407404e-01	7.890195e-01	3.222130e+00	9.752350e-01	1.507646e-01	1.465914e+00	2.065507e-01	2.713603e+00	1.008258e+00	1.565682e+01	7.318823e-01	2.460742e-01	2.480131e+00	9.092812e-01	1.042653e+00	7.850614e+01	1.337689e+02	2.686959e-01	1.685616e-01	2.660186e-12	
3  109.464	2.418468e+00	1.335944e-01	7.958055e-01	3.185463e+00	9.812602e-01	1.396621e-01	1.296880e+00	2.197279e-01	2.133209e+00	1.004752e+00	1.462548e+01	7.486895e-01	2.461278e-01	2.399173e+00	8.758541e-01	1.042568e+00	7.932688e+01	1.359756e+02	2.514746e-01	1.507646e-01	1.847439e-12	
2  108.005	2.413798e+00	1.391543e-01	8.205458e-01	3.141070e+00	9.894894e-01	1.210919e-01	1.673062e+00	1.696677e-01	2.963606e+00	1.007220e+00	1.344220e+01	7.562728e-01	2.461176e-01	2.305740e+00	8.682862e-01	1.043183e+00	8.192580e+01	1.334633e+02	2.436852e-01	1.851385e-01	9.158384e-13	
1  108.26	2.449488e+00	1.398583e-01	8.346787e-01	3.085528e+00	9.889292e-01	9.543144e-02	1.781913e+00	1.375946e-02	2.933044e+00	1.006736e+00	1.134213e+01	7.629310e-01	2.462623e-01	2.186550e+00	8.425325e-01	1.043316e+00	8.345242e+01	1.326499e+02	2.370121e-01	1.937367e-01	9.790305e-14	
1  109.274	2.459971e+00	1.366158e-01	8.381412e-01	3.099609e+00	9.926500e-01	1.075619e-01	1.710346e+00	1.807314e-01	2.404803e+00	1.003592e+00	1.219829e+01	7.692612e-01	2.463016e-01	2.216152e+00	8.402597e-01	1.042963e+00	8.376285e+01	1.334542e+02	2.307598e-01	1.877466e-01	1.773378e-13	
14  109.259	2.454067e+00	1.361530e-01	8.388163e-01	3.043276e+00	9.910047e-01	7.900708e-02	1.708892e+00	1.579118e-01	3.244165e+00	1.004602e+00	9.883488e+00	7.702863e-01	2.462753e-01	2.098013e+00	8.153888e-01	1.042905e+00	8.388380e+01	1.336739e+02	2.295209e-01	1.873681e-01	-3.935210e-15	
1  108.993	2.439293e+00	1.352785e-01	8.404335e-01	3.033594e+00	9.952665e-01	7.229397e-02	1.699860e+00	2.601222e-01	2.627542e+00	1.007681e+00	9.319404e+00	7.726621e-01	2.462164e-01	2.077817e+00	8.110328e-01	1.043140e+00	8.402737e+01	1.340497e+02	2.268858e-01	1.869108e-01	9.662938e-14	
5  109.723	2.441934e+00	1.312104e-01	8.259946e-01	3.019423e+00	9.979304e-01	5.835654e-02	1.448210e+00	3.669124e-01	2.351848e+00	1.011404e+00	7.949176e+00	7.705482e-01	2.462182e-01	2.047406e+00	7.998202e-01	1.042920e+00	8.261707e+01	1.358508e+02	2.290275e-01	1.638029e-01	7.689260e-14	
3  110.083	2.445992e+00	1.324155e-01	8.279681e-01	3.035713e+00	1.001065e+00	6.476283e-02	1.498514e+00	4.536157e-01	2.731194e+00	1.013382e+00	8.576683e+00	7.699887e-01	2.462368e-01	2.081482e+00	8.099956e-01	1.042982e+00	8.283293e+01	1.353528e+02	2.297172e-01	1.684290e-01	-2.686232e-14	
3  111.65	2.387814e+00	1.332536e-01	8.000932e-01	3.037021e+00	9.871741e-01	5.338431e-02	1.348864e+00	5.648754e-01	2.709952e+00	1.019466e+00	7.566336e+00	7.533246e-01	2.460120e-01	2.082682e+00	8.148812e-01	1.042620e+00	8.005727e+01	1.363206e+02	2.463786e-01	1.547968e-01	-2.722815e-14	
1  111.904	2.393611e+00	1.368806e-01	7.928622e-01	3.006651e+00	9.780990e-01	3.508544e-02	1.398869e+00	5.452049e-01	3.088993e+00	1.019045e+00	5.592165e+00	7.427825e-01	2.460347e-01	2.020734e+00	8.094156e-01	1.042496e+00	7.933327e+01	1.352741e+02	2.570222e-01	1.594849e-01	-4.239306e-14	
1  112.046	2.388372e+00	1.455379e-01	7.907868e-01	2.985223e+00	9.771260e-01	2.441534e-02	1.659347e+00	5.393153e-01	2.869785e+00	1.017506e+00	4.380738e+00	7.276219e-01	2.460200e-01	1.979903e+00	8.194013e-01	1.042285e+00	7.911021e+01	1.325134e+02	2.724304e-01	1.835815e-01	5.645652e-13	
1  111.292	2.359425e+00	1.416686e-01	7.784053e-01	3.006674e+00	9.781906e-01	3.362849e-02	1.462696e+00	3.548718e-01	3.393230e+00	1.018216e+00	5.506968e+00	7.257883e-01	2.459050e-01	2.021718e+00	8.234392e-01	1.042103e+00	7.786115e+01	1.343336e+02	2.742187e-01	1.654937e-01	1.302533e-13	
1  109.131	2.335454e+00	1.461052e-01	7.650179e-01	3.030054e+00	9.707408e-01	4.644429e-02	1.503693e+00	1.532185e-01	2.727566e+00	1.013411e+00	7.075683e+00	7.088299e-01	2.458074e-01	2.069472e+00	8.430113e-01	1.041970e+00	7.651025e+01	1.334875e+02	2.911772e-01	1.690147e-01	3.074326e-13	
6  108.488	2.344882e+00	1.416046e-01	7.530205e-01	3.062949e+00	9.746988e-01	6.424602e-02	1.266438e+00	2.264590e-01	2.941855e+00	1.010482e+00	8.852354e+00	7.075690e-01	2.458429e-01	2.139748e+00	8.510262e-01	1.041507e+00	7.533755e+01	1.352267e+02	2.926538e-01	1.459821e-01	3.683919e-13	
1  106.344	2.310180e+00	1.349922e-01	7.150494e-01	3.054077e+00	9.634962e-01	5.656776e-02	7.742642e-01	8.396975e-02	3.442389e+00	1.006390e+00	8.030809e+00	6.892055e-01	2.456962e-01	2.120098e+00	8.374439e-01	1.041059e+00	7.150641e+01	1.390594e+02	3.108349e-01	9.437928e-02	1.602802e-13	
2  106.023	2.312232e+00	1.322919e-01	7.112681e-01	3.066036e+00	9.675373e-01	6.367066e-02	6.604493e-01	4.894142e-01	4.380250e+00	1.005530e+00	8.692706e+00	6.912864e-01	2.457039e-01	2.145838e+00	8.384798e-01	1.040998e+00	7.112865e+01	1.401584e+02	3.087247e-01	8.161125e-02	2.625279e-13	
1  105.341	2.308332e+00	1.372293e-01	7.149980e-01	3.038701e+00	9.613988e-01	5.257965e-02	8.329881e-01	3.498149e-01	4.149507e+00	1.002230e+00	7.661617e+00	6.849021e-01	2.456874e-01	2.087520e+00	8.357308e-01	1.041342e+00	7.149261e+01	1.383233e+02	3.151097e-01	1.006213e-01	9.288117e-14	
2  103.919	2.290104e+00	1.377875e-01	7.203911e-01	3.029563e+00	9.583101e-01	5.324394e-02	8.978883e-01	5.752847e-01	3.704910e+00	9.986885e-01	7.780159e+00	6.890520e-01	2.456113e-01	2.068280e+00	8.317994e-01	1.041856e+00	7.203184e+01	1.381440e+02	3.109753e-01	1.075644e-01	1.248900e-13	
1  105.294	2.284766e+00	1.361809e-01	7.141380e-01	3.000174e+00	9.601035e-01	3.789533e-02	8.221549e-01	7.887812e-01	4.524395e+00	9.995887e-01	6.050696e+00	6.866702e-01	2.455889e-01	2.008172e+00	8.171824e-01	1.041103e+00	7.138192e+01	1.388740e+02	3.131490e-01	9.930359e-02	-7.164292e-14	
2  106.08	2.340436e+00	1.384853e-01	7.657307e-01	3.018644e+00	9.734707e-01	5.728256e-02	1.291237e+00	7.164053e-01	4.851135e+00	1.000950e+00	8.098951e+00	7.228584e-01	2.458235e-01	2.046509e+00	8.219596e-01	1.041473e+00	7.655219e+01	1.359027e+02	2.772956e-01	1.483454e-01	1.129508e-14	
6  105.319	2.342813e+00	1.351126e-01	7.481555e-01	3.025029e+00	9.673506e-01	5.191161e-02	1.028976e+00	8.617583e-01	4.335757e+00	1.004167e+00	7.499935e+00	7.154585e-01	2.458297e-01	2.059191e+00	8.193435e-01	1.041506e+00	7.481114e+01	1.376586e+02	2.845326e-01	1.217278e-01	1.926346e-13	
7  105.427	2.342813e+00	1.351126e-01	7.481555e-01	3.025029e+00	9.673506e-01	5.191161e-02	1.028976e+00	8.617583e-01	4.335757e+00	1.006359e+00	7.499935e+00	7.154585e-01	2.458297e-01	2.059191e+00	8.193435e-01	1.041506e+00	7.481114e+01	1.376586e+02	2.845326e-01	1.217278e-01	1.926346e-13	
3  105.392	2.397972e+00	1.328776e-01	7.603641e-01	3.029594e+00	9.739812e-01	5.619166e-02	9.852811e-01	8.222943e-01	4.948586e+00	1.004682e+00	7.803214e+00	7.272544e-01	2.460508e-01	2.068326e+00	8.165259e-01	1.042580e+00	7.604967e+01	1.377867e+02	2.727621e-01	1.166034e-01	-1.498051e-14	
4  105.104	2.397972e+00	1.328776e-01	7.603641e-01	3.029594e+00	9.739812e-01	5.619166e-02	9.852811e-01	8.222943e-01	4.948586e+00	1.003363e+00	7.803214e+00	7.272544e-01	2.460508e-01	2.068326e+00	8.165259e-01	1.042580e+00	7.604967e+01	1.377867e+02	2.727621e-01	1.166034e-01	-1.498051e-14	
1  105.927	2.389196e+00	1.269784e-01	7.606555e-01	3.083458e+00	9.791548e-01	8.319575e-02	8.275776e-01	6.776641e-01	4.344136e+00	1.005622e+00	1.021427e+01	7.381518e-01	2.460169e-01	2.183061e+00	8.251545e-01	1.042128e+00	7.612338e+01	1.399010e+02	2.618389e-01	1.001065e-01	1.042169e-13	
2  105.445	2.377883e+00	1.229598e-01	7.407563e-01	3.029162e+00	9.792831e-01	5.750215e-02	5.506227e-01	7.185966e-01	4.302836e+00	1.001309e+00	7.793232e+00	7.310764e-01	2.459646e-01	2.067692e+00	7.977530e-01	1.041853e+00	7.410040e+01	1.422161e+02	2.687141e-01	6.866965e-02	1.204345e-13	
5  105.236	2.374498e+00	1.233810e-01	7.479012e-01	3.028553e+00	9.847956e-01	6.163426e-02	6.285674e-01	5.267331e-01	4.441673e+00	9.996381e-01	8.212743e+00	7.355709e-01	2.459511e-01	2.066999e+00	7.985465e-01	1.041797e+00	7.482312e+01	1.417985e+02	2.642902e-01	7.776325e-02	-8.195341e-14	
1  105.374	2.367882e+00	1.241488e-01	7.464826e-01	3.019980e+00	9.801503e-01	5.952620e-02	6.501450e-01	2.811838e-01	4.450463e+00	9.971478e-01	8.039583e+00	7.332500e-01	2.459252e-01	2.049238e+00	7.957975e-01	1.041664e+00	7.467850e+01	1.415780e+02	2.665417e-01	8.022791e-02	-2.353095e-13	
2  102.08	2.316411e+00	1.220905e-01	7.141447e-01	3.025375e+00	9.742763e-01	5.542932e-02	3.431928e-01	5.054361e-01	3.534870e+00	9.974753e-01	7.685589e+00	7.137430e-01	2.457181e-01	2.060018e+00	8.003980e-01	1.041989e+00	7.140789e+01	1.440403e+02	2.860827e-01	4.402529e-02	7.309262e-14	
6  102.726	2.311253e+00	1.210262e-01	7.224283e-01	3.049976e+00	9.718238e-01	6.938092e-02	3.766745e-01	5.749030e-01	3.184422e+00	9.976535e-01	9.035074e+00	7.225718e-01	2.456990e-01	2.112011e+00	8.053411e-01	1.042264e+00	7.226122e+01	1.442012e+02	2.773027e-01	4.803959e-02	2.095075e-13	
1  103.786	2.335412e+00	1.227630e-01	7.353168e-01	3.074889e+00	9.845382e-01	8.577643e-02	5.295703e-01	5.562060e-01	3.596396e+00	9.973277e-01	1.046637e+01	7.287006e-01	2.457970e-01	2.165870e+00	8.197806e-01	1.041963e+00	7.356351e+01	1.428164e+02	2.712342e-01	6.642120e-02	-1.349354e-13	
1  102.109	2.300361e+00	1.276246e-01	7.304716e-01	3.060788e+00	9.737819e-01	7.527675e-02	6.612935e-01	6.849989e-01	3.810681e+00	9.988752e-01	9.739429e+00	7.165782e-01	2.456556e-01	2.135240e+00	8.248286e-01	1.042163e+00	7.305611e+01	1.414079e+02	2.833810e-01	8.157327e-02	1.480723e-13	
5  104.697	2.282919e+00	1.292683e-01	7.435175e-01	3.067959e+00	9.809641e-01	8.784040e-02	8.274184e-01	4.570398e-01	4.383183e+00	9.946583e-01	1.091864e+01	7.237820e-01	2.455839e-01	2.151483e+00	8.317967e-01	1.042566e+00	7.435501e+01	1.404622e+02	2.761472e-01	1.000007e-01	1.572892e-14	
2  106.879	2.298338e+00	1.312985e-01	7.631121e-01	3.087650e+00	9.873996e-01	1.025232e-01	1.031696e+00	3.064329e-01	4.386474e+00	9.938958e-01	1.214206e+01	7.338668e-01	2.456468e-01	2.193899e+00	8.427047e-01	1.043069e+00	7.626818e+01	1.389402e+02	2.659335e-01	1.218760e-01	1.635395e-13	
4  106.873	2.298338e+00	1.312985e-01	7.631121e-01	3.087650e+00	9.873996e-01	1.025232e-01	1.031696e+00	3.064329e-01	4.386474e+00	9.939643e-01	1.214206e+01	7.338668e-01	2.456468e-01	2.193899e+00	8.427047e-01	1.043069e+00	7.626818e+01	1.389402e+02	2.659335e-01	1.218760e-01	1.635395e-13	
1  108.33	2.255760e+00	1.278839e-01	7.386832e-01	3.081281e+00	9.757174e-01	9.848334e-02	7.698302e-01	3.001167e-01	4.050692e+00	9.909548e-01	1.182863e+01	7.229239e-01	2.454708e-01	2.180444e+00	8.334567e-01	1.042446e+00	7.387452e+01	1.413069e+02	2.769245e-01	9.347465e-02	8.055195e-15	
1  104.527	2.255756e+00	1.307909e-01	7.334211e-01	3.048290e+00	9.725467e-01	7.299198e-02	8.105428e-01	1.868989e-01	3.631711e+00	9.969790e-01	9.690607e+00	7.136953e-01	2.454733e-01	2.108580e+00	8.272395e-01	1.042545e+00	7.335464e+01	1.404678e+02	2.862429e-01	9.814255e-02	4.910454e-14	
2  105.292	2.245960e+00	1.292655e-01	7.307423e-01	3.006129e+00	9.672816e-01	4.873818e-02	7.581273e-01	3.365825e-01	3.309789e+00	9.998751e-01	7.254869e+00	7.143859e-01	2.454364e-01	2.020127e+00	8.050444e-01	1.042228e+00	7.306535e+01	1.411404e+02	2.853436e-01	9.272134e-02	-3.037663e-13	
2  105.949	2.198019e+00	1.282194e-01	6.925497e-01	2.970325e+00	9.557410e-01	1.860564e-02	4.427761e-01	6.110551e-01	2.690523e+00	1.003496e+00	3.659798e+00	6.850578e-01	2.452312e-01	1.950885e+00	7.939227e-01	1.041857e+00	6.926799e+01	1.433514e+02	3.149725e-01	5.640783e-02	-1.258861e-13	
2  105.999	2.198019e+00	1.282194e-01	6.925497e-01	2.970325e+00	9.557410e-01	1.860564e-02	4.427761e-01	6.110551e-01	2.690523e+00	1.004635e+00	3.659798e+00	6.850578e-01	2.452312e-01	1.950885e+00	7.939227e-01	1.041857e+00	6.926799e+01	1.433514e+02	3.149725e-01	5.640783e-02	-1.258861e-13	
1  105.931	2.220673e+00	1.224504e-01	6.960422e-01	2.991278e+00	9.608539e-01	2.824288e-02	2.961635e-01	6.135793e-01	2.719367e+00	1.007370e+00	4.816580e+00	6.995698e-01	2.453233e-01	1.991465e+00	7.883975e-01	1.041300e+00	6.958245e+01	1.451849e+02	3.001267e-01	3.807031e-02	-4.390825e-13	
2  103.936	2.245459e+00	1.266336e-01	7.010912e-01	2.982058e+00	9.683864e-01	2.759481e-02	4.494980e-01	7.089579e-01	2.434973e+00	1.003974e+00	4.733438e+00	6.949077e-01	2.454264e-01	1.972494e+00	7.952211e-01	1.041219e+00	7.007854e+01	1.431851e+02	3.047774e-01	5.677250e-02	-2.637606e-13	
1  103.974	2.282927e+00	1.314301e-01	7.312058e-01	3.016214e+00	9.654075e-01	5.118470e-02	8.177470e-01	7.136766e-01	2.512974e+00	1.001894e+00	7.476980e+00	7.100618e-01	2.455847e-01	2.040798e+00	8.117305e-01	1.041560e+00	7.309735e+01	1.400129e+02	2.896833e-01	9.916796e-02	-6.823726e-14	
1  104.108	2.289346e+00	1.322600e-01	7.299558e-01	2.981167e+00	9.627349e-01	3.472452e-02	8.186046e-01	6.043124e-01	3.099264e+00	9.997108e-01	5.634914e+00	7.074513e-01	2.456112e-01	1.970860e+00	7.993377e-01	1.041818e+00	7.298348e+01	1.397470e+02	2.922371e-01	9.908730e-02	-2.835315e-13	
7  103.313	2.279882e+00	1.252173e-01	7.192965e-01	3.028886e+00	9.682818e-01	5.992517e-02	5.305255e-01	6.126833e-01	2.921606e+00	9.985198e-01	8.280609e+00	7.125503e-01	2.455695e-01	2.067532e+00	8.059302e-01	1.041424e+00	7.192981e+01	1.427863e+02	2.871688e-01	6.643486e-02	-1.401353e-13	
3  102.4	2.249284e+00	1.235240e-01	6.960775e-01	3.053647e+00	9.658268e-01	6.647876e-02	3.092301e-01	4.467585e-01	3.362754e+00	9.999197e-01	8.950518e+00	6.972266e-01	2.454399e-01	2.119503e+00	8.168753e-01	1.041223e+00	6.960839e+01	1.445727e+02	3.026066e-01	3.952174e-02	-8.660368e-14	
3  101.8	2.258597e+00	1.260708e-01	6.912380e-01	3.020979e+00	9.614233e-01	5.205392e-02	3.263518e-01	7.114677e-01	3.244115e+00	9.953885e-01	7.526290e+00	6.874101e-01	2.454788e-01	2.050345e+00	8.099110e-01	1.041563e+00	6.910840e+01	1.437404e+02	3.123450e-01	4.190718e-02	-3.176695e-14	
2  101.767	2.258597e+00	1.260708e-01	6.912380e-01	3.020979e+00	9.614233e-01	5.205392e-02	3.263518e-01	7.114677e-01	3.244115e+00	9.941083e-01	7.526290e+00	6.874101e-01	2.454788e-01	2.050345e+00	8.099110e-01	1.041563e+00	6.910840e+01	1.437404e+02	3.123450e-01	4.190718e-02	-3.176695e-14	
3  104.04	2.241301e+00	1.324177e-01	6.943942e-01	3.011546e+00	9.585379e-01	4.532799e-02	5.747867e-01	2.980549e-01	2.632385e+00	9.964300e-01	6.924735e+00	6.772391e-01	2.454054e-01	2.030228e+00	8.180498e-01	1.041009e+00	6.941338e+01	1.412694e+02	3.224448e-01	7.136910e-02	-2.729157e-13	
3  102.741	2.206108e+00	1.267613e-01	6.702647e-01	3.048595e+00	9.613880e-01	5.510093e-02	2.232927e-01	2.245743e-01	3.436790e+00	1.001598e+00	7.950503e+00	6.669065e-01	2.452541e-01	2.107206e+00	8.274823e-01	1.040974e+00	6.701547e+01	1.446133e+02	3.329152e-01	2.883442e-02	3.838837e-14	
1  103.885	2.227130e+00	1.270870e-01	6.770016e-01	3.109281e+00	9.648653e-01	8.700381e-02	2.655389e-01	1.866929e-01	4.615630e+00	1.000699e+00	1.095237e+01	6.724711e-01	2.453391e-01	2.240441e+00	8.535646e-01	1.041306e+00	6.772649e+01	1.441155e+02	3.274516e-01	3.413736e-02	-8.437224e-14	
2  103.741	2.229430e+00	1.299530e-01	6.896643e-01	3.082484e+00	9.662835e-01	8.001214e-02	4.483581e-01	1.504434e-01	4.818652e+00	9.970419e-01	1.038437e+01	6.783533e-01	2.453504e-01	2.181112e+00	8.470303e-01	1.041705e+00	6.899704e+01	1.425415e+02	3.216166e-01	5.641728e-02	-7.496774e-14	
1  105.199	2.285320e+00	1.368355e-01	7.169612e-01	3.079363e+00	9.666319e-01	8.240710e-02	8.521739e-01	2.072644e-01	4.770253e+00	9.962806e-01	1.059503e+01	6.880359e-01	2.455875e-01	2.174716e+00	8.539543e-01	1.041576e+00	7.170966e+01	1.385865e+02	3.121542e-01	1.025878e-01	-1.169644e-13	
6  104.254	2.342780e+00	1.339674e-01	7.468981e-01	3.101239e+00	9.775525e-01	9.761666e-02	9.383572e-01	2.491281e-01	4.454106e+00	9.970269e-01	1.169589e+01	7.164764e-01	2.458287e-01	2.222370e+00	8.548499e-01	1.042923e+00	7.466371e+01	1.382572e+02	2.835526e-01	1.119642e-01	-1.535114e-13	
2  103.96	2.293694e+00	1.268134e-01	7.095437e-01	3.134470e+00	9.705771e-01	1.025745e-01	4.406421e-01	3.231860e-01	3.737361e+00	1.001556e+00	1.207698e+01	7.008807e-01	2.456244e-01	2.296184e+00	8.592634e-01	1.042835e+00	7.091366e+01	1.426249e+02	2.989489e-01	5.605713e-02	-1.918960e-13	
1  104.602	2.293694e+00	1.268134e-01	7.095437e-01	3.134470e+00	9.705771e-01	1.025745e-01	4.406421e-01	3.231860e-01	3.737361e+00	1.004409e+00	1.207698e+01	7.008807e-01	2.456244e-01	2.296184e+00	8.592634e-01	1.042835e+00	7.091366e+01	1.426249e+02	2.989489e-01	5.605713e-02	-1.918960e-13	
1  103.634	2.306829e+00	1.310826e-01	7.179373e-01	3.089237e+00	9.714487e-01	8.375548e-02	6.432534e-01	3.594662e-01	2.898380e+00	1.002126e+00	1.055687e+01	6.996050e-01	2.456811e-01	2.196610e+00	8.477376e-01	1.042442e+00	7.179925e+01	1.405817e+02	3.003815e-01	7.955151e-02	-1.168326e-14	
2  105.603	2.335288e+00	1.273245e-01	7.341383e-01	3.149817e+00	9.805637e-01	1.222961e-01	6.548054e-01	2.396619e-01	2.307872e+00	9.988945e-01	1.348578e+01	7.182469e-01	2.457918e-01	2.327129e+00	8.620071e-01	1.042132e+00	7.327792e+01	1.410574e+02	2.815038e-01	8.176756e-02	2.604842e-13	
3  104.12	2.292118e+00	1.257019e-01	7.211708e-01	3.122090e+00	9.743286e-01	1.057618e-01	5.126677e-01	1.793583e-01	2.297694e+00	9.993516e-01	1.230125e+01	7.125889e-01	2.456172e-01	2.268153e+00	8.491922e-01	1.042683e+00	7.206750e+01	1.425921e+02	2.872262e-01	6.440907e-02	1.723751e-13	
3  104	2.259902e+00	1.230564e-01	7.031102e-01	3.071373e+00	9.696005e-01	8.345091e-02	3.116436e-01	6.222908e-02	2.641693e+00	9.942563e-01	1.045650e+01	7.040325e-01	2.454859e-01	2.158079e+00	8.244041e-01	1.042398e+00	7.033423e+01	1.445451e+02	2.959926e-01	3.995289e-02	-2.762917e-14	
2  103.478	2.259902e+00	1.230564e-01	7.031102e-01	3.071373e+00	9.696005e-01	8.345091e-02	3.116436e-01	6.222908e-02	2.641693e+00	9.933947e-01	1.045650e+01	7.040325e-01	2.454859e-01	2.158079e+00	8.244041e-01	1.042398e+00	7.033423e+01	1.445451e+02	2.959926e-01	3.995289e-02	-2.762917e-14	
7  104.239	2.288116e+00	1.177780e-01	7.101469e-01	3.111100e+00	9.775857e-01	1.013665e-01	1.815469e-01	4.876439e-01	2.324842e+00	9.970297e-01	1.175059e+01	7.197290e-01	2.456022e-01	2.244209e+00	8.276320e-01	1.042550e+00	7.099899e+01	1.462159e+02	2.801307e-01	2.365287e-02	9.318758e-14	
1  105.235	2.295554e+00	1.182884e-01	7.158909e-01	3.144812e+00	9.773825e-01	1.194324e-01	2.384193e-01	5.366257e-01	2.304337e+00	9.966560e-01	1.313399e+01	7.224447e-01	2.456293e-01	2.316849e+00	8.412883e-01	1.042583e+00	7.148520e+01	1.456966e+02	2.771787e-01	3.100889e-02	3.594969e-13	
1  105.078	2.295554e+00	1.182884e-01	7.158909e-01	3.144812e+00	9.773825e-01	1.194324e-01	2.384193e-01	5.366257e-01	2.304337e+00	9.961229e-01	1.313399e+01	7.224447e-01	2.456293e-01	2.316849e+00	8.412883e-01	1.042583e+00	7.148520e+01	1.456966e+02	2.771787e-01	3.100889e-02	3.594969e-13	
6  105.108	2.260463e+00	1.192172e-01	7.003093e-01	3.120074e+00	9.731177e-01	1.088124e-01	1.784907e-01	9.180578e-01	2.461154e+00	9.926566e-01	1.245144e+01	7.090131e-01	2.454832e-01	2.263975e+00	8.359096e-01	1.042068e+00	6.999609e+01	1.461557e+02	2.907018e-01	2.317883e-02	6.530769e-14	
2  103.627	2.306364e+00	1.240778e-01	7.237733e-01	3.072229e+00	9.733984e-01	8.530643e-02	4.657719e-01	6.967889e-01	2.554117e+00	9.940042e-01	1.052067e+01	7.178506e-01	2.456802e-01	2.159713e+00	8.236176e-01	1.042928e+00	7.237679e+01	1.430745e+02	2.821628e-01	5.886987e-02	2.697496e-13	
2  104.212	2.268969e+00	1.236828e-01	7.112795e-01	3.020485e+00	9.686113e-01	6.060481e-02	3.711036e-01	6.486639e-01	2.745700e+00	9.912304e-01	8.329549e+00	7.093187e-01	2.455259e-01	2.050219e+00	8.041252e-01	1.043119e+00	7.113524e+01	1.439809e+02	2.907634e-01	4.769181e-02	4.099500e-13	
3  105.231	2.248903e+00	1.247651e-01	7.146673e-01	3.010991e+00	9.727327e-01	5.712323e-02	4.427748e-01	4.183536e-01	3.241026e+00	9.918279e-01	8.047045e+00	7.103080e-01	2.454433e-01	2.030652e+00	8.041011e-01	1.043350e+00	7.148028e+01	1.435809e+02	2.898139e-01	5.638091e-02	3.244136e-13	
3  105.573	2.265856e+00	1.278454e-01	7.334344e-01	3.041730e+00	9.834144e-01	7.455962e-02	6.877591e-01	4.199071e-01	3.221547e+00	9.942222e-01	9.762701e+00	7.190294e-01	2.455119e-01	2.095170e+00	8.224488e-01	1.043279e+00	7.335075e+01	1.415755e+02	2.809748e-01	8.457157e-02	2.206933e-13	
4  105.656	2.239762e+00	1.293809e-01	7.151148e-01	3.026798e+00	9.775564e-01	6.449179e-02	6.052492e-01	3.251297e-01	4.161118e+00	9.929297e-01	8.894193e+00	7.018102e-01	2.454006e-01	2.062735e+00	8.223249e-01	1.043029e+00	7.152701e+01	1.418475e+02	2.982176e-01	7.500084e-02	1.604205e-13	
3  105.448	2.272728e+00	1.364619e-01	7.368028e-01	3.050799e+00	9.737031e-01	7.400314e-02	9.739680e-01	2.247278e-01	4.521483e+00	9.967772e-01	9.864193e+00	7.055200e-01	2.455398e-01	2.113874e+00	8.418369e-01	1.043310e+00	7.369029e+01	1.383029e+02	2.943907e-01	1.153449e-01	2.351871e-13	
5  104.903	2.291568e+00	1.379710e-01	7.411651e-01	3.037271e+00	9.726640e-01	6.968509e-02	1.049999e+00	1.391976e-01	4.814784e+00	9.946609e-01	9.433725e+00	7.059554e-01	2.456183e-01	2.085145e+00	8.373877e-01	1.043047e+00	7.411764e+01	1.374709e+02	2.941004e-01	1.231601e-01	1.232931e-13	
2  107.101	2.319421e+00	1.416435e-01	7.776132e-01	3.029478e+00	9.830845e-01	7.089847e-02	1.442667e+00	2.190003e-01	4.806964e+00	9.974509e-01	9.553043e+00	7.264111e-01	2.457380e-01	2.069909e+00	8.375734e-01	1.043635e+00	7.773109e+01	1.348754e+02	2.734807e-01	1.620265e-01	2.311213e-13	
1  108.691	2.386083e+00	1.383971e-01	8.159415e-01	3.009460e+00	1.005407e+00	6.792104e-02	1.608941e+00	9.443368e-03	4.962914e+00	9.996580e-01	9.083175e+00	7.553796e-01	2.460046e-01	2.029995e+00	8.205408e-01	1.043925e+00	8.151145e+01	1.342946e+02	2.445055e-01	1.775130e-01	-8.905493e-14	
1  109.183	2.364689e+00	1.452389e-01	8.172648e-01	2.999482e+00	9.927997e-01	6.021395e-02	1.871229e+00	2.445249e-01	4.898139e+00	1.001847e+00	8.470924e+00	7.462936e-01	2.459282e-01	2.008893e+00	8.258506e-01	1.043491e+00	8.162215e+01	1.321360e+02	2.535765e-01	2.012060e-01	2.364259e-13	
7  107.987	2.364000e+00	1.431745e-01	7.966776e-01	2.978721e+00	9.942264e-01	4.861305e-02	1.642994e+00	4.829998e-01	4.772926e+00	9.991693e-01	7.256881e+00	7.362123e-01	2.459194e-01	1.967014e+00	8.177860e-01	1.042883e+00	7.957406e+01	1.333737e+02	2.638291e-01	1.806046e-01	-3.423728e-14	
1  107.126	2.364000e+00	1.431745e-01	7.966776e-01	2.978721e+00	9.942264e-01	4.861305e-02	1.642994e+00	4.829998e-01	4.772926e+00	9.977359e-01	7.256881e+00	7.362123e-01	2.459194e-01	1.967014e+00	8.177860e-01	1.042883e+00	7.957406e+01	1.333737e+02	2.638291e-01	1.806046e-01	-3.423728e-14	
2  105.643	2.380272e+00	1.452328e-01	7.924579e-01	3.031441e+00	9.860650e-01	6.811883e-02	1.646593e+00	5.552266e-01	4.830068e+00	1.000475e+00	9.231485e+00	7.298616e-01	2.459851e-01	2.074410e+00	8.422556e-01	1.043089e+00	7.921321e+01	1.327503e+02	2.702321e-01	1.807438e-01	1.950623e-13	
4  105.594	2.386302e+00	1.417693e-01	8.072624e-01	2.986650e+00	9.893087e-01	4.852157e-02	1.665163e+00	8.517587e-01	4.933931e+00	1.002397e+00	7.188632e+00	7.447894e-01	2.460091e-01	1.982331e+00	8.137624e-01	1.043112e+00	8.064423e+01	1.333614e+02	2.551388e-01	1.831080e-01	2.428629e-13	
3  107.657	2.397555e+00	1.397361e-01	8.290753e-01	2.975712e+00	9.996614e-01	5.081058e-02	1.767950e+00	9.278815e-01	4.808250e+00	1.000976e+00	7.392313e+00	7.608452e-01	2.460523e-01	1.961511e+00	8.037306e-01	1.043561e+00	8.276800e+01	1.333207e+02	2.389708e-01	1.925902e-01	2.265558e-13	
4  107.194	2.397555e+00	1.397361e-01	8.290753e-01	2.975712e+00	9.996614e-01	5.081058e-02	1.767950e+00	9.278815e-01	4.808250e+00	9.995882e-01	7.392313e+00	7.608452e-01	2.460523e-01	1.961511e+00	8.037306e-01	1.043561e+00	8.276800e+01	1.333207e+02	2.389708e-01	1.925902e-01	2.265558e-13	
2  107.855	2.398788e+00	1.389031e-01	8.248941e-01	2.978358e+00	1.004787e+00	5.431932e-02	1.692168e+00	9.627346e-01	3.510184e+00	9.966410e-01	7.749232e+00	7.596168e-01	2.460535e-01	1.967358e+00	8.064453e-01	1.043891e+00	8.235229e+01	1.337747e+02	2.402449e-01	1.853799e-01	2.145063e-13	
1  108.354	2.420464e+00	1.435654e-01	8.318387e-01	2.943874e+00	9.987057e-01	3.298647e-02	1.884825e+00	9.038395e-01	4.641432e+00	1.000007e+00	5.447003e+00	7.565865e-01	2.461382e-01	1.899557e+00	7.985157e-01	1.043777e+00	8.302804e+01	1.318974e+02	2.432689e-01	2.021300e-01	5.563822e-13	
3  107.801	2.419925e+00	1.435063e-01	8.311124e-01	2.964227e+00	1.000887e+00	4.225749e-02	1.876761e+00	8.105830e-01	4.808215e+00	1.000847e+00	6.505506e+00	7.561612e-01	2.461379e-01	1.938843e+00	8.075611e-01	1.043782e+00	8.296212e+01	1.319406e+02	2.436602e-01	2.012768e-01	4.402679e-13	
7  107.778	2.419925e+00	1.435063e-01	8.311124e-01	2.964227e+00	1.000887e+00	4.225749e-02	1.876761e+00	8.105830e-01	4.808215e+00	1.000317e+00	6.505506e+00	7.561612e-01	2.461379e-01	1.938843e+00	8.075611e-01	1.043782e+00	8.296212e+01	1.319406e+02	2.436602e-01	2.012768e-01	4.402679e-13	
2  106.624	2.430075e+00	1.424449e-01	8.298400e-01	2.973646e+00	9.927233e-01	4.658996e-02	1.826215e+00	8.621254e-01	4.698242e+00	9.992121e-01	6.936907e+00	7.566193e-01	2.461776e-01	1.956666e+00	8.061464e-01	1.043676e+00	8.285867e+01	1.322253e+02	2.432352e-01	1.969606e-01	3.981743e-13	
1  107.677	2.382386e+00	1.378927e-01	8.116352e-01	2.949722e+00	9.889019e-01	2.888117e-02	1.589265e+00	8.439034e-01	4.437238e+00	1.003550e+00	4.909005e+00	7.536278e-01	2.459903e-01	1.910038e+00	7.891254e-01	1.043005e+00	8.108715e+01	1.344873e+02	2.461255e-01	1.772239e-01	2.914179e-13	
10  107.857	2.382386e+00	1.378927e-01	8.116352e-01	2.949722e+00	9.889019e-01	2.888117e-02	1.589265e+00	8.439034e-01	4.437238e+00	1.005380e+00	4.909005e+00	7.536278e-01	2.459903e-01	1.910038e+00	7.891254e-01	1.043005e+00	8.108715e+01	1.344873e+02	2.461255e-01	1.772239e-01	2.914179e-13	
6  107.821	2.382386e+00	1.378927e-01	8.116352e-01	2.949722e+00	9.889019e-01	2.888117e-02	1.589265e+00	8.439034e-01	4.437238e+00	1.005292e+00	4.909005e+00	7.536278e-01	2.459903e-01	1.910038e+00	7.891254e-01	1.043005e+00	8.108715e+01	1.344873e+02	2.461255e-01	1.772239e-01	2.914179e-13	
4  107.412	2.320522e+00	1.403423e-01	7.775867e-01	2.931088e+00	9.739416e-01	2.043998e-02	1.428473e+00	8.790765e-01	4.836938e+00	9.976194e-01	3.905759e+00	7.287154e-01	2.457454e-01	1.875466e+00	7.903483e-01	1.042810e+00	7.773196e+01	1.352104e+02	2.712663e-01	1.618463e-01	2.627242e-13	
10  107.603	2.320522e+00	1.403423e-01	7.775867e-01	2.931088e+00	9.739416e-01	2.043998e-02	1.428473e+00	8.790765e-01	4.836938e+00	9.981294e-01	3.905759e+00	7.287154e-01	2.457454e-01	1.875466e+00	7.903483e-01	1.042810e+00	7.773196e+01	1.352104e+02	2.712663e-01	1.618463e-01	2.627242e-13	
19  107.703	2.320522e+00	1.403423e-01	7.775867e-01	2.931088e+00	9.739416e-01	2.043998e-02	1.428473e+00	8.790765e-01	4.836938e+00	9.953789e-01	3.905759e+00	7.287154e-01	2.457454e-01	1.875466e+00	7.903483e-01	1.042810e+00	7.773196e+01	1.352104e+02	2.712663e-01	1.618463e-01	2.627242e-13	
1  104.863	2.379811e+00	1.376405e-01	7.776924e-01	3.003349e+00	9.838904e-01	5.532246e-02	1.293807e+00	8.028394e-01	4.655928e+00	9.949126e-01	7.844021e+00	7.318882e-01	2.459793e-01	2.015633e+00	8.164059e-01	1.042743e+00	7.773606e+01	1.356920e+02	2.682090e-01	1.478002e-01	-1.686234e-14	
11  104.065	2.379811e+00	1.376405e-01	7.776924e-01	3.003349e+00	9.838904e-01	5.532246e-02	1.293807e+00	8.028394e-01	4.655928e+00	9.965482e-01	7.844021e+00	7.318882e-01	2.459793e-01	2.015633e+00	8.164059e-01	1.042743e+00	7.773606e+01	1.356920e+02	2.682090e-01	1.478002e-01	-1.686234e-14	
5  104.504	2.358937e+00	1.331532e-01	7.497321e-01	3.005042e+00	9.842638e-01	5.346010e-02	9.286893e-01	8.944053e-01	4.267897e+00	9.940269e-01	7.613103e+00	7.197834e-01	2.458919e-01	2.018550e+00	8.141750e-01	1.042764e+00	7.494888e+01	1.383692e+02	2.802062e-01	1.104226e-01	-5.062930e-14	
3  104.019	2.343357e+00	1.314522e-01	7.408138e-01	3.002934e+00	9.828427e-01	4.225661e-02	8.226954e-01	9.941859e-01	3.764673e+00	1.002397e+00	6.397125e+00	7.163592e-01	2.458301e-01	2.014189e+00	8.107544e-01	1.042439e+00	7.406162e+01	1.393525e+02	2.834527e-01	9.923636e-02	2.688281e-14	
8  104.298	2.326664e+00	1.340004e-01	7.479025e-01	3.013512e+00	9.854954e-01	4.687844e-02	9.727806e-01	8.879183e-01	4.235081e+00	1.005185e+00	6.981220e+00	7.175060e-01	2.457646e-01	2.035589e+00	8.205538e-01	1.042562e+00	7.476589e+01	1.383074e+02	2.823113e-01	1.155002e-01	9.268466e-14	
3  106.138	2.316976e+00	1.339894e-01	7.495314e-01	2.992042e+00	9.863009e-01	3.383731e-02	9.739597e-01	7.038713e-01	3.868993e+00	1.007445e+00	5.504701e+00	7.189918e-01	2.457263e-01	1.992380e+00	8.129018e-01	1.043239e+00	7.494097e+01	1.384178e+02	2.808107e-01	1.156888e-01	-2.263960e-13	
3  106.191	2.316976e+00	1.339894e-01	7.495314e-01	2.992042e+00	9.863009e-01	3.383731e-02	9.739597e-01	7.038713e-01	3.868993e+00	1.009701e+00	5.504701e+00	7.189918e-01	2.457263e-01	1.992380e+00	8.129018e-01	1.043239e+00	7.494097e+01	1.384178e+02	2.808107e-01	1.156888e-01	-2.263960e-13	
1  106.1	2.338805e+00	1.379393e-01	7.591312e-01	3.003680e+00	9.871430e-01	4.178507e-02	1.166218e+00	5.726987e-01	4.669015e+00	1.008661e+00	6.461116e+00	7.187092e-01	2.458158e-01	2.015891e+00	8.238762e-01	1.043034e+00	7.589442e+01	1.365223e+02	2.810362e-01	1.351496e-01	-5.987771e-14	
4  106.946	2.359115e+00	1.388321e-01	7.619714e-01	3.031696e+00	9.910863e-01	6.062108e-02	1.189192e+00	4.665458e-01	4.431406e+00	1.003672e+00	8.449540e+00	7.189834e-01	2.458953e-01	2.074267e+00	8.386111e-01	1.043390e+00	7.619473e+01	1.360258e+02	2.807392e-01	1.369628e-01	-1.953971e-14	
3  104.686	2.311546e+00	1.350671e-01	7.301070e-01	3.007058e+00	9.809962e-01	4.575614e-02	8.507029e-01	5.016770e-01	3.421913e+00	1.000692e+00	6.904305e+00	7.017321e-01	2.457006e-01	2.022438e+00	8.237716e-01	1.042913e+00	7.299464e+01	1.387236e+02	2.979753e-01	1.019568e-01	-2.169907e-14	
1  104.453	2.233113e+00	1.294380e-01	6.850248e-01	2.999303e+00	9.583541e-01	3.007032e-02	3.451028e-01	5.983811e-01	3.376607e+00	1.002676e+00	5.078568e+00	6.751794e-01	2.453768e-01	2.008935e+00	8.123903e-01	1.043147e+00	6.852937e+01	1.431016e+02	3.248290e-01	4.433101e-02	-3.668185e-13	
3  105.569	2.204541e+00	1.323696e-01	6.544996e-01	3.024727e+00	9.490210e-01	3.973891e-02	2.127004e-01	4.601856e-01	3.478941e+00	9.985760e-01	6.330149e+00	6.385511e-01	2.452462e-01	2.059162e+00	8.315323e-01	1.042170e+00	6.551090e+01	1.432568e+02	3.612522e-01	2.800355e-02	1.496125e-13	
2  105.522	2.193138e+00	1.331651e-01	6.552566e-01	3.010266e+00	9.465167e-01	3.031404e-02	2.595648e-01	7.206548e-01	3.190020e+00	1.001198e+00	5.220000e+00	6.376705e-01	2.451977e-01	2.030306e+00	8.259424e-01	1.041898e+00	6.558255e+01	1.429985e+02	3.622102e-01	3.379899e-02	1.022356e-13	
1  105.901	2.227277e+00	1.341393e-01	6.689801e-01	2.983396e+00	9.481733e-01	2.693855e-02	3.853070e-01	6.780923e-01	3.855019e+00	9.940413e-01	4.775613e+00	6.496374e-01	2.453430e-01	1.976244e+00	8.139296e-01	1.041812e+00	6.694424e+01	1.418503e+02	3.501806e-01	4.873684e-02	8.512512e-14	
2  103.764	2.236736e+00	1.328242e-01	6.917095e-01	3.009386e+00	9.529097e-01	4.450864e-02	5.245393e-01	5.142192e-01	3.186545e+00	9.950722e-01	6.853421e+00	6.743356e-01	2.453871e-01	2.026944e+00	8.191781e-01	1.042380e+00	6.918294e+01	1.414309e+02	3.255450e-01	6.555161e-02	8.687191e-14	
4  104.216	2.236736e+00	1.328242e-01	6.917095e-01	3.009386e+00	9.529097e-01	4.450864e-02	5.245393e-01	5.142192e-01	3.186545e+00	9.925649e-01	6.853421e+00	6.743356e-01	2.453871e-01	2.026944e+00	8.191781e-01	1.042380e+00	6.918294e+01	1.414309e+02	3.255450e-01	6.555161e-02	8.687191e-14	
12  104.256	2.261037e+00	1.345289e-01	7.049810e-01	3.034409e+00	9.551854e-01	5.522721e-02	6.571887e-01	8.571810e-01	2.872984e+00	9.956019e-01	7.988927e+00	6.825112e-01	2.454892e-01	2.078804e+00	8.313592e-01	1.042856e+00	7.050533e+01	1.402055e+02	3.174212e-01	8.098495e-02	2.786115e-13	
2  105.449	2.260406e+00	1.369853e-01	7.065435e-01	3.070637e+00	9.518345e-01	6.594948e-02	7.617581e-01	8.829848e-01	2.957615e+00	1.002418e+00	9.116775e+00	6.789387e-01	2.454836e-01	2.155701e+00	8.493685e-01	1.042297e+00	7.068121e+01	1.392125e+02	3.212023e-01	9.291912e-02	1.879841e-13	
1  105.457	2.201960e+00	1.320303e-01	6.703646e-01	3.085772e+00	9.496214e-01	6.885889e-02	3.678992e-01	7.742075e-01	4.134960e+00	1.002289e+00	9.438511e+00	6.557328e-01	2.452298e-01	2.188021e+00	8.520018e-01	1.041462e+00	6.708783e+01	1.426987e+02	3.444632e-01	4.708300e-02	8.979253e-14	
3  104.227	2.234439e+00	1.322062e-01	6.895103e-01	3.068141e+00	9.517915e-01	6.850424e-02	5.046756e-01	4.982389e-01	4.105945e+00	9.975412e-01	9.335007e+00	6.736305e-01	2.453734e-01	2.150147e+00	8.414711e-01	1.041868e+00	6.897720e+01	1.417070e+02	3.265158e-01	6.328768e-02	1.334911e-13	
2  103.324	2.203284e+00	1.257654e-01	6.691542e-01	3.053229e+00	9.488322e-01	5.941617e-02	1.630921e-01	6.376061e-01	3.389634e+00	9.966916e-01	8.390738e+00	6.685696e-01	2.452435e-01	2.118322e+00	8.247555e-01	1.041763e+00	6.693007e+01	1.451799e+02	3.314861e-01	2.125048e-02	6.491225e-14	
