5  102.907	2.258602e+00	1.205508e-01	6.793886e-01	3.042434e+00	9.604997e-01	5.932895e-02	2.215043e-02	4.918281e-01	2.273776e+00	9.946862e-01	8.141347e+00	6.885808e-01	2.454831e-01	2.096121e+00	8.099593e-01	1.042771e+00	6.792628e+01	1.465908e+02	3.115171e-01	3.476247e-03	3.473196e-13	
15  103.55	2.248261e+00	1.235360e-01	6.643251e-01	3.019479e+00	9.456770e-01	3.700268e-02	1.596114e-02	4.195312e-01	2.758327e+00	1.000340e+00	5.808604e+00	6.680385e-01	2.454379e-01	2.050326e+00	8.054165e-01	1.041877e+00	6.641019e+01	1.459863e+02	3.318171e-01	2.202906e-03	-1.097889e-13	
2  103.862	2.279847e+00	1.274067e-01	6.878290e-01	3.010636e+00	9.512976e-01	3.175530e-02	3.113008e-01	2.655606e-01	3.237879e+00	1.005157e+00	5.193287e+00	6.811615e-01	2.455696e-01	2.032128e+00	8.065351e-01	1.041819e+00	6.877179e+01	1.432755e+02	3.187028e-01	3.984993e-02	-2.978707e-13	
2  106.247	2.293811e+00	1.279857e-01	6.963858e-01	3.016173e+00	9.482000e-01	3.189719e-02	3.948470e-01	2.273442e-01	3.099138e+00	1.008587e+00	5.201353e+00	6.873768e-01	2.456261e-01	2.043538e+00	8.066698e-01	1.041714e+00	6.963394e+01	1.426071e+02	3.124867e-01	5.001351e-02	-3.161283e-13	
2  103.313	2.276137e+00	1.269412e-01	6.961620e-01	3.012961e+00	9.602708e-01	3.227066e-02	3.475563e-01	3.371894e-01	3.284287e+00	1.008047e+00	5.240788e+00	6.896678e-01	2.455574e-01	2.036465e+00	8.088496e-01	1.042665e+00	6.961239e+01	1.432549e+02	3.103189e-01	4.453895e-02	-5.938843e-13	
2  102.075	2.249871e+00	1.246465e-01	6.810284e-01	2.976123e+00	9.588086e-01	2.084507e-02	1.913657e-01	2.091460e-01	2.711695e+00	1.000453e+00	3.831924e+00	6.814016e-01	2.454445e-01	1.963396e+00	7.909839e-01	1.041912e+00	6.811124e+01	1.448519e+02	3.186014e-01	2.490038e-02	2.410449e-14	
1  101.961	2.294593e+00	1.192349e-01	6.943242e-01	3.020817e+00	9.722811e-01	4.814228e-02	1.085067e-01	4.088343e-01	2.385413e+00	9.994766e-01	6.903647e+00	7.034833e-01	2.456279e-01	2.050605e+00	7.956417e-01	1.041853e+00	6.940681e+01	1.461324e+02	2.962691e-01	1.440705e-02	1.450277e-13	
6  102.043	2.294593e+00	1.192349e-01	6.943242e-01	3.020817e+00	9.722811e-01	4.814228e-02	1.085067e-01	4.088343e-01	2.385413e+00	9.998214e-01	6.903647e+00	7.034833e-01	2.456279e-01	2.050605e+00	7.956417e-01	1.041853e+00	6.940681e+01	1.461324e+02	2.962691e-01	1.440705e-02	1.450277e-13	
1  103.104	2.338872e+00	1.254249e-01	7.239303e-01	3.058320e+00	9.740798e-01	7.105562e-02	5.149740e-01	5.180972e-01	3.232536e+00	9.999962e-01	9.213011e+00	7.147658e-01	2.458128e-01	2.129511e+00	8.189644e-01	1.041859e+00	7.240692e+01	1.421964e+02	2.851763e-01	6.467788e-02	4.349388e-14	
13  102.705	2.337542e+00	1.270629e-01	7.269178e-01	3.051271e+00	9.796374e-01	6.804601e-02	5.716213e-01	3.359469e-01	2.998434e+00	9.998107e-01	8.965597e+00	7.139926e-01	2.458077e-01	2.114436e+00	8.224442e-01	1.042510e+00	7.269624e+01	1.415508e+02	2.859854e-01	7.126553e-02	7.946417e-15	
3  103.256	2.337542e+00	1.270629e-01	7.269178e-01	3.051271e+00	9.796374e-01	6.804601e-02	5.716213e-01	3.359469e-01	2.998434e+00	1.001154e+00	8.965597e+00	7.139926e-01	2.458077e-01	2.114436e+00	8.224442e-01	1.042510e+00	7.269624e+01	1.415508e+02	2.859854e-01	7.126553e-02	7.946417e-15	
1  103.165	2.303262e+00	1.259424e-01	7.244487e-01	3.065619e+00	9.841778e-01	7.716798e-02	5.422964e-01	2.962560e-01	3.175588e+00	1.000974e+00	9.869525e+00	7.150002e-01	2.456654e-01	2.145526e+00	8.283938e-01	1.042580e+00	7.245277e+01	1.423085e+02	2.849745e-01	6.784932e-02	4.760632e-14	
4  102.882	2.262119e+00	1.257939e-01	7.123397e-01	3.047240e+00	9.801210e-01	6.520135e-02	4.655760e-01	2.990248e-01	3.118536e+00	1.002136e+00	8.844829e+00	7.061870e-01	2.454951e-01	2.105667e+00	8.228121e-01	1.042629e+00	7.123310e+01	1.431189e+02	2.937945e-01	5.879684e-02	1.148200e-13	
2  102.955	2.245391e+00	1.260510e-01	6.999875e-01	2.996595e+00	9.734064e-01	4.203945e-02	3.890395e-01	1.443076e-01	2.163540e+00	9.976017e-01	6.453591e+00	6.952575e-01	2.454259e-01	2.000442e+00	8.033092e-01	1.042322e+00	6.998656e+01	1.435816e+02	3.045893e-01	4.951043e-02	-2.415840e-13	
3  102.38	2.245391e+00	1.260510e-01	6.999875e-01	2.996595e+00	9.734064e-01	4.203945e-02	3.890395e-01	1.443076e-01	2.163540e+00	9.951024e-01	6.453591e+00	6.952575e-01	2.454259e-01	2.000442e+00	8.033092e-01	1.042322e+00	6.998656e+01	1.435816e+02	3.045893e-01	4.951043e-02	-2.415840e-13	
13  102.487	2.226179e+00	1.284096e-01	6.917010e-01	3.032896e+00	9.659015e-01	5.646176e-02	3.968659e-01	2.292857e-02	2.095832e+00	9.957388e-01	8.089877e+00	6.834539e-01	2.453436e-01	2.074753e+00	8.236844e-01	1.042548e+00	6.917903e+01	1.431682e+02	3.164806e-01	5.047440e-02	6.702114e-14	
21  100.74	2.277148e+00	1.241981e-01	7.009975e-01	3.039725e+00	9.690267e-01	5.723766e-02	3.174855e-01	1.200398e-01	2.296569e+00	9.994847e-01	7.982185e+00	6.994578e-01	2.455591e-01	2.089760e+00	8.141077e-01	1.042280e+00	7.008464e+01	1.440501e+02	3.004568e-01	4.087935e-02	4.740395e-14	
13  101.166	2.269311e+00	1.239136e-01	6.867330e-01	3.063833e+00	9.642663e-01	6.518284e-02	2.001748e-01	2.106225e-01	2.009872e+00	9.999643e-01	8.772769e+00	6.877134e-01	2.455261e-01	2.141112e+00	8.248315e-01	1.042017e+00	6.865984e+01	1.447736e+02	3.122376e-01	2.625503e-02	9.600669e-14	
8  101.252	2.269311e+00	1.239136e-01	6.867330e-01	3.063833e+00	9.642663e-01	6.518284e-02	2.001748e-01	2.106225e-01	2.009872e+00	9.996786e-01	8.772769e+00	6.877134e-01	2.455261e-01	2.141112e+00	8.248315e-01	1.042017e+00	6.865984e+01	1.447736e+02	3.122376e-01	2.625503e-02	9.600669e-14	
5  104.786	2.299678e+00	1.185485e-01	6.997305e-01	3.122195e+00	9.670880e-01	9.678191e-02	1.016427e-01	4.000581e-01	2.417481e+00	9.994902e-01	1.135788e+01	7.095562e-01	2.456541e-01	2.268738e+00	8.338495e-01	1.042798e+00	6.993263e+01	1.463034e+02	2.903596e-01	1.332477e-02	-5.990379e-14	
1  106.069	2.301564e+00	1.173932e-01	7.023391e-01	3.125696e+00	9.641265e-01	9.407642e-02	1.101315e-01	3.276950e-01	3.059981e+00	1.004851e+00	1.112481e+01	7.141498e-01	2.456596e-01	2.276803e+00	8.289763e-01	1.042017e+00	7.022144e+01	1.465667e+02	2.856542e-01	1.371945e-02	9.022131e-14	
3  107.031	2.320497e+00	1.244386e-01	7.030088e-01	3.145525e+00	9.587208e-01	1.053918e-01	3.112879e-01	5.353422e-01	3.049033e+00	1.000827e+00	1.214072e+01	6.995888e-01	2.457374e-01	2.320332e+00	8.537664e-01	1.042158e+00	7.023215e+01	1.435625e+02	3.003598e-01	4.022391e-02	-7.419288e-14	
3  106.659	2.332999e+00	1.288831e-01	7.346874e-01	3.158691e+00	9.674114e-01	1.250946e-01	6.901803e-01	4.575844e-01	2.790177e+00	9.951320e-01	1.371149e+01	7.154345e-01	2.457820e-01	2.345995e+00	8.660890e-01	1.042745e+00	7.328437e+01	1.405447e+02	2.844633e-01	8.549382e-02	6.714705e-13	
1  107.254	2.332999e+00	1.288831e-01	7.346874e-01	3.158691e+00	9.674114e-01	1.250946e-01	6.901803e-01	4.575844e-01	2.790177e+00	9.942570e-01	1.371149e+01	7.154345e-01	2.457820e-01	2.345995e+00	8.660890e-01	1.042745e+00	7.328437e+01	1.405447e+02	2.844633e-01	8.549382e-02	6.714705e-13	
2  108.395	2.301227e+00	1.267421e-01	7.205059e-01	3.189468e+00	9.656929e-01	1.407310e-01	5.534282e-01	3.357657e-01	2.827548e+00	9.931600e-01	1.488157e+01	7.076849e-01	2.456387e-01	2.412936e+00	8.757980e-01	1.041919e+00	7.174353e+01	1.419734e+02	2.920185e-01	7.031933e-02	1.598967e-12	
2  108.841	2.307257e+00	1.183756e-01	7.072516e-01	3.196094e+00	9.726937e-01	1.435335e-01	1.951270e-01	3.839099e-01	3.428992e+00	9.931081e-01	1.481478e+01	7.135181e-01	2.456658e-01	2.427065e+00	8.609272e-01	1.041355e+00	7.042771e+01	1.457305e+02	2.856292e-01	2.645262e-02	1.254899e-12	
3  105.933	2.275249e+00	1.200658e-01	6.824477e-01	3.177158e+00	9.634944e-01	1.220033e-01	4.251261e-02	2.805240e-01	3.905873e+00	9.978670e-01	1.344370e+01	6.906298e-01	2.455423e-01	2.391050e+00	8.633370e-01	1.042029e+00	6.808824e+01	1.464313e+02	3.089197e-01	6.002136e-03	-7.636882e-14	
1  105.567	2.254898e+00	1.209050e-01	6.897431e-01	3.186167e+00	9.705167e-01	1.306540e-01	1.367565e-01	1.074887e-01	4.523470e+00	9.969561e-01	1.418844e+01	6.950395e-01	2.454483e-01	2.409752e+00	8.708055e-01	1.042329e+00	6.877924e+01	1.459231e+02	3.043683e-01	1.837219e-02	3.178850e-13	
1  105.033	2.247541e+00	1.234893e-01	6.885549e-01	3.145288e+00	9.673675e-01	1.133967e-01	2.261026e-01	1.836058e-01	3.958338e+00	9.939540e-01	1.297177e+01	6.897706e-01	2.454230e-01	2.320015e+00	8.585752e-01	1.041833e+00	6.879199e+01	1.449617e+02	3.099165e-01	2.932471e-02	-3.527924e-14	
2  104.934	2.247541e+00	1.234893e-01	6.885549e-01	3.145288e+00	9.673675e-01	1.133967e-01	2.261026e-01	1.836058e-01	3.958338e+00	9.977094e-01	1.297177e+01	6.897706e-01	2.454230e-01	2.320015e+00	8.585752e-01	1.041833e+00	6.879199e+01	1.449617e+02	3.099165e-01	2.932471e-02	-3.527924e-14	
1  104.579	2.232922e+00	1.233074e-01	6.848487e-01	3.145560e+00	9.634217e-01	1.064377e-01	1.996926e-01	4.005649e-01	2.797424e+00	1.003496e+00	1.248471e+01	6.874339e-01	2.453629e-01	2.321974e+00	8.582285e-01	1.041849e+00	6.844763e+01	1.453150e+02	3.123821e-01	2.560246e-02	5.153268e-14	
1  106.25	2.186719e+00	1.254359e-01	6.761772e-01	3.109270e+00	9.613302e-01	8.922060e-02	2.434560e-01	2.891518e-01	3.512424e+00	1.002875e+00	1.122302e+01	6.759883e-01	2.451650e-01	2.240714e+00	8.491380e-01	1.041252e+00	6.765937e+01	1.450861e+02	3.240012e-01	3.065000e-02	-2.214044e-13	
3  105.531	2.242924e+00	1.268523e-01	6.900644e-01	3.143201e+00	9.610482e-01	1.002793e-01	3.553048e-01	5.239396e-01	2.546376e+00	1.008318e+00	1.204938e+01	6.846488e-01	2.454049e-01	2.317003e+00	8.630571e-01	1.041455e+00	6.898957e+01	1.435978e+02	3.153442e-01	4.523195e-02	1.912650e-13	
1  104.431	2.261051e+00	1.312520e-01	7.061354e-01	3.085109e+00	9.572480e-01	7.364432e-02	6.039886e-01	4.621532e-01	2.668429e+00	1.007715e+00	9.753123e+00	6.900178e-01	2.454886e-01	2.187311e+00	8.437961e-01	1.041767e+00	7.062624e+01	1.412263e+02	3.101043e-01	7.495300e-02	1.387671e-13	
1  104.792	2.277238e+00	1.316807e-01	7.189409e-01	3.068688e+00	9.564288e-01	7.526832e-02	7.016282e-01	5.908932e-01	2.450236e+00	1.000461e+00	9.861871e+00	6.999673e-01	2.455582e-01	2.151821e+00	8.350560e-01	1.042236e+00	7.190314e+01	1.405280e+02	3.001105e-01	8.588637e-02	3.439970e-13	
1  104.115	2.298717e+00	1.326087e-01	7.433306e-01	3.029730e+00	9.687696e-01	6.516562e-02	9.161309e-01	4.679636e-01	2.279214e+00	9.977018e-01	8.881928e+00	7.171843e-01	2.456515e-01	2.069325e+00	8.195277e-01	1.042532e+00	7.432738e+01	1.391625e+02	2.827598e-01	1.096240e-01	1.645709e-13	
1  103.367	2.298717e+00	1.326087e-01	7.433306e-01	3.029730e+00	9.687696e-01	6.516562e-02	9.161309e-01	4.679636e-01	2.279214e+00	9.952448e-01	8.881928e+00	7.171843e-01	2.456515e-01	2.069325e+00	8.195277e-01	1.042532e+00	7.432738e+01	1.391625e+02	2.827598e-01	1.096240e-01	1.645709e-13	
2  104.429	2.319699e+00	1.302549e-01	7.416450e-01	3.068191e+00	9.708498e-01	8.742342e-02	8.112899e-01	5.335410e-01	2.696227e+00	9.916405e-01	1.079897e+01	7.198044e-01	2.457358e-01	2.151229e+00	8.307320e-01	1.042532e+00	7.416312e+01	1.399239e+02	2.802711e-01	9.817672e-02	1.352010e-13	
1  105.58	2.258682e+00	1.311821e-01	7.000433e-01	3.000710e+00	9.567262e-01	5.023835e-02	5.636210e-01	5.414740e-01	2.730410e+00	9.874964e-01	7.417865e+00	6.849131e-01	2.454776e-01	2.008141e+00	8.092746e-01	1.041345e+00	7.000215e+01	1.414243e+02	3.148600e-01	7.007135e-02	-4.587645e-13	
3  103.641	2.254156e+00	1.257638e-01	6.840217e-01	3.063527e+00	9.562932e-01	7.416980e-02	2.571309e-01	5.632709e-01	2.644188e+00	9.912030e-01	9.694185e+00	6.818272e-01	2.454589e-01	2.140440e+00	8.267290e-01	1.041599e+00	6.841647e+01	1.442085e+02	3.181617e-01	3.325180e-02	-1.856312e-15	
3  104.201	2.303278e+00	1.280935e-01	7.072284e-01	3.067414e+00	9.706302e-01	8.071962e-02	4.703401e-01	2.598860e-01	3.092457e+00	9.906471e-01	1.021665e+01	6.965144e-01	2.456654e-01	2.148904e+00	8.333308e-01	1.042202e+00	7.073107e+01	1.421149e+02	3.035337e-01	5.942594e-02	-1.796331e-13	
1  104.134	2.303278e+00	1.280935e-01	7.072284e-01	3.067414e+00	9.706302e-01	8.071962e-02	4.703401e-01	2.598860e-01	3.092457e+00	9.912771e-01	1.021665e+01	6.965144e-01	2.456654e-01	2.148904e+00	8.333308e-01	1.042202e+00	7.073107e+01	1.421149e+02	3.035337e-01	5.942594e-02	-1.796331e-13	
5  103.253	2.290576e+00	1.295949e-01	6.994405e-01	3.079617e+00	9.663230e-01	7.937210e-02	4.652806e-01	1.748131e-01	3.390845e+00	9.962630e-01	1.016351e+01	6.869428e-01	2.456125e-01	2.175341e+00	8.422440e-01	1.041960e+00	6.995512e+01	1.419046e+02	3.130703e-01	5.883114e-02	-9.352789e-14	
4  101.514	2.271902e+00	1.263910e-01	6.862957e-01	3.034430e+00	9.589454e-01	4.920811e-02	2.783994e-01	3.845455e-01	2.694616e+00	1.001150e+00	7.190135e+00	6.819155e-01	2.455363e-01	2.078913e+00	8.165089e-01	1.041682e+00	6.860260e+01	1.437466e+02	3.178700e-01	3.600508e-02	2.368484e-14	
1  101.675	2.271902e+00	1.263910e-01	6.862957e-01	3.034430e+00	9.589454e-01	4.920811e-02	2.783994e-01	3.845455e-01	2.694616e+00	1.002016e+00	7.190135e+00	6.819155e-01	2.455363e-01	2.078913e+00	8.165089e-01	1.041682e+00	6.860260e+01	1.437466e+02	3.178700e-01	3.600508e-02	2.368484e-14	
2  101.808	2.302622e+00	1.277886e-01	7.148769e-01	3.062353e+00	9.685705e-01	6.481603e-02	5.207699e-01	6.371944e-01	2.198324e+00	1.005771e+00	8.751645e+00	7.035050e-01	2.456653e-01	2.137879e+00	8.284420e-01	1.042430e+00	7.147990e+01	1.419723e+02	2.964211e-01	6.543424e-02	8.991389e-14	
5  101.634	2.290289e+00	1.259256e-01	7.028800e-01	3.039428e+00	9.626419e-01	5.194377e-02	3.810581e-01	2.813933e-01	2.227700e+00	1.004871e+00	7.441459e+00	6.972426e-01	2.456139e-01	2.089332e+00	8.151041e-01	1.042089e+00	7.026608e+01	1.431916e+02	3.025930e-01	4.860824e-02	-2.238313e-14	
9  101.865	2.243019e+00	1.258945e-01	6.729033e-01	3.069650e+00	9.588486e-01	6.065952e-02	1.671485e-01	3.993711e-01	2.634336e+00	1.005606e+00	8.418318e+00	6.709173e-01	2.454145e-01	2.153704e+00	8.336133e-01	1.041783e+00	6.728158e+01	1.447019e+02	3.290566e-01	2.216775e-02	4.349984e-14	
1  101.68	2.256564e+00	1.293568e-01	6.907497e-01	3.052655e+00	9.586655e-01	5.745806e-02	4.053181e-01	1.643125e-02	3.264220e+00	1.003383e+00	8.137656e+00	6.801151e-01	2.454722e-01	2.117162e+00	8.307239e-01	1.042108e+00	6.907425e+01	1.425918e+02	3.198577e-01	5.159119e-02	-7.010587e-14	
4  104.378	2.300270e+00	1.310590e-01	7.196691e-01	3.120619e+00	9.628189e-01	9.298739e-02	6.637207e-01	1.429491e-01	2.353746e+00	1.006416e+00	1.136610e+01	7.010927e-01	2.456530e-01	2.265602e+00	8.575711e-01	1.042429e+00	7.196667e+01	1.405750e+02	2.989649e-01	8.189433e-02	-1.423471e-14	
8  104.804	2.349858e+00	1.328443e-01	7.580137e-01	3.123146e+00	9.754403e-01	1.024311e-01	1.002516e+00	7.561642e-02	2.262481e+00	1.006545e+00	1.204902e+01	7.266412e-01	2.458591e-01	2.269855e+00	8.572437e-01	1.042689e+00	7.578410e+01	1.381790e+02	2.733257e-01	1.191298e-01	2.465103e-13	
7  104.896	2.349858e+00	1.328443e-01	7.580137e-01	3.123146e+00	9.754403e-01	1.024311e-01	1.002516e+00	7.561642e-02	2.262481e+00	1.004545e+00	1.204902e+01	7.266412e-01	2.458591e-01	2.269855e+00	8.572437e-01	1.042689e+00	7.578410e+01	1.381790e+02	2.733257e-01	1.191298e-01	2.465103e-13	
2  106.014	2.349911e+00	1.325574e-01	7.634624e-01	3.115059e+00	9.771841e-01	9.454012e-02	1.046601e+00	6.701474e-02	2.290873e+00	1.009826e+00	1.140545e+01	7.312632e-01	2.458610e-01	2.252293e+00	8.519990e-01	1.042517e+00	7.637543e+01	1.380770e+02	2.686965e-01	1.237923e-01	2.201840e-13	
1  107.814	2.299102e+00	1.273516e-01	7.318492e-01	3.166911e+00	9.784105e-01	1.131063e-01	6.632653e-01	1.754744e-01	3.000411e+00	1.012637e+00	1.295409e+01	7.178245e-01	2.456430e-01	2.368274e+00	8.702026e-01	1.042244e+00	7.313889e+01	1.414193e+02	2.819509e-01	8.228979e-02	4.199639e-13	
1  107.479	2.299102e+00	1.273516e-01	7.318492e-01	3.166911e+00	9.784105e-01	1.131063e-01	6.632653e-01	1.754744e-01	3.000411e+00	1.013509e+00	1.295409e+01	7.178245e-01	2.456430e-01	2.368274e+00	8.702026e-01	1.042244e+00	7.313889e+01	1.414193e+02	2.819509e-01	8.228979e-02	4.199639e-13	
1  105.72	2.281139e+00	1.305598e-01	7.290770e-01	3.122353e+00	9.780976e-01	9.296681e-02	7.434908e-01	3.531827e-01	3.043930e+00	1.010987e+00	1.144028e+01	7.101949e-01	2.455730e-01	2.269579e+00	8.606405e-01	1.042540e+00	7.292183e+01	1.405193e+02	2.896444e-01	9.100521e-02	5.120002e-14	
1  105.339	2.267386e+00	1.349135e-01	7.299976e-01	3.099880e+00	9.651957e-01	8.818664e-02	9.077594e-01	1.900618e-01	3.183849e+00	1.004293e+00	1.111984e+01	7.029369e-01	2.455160e-01	2.219943e+00	8.558935e-01	1.042173e+00	7.301529e+01	1.389939e+02	2.971472e-01	1.087201e-01	2.805818e-13	
3  104.718	2.263004e+00	1.339806e-01	7.314610e-01	3.077354e+00	9.722223e-01	8.344076e-02	8.996454e-01	2.825114e-01	4.261830e+00	1.000166e+00	1.068878e+01	7.060649e-01	2.454989e-01	2.170936e+00	8.461832e-01	1.042062e+00	7.315464e+01	1.392850e+02	2.939500e-01	1.077486e-01	8.792766e-14	
4  102.356	2.274715e+00	1.327490e-01	7.290582e-01	3.030727e+00	9.699412e-01	5.970766e-02	8.239521e-01	9.273426e-03	3.715373e+00	9.991557e-01	8.398753e+00	7.061254e-01	2.455513e-01	2.070843e+00	8.240176e-01	1.042275e+00	7.290176e+01	1.397619e+02	2.938148e-01	9.961773e-02	-6.311424e-14	
5  102.903	2.274715e+00	1.327490e-01	7.290582e-01	3.030727e+00	9.699412e-01	5.970766e-02	8.239521e-01	9.273426e-03	3.715373e+00	9.974911e-01	8.398753e+00	7.061254e-01	2.455513e-01	2.070843e+00	8.240176e-01	1.042275e+00	7.290176e+01	1.397619e+02	2.938148e-01	9.961773e-02	-6.311424e-14	
5  103.05	2.294583e+00	1.367285e-01	7.367716e-01	3.022177e+00	9.711403e-01	5.361984e-02	9.911742e-01	8.697183e-02	3.861745e+00	9.993465e-01	7.802201e+00	7.044879e-01	2.456341e-01	2.053087e+00	8.279130e-01	1.042400e+00	7.366590e+01	1.379513e+02	2.954242e-01	1.174285e-01	-4.776148e-14	
10  102.684	2.294583e+00	1.367285e-01	7.367716e-01	3.022177e+00	9.711403e-01	5.361984e-02	9.911742e-01	8.697183e-02	3.861745e+00	1.001570e+00	7.802201e+00	7.044879e-01	2.456341e-01	2.053087e+00	8.279130e-01	1.042400e+00	7.366590e+01	1.379513e+02	2.954242e-01	1.174285e-01	-4.776148e-14	
5  102.619	2.294583e+00	1.367285e-01	7.367716e-01	3.022177e+00	9.711403e-01	5.361984e-02	9.911742e-01	8.697183e-02	3.861745e+00	1.001194e+00	7.802201e+00	7.044879e-01	2.456341e-01	2.053087e+00	8.279130e-01	1.042400e+00	7.366590e+01	1.379513e+02	2.954242e-01	1.174285e-01	-4.776148e-14	
5  104.169	2.234920e+00	1.341479e-01	6.896850e-01	3.059251e+00	9.614641e-01	6.697035e-02	5.754382e-01	3.747582e-02	3.658566e+00	9.975624e-01	9.226484e+00	6.694832e-01	2.453739e-01	2.130211e+00	8.445536e-01	1.041467e+00	6.899615e+01	1.409134e+02	3.304734e-01	7.148298e-02	2.957955e-14	
9  106.539	2.234920e+00	1.341479e-01	6.896850e-01	3.059251e+00	9.614641e-01	6.697035e-02	5.754382e-01	3.747582e-02	3.658566e+00	1.001327e+00	9.226484e+00	6.694832e-01	2.453739e-01	2.130211e+00	8.445536e-01	1.041467e+00	6.899615e+01	1.409134e+02	3.304734e-01	7.148298e-02	2.957955e-14	
2  106.15	2.301527e+00	1.342937e-01	7.380313e-01	3.064310e+00	9.767896e-01	8.118226e-02	9.245686e-01	6.594352e-02	3.057229e+00	9.999565e-01	1.040269e+01	7.100243e-01	2.456596e-01	2.142970e+00	8.414660e-01	1.042347e+00	7.380757e+01	1.387039e+02	2.900186e-01	1.103319e-01	-9.013675e-14	
2  107.686	2.273996e+00	1.346157e-01	7.296599e-01	3.099064e+00	9.759174e-01	9.315979e-02	8.958675e-01	3.325811e-01	2.873605e+00	1.004370e+00	1.153559e+01	7.030547e-01	2.455409e-01	2.218511e+00	8.583992e-01	1.041972e+00	7.296082e+01	1.390229e+02	2.968937e-01	1.074347e-01	1.721632e-13	
1  108.771	2.259108e+00	1.358035e-01	7.291390e-01	3.102984e+00	9.714278e-01	9.591904e-02	9.412839e-01	1.996715e-02	3.035516e+00	1.003507e+00	1.182025e+01	7.005619e-01	2.454773e-01	2.226861e+00	8.613731e-01	1.041955e+00	7.291039e+01	1.387236e+02	2.994559e-01	1.122106e-01	1.687706e-13	
3  111.525	2.220470e+00	1.428863e-01	7.062067e-01	3.073652e+00	9.605174e-01	7.202382e-02	9.799913e-01	4.066347e-01	3.026297e+00	1.005567e+00	9.920137e+00	6.673034e-01	2.453078e-01	2.161133e+00	8.659306e-01	1.041904e+00	7.068436e+01	1.373792e+02	3.327014e-01	1.161856e-01	3.640931e-13	
2  110.649	2.197382e+00	1.384999e-01	6.974762e-01	3.048882e+00	9.627555e-01	6.353358e-02	8.000299e-01	3.318780e-01	3.041859e+00	1.002500e+00	9.047064e+00	6.683024e-01	2.452126e-01	2.106970e+00	8.488114e-01	1.041656e+00	6.978395e+01	1.393456e+02	3.315786e-01	9.667310e-02	1.598023e-13	
1  109.175	2.279224e+00	1.397847e-01	7.382936e-01	3.092527e+00	9.712098e-01	9.255431e-02	1.094596e+00	1.641061e-01	3.055463e+00	1.001221e+00	1.157730e+01	7.002937e-01	2.455616e-01	2.204043e+00	8.648736e-01	1.042910e+00	7.383053e+01	1.369902e+02	2.996698e-01	1.279438e-01	1.999680e-13	
9  106.713	2.279224e+00	1.397847e-01	7.382936e-01	3.092527e+00	9.712098e-01	9.255431e-02	1.094596e+00	1.641061e-01	3.055463e+00	9.987579e-01	1.157730e+01	7.002937e-01	2.455616e-01	2.204043e+00	8.648736e-01	1.042910e+00	7.383053e+01	1.369902e+02	2.996698e-01	1.279438e-01	1.999680e-13	
1  104.763	2.296070e+00	1.369114e-01	7.340322e-01	3.081505e+00	9.744595e-01	8.518570e-02	9.553852e-01	4.728557e-01	2.683231e+00	9.995501e-01	1.084366e+01	7.019515e-01	2.456341e-01	2.180134e+00	8.558980e-01	1.042890e+00	7.340594e+01	1.380242e+02	2.979627e-01	1.135321e-01	1.428671e-13	
3  104.885	2.296070e+00	1.369114e-01	7.340322e-01	3.081505e+00	9.744595e-01	8.518570e-02	9.553852e-01	4.728557e-01	2.683231e+00	9.997811e-01	1.084366e+01	7.019515e-01	2.456341e-01	2.180134e+00	8.558980e-01	1.042890e+00	7.340594e+01	1.380242e+02	2.979627e-01	1.135321e-01	1.428671e-13	
3  104.294	2.317685e+00	1.330772e-01	7.554986e-01	3.035349e+00	9.840664e-01	6.165533e-02	9.851412e-01	3.958106e-01	3.055760e+00	1.005391e+00	8.525464e+00	7.250528e-01	2.457293e-01	2.081035e+00	8.269380e-01	1.043639e+00	7.554120e+01	1.385668e+02	2.746887e-01	1.169706e-01	4.847031e-14	
3  103.582	2.292957e+00	1.318831e-01	7.302743e-01	3.072731e+00	9.772358e-01	7.544913e-02	7.649736e-01	4.720283e-01	2.860362e+00	1.004889e+00	9.873292e+00	7.084386e-01	2.456247e-01	2.160732e+00	8.430955e-01	1.043152e+00	7.303539e+01	1.400120e+02	2.913917e-01	9.317464e-02	7.908047e-14	
10  101.975	2.299322e+00	1.255136e-01	7.225806e-01	3.061957e+00	9.764494e-01	6.994092e-02	5.097319e-01	6.788854e-01	2.549825e+00	1.004389e+00	9.207101e+00	7.143514e-01	2.456512e-01	2.137216e+00	8.241623e-01	1.042790e+00	7.225420e+01	1.426038e+02	2.855973e-01	6.414244e-02	1.766422e-13	
1  102.512	2.273876e+00	1.296860e-01	7.257557e-01	3.028305e+00	9.686239e-01	5.672019e-02	6.848470e-01	5.846641e-01	2.735914e+00	1.001533e+00	8.050061e+00	7.092227e-01	2.455482e-01	2.065976e+00	8.173921e-01	1.042824e+00	7.256448e+01	1.410812e+02	2.906353e-01	8.433151e-02	1.371080e-13	
3  102.071	2.273876e+00	1.296860e-01	7.257557e-01	3.028305e+00	9.686239e-01	5.672019e-02	6.848470e-01	5.846641e-01	2.735914e+00	1.000331e+00	8.050061e+00	7.092227e-01	2.455482e-01	2.065976e+00	8.173921e-01	1.042824e+00	7.256448e+01	1.410812e+02	2.906353e-01	8.433151e-02	1.371080e-13	
1  102.154	2.274426e+00	1.293844e-01	7.273301e-01	3.047863e+00	9.733397e-01	6.432913e-02	7.032907e-01	6.156782e-01	2.691340e+00	1.003703e+00	8.807133e+00	7.111019e-01	2.455495e-01	2.107049e+00	8.250746e-01	1.042359e+00	7.272561e+01	1.410722e+02	2.887907e-01	8.641620e-02	1.357043e-13	
2  103.63	2.332475e+00	1.366168e-01	7.662753e-01	3.030843e+00	9.808076e-01	6.852724e-02	1.191269e+00	5.668433e-01	2.355954e+00	9.973904e-01	9.215053e+00	7.264993e-01	2.457902e-01	2.072360e+00	8.282496e-01	1.043142e+00	7.660447e+01	1.368008e+02	2.734574e-01	1.379011e-01	1.856774e-13	
4  103.74	2.318253e+00	1.393553e-01	7.578238e-01	3.037352e+00	9.735223e-01	6.673629e-02	1.217958e+00	8.838774e-01	2.314015e+00	9.995713e-01	9.119802e+00	7.158342e-01	2.457313e-01	2.085522e+00	8.363354e-01	1.042980e+00	7.576340e+01	1.362434e+02	2.841206e-01	1.405695e-01	3.377620e-13	
3  103.593	2.318253e+00	1.393553e-01	7.578238e-01	3.037352e+00	9.735223e-01	6.673629e-02	1.217958e+00	8.838774e-01	2.314015e+00	9.983544e-01	9.119802e+00	7.158342e-01	2.457313e-01	2.085522e+00	8.363354e-01	1.042980e+00	7.576340e+01	1.362434e+02	2.841206e-01	1.405695e-01	3.377620e-13	
11  104.501	2.280412e+00	1.396346e-01	7.256734e-01	3.065203e+00	9.632775e-01	7.308007e-02	9.879887e-01	8.507304e-01	3.287278e+00	9.985231e-01	9.816052e+00	6.902971e-01	2.455684e-01	2.144292e+00	8.523814e-01	1.042504e+00	7.258537e+01	1.374650e+02	3.097889e-01	1.170475e-01	3.261432e-13	
4  106.257	2.261874e+00	1.410970e-01	7.244546e-01	3.071744e+00	9.612939e-01	6.740984e-02	1.042720e+00	9.367684e-01	4.008724e+00	1.007029e+00	9.339678e+00	6.865572e-01	2.454916e-01	2.157713e+00	8.576933e-01	1.042311e+00	7.247941e+01	1.371098e+02	3.135011e-01	1.232180e-01	2.814550e-13	
2  104.532	2.315089e+00	1.371115e-01	7.585698e-01	3.051877e+00	9.837719e-01	6.759475e-02	1.169434e+00	8.702278e-01	3.405578e+00	1.006476e+00	9.185131e+00	7.204127e-01	2.457194e-01	2.116277e+00	8.405140e-01	1.042654e+00	7.585295e+01	1.369378e+02	2.794417e-01	1.360692e-01	2.465245e-13	
3  107.347	2.315089e+00	1.371115e-01	7.585698e-01	3.051877e+00	9.837719e-01	6.759475e-02	1.169434e+00	8.702278e-01	3.405578e+00	1.010795e+00	9.185131e+00	7.204127e-01	2.457194e-01	2.116277e+00	8.405140e-01	1.042654e+00	7.585295e+01	1.369378e+02	2.794417e-01	1.360692e-01	2.465245e-13	
4  106.485	2.295990e+00	1.340737e-01	7.399641e-01	3.070876e+00	9.824078e-01	7.983228e-02	9.367546e-01	7.822692e-01	4.435640e+00	1.005367e+00	1.030637e+01	7.121095e-01	2.456361e-01	2.157183e+00	8.454777e-01	1.042420e+00	7.399636e+01	1.387548e+02	2.878060e-01	1.117473e-01	1.730353e-13	
2  106.474	2.281169e+00	1.290054e-01	7.313908e-01	3.062803e+00	9.858088e-01	7.521956e-02	7.331682e-01	3.632996e-01	4.195859e+00	1.006226e+00	9.811387e+00	7.151177e-01	2.455744e-01	2.139668e+00	8.328158e-01	1.041979e+00	7.314422e+01	1.409598e+02	2.848106e-01	8.953512e-02	1.524091e-14	
1  105.724	2.285215e+00	1.290945e-01	7.305214e-01	3.082807e+00	9.822231e-01	8.648818e-02	7.192477e-01	1.875490e-01	4.591670e+00	1.003994e+00	1.080716e+01	7.141525e-01	2.455904e-01	2.182958e+00	8.406236e-01	1.042174e+00	7.305886e+01	1.409516e+02	2.857702e-01	8.796737e-02	-3.740788e-14	
4  104.02	2.285215e+00	1.290945e-01	7.305214e-01	3.082807e+00	9.822231e-01	8.648818e-02	7.192477e-01	1.875490e-01	4.591670e+00	1.002168e+00	1.080716e+01	7.141525e-01	2.455904e-01	2.182958e+00	8.406236e-01	1.042174e+00	7.305886e+01	1.409516e+02	2.857702e-01	8.796737e-02	-3.740788e-14	
1  104.538	2.258145e+00	1.295673e-01	7.178408e-01	3.090761e+00	9.720118e-01	8.711526e-02	6.617482e-01	2.060769e-01	4.687121e+00	1.002846e+00	1.093263e+01	7.034305e-01	2.454762e-01	2.200077e+00	8.442106e-01	1.041667e+00	7.179356e+01	1.413892e+02	2.965452e-01	8.137179e-02	6.239861e-16	
8  104.127	2.260199e+00	1.319992e-01	7.106073e-01	3.099070e+00	9.657288e-01	8.512095e-02	6.630499e-01	2.686253e-01	4.783970e+00	1.005185e+00	1.081162e+01	6.923975e-01	2.454834e-01	2.217984e+00	8.534817e-01	1.041885e+00	7.107619e+01	1.407781e+02	3.076714e-01	8.164850e-02	6.759242e-14	
1  103.106	2.290882e+00	1.287885e-01	7.042846e-01	3.087208e+00	9.683891e-01	7.448535e-02	4.850861e-01	2.106418e-01	4.381341e+00	1.007381e+00	9.705154e+00	6.927929e-01	2.456156e-01	2.191908e+00	8.429752e-01	1.041896e+00	7.043888e+01	1.420048e+02	3.072289e-01	6.118608e-02	-3.069751e-14	
2  102.47	2.270877e+00	1.241291e-01	6.835392e-01	3.041254e+00	9.643410e-01	4.893165e-02	1.979915e-01	2.321483e-01	3.850042e+00	1.006898e+00	7.111950e+00	6.840999e-01	2.455319e-01	2.093147e+00	8.156786e-01	1.041338e+00	6.831743e+01	1.447016e+02	3.156908e-01	2.577920e-02	9.575020e-14	
3  103.543	2.228601e+00	1.226287e-01	6.667338e-01	3.003197e+00	9.582956e-01	3.399499e-02	6.185990e-02	2.986671e-01	4.231361e+00	1.001680e+00	5.485384e+00	6.722977e-01	2.453512e-01	2.014900e+00	7.982365e-01	1.040633e+00	6.663473e+01	1.462060e+02	3.272324e-01	7.837415e-03	-1.664510e-13	
1  104.61	2.217431e+00	1.229573e-01	6.692824e-01	3.011911e+00	9.596052e-01	3.655755e-02	1.105000e-01	1.471460e-01	4.930650e+00	1.004804e+00	5.806405e+00	6.740782e-01	2.453033e-01	2.031948e+00	8.019991e-01	1.040351e+00	6.687222e+01	1.460076e+02	3.254877e-01	1.398631e-02	-2.178522e-13	
1  105.311	2.217431e+00	1.229573e-01	6.692824e-01	3.011911e+00	9.596052e-01	3.655755e-02	1.105000e-01	1.471460e-01	4.930650e+00	1.005657e+00	5.806405e+00	6.740782e-01	2.453033e-01	2.031948e+00	8.019991e-01	1.040351e+00	6.687222e+01	1.460076e+02	3.254877e-01	1.398631e-02	-2.178522e-13	
1  104.012	2.237172e+00	1.239941e-01	6.825780e-01	2.985852e+00	9.644728e-01	2.836273e-02	2.197253e-01	2.382826e-01	4.188924e+00	1.003079e+00	4.806367e+00	6.841491e-01	2.453894e-01	1.980369e+00	7.935126e-01	1.041091e+00	6.823401e+01	1.450017e+02	3.155705e-01	2.822316e-02	-2.624221e-13	
2  103.195	2.246126e+00	1.184313e-01	6.794742e-01	3.022489e+00	9.690157e-01	4.253580e-02	1.339093e-02	1.610660e-01	2.976833e+00	1.006870e+00	6.370895e+00	6.930815e-01	2.454262e-01	2.054222e+00	7.966543e-01	1.041236e+00	6.790361e+01	1.473336e+02	3.066535e-01	1.500674e-03	3.873790e-14	
6  102.838	2.226495e+00	1.178000e-01	6.843715e-01	3.044702e+00	9.691922e-01	5.896985e-02	3.592242e-02	6.769760e-02	3.694773e+00	1.003585e+00	8.151954e+00	6.994068e-01	2.453455e-01	2.100512e+00	8.041416e-01	1.041761e+00	6.843002e+01	1.475892e+02	3.005945e-01	4.489377e-03	-7.778146e-14	
2  104.133	2.226495e+00	1.178000e-01	6.843715e-01	3.044702e+00	9.691922e-01	5.896985e-02	3.592242e-02	6.769760e-02	3.694773e+00	1.004679e+00	8.151954e+00	6.994068e-01	2.453455e-01	2.100512e+00	8.041416e-01	1.041761e+00	6.843002e+01	1.475892e+02	3.005945e-01	4.489377e-03	-7.778146e-14	
13  103.308	2.248209e+00	1.220842e-01	6.903145e-01	3.054307e+00	9.671749e-01	6.202402e-02	1.802726e-01	6.716874e-02	3.339423e+00	1.004879e+00	8.480267e+00	6.952270e-01	2.454386e-01	2.120869e+00	8.176433e-01	1.042440e+00	6.902615e+01	1.455404e+02	3.048437e-01	2.360674e-02	1.562312e-14	
7  104.587	2.228819e+00	1.257436e-01	6.945712e-01	3.025278e+00	9.578306e-01	5.020126e-02	3.455395e-01	2.192023e-01	2.897860e+00	1.002795e+00	7.387086e+00	6.915970e-01	2.453585e-01	2.059789e+00	8.108400e-01	1.042361e+00	6.945441e+01	1.440336e+02	3.083201e-01	4.418948e-02	-9.500477e-14	
4  104.869	2.253649e+00	1.282247e-01	7.055004e-01	3.016712e+00	9.573132e-01	5.072921e-02	5.042497e-01	8.214728e-02	2.986325e+00	9.996898e-01	7.436265e+00	6.956860e-01	2.454619e-01	2.041948e+00	8.094447e-01	1.042076e+00	7.054805e+01	1.424429e+02	3.041493e-01	6.319945e-02	-9.167148e-14	
13  105.998	2.234134e+00	1.253416e-01	7.092601e-01	2.996972e+00	9.680738e-01	4.616393e-02	4.491347e-01	1.455365e-01	3.251571e+00	9.978536e-01	6.935839e+00	7.049135e-01	2.453829e-01	2.001790e+00	7.985746e-01	1.042598e+00	7.093284e+01	1.435744e+02	2.950108e-01	5.694252e-02	-2.291383e-13	
2  107.009	2.257765e+00	1.289385e-01	7.199059e-01	2.963398e+00	9.682699e-01	3.328052e-02	6.461638e-01	4.071096e-01	3.307786e+00	9.958094e-01	5.471280e+00	7.062433e-01	2.454808e-01	1.935708e+00	7.899711e-01	1.042138e+00	7.199426e+01	1.415894e+02	2.935245e-01	7.983320e-02	-6.040234e-13	
1  106.342	2.287940e+00	1.253034e-01	7.059765e-01	2.963206e+00	9.704538e-01	2.879024e-02	3.812588e-01	7.083314e-01	2.861565e+00	9.956729e-01	4.815814e+00	7.012728e-01	2.455999e-01	1.936054e+00	7.855186e-01	1.042406e+00	7.060590e+01	1.433641e+02	2.985807e-01	4.852109e-02	-2.380554e-13	
11  105.107	2.262058e+00	1.254983e-01	7.062439e-01	2.986461e+00	9.724959e-01	3.992827e-02	4.057381e-01	5.802868e-01	2.768483e+00	9.972831e-01	6.181557e+00	7.015280e-01	2.454953e-01	1.980787e+00	7.964152e-01	1.042560e+00	7.061619e+01	1.434614e+02	2.983567e-01	5.167165e-02	-1.590468e-13	
4  105.243	2.254403e+00	1.226469e-01	6.987977e-01	3.006012e+00	9.693166e-01	4.984256e-02	2.570503e-01	6.045693e-01	3.432664e+00	9.957807e-01	7.237916e+00	7.012228e-01	2.454636e-01	2.020232e+00	7.985374e-01	1.042700e+00	6.988084e+01	1.449363e+02	2.988038e-01	3.360059e-02	1.326937e-13	
3  106.342	2.293947e+00	1.247777e-01	7.145314e-01	2.970856e+00	9.674968e-01	3.387297e-02	4.264624e-01	6.186236e-01	3.517478e+00	9.957840e-01	5.421998e+00	7.093308e-01	2.456262e-01	1.951027e+00	7.847493e-01	1.042658e+00	7.145793e+01	1.432020e+02	2.905179e-01	5.409878e-02	-1.206387e-13	
3  105.296	2.293947e+00	1.247777e-01	7.145314e-01	2.970856e+00	9.674968e-01	3.387297e-02	4.264624e-01	6.186236e-01	3.517478e+00	9.891046e-01	5.421998e+00	7.093308e-01	2.456262e-01	1.951027e+00	7.847493e-01	1.042658e+00	7.145793e+01	1.432020e+02	2.905179e-01	5.409878e-02	-1.206387e-13	
9  104.049	2.278105e+00	1.237612e-01	6.938298e-01	3.018388e+00	9.616196e-01	5.082154e-02	2.692768e-01	5.276239e-01	3.802567e+00	9.920223e-01	7.321251e+00	6.941180e-01	2.455599e-01	2.045387e+00	8.021905e-01	1.041378e+00	6.936696e+01	1.443763e+02	3.055460e-01	3.476022e-02	-9.285361e-14	
3  104.677	2.285518e+00	1.261124e-01	6.855146e-01	3.036404e+00	9.581262e-01	4.909741e-02	2.662463e-01	9.666757e-02	3.986470e+00	9.986637e-01	7.142384e+00	6.815070e-01	2.455924e-01	2.083064e+00	8.155070e-01	1.041219e+00	6.852097e+01	1.437295e+02	3.182406e-01	3.437958e-02	6.928668e-15	
15  105.69	2.267910e+00	1.255593e-01	6.867594e-01	3.094357e+00	9.574456e-01	7.819516e-02	2.810038e-01	1.235041e-01	4.408054e+00	9.998037e-01	1.002531e+01	6.843913e-01	2.455163e-01	2.207811e+00	8.375186e-01	1.041025e+00	6.867793e+01	1.440170e+02	3.156282e-01	3.606754e-02	-7.330626e-15	
3  103.987	2.267910e+00	1.255593e-01	6.867594e-01	3.094357e+00	9.574456e-01	7.819516e-02	2.810038e-01	1.235041e-01	4.408054e+00	1.001922e+00	1.002531e+01	6.843913e-01	2.455163e-01	2.207811e+00	8.375186e-01	1.041025e+00	6.867793e+01	1.440170e+02	3.156282e-01	3.606754e-02	-7.330626e-15	
7  103.8	2.313463e+00	1.267261e-01	7.192703e-01	3.041887e+00	9.692234e-01	5.404105e-02	5.498509e-01	1.368481e-03	3.717658e+00	1.006385e+00	7.630763e+00	7.088530e-01	2.457085e-01	2.094328e+00	8.145358e-01	1.041375e+00	7.192220e+01	1.419738e+02	2.909795e-01	6.864017e-02	5.243421e-14	
10  103.627	2.313463e+00	1.267261e-01	7.192703e-01	3.041887e+00	9.692234e-01	5.404105e-02	5.498509e-01	1.368481e-03	3.717658e+00	1.006949e+00	7.630763e+00	7.088530e-01	2.457085e-01	2.094328e+00	8.145358e-01	1.041375e+00	7.192220e+01	1.419738e+02	2.909795e-01	6.864017e-02	5.243421e-14	
10  103.622	2.313463e+00	1.267261e-01	7.192703e-01	3.041887e+00	9.692234e-01	5.404105e-02	5.498509e-01	1.368481e-03	3.717658e+00	1.006976e+00	7.630763e+00	7.088530e-01	2.457085e-01	2.094328e+00	8.145358e-01	1.041375e+00	7.192220e+01	1.419738e+02	2.909795e-01	6.864017e-02	5.243421e-14	
2  103.727	2.313463e+00	1.267261e-01	7.192703e-01	3.041887e+00	9.692234e-01	5.404105e-02	5.498509e-01	1.368481e-03	3.717658e+00	1.008450e+00	7.630763e+00	7.088530e-01	2.457085e-01	2.094328e+00	8.145358e-01	1.041375e+00	7.192220e+01	1.419738e+02	2.909795e-01	6.864017e-02	5.243421e-14	
2  103.331	2.324512e+00	1.281128e-01	7.254854e-01	3.059554e+00	9.658498e-01	6.481430e-02	6.216449e-01	4.023964e-01	3.904486e+00	1.006512e+00	8.712647e+00	7.111281e-01	2.457548e-01	2.131884e+00	8.232023e-01	1.041881e+00	7.255910e+01	1.412146e+02	2.888352e-01	7.701554e-02	1.185928e-13	
1  104.142	2.347196e+00	1.278921e-01	7.449438e-01	3.050493e+00	9.691624e-01	6.207809e-02	7.434745e-01	4.392360e-01	3.969387e+00	1.008105e+00	8.400536e+00	7.259236e-01	2.458475e-01	2.112177e+00	8.160086e-01	1.042539e+00	7.451517e+01	1.404911e+02	2.739351e-01	9.077942e-02	8.371454e-14	
4  106.132	2.406907e+00	1.276777e-01	7.825075e-01	3.094146e+00	9.863099e-01	9.439302e-02	9.781802e-01	4.997115e-01	3.869364e+00	1.005176e+00	1.111532e+01	7.509289e-01	2.460884e-01	2.205022e+00	8.302644e-01	1.043476e+00	7.826610e+01	1.388974e+02	2.488665e-01	1.161778e-01	-7.342994e-14	
1  105.168	2.375357e+00	1.233022e-01	7.704523e-01	3.068316e+00	9.886713e-01	8.267923e-02	7.639065e-01	6.019666e-01	3.949103e+00	1.003743e+00	1.011719e+01	7.511619e-01	2.459588e-01	2.150347e+00	8.129047e-01	1.043480e+00	7.707303e+01	1.411917e+02	2.486624e-01	9.312087e-02	1.588758e-13	
7  105.134	2.375357e+00	1.233022e-01	7.704523e-01	3.068316e+00	9.886713e-01	8.267923e-02	7.639065e-01	6.019666e-01	3.949103e+00	1.003665e+00	1.011719e+01	7.511619e-01	2.459588e-01	2.150347e+00	8.129047e-01	1.043480e+00	7.707303e+01	1.411917e+02	2.486624e-01	9.312087e-02	1.588758e-13	
5  103.589	2.362013e+00	1.228494e-01	7.481957e-01	3.052463e+00	9.864520e-01	7.094133e-02	5.930299e-01	5.442595e-01	3.812603e+00	1.003238e+00	9.095987e+00	7.372072e-01	2.459039e-01	2.116884e+00	8.093742e-01	1.042831e+00	7.484480e+01	1.422212e+02	2.627907e-01	7.378328e-02	8.162213e-14	
6  103.776	2.341036e+00	1.223522e-01	7.388707e-01	3.068331e+00	9.813542e-01	8.399789e-02	5.306256e-01	4.376192e-01	4.345007e+00	9.974492e-01	1.028346e+01	7.318509e-01	2.458206e-01	2.151377e+00	8.146892e-01	1.042349e+00	7.391912e+01	1.428455e+02	2.681157e-01	6.648843e-02	-7.188115e-14	
1  103.723	2.343766e+00	1.196534e-01	7.363161e-01	3.068847e+00	9.864359e-01	7.688690e-02	4.162495e-01	7.010165e-01	3.571924e+00	1.004160e+00	9.601661e+00	7.350796e-01	2.458291e-01	2.152013e+00	8.104030e-01	1.042551e+00	7.366309e+01	1.440254e+02	2.649330e-01	5.289692e-02	1.209091e-13	
14  102.562	2.283480e+00	1.156830e-01	6.991030e-01	3.034003e+00	9.759022e-01	5.404061e-02	2.561154e-02	6.544972e-01	4.097076e+00	1.002879e+00	7.463445e+00	7.152319e-01	2.455817e-01	2.078124e+00	7.932518e-01	1.042632e+00	6.988871e+01	1.475772e+02	2.849048e-01	3.654189e-03	3.106659e-13	
2  102.653	2.265972e+00	1.181950e-01	7.041344e-01	3.013388e+00	9.725875e-01	4.252442e-02	1.648467e-01	6.976255e-01	3.959313e+00	1.005423e+00	6.340618e+00	7.144698e-01	2.455105e-01	2.035606e+00	7.893980e-01	1.042430e+00	7.039001e+01	1.463982e+02	2.855076e-01	2.168483e-02	6.967969e-15	
8  101.404	2.252191e+00	1.219371e-01	7.008765e-01	3.022975e+00	9.698014e-01	5.109338e-02	2.687439e-01	8.804023e-01	4.851760e+00	1.001207e+00	7.360277e+00	7.044599e-01	2.454540e-01	2.054680e+00	8.024343e-01	1.042239e+00	7.006757e+01	1.450965e+02	2.954967e-01	3.484977e-02	7.369472e-14	
2  101.77	2.245070e+00	1.227111e-01	6.981709e-01	3.044767e+00	9.692038e-01	5.989980e-02	2.594544e-01	8.437549e-01	4.104650e+00	1.001883e+00	8.291425e+00	7.008148e-01	2.454254e-01	2.100414e+00	8.146872e-01	1.042758e+00	6.980937e+01	1.450211e+02	2.992588e-01	3.378924e-02	1.763830e-13	
5  101.427	2.245552e+00	1.253526e-01	6.887749e-01	3.035098e+00	9.653219e-01	4.742014e-02	2.711908e-01	6.633256e-01	4.298283e+00	1.006178e+00	7.022389e+00	6.868434e-01	2.454273e-01	2.080039e+00	8.173473e-01	1.042312e+00	6.885391e+01	1.443057e+02	3.131309e-01	3.519643e-02	-6.766916e-14	
20  101.197	2.245552e+00	1.253526e-01	6.887749e-01	3.035098e+00	9.653219e-01	4.742014e-02	2.711908e-01	6.633256e-01	4.298283e+00	1.004409e+00	7.022389e+00	6.868434e-01	2.454273e-01	2.080039e+00	8.173473e-01	1.042312e+00	6.885391e+01	1.443057e+02	3.131309e-01	3.519643e-02	-6.766916e-14	
6  101.267	2.245552e+00	1.253526e-01	6.887749e-01	3.035098e+00	9.653219e-01	4.742014e-02	2.711908e-01	6.633256e-01	4.298283e+00	1.005752e+00	7.022389e+00	6.868434e-01	2.454273e-01	2.080039e+00	8.173473e-01	1.042312e+00	6.885391e+01	1.443057e+02	3.131309e-01	3.519643e-02	-6.766916e-14	
1  102.653	2.208280e+00	1.251919e-01	6.645787e-01	3.015618e+00	9.514682e-01	3.132314e-02	1.036543e-01	9.518893e-01	3.965196e+00	1.006745e+00	5.212233e+00	6.649846e-01	2.452683e-01	2.041409e+00	8.097839e-01	1.041696e+00	6.644213e+01	1.455650e+02	3.350639e-01	1.385208e-02	-1.921330e-13	
21  101.618	2.241399e+00	1.207566e-01	6.846297e-01	3.024927e+00	9.598747e-01	4.468880e-02	1.171644e-01	9.198314e-01	4.147494e+00	1.003824e+00	6.672148e+00	6.929645e-01	2.454081e-01	2.059312e+00	8.004619e-01	1.041740e+00	6.842944e+01	1.462548e+02	3.068597e-01	1.535643e-02	2.427958e-14	
4  102.654	2.291174e+00	1.252017e-01	7.091753e-01	3.031315e+00	9.591222e-01	4.907037e-02	4.063566e-01	8.569982e-01	3.945280e+00	1.004666e+00	7.130267e+00	7.040780e-01	2.456166e-01	2.072517e+00	8.078219e-01	1.042308e+00	7.089891e+01	1.432382e+02	2.957345e-01	5.163816e-02	7.095085e-14	
6  102.603	2.313749e+00	1.261792e-01	7.373778e-01	3.018308e+00	9.720886e-01	5.581160e-02	6.641949e-01	9.044364e-01	3.327934e+00	9.995811e-01	7.821938e+00	7.240652e-01	2.457097e-01	2.045565e+00	8.016392e-01	1.042185e+00	7.373396e+01	1.415857e+02	2.756881e-01	8.205233e-02	1.339312e-13	
3  102.31	2.309479e+00	1.229408e-01	7.301199e-01	3.018390e+00	9.731157e-01	5.439064e-02	4.947376e-01	6.023543e-01	4.214925e+00	9.996657e-01	7.621676e+00	7.247041e-01	2.456913e-01	2.045728e+00	7.965449e-01	1.042525e+00	7.300966e+01	1.431756e+02	2.751255e-01	6.234893e-02	1.521157e-13	
9  101.233	2.286772e+00	1.224658e-01	7.126783e-01	3.035859e+00	9.746688e-01	6.011807e-02	3.623840e-01	9.253192e-01	3.753194e+00	1.000072e+00	8.226170e+00	7.125365e-01	2.455969e-01	2.081839e+00	8.067704e-01	1.042104e+00	7.125929e+01	1.441678e+02	2.873683e-01	4.644760e-02	1.779578e-13	
12  102.574	2.286772e+00	1.224658e-01	7.126783e-01	3.035859e+00	9.746688e-01	6.011807e-02	3.623840e-01	9.253192e-01	3.753194e+00	9.964847e-01	8.226170e+00	7.125365e-01	2.455969e-01	2.081839e+00	8.067704e-01	1.042104e+00	7.125929e+01	1.441678e+02	2.873683e-01	4.644760e-02	1.779578e-13	
7  103.666	2.289337e+00	1.199873e-01	7.071843e-01	3.055825e+00	9.828905e-01	6.187880e-02	2.322407e-01	8.919888e-01	3.792779e+00	1.003632e+00	8.324204e+00	7.130980e-01	2.456060e-01	2.123679e+00	8.127447e-01	1.042280e+00	7.070390e+01	1.453906e+02	2.869664e-01	3.023617e-02	2.748765e-13	
8  105.182	2.308350e+00	1.187810e-01	7.267388e-01	3.088998e+00	9.803388e-01	8.138743e-02	3.339808e-01	9.756211e-01	3.939421e+00	1.004055e+00	1.007306e+01	7.305142e-01	2.456859e-01	2.195392e+00	8.175890e-01	1.042644e+00	7.269264e+01	1.450056e+02	2.694490e-01	4.265929e-02	1.618959e-13	
7  106.063	2.302209e+00	1.200312e-01	7.299872e-01	3.113678e+00	9.777310e-01	9.954545e-02	3.927044e-01	9.479152e-01	4.336975e+00	9.987931e-01	1.163100e+01	7.304471e-01	2.456617e-01	2.249259e+00	8.302986e-01	1.043056e+00	7.298296e+01	1.444514e+02	2.693441e-01	4.981434e-02	3.100872e-13	
8  106.445	2.276876e+00	1.171985e-01	7.048483e-01	3.124981e+00	9.698691e-01	1.051912e-01	1.316060e-01	9.798985e-01	4.340229e+00	9.944478e-01	1.206617e+01	7.168043e-01	2.455554e-01	2.274676e+00	8.306901e-01	1.042426e+00	7.045332e+01	1.467297e+02	2.829348e-01	1.684430e-02	2.704900e-13	
1  109.487	2.376920e+00	1.176409e-01	7.552295e-01	3.095781e+00	9.850185e-01	9.958550e-02	4.862664e-01	9.460091e-01	3.589782e+00	9.946913e-01	1.134822e+01	7.508712e-01	2.459633e-01	2.209218e+00	8.095337e-01	1.042471e+00	7.557638e+01	1.438265e+02	2.488707e-01	6.112640e-02	8.064397e-14	
7  107.092	2.352715e+00	1.191508e-01	7.489289e-01	3.119595e+00	9.861565e-01	1.038120e-01	4.860205e-01	9.973517e-01	4.182216e+00	1.000720e+00	1.180372e+01	7.446641e-01	2.458664e-01	2.260869e+00	8.269092e-01	1.042973e+00	7.488846e+01	1.436983e+02	2.550956e-01	6.117405e-02	1.964336e-13	
1  105.728	2.352715e+00	1.191508e-01	7.489289e-01	3.119595e+00	9.861565e-01	1.038120e-01	4.860205e-01	9.973517e-01	4.182216e+00	1.002413e+00	1.180372e+01	7.446641e-01	2.458664e-01	2.260869e+00	8.269092e-01	1.042973e+00	7.488846e+01	1.436983e+02	2.550956e-01	6.117405e-02	1.964336e-13	
9  106.385	2.344404e+00	1.156347e-01	7.417343e-01	3.096325e+00	9.860548e-01	9.639721e-02	3.297395e-01	9.297585e-01	4.263682e+00	9.981683e-01	1.113275e+01	7.462251e-01	2.458311e-01	2.210968e+00	8.091608e-01	1.042686e+00	7.421620e+01	1.454335e+02	2.536227e-01	4.211467e-02	1.237748e-13	
5  106.126	2.344404e+00	1.156347e-01	7.417343e-01	3.096325e+00	9.860548e-01	9.639721e-02	3.297395e-01	9.297585e-01	4.263682e+00	9.989639e-01	1.113275e+01	7.462251e-01	2.458311e-01	2.210968e+00	8.091608e-01	1.042686e+00	7.421620e+01	1.454335e+02	2.536227e-01	4.211467e-02	1.237748e-13	
3  105.9	2.345171e+00	1.201637e-01	7.538383e-01	3.092449e+00	9.818989e-01	9.438066e-02	5.514521e-01	8.795722e-01	3.938687e+00	9.998265e-01	1.108752e+01	7.461640e-01	2.458383e-01	2.202210e+00	8.169175e-01	1.043419e+00	7.539561e+01	1.432142e+02	2.535841e-01	6.879896e-02	4.215436e-13	
4  105.493	2.313576e+00	1.255949e-01	7.510773e-01	3.113210e+00	9.862116e-01	1.078882e-01	7.176251e-01	8.385362e-01	4.365608e+00	9.971848e-01	1.240450e+01	7.350168e-01	2.457065e-01	2.247897e+00	8.428584e-01	1.043652e+00	7.504290e+01	1.414408e+02	2.646643e-01	8.809932e-02	4.331406e-13	
2  105.261	2.352532e+00	1.232339e-01	7.535875e-01	3.129388e+00	9.826801e-01	1.154305e-01	6.596795e-01	6.892311e-01	3.918958e+00	9.972986e-01	1.279118e+01	7.400675e-01	2.458663e-01	2.281749e+00	8.392038e-01	1.042784e+00	7.528842e+01	1.418647e+02	2.596526e-01	8.170444e-02	4.098930e-13	
1  106.293	2.374401e+00	1.265020e-01	7.497290e-01	3.138942e+00	9.759382e-01	1.151636e-01	7.269874e-01	5.800829e-01	4.030856e+00	9.993016e-01	1.279095e+01	7.310480e-01	2.459568e-01	2.302584e+00	8.491448e-01	1.042273e+00	7.489925e+01	1.405506e+02	2.688660e-01	8.952104e-02	2.776738e-13	
2  103.494	2.329273e+00	1.228513e-01	7.163063e-01	3.032003e+00	9.660675e-01	5.876016e-02	3.709871e-01	8.497792e-01	3.248220e+00	9.963041e-01	8.011245e+00	7.137684e-01	2.457714e-01	2.073668e+00	8.018200e-01	1.042115e+00	7.162814e+01	1.435842e+02	2.860279e-01	4.739493e-02	2.371637e-13	
2  103.383	2.334050e+00	1.242897e-01	7.282197e-01	3.052040e+00	9.787750e-01	7.501383e-02	5.164997e-01	8.845338e-01	3.689468e+00	9.944258e-01	9.559330e+00	7.203802e-01	2.457915e-01	2.116478e+00	8.143457e-01	1.041994e+00	7.283978e+01	1.425194e+02	2.795918e-01	6.493591e-02	-6.545642e-14	
1  101.002	2.263262e+00	1.184602e-01	6.921938e-01	3.031684e+00	9.744113e-01	5.338103e-02	8.969637e-02	8.413855e-01	3.914443e+00	1.000406e+00	7.503602e+00	7.040430e-01	2.454976e-01	2.072958e+00	7.998995e-01	1.041904e+00	6.919556e+01	1.467550e+02	2.958910e-01	1.196224e-02	2.219495e-13	
8  101.531	2.263262e+00	1.184602e-01	6.921938e-01	3.031684e+00	9.744113e-01	5.338103e-02	8.969637e-02	8.413855e-01	3.914443e+00	1.002130e+00	7.503602e+00	7.040430e-01	2.454976e-01	2.072958e+00	7.998995e-01	1.041904e+00	6.919556e+01	1.467550e+02	2.958910e-01	1.196224e-02	2.219495e-13	
1  101.715	2.218384e+00	1.218843e-01	6.704948e-01	3.035929e+00	9.680845e-01	4.811448e-02	4.264123e-02	7.811906e-01	4.469014e+00	1.004484e+00	7.078685e+00	6.778484e-01	2.453101e-01	2.081157e+00	8.141995e-01	1.041907e+00	6.702402e+01	1.465730e+02	3.221529e-01	5.834505e-03	1.937779e-13	
4  102.6	2.244864e+00	1.238067e-01	7.040521e-01	3.056057e+00	9.695142e-01	6.191982e-02	3.417480e-01	4.661296e-01	4.267947e+00	1.006452e+00	8.519816e+00	7.035404e-01	2.454257e-01	2.124259e+00	8.207589e-01	1.042824e+00	7.040122e+01	1.443623e+02	2.965230e-01	4.385107e-02	-7.972298e-14	
2  102.148	2.256946e+00	1.253359e-01	7.111190e-01	3.061896e+00	9.734165e-01	6.885296e-02	4.473807e-01	2.903775e-01	4.759738e+00	1.004337e+00	9.195584e+00	7.062141e-01	2.454749e-01	2.136874e+00	8.257645e-01	1.042566e+00	7.111463e+01	1.433730e+02	2.938107e-01	5.652411e-02	1.360904e-14	
4  101.877	2.283835e+00	1.277556e-01	7.116427e-01	2.999604e+00	9.701979e-01	4.048450e-02	5.049961e-01	4.262726e-01	4.389142e+00	1.000128e+00	6.236061e+00	7.012028e-01	2.455868e-01	2.007446e+00	8.045356e-01	1.042503e+00	7.114610e+01	1.422379e+02	2.986716e-01	6.332374e-02	-1.331642e-13	
1  103.218	2.326059e+00	1.276928e-01	7.274148e-01	3.009829e+00	9.805780e-01	4.323811e-02	6.020593e-01	4.927175e-01	4.966840e+00	1.005121e+00	6.459263e+00	7.132956e-01	2.457591e-01	2.027947e+00	8.076183e-01	1.042584e+00	7.272006e+01	1.413783e+02	2.866095e-01	7.450973e-02	-6.556511e-14	
20  103.295	2.326059e+00	1.276928e-01	7.274148e-01	3.009829e+00	9.805780e-01	4.323811e-02	6.020593e-01	4.927175e-01	4.966840e+00	1.005265e+00	6.459263e+00	7.132956e-01	2.457591e-01	2.027947e+00	8.076183e-01	1.042584e+00	7.272006e+01	1.413783e+02	2.866095e-01	7.450973e-02	-6.556511e-14	
2  102.889	2.326059e+00	1.276928e-01	7.274148e-01	3.009829e+00	9.805780e-01	4.323811e-02	6.020593e-01	4.927175e-01	4.966840e+00	1.003249e+00	6.459263e+00	7.132956e-01	2.457591e-01	2.027947e+00	8.076183e-01	1.042584e+00	7.272006e+01	1.413783e+02	2.866095e-01	7.450973e-02	-6.556511e-14	
1  102.74	2.290013e+00	1.271982e-01	7.020755e-01	3.003096e+00	9.734670e-01	3.640188e-02	4.135127e-01	4.987905e-01	4.478687e+00	1.001960e+00	5.724090e+00	6.939136e-01	2.456114e-01	2.014585e+00	8.070751e-01	1.042058e+00	7.018383e+01	1.427257e+02	3.059075e-01	5.224133e-02	-8.366555e-14	
2  102.113	2.259107e+00	1.250396e-01	6.806495e-01	3.007379e+00	9.679634e-01	3.895827e-02	1.957143e-01	2.925636e-01	4.540604e+00	9.979648e-01	6.035997e+00	6.797342e-01	2.454818e-01	2.022913e+00	8.069200e-01	1.041801e+00	6.804264e+01	1.446033e+02	3.200465e-01	2.538614e-02	-4.211124e-14	
2  103.326	2.230424e+00	1.246129e-01	6.653759e-01	3.038404e+00	9.689888e-01	5.583609e-02	7.747633e-02	2.546500e-01	4.336025e+00	9.946131e-01	7.921246e+00	6.665645e-01	2.453577e-01	2.085675e+00	8.224969e-01	1.041658e+00	6.654684e+01	1.455764e+02	3.332008e-01	1.043704e-02	2.744598e-13	
2  102.935	2.236685e+00	1.256752e-01	6.759406e-01	3.050421e+00	9.683988e-01	6.324923e-02	1.756529e-01	9.439859e-02	4.432293e+00	9.944774e-01	8.682124e+00	6.745342e-01	2.453853e-01	2.111823e+00	8.285039e-01	1.042347e+00	6.761552e+01	1.447658e+02	3.254474e-01	2.315950e-02	2.056979e-13	
12  102.681	2.264204e+00	1.322273e-01	6.924899e-01	3.036623e+00	9.637830e-01	5.226899e-02	4.915857e-01	1.926225e-01	4.967668e+00	9.991143e-01	7.626643e+00	6.755129e-01	2.455028e-01	2.082971e+00	8.321500e-01	1.042351e+00	6.924895e+01	1.414153e+02	3.243480e-01	6.175083e-02	2.033841e-14	
3  102.761	2.310481e+00	1.316238e-01	7.118751e-01	3.045005e+00	9.704323e-01	5.865009e-02	6.052447e-01	5.326980e-03	4.952504e+00	1.000426e+00	8.182911e+00	6.931933e-01	2.456973e-01	2.100800e+00	8.313717e-01	1.042366e+00	7.118310e+01	1.405804e+02	3.067408e-01	7.494672e-02	-1.003456e-13	
6  102.819	2.345556e+00	1.310472e-01	7.525480e-01	3.018741e+00	9.832701e-01	5.166071e-02	9.079089e-01	5.932276e-02	4.368604e+00	1.004310e+00	7.406312e+00	7.259002e-01	2.458412e-01	2.046243e+00	8.135612e-01	1.042523e+00	7.524949e+01	1.390597e+02	2.740118e-01	1.086606e-01	-9.296033e-14	
1  102.854	2.345556e+00	1.310472e-01	7.525480e-01	3.018741e+00	9.832701e-01	5.166071e-02	9.079089e-01	5.932276e-02	4.368604e+00	1.004134e+00	7.406312e+00	7.259002e-01	2.458412e-01	2.046243e+00	8.135612e-01	1.042523e+00	7.524949e+01	1.390597e+02	2.740118e-01	1.086606e-01	-9.296033e-14	
1  105.331	2.353129e+00	1.324208e-01	7.407786e-01	3.027747e+00	9.751868e-01	4.401923e-02	8.426745e-01	1.700484e-01	3.836531e+00	1.010903e+00	6.575369e+00	7.142973e-01	2.458738e-01	2.064942e+00	8.203779e-01	1.042468e+00	7.409510e+01	1.389255e+02	2.855891e-01	1.016129e-01	-3.452279e-13	
2  104.672	2.336510e+00	1.341549e-01	7.352810e-01	3.064612e+00	9.667063e-01	6.162980e-02	8.643022e-01	1.516193e-01	3.560944e+00	1.009851e+00	8.482273e+00	7.072178e-01	2.458068e-01	2.142593e+00	8.380758e-01	1.042381e+00	7.355939e+01	1.386179e+02	2.928161e-01	1.042011e-01	-2.567191e-13	
6  105.631	2.284370e+00	1.331526e-01	6.946200e-01	3.081368e+00	9.575568e-01	6.129747e-02	5.333368e-01	4.719379e-02	3.345872e+00	1.009953e+00	8.524142e+00	6.750596e-01	2.455893e-01	2.179380e+00	8.494410e-01	1.041941e+00	6.948883e+01	1.407975e+02	3.250205e-01	6.719556e-02	-3.813297e-13	
4  105.39	2.284370e+00	1.331526e-01	6.946200e-01	3.081368e+00	9.575568e-01	6.129747e-02	5.333368e-01	4.719379e-02	3.345872e+00	1.010875e+00	8.524142e+00	6.750596e-01	2.455893e-01	2.179380e+00	8.494410e-01	1.041941e+00	6.948883e+01	1.407975e+02	3.250205e-01	6.719556e-02	-3.813297e-13	
1  104.858	2.282220e+00	1.323285e-01	6.972658e-01	3.077726e+00	9.595523e-01	6.300657e-02	5.527473e-01	6.260627e-02	4.077145e+00	1.009573e+00	8.688961e+00	6.792811e-01	2.455788e-01	2.171026e+00	8.450646e-01	1.041336e+00	6.973729e+01	1.409380e+02	3.208279e-01	6.930316e-02	3.333390e-15	
3  107.191	2.283687e+00	1.280404e-01	7.021134e-01	3.131497e+00	9.597433e-01	8.812920e-02	4.673801e-01	1.339343e-01	3.414238e+00	1.013033e+00	1.093304e+01	6.924973e-01	2.455821e-01	2.290549e+00	8.564985e-01	1.041314e+00	7.023006e+01	1.423636e+02	3.077234e-01	5.901721e-02	5.792082e-15	
1  105.113	2.310318e+00	1.340829e-01	7.229186e-01	3.109378e+00	9.634214e-01	8.594804e-02	7.946927e-01	1.745451e-01	3.769804e+00	1.007505e+00	1.079897e+01	6.979178e-01	2.456952e-01	2.240826e+00	8.580238e-01	1.041787e+00	7.231866e+01	1.391964e+02	3.023304e-01	9.672211e-02	4.707426e-14	
2  105.204	2.334846e+00	1.295445e-01	7.468347e-01	3.072025e+00	9.743739e-01	7.439976e-02	8.525492e-01	7.795851e-03	3.924993e+00	1.008015e+00	9.612316e+00	7.248317e-01	2.457984e-01	2.159082e+00	8.285022e-01	1.041543e+00	7.472530e+01	1.397588e+02	2.751898e-01	1.029483e-01	1.319401e-13	
1  104.248	2.285217e+00	1.286087e-01	7.316863e-01	3.063838e+00	9.742533e-01	7.175966e-02	7.357690e-01	3.159436e-02	3.422733e+00	1.005618e+00	9.464972e+00	7.159438e-01	2.455937e-01	2.141595e+00	8.272815e-01	1.041490e+00	7.318439e+01	1.410083e+02	2.840012e-01	8.995887e-02	1.272652e-14	
1  103.711	2.324735e+00	1.280754e-01	7.452719e-01	3.058120e+00	9.826673e-01	7.817925e-02	7.952559e-01	1.930794e-01	3.629319e+00	9.992796e-01	9.945977e+00	7.265427e-01	2.457559e-01	2.130232e+00	8.229967e-01	1.041760e+00	7.455176e+01	1.404614e+02	2.734250e-01	9.659653e-02	-2.020385e-13	
3  105.019	2.332575e+00	1.302593e-01	7.417235e-01	3.030176e+00	9.768820e-01	7.010095e-02	8.307182e-01	2.131576e-01	3.245383e+00	9.919598e-01	9.228633e+00	7.196225e-01	2.457873e-01	2.070764e+00	8.153155e-01	1.041593e+00	7.418764e+01	1.397197e+02	2.804201e-01	1.003944e-01	-6.267827e-13	
2  103.278	2.367810e+00	1.321667e-01	7.642593e-01	3.036891e+00	9.838749e-01	6.632876e-02	1.030156e+00	4.187176e-01	2.337575e+00	1.001610e+00	8.851922e+00	7.320061e-01	2.459319e-01	2.084662e+00	8.203228e-01	1.042362e+00	7.643504e+01	1.380757e+02	2.679847e-01	1.216636e-01	-1.126071e-14	
1  103.928	2.370611e+00	1.272020e-01	7.574631e-01	3.062921e+00	9.871868e-01	7.532426e-02	8.163375e-01	5.060494e-01	2.984201e+00	1.004721e+00	9.578125e+00	7.359346e-01	2.459415e-01	2.139691e+00	8.215828e-01	1.042323e+00	7.578410e+01	1.400938e+02	2.640411e-01	9.892904e-02	3.165156e-14	
7  106.181	2.384807e+00	1.270693e-01	7.623705e-01	3.044303e+00	9.964048e-01	6.351530e-02	8.355107e-01	8.021448e-01	2.172777e+00	1.008288e+00	8.447469e+00	7.392222e-01	2.459948e-01	2.099793e+00	8.156629e-01	1.042518e+00	7.626411e+01	1.398948e+02	2.607352e-01	1.009117e-01	1.398040e-13	
6  105.156	2.371839e+00	1.297862e-01	7.790687e-01	3.075609e+00	9.928168e-01	8.331648e-02	1.073114e+00	5.317849e-01	2.880944e+00	1.008113e+00	1.034461e+01	7.463390e-01	2.459483e-01	2.167360e+00	8.300865e-01	1.042593e+00	7.794466e+01	1.383843e+02	2.535588e-01	1.264318e-01	1.033392e-13	
4  105.925	2.365526e+00	1.330786e-01	7.900306e-01	3.033174e+00	9.963184e-01	6.326716e-02	1.268686e+00	5.928586e-01	2.730998e+00	1.009685e+00	8.591989e+00	7.480063e-01	2.459239e-01	2.077137e+00	8.196175e-01	1.042844e+00	7.899989e+01	1.369258e+02	2.518189e-01	1.462862e-01	1.205188e-13	
4  104.208	2.391954e+00	1.334020e-01	7.865022e-01	3.022357e+00	9.871581e-01	5.747315e-02	1.218779e+00	7.387991e-01	2.131204e+00	1.006646e+00	7.973814e+00	7.444032e-01	2.460275e-01	2.053852e+00	8.136868e-01	1.043032e+00	7.864590e+01	1.367938e+02	2.553902e-01	1.409791e-01	1.114443e-13	
8  104.938	2.391954e+00	1.334020e-01	7.865022e-01	3.022357e+00	9.871581e-01	5.747315e-02	1.218779e+00	7.387991e-01	2.131204e+00	1.003836e+00	7.973814e+00	7.444032e-01	2.460275e-01	2.053852e+00	8.136868e-01	1.043032e+00	7.864590e+01	1.367938e+02	2.553902e-01	1.409791e-01	1.114443e-13	
14  105.724	2.393796e+00	1.334951e-01	7.747406e-01	3.023725e+00	9.772914e-01	5.448062e-02	1.134992e+00	9.766053e-01	2.058034e+00	1.003876e+00	7.663777e+00	7.363142e-01	2.460339e-01	2.056270e+00	8.130299e-01	1.042507e+00	7.748315e+01	1.370833e+02	2.635200e-01	1.324900e-01	1.894602e-13	
4  106.499	2.385700e+00	1.392294e-01	7.944787e-01	2.984991e+00	9.844517e-01	4.341618e-02	1.502838e+00	6.714726e-01	2.131070e+00	1.001771e+00	6.587158e+00	7.404411e-01	2.460054e-01	1.978679e+00	8.075638e-01	1.042221e+00	7.940063e+01	1.344752e+02	2.594512e-01	1.685765e-01	9.426065e-14	
1  106.05	2.391247e+00	1.475868e-01	7.988311e-01	3.033663e+00	9.789496e-01	6.722019e-02	1.772469e+00	5.387820e-01	3.253406e+00	1.000164e+00	9.144885e+00	7.302861e-01	2.460312e-01	2.078567e+00	8.434170e-01	1.042895e+00	7.985818e+01	1.317083e+02	2.699412e-01	1.923073e-01	4.452053e-13	
1  105.992	2.384172e+00	1.447085e-01	8.088971e-01	3.033054e+00	9.842983e-01	6.743753e-02	1.746929e+00	4.450757e-01	3.604600e+00	1.002384e+00	9.141994e+00	7.412974e-01	2.460034e-01	2.077085e+00	8.382466e-01	1.043910e+00	8.085494e+01	1.324823e+02	2.583865e-01	1.900581e-01	3.030995e-13	
1  105.073	2.379600e+00	1.431228e-01	7.963890e-01	3.029902e+00	9.842806e-01	6.401195e-02	1.600411e+00	3.946772e-01	4.850225e+00	1.001926e+00	8.798780e+00	7.357078e-01	2.459834e-01	2.070329e+00	8.362662e-01	1.043609e+00	7.961590e+01	1.333744e+02	2.641289e-01	1.767840e-01	1.483082e-13	
1  104.41	2.358838e+00	1.383400e-01	7.761183e-01	3.040333e+00	9.769654e-01	6.309139e-02	1.312330e+00	4.483230e-01	4.354859e+00	1.004270e+00	8.665330e+00	7.300204e-01	2.458995e-01	2.091361e+00	8.316965e-01	1.043003e+00	7.761973e+01	1.356723e+02	2.699062e-01	1.501312e-01	7.485226e-14	
2  103.853	2.358838e+00	1.383400e-01	7.761183e-01	3.040333e+00	9.769654e-01	6.309139e-02	1.312330e+00	4.483230e-01	4.354859e+00	1.005910e+00	8.665330e+00	7.300204e-01	2.458995e-01	2.091361e+00	8.316965e-01	1.043003e+00	7.761973e+01	1.356723e+02	2.699062e-01	1.501312e-01	7.485226e-14	
5  104.352	2.386257e+00	1.402929e-01	7.882398e-01	3.030305e+00	9.800300e-01	6.009071e-02	1.448921e+00	4.512604e-01	3.744942e+00	1.005442e+00	8.351979e+00	7.345916e-01	2.460095e-01	2.070621e+00	8.300000e-01	1.043179e+00	7.882588e+01	1.344559e+02	2.653232e-01	1.630131e-01	6.379402e-14	
8  104.903	2.362652e+00	1.403832e-01	7.721867e-01	3.067355e+00	9.810371e-01	7.433688e-02	1.345023e+00	7.559242e-01	3.937856e+00	1.007155e+00	9.772436e+00	7.239213e-01	2.459144e-01	2.149679e+00	8.496444e-01	1.042741e+00	7.724237e+01	1.350449e+02	2.761060e-01	1.532698e-01	1.334490e-13	
3  104.951	2.364352e+00	1.366449e-01	7.774852e-01	3.098823e+00	9.825016e-01	9.435328e-02	1.280408e+00	8.597044e-01	3.553352e+00	1.005350e+00	1.143843e+01	7.339614e-01	2.459203e-01	2.217686e+00	8.531989e-01	1.042594e+00	7.774741e+01	1.360761e+02	2.660953e-01	1.473547e-01	3.410686e-13	
1  104.745	2.329601e+00	1.326350e-01	7.498577e-01	3.099380e+00	9.730638e-01	8.600568e-02	9.542301e-01	8.993808e-01	4.127974e+00	1.008257e+00	1.073401e+01	7.216692e-01	2.457770e-01	2.218455e+00	8.476025e-01	1.042312e+00	7.500914e+01	1.386655e+02	2.783701e-01	1.140026e-01	3.074363e-13	
3  104.803	2.311357e+00	1.347064e-01	7.493553e-01	3.111764e+00	9.733029e-01	9.481199e-02	1.016083e+00	7.785324e-01	3.680531e+00	1.005711e+00	1.158200e+01	7.177679e-01	2.457004e-01	2.245931e+00	8.589404e-01	1.042725e+00	7.493200e+01	1.381142e+02	2.821707e-01	1.204668e-01	3.637504e-13	
3  104.837	2.336942e+00	1.319994e-01	7.633783e-01	3.112249e+00	9.825545e-01	9.712683e-02	1.018501e+00	7.122449e-01	3.049192e+00	1.006815e+00	1.165633e+01	7.323698e-01	2.458067e-01	2.246479e+00	8.528581e-01	1.043180e+00	7.632887e+01	1.384443e+02	2.673655e-01	1.207684e-01	2.369225e-13	
1  105.909	2.343762e+00	1.312462e-01	7.622121e-01	3.056795e+00	9.848222e-01	6.178328e-02	9.868793e-01	6.956255e-01	3.143548e+00	1.013974e+00	8.451414e+00	7.326230e-01	2.458358e-01	2.125409e+00	8.284162e-01	1.042925e+00	7.624845e+01	1.386970e+02	2.672043e-01	1.175691e-01	-1.455051e-13	
4  106.549	2.311105e+00	1.311708e-01	7.446648e-01	3.034899e+00	9.769008e-01	4.534473e-02	8.565527e-01	8.056878e-01	3.861082e+00	1.015517e+00	6.786600e+00	7.203372e-01	2.457035e-01	2.078866e+00	8.215013e-01	1.043038e+00	7.447233e+01	1.396022e+02	2.794826e-01	1.037655e-01	-5.698502e-13	
2  106.826	2.311105e+00	1.311708e-01	7.446648e-01	3.034899e+00	9.769008e-01	4.534473e-02	8.565527e-01	8.056878e-01	3.861082e+00	1.014839e+00	6.786600e+00	7.203372e-01	2.457035e-01	2.078866e+00	8.215013e-01	1.043038e+00	7.447233e+01	1.396022e+02	2.794826e-01	1.037655e-01	-5.698502e-13	
1  104.533	2.329403e+00	1.329832e-01	7.423556e-01	3.061996e+00	9.755572e-01	6.219807e-02	8.766083e-01	6.166340e-01	4.800495e+00	1.009900e+00	8.537764e+00	7.150812e-01	2.457775e-01	2.136773e+00	8.368559e-01	1.043030e+00	7.425457e+01	1.389098e+02	2.847989e-01	1.055213e-01	-3.143269e-13	
1  103.053	2.282918e+00	1.282431e-01	7.142053e-01	3.041458e+00	9.758100e-01	5.175129e-02	5.418787e-01	5.489310e-01	4.160411e+00	1.006969e+00	7.472019e+00	7.023270e-01	2.455841e-01	2.093106e+00	8.240033e-01	1.042534e+00	7.140516e+01	1.419539e+02	2.975808e-01	6.787584e-02	-7.558986e-14	
20  102.28	2.237363e+00	1.247273e-01	6.744185e-01	3.019219e+00	9.680845e-01	4.325655e-02	1.596676e-01	5.032590e-01	4.049658e+00	9.982612e-01	6.561099e+00	6.748445e-01	2.453895e-01	2.046436e+00	8.122244e-01	1.041461e+00	6.741537e+01	1.450822e+02	3.248739e-01	2.084820e-02	1.024486e-13	
4  102.499	2.216709e+00	1.227860e-01	6.792682e-01	3.014886e+00	9.693040e-01	4.986989e-02	1.421586e-01	3.583077e-01	3.857990e+00	9.921898e-01	7.312047e+00	6.841982e-01	2.453026e-01	2.037395e+00	8.064770e-01	1.042068e+00	6.793319e+01	1.458659e+02	3.157758e-01	1.876377e-02	-2.830112e-14	
2  102.85	2.193840e+00	1.246741e-01	6.663255e-01	3.017910e+00	9.587122e-01	4.809824e-02	1.076846e-01	3.622649e-01	4.409430e+00	9.917631e-01	7.196882e+00	6.682390e-01	2.452045e-01	2.043494e+00	8.119847e-01	1.041958e+00	6.665606e+01	1.457929e+02	3.317425e-01	1.426127e-02	1.908159e-14	
2  102.586	2.193840e+00	1.246741e-01	6.663255e-01	3.017910e+00	9.587122e-01	4.809824e-02	1.076846e-01	3.622649e-01	4.409430e+00	9.924402e-01	7.196882e+00	6.682390e-01	2.452045e-01	2.043494e+00	8.119847e-01	1.041958e+00	6.665606e+01	1.457929e+02	3.317425e-01	1.426127e-02	1.908159e-14	
4  103.055	2.210719e+00	1.257942e-01	6.899602e-01	3.012196e+00	9.710879e-01	4.751136e-02	3.273851e-01	4.015049e-01	4.473557e+00	9.961896e-01	7.122363e+00	6.875852e-01	2.452787e-01	2.031522e+00	8.108408e-01	1.042162e+00	6.899275e+01	1.442926e+02	3.123746e-01	4.193927e-02	-1.306983e-13	
1  104.66	2.181175e+00	1.235537e-01	6.756942e-01	2.994481e+00	9.674813e-01	3.105825e-02	1.793071e-01	4.235901e-01	4.235317e+00	1.001869e+00	5.217331e+00	6.795571e-01	2.451546e-01	1.995982e+00	7.999832e-01	1.041487e+00	6.755307e+01	1.458873e+02	3.204437e-01	2.319149e-02	-4.178364e-13	
1  103.364	2.198485e+00	1.231461e-01	6.672731e-01	2.970708e+00	9.630519e-01	1.795290e-02	9.086503e-02	4.235072e-01	3.870601e+00	1.000213e+00	3.496524e+00	6.722825e-01	2.452260e-01	1.951103e+00	7.892901e-01	1.041132e+00	6.671935e+01	1.462710e+02	3.277650e-01	1.189105e-02	2.612446e-13	
2  104.774	2.153571e+00	1.245253e-01	6.495766e-01	3.051392e+00	9.598266e-01	5.742305e-02	2.243257e-02	4.299236e-01	4.464573e+00	9.983107e-01	8.256766e+00	6.519245e-01	2.450231e-01	2.111687e+00	8.280520e-01	1.040791e+00	6.499275e+01	1.467029e+02	3.479526e-01	2.573721e-03	-3.290288e-14	
1  104.898	2.153571e+00	1.245253e-01	6.495766e-01	3.051392e+00	9.598266e-01	5.742305e-02	2.243257e-02	4.299236e-01	4.464573e+00	9.999856e-01	8.256766e+00	6.519245e-01	2.450231e-01	2.111687e+00	8.280520e-01	1.040791e+00	6.499275e+01	1.467029e+02	3.479526e-01	2.573721e-03	-3.290288e-14	
9  104.332	2.173195e+00	1.224824e-01	6.684935e-01	3.041450e+00	9.683323e-01	5.754072e-02	9.879753e-02	5.793079e-01	3.708120e+00	9.998938e-01	8.201259e+00	6.753153e-01	2.451135e-01	2.091571e+00	8.179368e-01	1.041220e+00	6.685860e+01	1.466396e+02	3.246071e-01	1.262699e-02	-1.834471e-13	
3  105.652	2.173195e+00	1.224824e-01	6.684935e-01	3.041450e+00	9.683323e-01	5.754072e-02	9.879753e-02	5.793079e-01	3.708120e+00	1.001800e+00	8.201259e+00	6.753153e-01	2.451135e-01	2.091571e+00	8.179368e-01	1.041220e+00	6.685860e+01	1.466396e+02	3.246071e-01	1.262699e-02	-1.834471e-13	
5  105.744	2.196201e+00	1.208333e-01	6.790840e-01	3.005932e+00	9.690511e-01	4.698505e-02	1.263358e-01	6.822805e-01	4.159980e+00	9.974215e-01	7.010491e+00	6.884477e-01	2.452148e-01	2.018722e+00	7.967449e-01	1.041095e+00	6.790528e+01	1.466710e+02	3.112621e-01	1.638860e-02	-6.411042e-13	
1  103.709	2.211912e+00	1.209625e-01	6.787427e-01	3.028079e+00	9.659975e-01	5.663872e-02	1.039962e-01	6.022319e-01	4.483999e+00	9.971018e-01	8.003322e+00	6.877943e-01	2.452817e-01	2.064835e+00	8.054906e-01	1.041473e+00	6.788026e+01	1.465841e+02	3.120882e-01	1.361740e-02	-2.103895e-13	
1  104.582	2.252295e+00	1.260199e-01	7.144953e-01	2.993790e+00	9.796611e-01	3.911782e-02	5.092667e-01	5.348026e-01	4.258863e+00	1.003771e+00	6.107362e+00	7.075307e-01	2.454561e-01	1.995012e+00	8.005720e-01	1.042285e+00	7.142367e+01	1.429664e+02	2.923958e-01	6.397442e-02	-2.384346e-13	
3  103.879	2.252295e+00	1.260199e-01	7.144953e-01	2.993790e+00	9.796611e-01	3.911782e-02	5.092667e-01	5.348026e-01	4.258863e+00	1.002917e+00	6.107362e+00	7.075307e-01	2.454561e-01	1.995012e+00	8.005720e-01	1.042285e+00	7.142367e+01	1.429664e+02	2.923958e-01	6.397442e-02	-2.384346e-13	
1  107.08	2.226423e+00	1.228863e-01	7.116202e-01	2.951096e+00	9.765083e-01	1.384535e-02	4.110748e-01	4.772051e-01	2.951540e+00	1.007288e+00	2.919452e+00	7.120091e-01	2.453501e-01	1.912966e+00	7.763470e-01	1.042223e+00	7.116068e+01	1.444733e+02	2.883352e-01	5.320730e-02	3.805194e-13	
6  107.376	2.242207e+00	1.214091e-01	7.186096e-01	2.944050e+00	9.804063e-01	1.154254e-02	4.029364e-01	5.718446e-01	2.691856e+00	1.007415e+00	2.569751e+00	7.203535e-01	2.454132e-01	1.899688e+00	7.698662e-01	1.042530e+00	7.186111e+01	1.447022e+02	2.801175e-01	5.258939e-02	8.141983e-13	
2  107.736	2.242207e+00	1.214091e-01	7.186096e-01	2.944050e+00	9.804063e-01	1.154254e-02	4.029364e-01	5.718446e-01	2.691856e+00	1.007893e+00	2.569751e+00	7.203535e-01	2.454132e-01	1.899688e+00	7.698662e-01	1.042530e+00	7.186111e+01	1.447022e+02	2.801175e-01	5.258939e-02	8.141983e-13	
1  104.359	2.243834e+00	1.241986e-01	7.096206e-01	2.984303e+00	9.752741e-01	3.069487e-02	4.160116e-01	4.721154e-01	3.568382e+00	1.005701e+00	5.094384e+00	7.073238e-01	2.454223e-01	1.976862e+00	7.925273e-01	1.042363e+00	7.094836e+01	1.439313e+02	2.926801e-01	5.301778e-02	-3.301222e-13	
3  103.496	2.263115e+00	1.249815e-01	7.093582e-01	2.982716e+00	9.752257e-01	3.045509e-02	4.173495e-01	3.708099e-01	3.949376e+00	1.003937e+00	5.040771e+00	7.052519e-01	2.455011e-01	1.974067e+00	7.937793e-01	1.042521e+00	7.092605e+01	1.435359e+02	2.947611e-01	5.301093e-02	-2.316713e-13	
5  103.121	2.304751e+00	1.296453e-01	7.262815e-01	2.994471e+00	9.752300e-01	4.037536e-02	6.612130e-01	1.511746e-01	3.710756e+00	1.001002e+00	6.220971e+00	7.091487e-01	2.456737e-01	1.997167e+00	8.053079e-01	1.042854e+00	7.261481e+01	1.408739e+02	2.907225e-01	8.131602e-02	-2.005193e-13	
1  104.977	2.383048e+00	1.306877e-01	7.816048e-01	3.050400e+00	9.884103e-01	7.332088e-02	1.090622e+00	2.719726e-01	4.099744e+00	1.006491e+00	9.439527e+00	7.459533e-01	2.459931e-01	2.112741e+00	8.209076e-01	1.043318e+00	7.817928e+01	1.380060e+02	2.539152e-01	1.279021e-01	-1.811925e-14	
3  106.685	2.405261e+00	1.289724e-01	7.798437e-01	3.078089e+00	9.937298e-01	8.314323e-02	9.968543e-01	2.478132e-01	4.845183e+00	1.009257e+00	1.021263e+01	7.473161e-01	2.460805e-01	2.171119e+00	8.303370e-01	1.043502e+00	7.801877e+01	1.385504e+02	2.525853e-01	1.180072e-01	-4.401356e-13	
2  104.579	2.353225e+00	1.281480e-01	7.653446e-01	3.095648e+00	9.869339e-01	9.491494e-02	9.043976e-01	1.513920e-01	3.670281e+00	1.005324e+00	1.132057e+01	7.400667e-01	2.458729e-01	2.209952e+00	8.369496e-01	1.043093e+00	7.654057e+01	1.396480e+02	2.597484e-01	1.085238e-01	5.751718e-14	
2  104.384	2.289549e+00	1.265275e-01	7.272760e-01	3.108601e+00	9.727854e-01	9.022265e-02	5.821592e-01	3.326119e-01	3.249114e+00	1.008289e+00	1.106908e+01	7.162868e-01	2.456109e-01	2.238834e+00	8.442432e-01	1.043040e+00	7.272952e+01	1.421212e+02	2.835624e-01	7.241491e-02	-7.544458e-15	
1  103.689	2.353551e+00	1.282608e-01	7.614476e-01	3.056587e+00	9.821462e-01	7.536589e-02	8.803226e-01	8.638216e-03	2.884548e+00	1.004125e+00	9.635986e+00	7.370875e-01	2.458747e-01	2.125885e+00	8.201148e-01	1.042890e+00	7.617060e+01	1.397442e+02	2.628107e-01	1.058670e-01	5.418025e-14	
2  102.985	2.353551e+00	1.282608e-01	7.614476e-01	3.056587e+00	9.821462e-01	7.536589e-02	8.803226e-01	8.638216e-03	2.884548e+00	1.002798e+00	9.635986e+00	7.370875e-01	2.458747e-01	2.125885e+00	8.201148e-01	1.042890e+00	7.617060e+01	1.397442e+02	2.628107e-01	1.058670e-01	5.418025e-14	
8  103.523	2.334781e+00	1.317372e-01	7.599916e-01	3.035241e+00	9.789348e-01	7.259896e-02	9.939849e-01	2.996118e-04	2.219524e+00	9.953366e-01	9.485843e+00	7.303328e-01	2.457994e-01	2.081316e+00	8.191396e-01	1.042828e+00	7.600135e+01	1.386611e+02	2.696742e-01	1.178402e-01	-7.856451e-15	
10  103.427	2.334781e+00	1.317372e-01	7.599916e-01	3.035241e+00	9.789348e-01	7.259896e-02	9.939849e-01	2.996118e-04	2.219524e+00	9.939137e-01	9.485843e+00	7.303328e-01	2.457994e-01	2.081316e+00	8.191396e-01	1.042828e+00	7.600135e+01	1.386611e+02	2.696742e-01	1.178402e-01	-7.856451e-15	
1  103.405	2.334781e+00	1.317372e-01	7.599916e-01	3.035241e+00	9.789348e-01	7.259896e-02	9.939849e-01	2.996118e-04	2.219524e+00	9.940444e-01	9.485843e+00	7.303328e-01	2.457994e-01	2.081316e+00	8.191396e-01	1.042828e+00	7.600135e+01	1.386611e+02	2.696742e-01	1.178402e-01	-7.856451e-15	
16  103.206	2.308065e+00	1.327708e-01	7.349049e-01	3.066203e+00	9.684861e-01	8.032631e-02	8.350392e-01	6.754962e-02	2.244766e+00	9.951582e-01	1.026926e+01	7.102149e-01	2.456877e-01	2.146594e+00	8.370688e-01	1.042664e+00	7.349487e+01	1.393657e+02	2.898592e-01	1.006804e-01	1.164692e-13	
1  103.996	2.308888e+00	1.314404e-01	7.260319e-01	3.046423e+00	9.767505e-01	7.443479e-02	7.232022e-01	2.318210e-01	2.534317e+00	9.908415e-01	9.716690e+00	7.055378e-01	2.456883e-01	2.104350e+00	8.303623e-01	1.042431e+00	7.260554e+01	1.401434e+02	2.945171e-01	8.832211e-02	-1.591468e-13	
7  104.192	2.263603e+00	1.254645e-01	6.957222e-01	3.086765e+00	9.710654e-01	8.955601e-02	3.142874e-01	5.021235e-01	2.340324e+00	9.906570e-01	1.103174e+01	6.925160e-01	2.454976e-01	2.191048e+00	8.391821e-01	1.042506e+00	6.957612e+01	1.438875e+02	3.074599e-01	4.051509e-02	2.235677e-14	
1  104.091	2.263536e+00	1.273918e-01	6.938518e-01	3.059761e+00	9.741466e-01	7.161990e-02	3.471231e-01	6.335223e-01	2.858272e+00	9.940238e-01	9.473804e+00	6.869490e-01	2.454980e-01	2.132312e+00	8.345664e-01	1.042799e+00	6.939770e+01	1.432507e+02	3.129856e-01	4.463572e-02	3.109097e-13	
1  105.581	2.278958e+00	1.244533e-01	6.816200e-01	3.024949e+00	9.743770e-01	5.244210e-02	1.459599e-01	7.998563e-01	3.047585e+00	9.929736e-01	7.454333e+00	6.815549e-01	2.455636e-01	2.058403e+00	8.155148e-01	1.042645e+00	6.815612e+01	1.447686e+02	3.182931e-01	1.960936e-02	3.708018e-13	
3  105.222	2.306682e+00	1.278028e-01	7.108072e-01	3.034604e+00	9.807564e-01	6.672292e-02	4.861206e-01	7.498651e-01	2.868458e+00	9.903588e-01	8.924190e+00	6.999214e-01	2.456769e-01	2.078874e+00	8.217055e-01	1.042307e+00	7.107854e+01	1.420829e+02	3.000150e-01	6.120573e-02	-1.064334e-14	
3  105.242	2.306682e+00	1.278028e-01	7.108072e-01	3.034604e+00	9.807564e-01	6.672292e-02	4.861206e-01	7.498651e-01	2.868458e+00	9.912810e-01	8.924190e+00	6.999214e-01	2.456769e-01	2.078874e+00	8.217055e-01	1.042307e+00	7.107854e+01	1.420829e+02	3.000150e-01	6.120573e-02	-1.064334e-14	
1  108.01	2.336753e+00	1.312295e-01	7.041035e-01	2.974865e+00	9.690243e-01	2.593139e-02	5.174728e-01	3.820824e-01	3.344938e+00	9.968473e-01	4.447494e+00	6.866343e-01	2.458021e-01	1.959564e+00	8.019710e-01	1.041907e+00	7.042484e+01	1.407992e+02	3.131020e-01	6.400401e-02	-3.902923e-13	
4  107.038	2.377479e+00	1.266626e-01	7.253735e-01	3.019971e+00	9.798677e-01	5.273777e-02	5.173174e-01	3.448579e-01	3.205361e+00	9.975505e-01	7.356355e+00	7.124182e-01	2.459677e-01	2.048419e+00	8.082032e-01	1.042375e+00	7.253754e+01	1.414731e+02	2.874589e-01	6.462462e-02	-1.936799e-13	
1  108.723	2.355367e+00	1.256071e-01	7.186486e-01	2.945498e+00	9.814598e-01	1.491519e-02	4.368220e-01	3.571102e-01	4.023374e+00	9.978660e-01	2.914150e+00	7.099038e-01	2.458682e-01	1.903472e+00	7.790005e-01	1.042671e+00	7.190076e+01	1.423620e+02	2.903538e-01	5.462880e-02	4.116859e-13	
