2  104.7	2.368849e+00	1.376335e-01	7.869598e-01	3.034689e+00	9.778928e-01	6.300152e-02	1.356789e+00	8.067834e-01	4.113148e+00	1.005505e+00	8.598442e+00	7.383973e-01	2.459286e-01	2.078547e+00	8.261837e-01	1.043624e+00	7.868327e+01	1.355481e+02	2.615528e-01	1.541617e-01	-1.067210e-13	
5  102.092	2.302377e+00	1.302173e-01	7.357458e-01	3.034111e+00	9.706321e-01	5.559455e-02	7.672296e-01	6.676177e-01	3.904284e+00	1.004499e+00	7.888171e+00	7.156833e-01	2.456654e-01	2.077931e+00	8.184881e-01	1.042722e+00	7.358472e+01	1.402974e+02	2.840422e-01	9.345135e-02	-4.232105e-13	
1  103.491	2.266789e+00	1.295784e-01	7.258850e-01	3.086330e+00	9.711608e-01	8.009996e-02	6.918774e-01	5.235976e-01	3.698816e+00	1.005349e+00	1.029838e+01	7.096656e-01	2.455065e-01	2.188892e+00	8.419407e-01	1.042722e+00	7.261179e+01	1.411357e+02	2.902244e-01	8.534487e-02	-1.122210e-13	
7  102.105	2.251751e+00	1.256599e-01	7.009645e-01	3.051807e+00	9.591532e-01	5.971692e-02	3.829424e-01	2.071958e-01	4.290760e+00	1.003134e+00	8.333429e+00	6.972691e-01	2.454347e-01	2.116132e+00	8.196558e-01	1.042254e+00	7.011317e+01	1.436266e+02	3.024443e-01	4.859364e-02	-6.597109e-13	
2  102.505	2.251751e+00	1.256599e-01	7.009645e-01	3.051807e+00	9.591532e-01	5.971692e-02	3.829424e-01	2.071958e-01	4.290760e+00	1.001917e+00	8.333429e+00	6.972691e-01	2.454347e-01	2.116132e+00	8.196558e-01	1.042254e+00	7.011317e+01	1.436266e+02	3.024443e-01	4.859364e-02	-6.597109e-13	
4  103.164	2.304174e+00	1.301417e-01	7.233164e-01	3.018763e+00	9.615784e-01	4.615966e-02	6.528808e-01	5.215043e-01	3.595872e+00	1.000860e+00	6.900723e+00	7.060906e-01	2.456771e-01	2.046067e+00	8.120308e-01	1.042801e+00	7.235615e+01	1.407728e+02	2.934142e-01	8.084991e-02	-9.561095e-13	
3  105.563	2.326859e+00	1.310502e-01	7.244098e-01	3.004909e+00	9.606103e-01	3.911638e-02	6.541185e-01	5.342469e-01	3.932149e+00	9.992819e-01	6.093887e+00	7.048076e-01	2.457776e-01	2.016285e+00	8.083757e-01	1.043350e+00	7.247870e+01	1.403037e+02	2.945501e-01	8.143403e-02	-1.098778e-12	
1  104.125	2.356314e+00	1.255392e-01	7.340877e-01	3.048625e+00	9.761385e-01	6.115363e-02	5.493668e-01	3.181574e-01	4.545063e+00	1.002825e+00	8.210124e+00	7.221270e-01	2.458906e-01	2.108816e+00	8.154978e-01	1.043226e+00	7.340065e+01	1.418149e+02	2.777599e-01	6.861280e-02	-1.828987e-13	
1  103.802	2.356314e+00	1.255392e-01	7.340877e-01	3.048625e+00	9.761385e-01	6.115363e-02	5.493668e-01	3.181574e-01	4.545063e+00	1.003655e+00	8.210124e+00	7.221270e-01	2.458906e-01	2.108816e+00	8.154978e-01	1.043226e+00	7.340065e+01	1.418149e+02	2.777599e-01	6.861280e-02	-1.828987e-13	
2  104.873	2.385565e+00	1.280862e-01	7.706345e-01	3.018700e+00	9.927827e-01	5.428079e-02	9.070531e-01	1.896632e-02	4.913854e+00	1.004541e+00	7.543169e+00	7.429978e-01	2.460031e-01	2.046406e+00	8.061247e-01	1.043518e+00	7.705495e+01	1.393567e+02	2.566909e-01	1.084844e-01	-2.191473e-13	
3  104.082	2.356942e+00	1.275353e-01	7.636859e-01	3.016789e+00	9.897664e-01	5.151456e-02	8.613346e-01	2.580508e-02	3.672876e+00	1.005934e+00	7.325869e+00	7.397150e-01	2.458923e-01	2.042459e+00	8.047406e-01	1.043302e+00	7.636194e+01	1.399633e+02	2.599154e-01	1.038119e-01	-3.966894e-13	
1  104.333	2.350082e+00	1.268794e-01	7.625018e-01	3.021823e+00	9.960364e-01	6.346384e-02	8.581845e-01	4.536501e-01	2.780905e+00	9.987655e-01	8.511479e+00	7.400841e-01	2.458649e-01	2.053251e+00	8.066178e-01	1.042596e+00	7.623942e+01	1.402161e+02	2.598215e-01	1.030590e-01	-2.518602e-13	
2  102.368	2.325380e+00	1.243893e-01	7.344089e-01	3.024456e+00	9.847094e-01	5.592720e-02	5.648586e-01	6.154822e-01	2.630974e+00	1.000779e+00	7.773657e+00	7.249836e-01	2.457653e-01	2.058614e+00	8.048134e-01	1.042462e+00	7.344296e+01	1.423535e+02	2.748019e-01	7.057711e-02	-4.607562e-13	
1  104.276	2.351725e+00	1.227574e-01	7.363819e-01	2.998744e+00	9.814053e-01	4.092653e-02	5.089312e-01	4.734960e-01	3.224524e+00	1.002013e+00	6.152778e+00	7.288651e-01	2.458805e-01	2.004669e+00	7.883896e-01	1.042498e+00	7.365134e+01	1.426758e+02	2.705450e-01	6.488860e-02	-1.127555e-12	
4  104.506	2.351725e+00	1.227574e-01	7.363819e-01	2.998744e+00	9.814053e-01	4.092653e-02	5.089312e-01	4.734960e-01	3.224524e+00	1.004122e+00	6.152778e+00	7.288651e-01	2.458805e-01	2.004669e+00	7.883896e-01	1.042498e+00	7.365134e+01	1.426758e+02	2.705450e-01	6.488860e-02	-1.127555e-12	
2  105.269	2.362709e+00	1.247754e-01	7.565334e-01	2.993018e+00	9.822171e-01	5.029201e-02	7.416740e-01	4.158657e-01	3.887475e+00	9.971676e-01	7.145324e+00	7.394411e-01	2.459219e-01	1.994355e+00	7.858717e-01	1.042246e+00	7.566040e+01	1.410719e+02	2.602502e-01	9.081147e-02	-4.445736e-13	
2  105.087	2.358719e+00	1.262715e-01	7.696965e-01	3.011849e+00	9.808416e-01	5.817823e-02	8.946628e-01	5.186396e-01	3.058973e+00	1.001036e+00	7.966547e+00	7.458355e-01	2.459015e-01	2.032441e+00	7.937155e-01	1.042555e+00	7.695974e+01	1.400898e+02	2.540678e-01	1.072016e-01	-1.672436e-13	
9  105.395	2.338212e+00	1.265124e-01	7.619979e-01	2.987635e+00	9.757931e-01	4.545150e-02	8.434895e-01	5.237450e-01	2.011775e+00	9.998500e-01	6.734688e+00	7.405525e-01	2.458268e-01	1.982911e+00	7.858378e-01	1.042910e+00	7.620458e+01	1.404458e+02	2.590964e-01	1.022756e-01	-5.782861e-13	
1  104.025	2.322765e+00	1.289932e-01	7.536813e-01	2.981519e+00	9.819223e-01	4.315617e-02	8.762513e-01	4.590726e-01	2.981430e+00	9.986934e-01	6.571415e+00	7.306365e-01	2.457636e-01	1.970358e+00	7.929576e-01	1.042475e+00	7.538760e+01	1.399109e+02	2.686981e-01	1.057145e-01	-7.350553e-13	
6  103.966	2.355305e+00	1.294908e-01	7.575941e-01	2.987608e+00	9.849904e-01	4.358391e-02	8.902175e-01	9.302703e-02	3.800667e+00	1.000505e+00	6.545200e+00	7.320901e-01	2.458942e-01	1.982346e+00	7.966543e-01	1.042706e+00	7.577299e+01	1.394093e+02	2.672799e-01	1.071826e-01	-5.887363e-13	
5  104.284	2.355698e+00	1.334407e-01	7.492872e-01	2.990673e+00	9.728664e-01	4.107008e-02	9.497287e-01	4.689682e-01	4.243279e+00	1.000550e+00	6.312981e+00	7.192492e-01	2.458973e-01	1.987533e+00	8.041443e-01	1.042370e+00	7.496204e+01	1.382549e+02	2.799612e-01	1.135907e-01	-7.258017e-13	
1  104.898	2.335151e+00	1.338225e-01	7.413674e-01	2.981380e+00	9.655392e-01	3.695908e-02	9.178189e-01	2.945411e-01	3.710262e+00	9.986382e-01	5.916477e+00	7.129300e-01	2.458186e-01	1.968380e+00	8.003076e-01	1.042140e+00	7.419512e+01	1.384865e+02	2.860666e-01	1.104647e-01	-1.151948e-12	
1  105.228	2.335151e+00	1.338225e-01	7.413674e-01	2.981380e+00	9.655392e-01	3.695908e-02	9.178189e-01	2.945411e-01	3.710262e+00	9.991489e-01	5.916477e+00	7.129300e-01	2.458186e-01	1.968380e+00	8.003076e-01	1.042140e+00	7.419512e+01	1.384865e+02	2.860666e-01	1.104647e-01	-1.151948e-12	
12  105.762	2.372069e+00	1.350019e-01	7.681298e-01	2.974454e+00	9.790244e-01	4.080112e-02	1.142177e+00	2.601278e-01	4.317076e+00	9.978561e-01	6.288519e+00	7.298351e-01	2.459632e-01	1.955359e+00	7.988138e-01	1.042573e+00	7.684058e+01	1.369784e+02	2.693290e-01	1.333284e-01	-4.638810e-13	
2  106.615	2.360939e+00	1.339761e-01	7.694661e-01	2.950427e+00	9.775805e-01	2.882678e-02	1.117761e+00	3.391682e-01	4.736367e+00	9.982347e-01	4.968626e+00	7.323305e-01	2.459268e-01	1.904504e+00	7.866589e-01	1.043077e+00	7.699446e+01	1.373451e+02	2.663991e-01	1.319293e-01	-1.135765e-12	
2  105.232	2.332557e+00	1.350460e-01	7.640605e-01	2.982852e+00	9.741429e-01	4.503413e-02	1.127793e+00	3.914400e-01	4.707773e+00	9.976460e-01	6.818890e+00	7.275067e-01	2.458034e-01	1.972909e+00	8.028266e-01	1.043049e+00	7.643810e+01	1.374091e+02	2.718434e-01	1.317705e-01	-2.057496e-13	
1  104.654	2.318673e+00	1.330343e-01	7.574442e-01	3.010773e+00	9.751626e-01	4.719813e-02	1.013494e+00	3.483909e-01	4.766799e+00	1.007712e+00	7.040894e+00	7.264392e-01	2.457372e-01	2.029190e+00	8.121600e-01	1.043239e+00	7.575688e+01	1.384374e+02	2.730574e-01	1.202110e-01	-3.803361e-13	
1  104.4	2.291935e+00	1.324801e-01	7.523696e-01	3.012725e+00	9.800412e-01	5.705508e-02	9.857800e-01	3.902751e-01	4.693243e+00	1.000593e+00	8.112976e+00	7.241313e-01	2.456259e-01	2.033729e+00	8.145949e-01	1.042912e+00	7.524727e+01	1.389738e+02	2.755423e-01	1.168268e-01	2.072763e-13	
2  103.484	2.300333e+00	1.261667e-01	7.317130e-01	2.984247e+00	9.789798e-01	4.098086e-02	6.224435e-01	7.372451e-01	4.802623e+00	9.985925e-01	6.325504e+00	7.198685e-01	2.456656e-01	1.975388e+00	7.918569e-01	1.042331e+00	7.320426e+01	1.419019e+02	2.793841e-01	7.784310e-02	-1.223748e-12	
7  103.577	2.358058e+00	1.314618e-01	7.527656e-01	3.025980e+00	9.799564e-01	6.246418e-02	8.943119e-01	9.155917e-01	4.554810e+00	9.984106e-01	8.457821e+00	7.252653e-01	2.458972e-01	2.061020e+00	8.171078e-01	1.043082e+00	7.527309e+01	1.389241e+02	2.746286e-01	1.069020e-01	7.711760e-14	
2  103.293	2.321598e+00	1.314568e-01	7.381781e-01	3.025325e+00	9.737273e-01	6.381686e-02	8.140785e-01	9.504016e-01	4.316157e+00	9.950222e-01	8.671250e+00	7.150459e-01	2.457498e-01	2.059440e+00	8.178924e-01	1.042590e+00	7.382397e+01	1.396375e+02	2.847855e-01	9.820352e-02	2.155636e-13	
1  103.658	2.321598e+00	1.314568e-01	7.381781e-01	3.025325e+00	9.737273e-01	6.381686e-02	8.140785e-01	9.504016e-01	4.316157e+00	9.955260e-01	8.671250e+00	7.150459e-01	2.457498e-01	2.059440e+00	8.178924e-01	1.042590e+00	7.382397e+01	1.396375e+02	2.847855e-01	9.820352e-02	2.155636e-13	
2  103.592	2.319180e+00	1.273415e-01	7.355157e-01	3.017446e+00	9.762255e-01	6.108586e-02	6.673266e-01	8.663459e-01	4.690300e+00	9.949745e-01	8.339399e+00	7.205723e-01	2.457399e-01	2.043652e+00	8.064675e-01	1.042586e+00	7.356190e+01	1.412572e+02	2.792571e-01	8.202229e-02	-1.988971e-14	
12  104.954	2.343320e+00	1.259186e-01	7.391910e-01	2.999337e+00	9.718503e-01	4.614885e-02	6.167937e-01	7.768936e-01	4.599696e+00	9.992993e-01	6.749264e+00	7.254521e-01	2.458440e-01	2.006349e+00	7.939975e-01	1.043190e+00	7.393890e+01	1.415367e+02	2.742091e-01	7.701412e-02	-6.241012e-13	
5  105.357	2.344492e+00	1.255691e-01	7.461898e-01	2.988373e+00	9.765153e-01	4.540423e-02	6.608106e-01	9.344975e-01	4.600180e+00	9.969274e-01	6.673305e+00	7.310712e-01	2.458499e-01	1.984110e+00	7.888067e-01	1.043320e+00	7.464464e+01	1.414190e+02	2.685691e-01	8.208956e-02	-5.771655e-13	
4  104.664	2.344492e+00	1.255691e-01	7.461898e-01	2.988373e+00	9.765153e-01	4.540423e-02	6.608106e-01	9.344975e-01	4.600180e+00	9.934152e-01	6.673305e+00	7.310712e-01	2.458499e-01	1.984110e+00	7.888067e-01	1.043320e+00	7.464464e+01	1.414190e+02	2.685691e-01	8.208956e-02	-5.771655e-13	
1  107.081	2.317771e+00	1.294692e-01	7.270007e-01	2.964798e+00	9.702561e-01	3.853542e-02	6.507000e-01	8.446465e-01	4.944591e+00	9.847869e-01	6.051593e+00	7.099206e-01	2.457440e-01	1.936392e+00	7.908365e-01	1.042920e+00	7.279997e+01	1.408297e+02	2.892447e-01	8.119823e-02	-7.467348e-13	
2  105.371	2.323348e+00	1.360838e-01	7.513668e-01	2.993722e+00	9.713055e-01	5.244342e-02	1.046955e+00	7.907512e-01	4.482393e+00	9.892119e-01	7.619059e+00	7.166728e-01	2.457621e-01	1.995259e+00	8.123813e-01	1.043299e+00	7.517478e+01	1.376201e+02	2.828473e-01	1.229919e-01	3.254440e-13	
6  105.085	2.267021e+00	1.393621e-01	7.149821e-01	2.999694e+00	9.639170e-01	4.131182e-02	9.089088e-01	8.051191e-01	4.258671e+00	9.958130e-01	6.596357e+00	6.819376e-01	2.455136e-01	2.005438e+00	8.260552e-01	1.042081e+00	7.157729e+01	1.380236e+02	3.169199e-01	1.090966e-01	-3.620574e-14	
1  103.171	2.270610e+00	1.317664e-01	7.050107e-01	3.029859e+00	9.710301e-01	5.770147e-02	5.966034e-01	5.250183e-01	4.228438e+00	9.945535e-01	8.190495e+00	6.883026e-01	2.455238e-01	2.068807e+00	8.271281e-01	1.041913e+00	7.052837e+01	1.410380e+02	3.113826e-01	7.416815e-02	1.324464e-13	
2  101.617	2.298416e+00	1.219755e-01	7.132808e-01	3.031180e+00	9.766978e-01	5.579181e-02	3.234035e-01	4.106927e-01	3.686528e+00	9.992016e-01	7.761495e+00	7.138146e-01	2.456476e-01	2.072803e+00	8.050935e-01	1.042771e+00	7.133056e+01	1.443387e+02	2.859832e-01	4.169505e-02	-4.537877e-13	
2  101.484	2.310891e+00	1.250016e-01	7.196629e-01	3.042466e+00	9.738367e-01	6.182705e-02	4.679829e-01	3.151638e-01	3.913421e+00	9.991892e-01	8.380431e+00	7.128881e-01	2.457014e-01	2.096001e+00	8.140693e-01	1.042519e+00	7.196552e+01	1.427905e+02	2.869999e-01	5.905738e-02	-2.267595e-13	
2  102.511	2.292259e+00	1.196904e-01	7.017700e-01	3.102602e+00	9.753064e-01	8.643612e-02	1.820173e-01	4.450936e-01	3.784464e+00	1.002363e+00	1.056766e+01	7.091552e-01	2.456167e-01	2.226155e+00	8.296496e-01	1.042035e+00	7.019513e+01	1.456706e+02	2.908477e-01	2.406116e-02	-5.003401e-14	
14  103.991	2.292259e+00	1.196904e-01	7.017700e-01	3.102602e+00	9.753064e-01	8.643612e-02	1.820173e-01	4.450936e-01	3.784464e+00	1.000351e+00	1.056766e+01	7.091552e-01	2.456167e-01	2.226155e+00	8.296496e-01	1.042035e+00	7.019513e+01	1.456706e+02	2.908477e-01	2.406116e-02	-5.003401e-14	
5  104.421	2.295136e+00	1.201524e-01	6.974914e-01	3.111362e+00	9.776315e-01	8.973622e-02	1.561710e-01	1.774656e-01	3.633310e+00	1.000344e+00	1.085397e+01	7.045013e-01	2.456309e-01	2.245597e+00	8.364531e-01	1.042091e+00	6.977462e+01	1.456461e+02	2.954919e-01	2.086737e-02	6.627104e-14	
9  103.967	2.283099e+00	1.180120e-01	6.868706e-01	3.099755e+00	9.753845e-01	8.553166e-02	4.657825e-03	4.837198e-01	3.547534e+00	9.968676e-01	1.046334e+01	7.002255e-01	2.455741e-01	2.219919e+00	8.283995e-01	1.042297e+00	6.870973e+01	1.470796e+02	2.997758e-01	9.895749e-04	2.354678e-13	
1  105.806	2.312130e+00	1.179996e-01	6.941888e-01	3.083644e+00	9.726706e-01	7.957694e-02	2.618381e-02	5.620585e-01	3.483809e+00	9.944212e-01	9.849809e+00	7.059133e-01	2.457019e-01	2.184410e+00	8.194760e-01	1.042910e+00	6.942015e+01	1.466610e+02	2.940841e-01	3.713939e-03	2.147231e-13	
3  105.738	2.306026e+00	1.211451e-01	6.944912e-01	3.094540e+00	9.638156e-01	8.124440e-02	1.343402e-01	7.399594e-01	3.268092e+00	9.968407e-01	1.009685e+01	6.998225e-01	2.456750e-01	2.208427e+00	8.290591e-01	1.042697e+00	6.944846e+01	1.453787e+02	3.001463e-01	1.766721e-02	-9.798595e-14	
1  104.312	2.277525e+00	1.214505e-01	6.955061e-01	3.055496e+00	9.604618e-01	6.101905e-02	1.694218e-01	5.552710e-01	3.341022e+00	9.985449e-01	8.305306e+00	7.006756e-01	2.455488e-01	2.124604e+00	8.133693e-01	1.042876e+00	6.954465e+01	1.454167e+02	2.992194e-01	2.193049e-02	-5.061694e-13	
1  104.604	2.267027e+00	1.244148e-01	6.981100e-01	3.006027e+00	9.575926e-01	4.078571e-02	2.943813e-01	5.595070e-01	3.310568e+00	9.949032e-01	6.323271e+00	6.969433e-01	2.455117e-01	2.020643e+00	7.988632e-01	1.042750e+00	6.985188e+01	1.441310e+02	3.024555e-01	3.856307e-02	-1.596192e-12	
2  105.059	2.248427e+00	1.270475e-01	6.945134e-01	3.018614e+00	9.570667e-01	4.537257e-02	3.451155e-01	6.418340e-01	3.216629e+00	9.953460e-01	6.886362e+00	6.887813e-01	2.454223e-01	2.046654e+00	8.117098e-01	1.043137e+00	6.949522e+01	1.434791e+02	3.106283e-01	4.435980e-02	-9.727691e-13	
1  104.148	2.245473e+00	1.221441e-01	6.923592e-01	3.018965e+00	9.635752e-01	4.733935e-02	1.821845e-01	4.864267e-01	3.831283e+00	9.950848e-01	7.024269e+00	6.969458e-01	2.454064e-01	2.047800e+00	8.029807e-01	1.043121e+00	6.926185e+01	1.455090e+02	3.025805e-01	2.397611e-02	-9.013984e-13	
1  104.536	2.262496e+00	1.281023e-01	7.033671e-01	3.029795e+00	9.662384e-01	5.134500e-02	4.353999e-01	3.227822e-01	4.731856e+00	9.970163e-01	7.492139e+00	6.941031e-01	2.454857e-01	2.069492e+00	8.199165e-01	1.043361e+00	7.036217e+01	1.426880e+02	3.054758e-01	5.519667e-02	-4.026640e-13	
2  106.851	2.260525e+00	1.327112e-01	7.055053e-01	3.055010e+00	9.681832e-01	6.394192e-02	5.869566e-01	5.334291e-01	4.510606e+00	9.964913e-01	8.839564e+00	6.866584e-01	2.454730e-01	2.121823e+00	8.416664e-01	1.043541e+00	7.055724e+01	1.409379e+02	3.130849e-01	7.289645e-02	4.885893e-13	
1  106.557	2.260525e+00	1.327112e-01	7.055053e-01	3.055010e+00	9.681832e-01	6.394192e-02	5.869566e-01	5.334291e-01	4.510606e+00	9.967490e-01	8.839564e+00	6.866584e-01	2.454730e-01	2.121823e+00	8.416664e-01	1.043541e+00	7.055724e+01	1.409379e+02	3.130849e-01	7.289645e-02	4.885893e-13	
1  106.045	2.257797e+00	1.266748e-01	7.038043e-01	3.027630e+00	9.800885e-01	5.279573e-02	3.984072e-01	5.180690e-01	3.855866e+00	9.968778e-01	7.635695e+00	6.972091e-01	2.454641e-01	2.064926e+00	8.204502e-01	1.043428e+00	7.040048e+01	1.432675e+02	3.024367e-01	5.086050e-02	-4.533429e-13	
2  104.167	2.271475e+00	1.228301e-01	7.072862e-01	3.066891e+00	9.815801e-01	7.587860e-02	3.155749e-01	5.720414e-01	2.950289e+00	9.952601e-01	9.748066e+00	7.076880e-01	2.455276e-01	2.147353e+00	8.256769e-01	1.042926e+00	7.072967e+01	1.444544e+02	2.922403e-01	4.078479e-02	-3.399105e-14	
3  104.36	2.296287e+00	1.195266e-01	7.036854e-01	3.076185e+00	9.816159e-01	7.762217e-02	1.603459e-01	2.084757e-01	3.543840e+00	9.965006e-01	9.759367e+00	7.109064e-01	2.456366e-01	2.167706e+00	8.215767e-01	1.043074e+00	7.036781e+01	1.457759e+02	2.890409e-01	2.122779e-02	3.005377e-14	
5  103.596	2.271783e+00	1.193966e-01	7.016960e-01	3.083228e+00	9.794985e-01	7.754835e-02	1.631641e-01	3.022734e-01	3.201628e+00	1.000378e+00	9.824213e+00	7.099778e-01	2.455271e-01	2.183131e+00	8.241163e-01	1.042911e+00	7.017620e+01	1.460621e+02	2.899289e-01	2.159754e-02	-1.616169e-13	
4  104.313	2.296550e+00	1.203382e-01	7.092438e-01	3.102217e+00	9.757687e-01	9.196587e-02	2.400613e-01	5.891212e-01	2.767608e+00	9.959544e-01	1.103764e+01	7.138181e-01	2.456380e-01	2.225191e+00	8.306590e-01	1.042778e+00	7.092780e+01	1.451849e+02	2.861278e-01	3.127815e-02	1.016993e-13	
7  105.827	2.303295e+00	1.178556e-01	7.132240e-01	3.122959e+00	9.849928e-01	1.060934e-01	1.972080e-01	7.454211e-01	2.648316e+00	9.946370e-01	1.211534e+01	7.217070e-01	2.456685e-01	2.271654e+00	8.341385e-01	1.042586e+00	7.132981e+01	1.459629e+02	2.783359e-01	2.577166e-02	2.788212e-13	
1  106.898	2.297474e+00	1.178108e-01	7.179721e-01	3.077555e+00	9.928395e-01	8.737269e-02	2.224526e-01	4.126001e-01	3.366706e+00	9.926723e-01	1.057165e+01	7.255397e-01	2.456444e-01	2.170428e+00	8.177084e-01	1.043211e+00	7.179813e+01	1.459055e+02	2.743870e-01	2.917892e-02	-1.067769e-13	
1  106.301	2.272927e+00	1.181612e-01	7.163722e-01	3.079765e+00	9.884155e-01	8.654501e-02	2.360665e-01	2.561776e-01	3.142058e+00	9.945784e-01	1.058182e+01	7.241078e-01	2.455370e-01	2.175183e+00	8.191407e-01	1.043312e+00	7.163577e+01	1.460212e+02	2.757767e-01	3.084523e-02	-8.005017e-14	
2  105.504	2.285365e+00	1.214612e-01	7.299089e-01	3.067640e+00	9.887345e-01	8.188831e-02	4.467110e-01	7.825901e-02	3.245418e+00	9.955413e-01	1.022499e+01	7.278170e-01	2.455934e-01	2.148891e+00	8.192095e-01	1.043192e+00	7.298499e+01	1.440355e+02	2.720913e-01	5.666932e-02	-4.211181e-14	
1  105.123	2.305390e+00	1.259908e-01	7.341085e-01	3.016673e+00	9.906283e-01	5.668688e-02	6.259866e-01	2.190433e-01	3.043026e+00	9.955742e-01	7.930384e+00	7.220568e-01	2.456818e-01	2.042465e+00	8.082696e-01	1.042556e+00	7.341254e+01	1.419137e+02	2.777060e-01	7.753497e-02	-4.659679e-13	
6  104.564	2.287615e+00	1.271543e-01	7.235643e-01	3.036585e+00	9.835640e-01	6.725899e-02	5.964504e-01	3.515244e-01	3.033403e+00	9.927154e-01	9.008527e+00	7.121613e-01	2.456033e-01	2.083047e+00	8.191711e-01	1.042206e+00	7.235529e+01	1.419433e+02	2.877571e-01	7.409365e-02	7.135904e-14	
1  104.525	2.285104e+00	1.312399e-01	7.295745e-01	3.036067e+00	9.817029e-01	6.446055e-02	7.659190e-01	6.059809e-01	3.209585e+00	9.952356e-01	8.826837e+00	7.091843e-01	2.455915e-01	2.081843e+00	8.272056e-01	1.042517e+00	7.295779e+01	1.402614e+02	2.906778e-01	9.320293e-02	1.755852e-13	
2  104.251	2.290517e+00	1.276298e-01	7.407427e-01	3.052738e+00	9.819240e-01	7.021556e-02	7.362300e-01	5.826078e-01	3.421820e+00	1.000278e+00	9.292829e+00	7.243421e-01	2.456141e-01	2.116972e+00	8.231132e-01	1.042881e+00	7.407750e+01	1.411658e+02	2.755782e-01	9.004839e-02	-3.546515e-14	
4  104.861	2.326665e+00	1.297123e-01	7.556838e-01	3.013956e+00	9.835102e-01	4.860092e-02	8.893282e-01	8.244909e-01	2.545732e+00	1.003636e+00	7.129246e+00	7.308297e-01	2.457696e-01	2.036219e+00	8.089635e-01	1.043193e+00	7.557290e+01	1.396450e+02	2.687331e-01	1.069939e-01	-5.306888e-13	
7  106.433	2.323113e+00	1.365473e-01	7.667249e-01	3.061542e+00	9.893452e-01	7.496037e-02	1.195712e+00	8.027046e-01	2.274792e+00	1.003246e+00	9.834146e+00	7.268396e-01	2.457444e-01	2.135999e+00	8.447643e-01	1.043339e+00	7.666132e+01	1.368553e+02	2.732255e-01	1.385726e-01	9.480229e-14	
1  107.321	2.290462e+00	1.381852e-01	7.522441e-01	3.073229e+00	9.844361e-01	7.908184e-02	1.163277e+00	4.174806e-01	2.125908e+00	1.002708e+00	1.032241e+01	7.137459e-01	2.456083e-01	2.160329e+00	8.548077e-01	1.042828e+00	7.521986e+01	1.369507e+02	2.863200e-01	1.356797e-01	3.203131e-13	
2  107.974	2.278912e+00	1.376674e-01	7.460951e-01	3.071360e+00	9.846867e-01	7.806898e-02	1.096061e+00	1.638951e-01	2.453346e+00	1.001739e+00	1.025027e+01	7.101305e-01	2.455588e-01	2.156577e+00	8.550420e-01	1.043048e+00	7.460423e+01	1.374482e+02	2.898957e-01	1.288612e-01	4.319545e-13	
1  107.031	2.307941e+00	1.409875e-01	7.556243e-01	3.076063e+00	9.811961e-01	7.760243e-02	1.265184e+00	3.183086e-01	2.201816e+00	1.004568e+00	1.019603e+01	7.110151e-01	2.456800e-01	2.165858e+00	8.598777e-01	1.042737e+00	7.554978e+01	1.357722e+02	2.890615e-01	1.457250e-01	3.727000e-13	
3  106.1	2.286379e+00	1.342348e-01	7.372375e-01	3.111313e+00	9.717182e-01	9.235967e-02	9.256596e-01	2.046275e-01	3.174212e+00	1.004368e+00	1.142740e+01	7.094214e-01	2.455917e-01	2.243774e+00	8.601810e-01	1.042425e+00	7.375008e+01	1.388427e+02	2.905456e-01	1.112602e-01	-2.020016e-13	
1  107.829	2.280262e+00	1.358654e-01	7.401480e-01	3.128464e+00	9.725769e-01	9.987351e-02	1.004849e+00	2.003743e-01	2.766612e+00	1.006025e+00	1.212104e+01	7.086450e-01	2.455632e-01	2.282309e+00	8.711157e-01	1.042470e+00	7.404974e+01	1.381941e+02	2.913949e-01	1.199523e-01	-3.584940e-13	
2  107.72	2.305347e+00	1.351298e-01	7.568112e-01	3.124018e+00	9.732046e-01	1.004319e-01	1.079596e+00	3.064481e-02	4.296971e+00	1.005587e+00	1.207660e+01	7.223708e-01	2.456694e-01	2.273027e+00	8.646324e-01	1.043349e+00	7.571231e+01	1.377892e+02	2.776194e-01	1.276068e-01	-3.526361e-13	
1  107.937	2.327280e+00	1.318952e-01	7.403649e-01	3.122612e+00	9.655129e-01	9.045763e-02	8.444391e-01	1.223031e-01	4.430352e+00	1.009853e+00	1.110878e+01	7.153491e-01	2.457623e-01	2.269005e+00	8.558704e-01	1.042481e+00	7.407064e+01	1.393004e+02	2.845565e-01	1.022287e-01	-9.577096e-13	
2  108.228	2.306741e+00	1.329145e-01	7.465708e-01	3.100818e+00	9.617797e-01	8.384528e-02	9.363808e-01	8.281567e-02	4.552774e+00	1.007477e+00	1.059472e+01	7.187064e-01	2.456774e-01	2.219976e+00	8.469175e-01	1.042850e+00	7.468529e+01	1.388824e+02	2.812208e-01	1.120785e-01	-6.077612e-13	
1  106.899	2.279072e+00	1.303127e-01	7.308660e-01	3.098438e+00	9.687291e-01	7.901439e-02	7.524302e-01	3.442439e-01	3.561033e+00	1.009813e+00	1.019111e+01	7.119079e-01	2.455575e-01	2.215127e+00	8.461727e-01	1.042550e+00	7.312592e+01	1.405595e+02	2.880120e-01	9.226622e-02	-6.252776e-13	
2  105.096	2.250657e+00	1.284321e-01	6.970873e-01	3.077083e+00	9.587742e-01	6.271461e-02	4.384755e-01	3.359122e-01	3.035449e+00	1.008036e+00	8.691472e+00	6.881211e-01	2.454256e-01	2.169631e+00	8.371581e-01	1.042064e+00	6.974688e+01	1.426994e+02	3.116108e-01	5.557662e-02	-1.111419e-12	
4  106.345	2.172578e+00	1.275981e-01	6.537962e-01	3.032966e+00	9.481702e-01	3.813884e-02	1.391225e-01	2.676125e-01	3.261351e+00	1.004165e+00	6.337438e+00	6.502987e-01	2.450351e-01	2.076734e+00	8.215221e-01	1.040662e+00	6.554233e+01	1.450407e+02	3.483060e-01	1.919918e-02	-4.187522e-12	
2  109.039	2.158694e+00	1.319794e-01	6.470663e-01	3.025367e+00	9.335095e-01	3.353203e-02	1.950356e-01	2.355527e-01	2.881407e+00	1.000432e+00	5.882828e+00	6.334677e-01	2.449647e-01	2.060670e+00	8.255225e-01	1.041433e+00	6.490952e+01	1.438030e+02	3.646206e-01	2.577579e-02	-3.756746e-12	
5  110.477	2.158694e+00	1.319794e-01	6.470663e-01	3.025367e+00	9.335095e-01	3.353203e-02	1.950356e-01	2.355527e-01	2.881407e+00	9.993122e-01	5.882828e+00	6.334677e-01	2.449647e-01	2.060670e+00	8.255225e-01	1.041433e+00	6.490952e+01	1.438030e+02	3.646206e-01	2.577579e-02	-3.756746e-12	
5  108.938	2.175957e+00	1.311006e-01	6.419285e-01	3.012580e+00	9.377633e-01	2.806350e-02	1.145177e-01	4.838188e-01	2.696516e+00	9.971937e-01	5.198045e+00	6.296706e-01	2.450523e-01	2.032051e+00	8.201964e-01	1.041290e+00	6.442288e+01	1.441686e+02	3.683790e-01	1.643719e-02	-4.280518e-12	
4  105.951	2.175957e+00	1.311006e-01	6.419285e-01	3.012580e+00	9.377633e-01	2.806350e-02	1.145177e-01	4.838188e-01	2.696516e+00	1.001575e+00	5.198045e+00	6.296706e-01	2.450523e-01	2.032051e+00	8.201964e-01	1.041290e+00	6.442288e+01	1.441686e+02	3.683790e-01	1.643719e-02	-4.280518e-12	
5  106.022	2.181559e+00	1.308699e-01	6.397412e-01	3.009260e+00	9.396429e-01	3.040162e-02	7.937949e-02	4.897395e-01	2.384623e+00	9.971806e-01	5.437737e+00	6.280035e-01	2.450782e-01	2.025817e+00	8.197843e-01	1.041431e+00	6.419518e+01	1.443732e+02	3.702074e-01	1.176059e-02	-3.051110e-12	
10  103.005	2.244804e+00	1.271951e-01	6.657346e-01	3.027746e+00	9.488219e-01	4.184074e-02	1.440660e-01	2.524781e-01	2.570304e+00	1.000263e+00	6.521816e+00	6.622667e-01	2.453960e-01	2.065939e+00	8.171191e-01	1.041688e+00	6.666048e+01	1.443814e+02	3.369651e-01	1.938463e-02	-2.116442e-12	
2  103.374	2.241822e+00	1.290418e-01	6.662383e-01	3.040319e+00	9.485151e-01	4.807158e-02	1.968017e-01	1.639419e-01	2.788256e+00	9.997869e-01	7.209656e+00	6.587611e-01	2.453794e-01	2.092236e+00	8.267840e-01	1.041935e+00	6.669338e+01	1.437456e+02	3.405902e-01	2.568556e-02	-1.199620e-12	
3  103.855	2.264871e+00	1.333282e-01	6.888689e-01	3.061908e+00	9.519271e-01	6.346893e-02	5.110535e-01	1.453235e-01	3.696077e+00	9.996665e-01	8.792197e+00	6.708886e-01	2.454920e-01	2.136101e+00	8.406414e-01	1.041671e+00	6.891534e+01	1.410895e+02	3.287698e-01	6.388324e-02	-5.174094e-14	
5  104.042	2.289295e+00	1.318770e-01	7.028190e-01	3.056907e+00	9.545457e-01	6.803447e-02	5.532021e-01	1.408106e-02	3.336466e+00	9.954273e-01	9.144408e+00	6.859438e-01	2.456063e-01	2.125649e+00	8.337033e-01	1.042271e+00	7.028528e+01	1.409959e+02	3.137955e-01	6.872740e-02	9.305439e-14	
1  103.297	2.258604e+00	1.255649e-01	6.850551e-01	3.089583e+00	9.548522e-01	7.934537e-02	2.330888e-01	6.221379e-02	3.881840e+00	9.984129e-01	1.015696e+01	6.833684e-01	2.454616e-01	2.197390e+00	8.376261e-01	1.042365e+00	6.851577e+01	1.442957e+02	3.164080e-01	3.004206e-02	-1.604961e-13	
14  103.275	2.258604e+00	1.255649e-01	6.850551e-01	3.089583e+00	9.548522e-01	7.934537e-02	2.330888e-01	6.221379e-02	3.881840e+00	9.979446e-01	1.015696e+01	6.833684e-01	2.454616e-01	2.197390e+00	8.376261e-01	1.042365e+00	6.851577e+01	1.442957e+02	3.164080e-01	3.004206e-02	-1.604961e-13	
1  102.846	2.285097e+00	1.223514e-01	7.063322e-01	3.085734e+00	9.651596e-01	8.245557e-02	2.874539e-01	6.628452e-02	3.822545e+00	9.985040e-01	1.029414e+01	7.077241e-01	2.455863e-01	2.188881e+00	8.264243e-01	1.042733e+00	7.062646e+01	1.445649e+02	2.921818e-01	3.700045e-02	-8.733609e-14	
2  102.922	2.315788e+00	1.259874e-01	7.321715e-01	3.064696e+00	9.758725e-01	8.084345e-02	5.829969e-01	1.145923e-01	3.623001e+00	9.950168e-01	1.015201e+01	7.205537e-01	2.457234e-01	2.142672e+00	8.241414e-01	1.043131e+00	7.320903e+01	1.419758e+02	2.793508e-01	7.256044e-02	1.423471e-13	
4  104.122	2.323080e+00	1.281658e-01	7.384659e-01	3.041736e+00	9.788097e-01	7.281806e-02	6.843631e-01	3.688900e-01	3.682009e+00	9.923895e-01	9.458187e+00	7.211636e-01	2.457548e-01	2.093999e+00	8.201867e-01	1.043571e+00	7.384328e+01	1.409320e+02	2.787514e-01	8.399311e-02	2.027016e-13	
7  104.455	2.301069e+00	1.377309e-01	7.354865e-01	3.020431e+00	9.698693e-01	5.630590e-02	9.710314e-01	2.490155e-01	4.508721e+00	9.955162e-01	8.080997e+00	7.017180e-01	2.456610e-01	2.049331e+00	8.309534e-01	1.043421e+00	7.356178e+01	1.377754e+02	2.979090e-01	1.150489e-01	8.400094e-13	
3  105.624	2.319661e+00	1.379571e-01	7.551405e-01	3.036451e+00	9.791478e-01	7.041684e-02	1.124188e+00	1.196324e-01	4.587281e+00	9.943434e-01	9.439865e+00	7.161314e-01	2.457375e-01	2.082968e+00	8.373323e-01	1.043796e+00	7.550071e+01	1.368878e+02	2.837416e-01	1.308542e-01	8.696299e-13	
3  103.559	2.250220e+00	1.298213e-01	7.068759e-01	3.034594e+00	9.775258e-01	5.681567e-02	5.433471e-01	1.787602e-01	3.406920e+00	1.000054e+00	8.123832e+00	6.937532e-01	2.454309e-01	2.079149e+00	8.283278e-01	1.042852e+00	7.070731e+01	1.419327e+02	3.058959e-01	6.810891e-02	-1.645412e-13	
1  102.648	2.231253e+00	1.264991e-01	6.819992e-01	3.056171e+00	9.711074e-01	6.240498e-02	2.548780e-01	1.513167e-01	3.834771e+00	1.000155e+00	8.651420e+00	6.789370e-01	2.453337e-01	2.124684e+00	8.326819e-01	1.042427e+00	6.823105e+01	1.442528e+02	3.207745e-01	3.329181e-02	-2.443616e-13	
13  102.001	2.202070e+00	1.226558e-01	6.636799e-01	3.031274e+00	9.669902e-01	4.821330e-02	1.634641e-02	2.324617e-01	3.474653e+00	9.995674e-01	7.226888e+00	6.705348e-01	2.451856e-01	2.073290e+00	8.157625e-01	1.042037e+00	6.644145e+01	1.466617e+02	3.287856e-01	2.774924e-03	-1.427532e-12	
2  102.333	2.225884e+00	1.246879e-01	6.960252e-01	3.044956e+00	9.738755e-01	5.990645e-02	3.407180e-01	5.062838e-01	3.378958e+00	1.002072e+00	8.403769e+00	6.952540e-01	2.453138e-01	2.101068e+00	8.204433e-01	1.041951e+00	6.963189e+01	1.443649e+02	3.043897e-01	4.396545e-02	-7.543976e-13	
2  102.338	2.225884e+00	1.246879e-01	6.960252e-01	3.044956e+00	9.738755e-01	5.990645e-02	3.407180e-01	5.062838e-01	3.378958e+00	1.001906e+00	8.403769e+00	6.952540e-01	2.453138e-01	2.101068e+00	8.204433e-01	1.041951e+00	6.963189e+01	1.443649e+02	3.043897e-01	4.396545e-02	-7.543976e-13	
5  101.584	2.261919e+00	1.293671e-01	6.992275e-01	3.029932e+00	9.683906e-01	5.321256e-02	4.687720e-01	3.070579e-01	3.584847e+00	9.983788e-01	7.715907e+00	6.881261e-01	2.454837e-01	2.069551e+00	8.228858e-01	1.042325e+00	6.995522e+01	1.422489e+02	3.114480e-01	5.930587e-02	-3.912974e-13	
1  101.809	2.293454e+00	1.298778e-01	7.175515e-01	3.028401e+00	9.737339e-01	5.715321e-02	6.078516e-01	1.370843e-01	3.772857e+00	9.971347e-01	8.052912e+00	7.021161e-01	2.456280e-01	2.066226e+00	8.210829e-01	1.042663e+00	7.176637e+01	1.411852e+02	2.976219e-01	7.537500e-02	1.353509e-14	
2  102.542	2.239108e+00	1.259945e-01	6.896371e-01	3.010674e+00	9.713700e-01	4.805809e-02	3.026448e-01	1.609391e-01	3.540283e+00	9.940948e-01	7.184631e+00	6.868480e-01	2.453781e-01	2.030030e+00	8.107636e-01	1.042353e+00	6.901583e+01	1.440687e+02	3.125351e-01	3.937715e-02	-7.236723e-13	
9  102.698	2.239108e+00	1.259945e-01	6.896371e-01	3.010674e+00	9.713700e-01	4.805809e-02	3.026448e-01	1.609391e-01	3.540283e+00	9.932072e-01	7.184631e+00	6.868480e-01	2.453781e-01	2.030030e+00	8.107636e-01	1.042353e+00	6.901583e+01	1.440687e+02	3.125351e-01	3.937715e-02	-7.236723e-13	
1  102.18	2.252054e+00	1.254556e-01	6.818673e-01	2.999984e+00	9.647173e-01	3.765361e-02	2.218744e-01	1.524260e-01	3.016915e+00	9.953341e-01	6.039906e+00	6.807846e-01	2.454403e-01	2.007395e+00	8.036763e-01	1.041920e+00	6.827267e+01	1.443839e+02	3.183284e-01	3.003483e-02	-1.974474e-12	
3  102.463	2.252054e+00	1.254556e-01	6.818673e-01	2.999984e+00	9.647173e-01	3.765361e-02	2.218744e-01	1.524260e-01	3.016915e+00	9.977715e-01	6.039906e+00	6.807846e-01	2.454403e-01	2.007395e+00	8.036763e-01	1.041920e+00	6.827267e+01	1.443839e+02	3.183284e-01	3.003483e-02	-1.974474e-12	
4  101.857	2.270824e+00	1.233043e-01	7.010272e-01	3.006595e+00	9.732018e-01	4.485698e-02	2.951968e-01	4.125333e-01	2.364177e+00	9.986889e-01	6.743359e+00	7.015795e-01	2.455282e-01	2.021698e+00	8.000016e-01	1.042317e+00	7.013806e+01	1.444121e+02	2.978750e-01	3.867977e-02	-1.184658e-12	
1  101.821	2.278060e+00	1.255388e-01	7.088692e-01	3.003696e+00	9.698936e-01	4.398527e-02	4.221579e-01	1.629651e-01	3.429185e+00	9.988964e-01	6.671581e+00	7.035820e-01	2.455636e-01	2.015608e+00	8.012625e-01	1.042410e+00	7.092358e+01	1.431885e+02	2.958064e-01	5.412601e-02	-1.088599e-12	
2  101.653	2.284623e+00	1.266510e-01	7.122681e-01	3.040517e+00	9.755974e-01	6.323390e-02	4.804041e-01	5.394353e-01	2.845970e+00	9.988436e-01	8.612619e+00	7.041627e-01	2.455873e-01	2.091496e+00	8.199350e-01	1.042372e+00	7.123238e+01	1.426153e+02	2.957049e-01	6.056125e-02	-5.705470e-14	
1  102.541	2.284623e+00	1.266510e-01	7.122681e-01	3.040517e+00	9.755974e-01	6.323390e-02	4.804041e-01	5.394353e-01	2.845970e+00	1.000132e+00	8.612619e+00	7.041627e-01	2.455873e-01	2.091496e+00	8.199350e-01	1.042372e+00	7.123238e+01	1.426153e+02	2.957049e-01	6.056125e-02	-5.705470e-14	
2  102.239	2.248246e+00	1.203428e-01	6.834602e-01	3.042585e+00	9.706663e-01	5.842934e-02	8.138686e-02	7.362004e-01	2.811618e+00	1.001415e+00	8.106617e+00	6.930944e-01	2.454126e-01	2.096987e+00	8.105054e-01	1.042006e+00	6.836781e+01	1.464543e+02	3.066853e-01	1.099977e-02	-6.197083e-13	
1  103.751	2.208178e+00	1.213915e-01	6.772144e-01	3.025633e+00	9.683763e-01	5.259644e-02	8.049824e-02	4.720662e-01	3.175518e+00	9.985737e-01	7.643598e+00	6.858052e-01	2.452223e-01	2.061463e+00	8.082932e-01	1.042380e+00	6.776315e+01	1.466254e+02	3.136249e-01	1.079618e-02	-7.412289e-13	
3  103.644	2.211670e+00	1.214010e-01	6.817656e-01	3.036117e+00	9.639390e-01	5.519463e-02	1.088307e-01	5.248689e-01	2.497815e+00	1.001104e+00	7.900295e+00	6.898107e-01	2.452411e-01	2.083504e+00	8.105091e-01	1.042657e+00	6.820383e+01	1.464448e+02	3.097086e-01	1.416011e-02	-5.273823e-13	
5  104.932	2.202892e+00	1.225468e-01	6.824273e-01	3.069393e+00	9.649494e-01	6.719389e-02	1.487905e-01	5.622594e-01	2.934384e+00	1.005440e+00	9.119394e+00	6.880486e-01	2.451976e-01	2.153316e+00	8.276576e-01	1.042894e+00	6.827444e+01	1.460644e+02	3.115864e-01	1.941315e-02	-1.912115e-13	
2  105.025	2.259944e+00	1.197575e-01	7.057943e-01	3.103932e+00	9.822681e-01	8.541918e-02	2.239725e-01	6.568126e-01	2.821762e+00	1.009919e+00	1.057330e+01	7.127650e-01	2.454749e-01	2.228650e+00	8.333853e-01	1.042701e+00	7.061013e+01	1.458038e+02	2.871327e-01	2.961165e-02	-4.519437e-13	
6  106.009	2.233545e+00	1.197989e-01	6.840186e-01	3.040387e+00	9.807832e-01	4.952444e-02	5.637550e-02	7.993698e-01	2.614633e+00	1.009586e+00	7.240277e+00	6.944326e-01	2.453461e-01	2.092287e+00	8.128587e-01	1.042859e+00	6.843787e+01	1.468800e+02	3.050658e-01	8.084714e-03	-1.724615e-12	
3  105.744	2.233545e+00	1.197989e-01	6.840186e-01	3.040387e+00	9.807832e-01	4.952444e-02	5.637550e-02	7.993698e-01	2.614633e+00	1.009343e+00	7.240277e+00	6.944326e-01	2.453461e-01	2.092287e+00	8.128587e-01	1.042859e+00	6.843787e+01	1.468800e+02	3.050658e-01	8.084714e-03	-1.724615e-12	
1  105.032	2.241821e+00	1.252413e-01	6.820482e-01	3.051613e+00	9.742829e-01	5.312912e-02	2.011139e-01	6.001449e-01	2.663781e+00	1.008726e+00	7.680283e+00	6.811693e-01	2.453837e-01	2.115673e+00	8.289807e-01	1.042693e+00	6.824723e+01	1.446973e+02	3.184310e-01	2.671832e-02	-1.203130e-12	
1  103.954	2.215585e+00	1.271179e-01	6.645758e-01	3.053708e+00	9.618569e-01	5.117818e-02	1.507091e-01	4.734124e-01	3.802679e+00	1.007742e+00	7.577411e+00	6.612970e-01	2.452495e-01	2.120235e+00	8.329883e-01	1.041815e+00	6.654209e+01	1.447303e+02	3.381002e-01	2.034879e-02	-1.512415e-12	
1  104.02	2.212342e+00	1.252369e-01	6.723466e-01	3.089580e+00	9.669934e-01	7.578116e-02	1.727588e-01	5.679174e-01	3.261693e+00	1.004766e+00	9.959980e+00	6.729856e-01	2.452391e-01	2.196403e+00	8.433328e-01	1.041591e+00	6.729333e+01	1.451507e+02	3.268229e-01	2.323487e-02	-2.011683e-13	
4  103.953	2.223609e+00	1.263510e-01	6.888958e-01	3.076978e+00	9.718230e-01	7.229894e-02	3.198163e-01	6.844406e-01	2.559659e+00	1.005112e+00	9.623967e+00	6.855049e-01	2.453003e-01	2.168749e+00	8.395385e-01	1.042314e+00	6.892236e+01	1.440619e+02	3.142879e-01	4.155429e-02	-2.239432e-13	
2  103.007	2.223609e+00	1.263510e-01	6.888958e-01	3.076978e+00	9.718230e-01	7.229894e-02	3.198163e-01	6.844406e-01	2.559659e+00	1.001972e+00	9.623967e+00	6.855049e-01	2.453003e-01	2.168749e+00	8.395385e-01	1.042314e+00	6.892236e+01	1.440619e+02	3.142879e-01	4.155429e-02	-2.239432e-13	
1  102.404	2.201029e+00	1.209404e-01	6.768875e-01	3.052575e+00	9.705888e-01	6.517899e-02	8.121558e-02	3.868733e-01	2.949951e+00	9.969564e-01	8.896485e+00	6.866853e-01	2.451870e-01	2.117230e+00	8.183375e-01	1.041980e+00	6.772076e+01	1.468305e+02	3.129560e-01	1.089701e-02	-2.929755e-13	
7  102.71	2.215917e+00	1.225887e-01	6.670144e-01	3.042210e+00	9.712951e-01	5.541794e-02	5.546252e-02	6.230496e-01	4.185163e+00	9.986746e-01	7.931255e+00	6.738355e-01	2.452514e-01	2.095917e+00	8.191248e-01	1.041225e+00	6.676868e+01	1.463564e+02	3.257958e-01	8.175243e-03	-1.223934e-12	
2  103.634	2.215917e+00	1.225887e-01	6.670144e-01	3.042210e+00	9.712951e-01	5.541794e-02	5.546252e-02	6.230496e-01	4.185163e+00	9.967475e-01	7.931255e+00	6.738355e-01	2.452514e-01	2.095917e+00	8.191248e-01	1.041225e+00	6.676868e+01	1.463564e+02	3.257958e-01	8.175243e-03	-1.223934e-12	
2  104.129	2.245419e+00	1.300436e-01	6.953098e-01	3.027832e+00	9.688076e-01	5.020065e-02	4.956316e-01	5.423709e-01	3.099763e+00	9.984004e-01	7.471338e+00	6.835329e-01	2.454069e-01	2.064936e+00	8.231704e-01	1.041419e+00	6.958584e+01	1.421403e+02	3.158937e-01	6.285949e-02	-1.117919e-12	
2  104.396	2.229030e+00	1.310766e-01	7.013765e-01	3.022850e+00	9.687195e-01	5.073921e-02	5.638673e-01	6.853156e-01	3.280718e+00	9.965100e-01	7.574119e+00	6.868728e-01	2.453324e-01	2.054523e+00	8.239626e-01	1.042407e+00	7.018697e+01	1.417620e+02	3.124596e-01	7.057156e-02	-4.019220e-13	
1  104.494	2.260982e+00	1.317982e-01	7.184965e-01	3.012615e+00	9.749156e-01	5.204849e-02	7.015464e-01	6.038691e-01	3.277191e+00	9.935330e-01	7.653631e+00	6.995602e-01	2.454855e-01	2.033516e+00	8.195783e-01	1.042668e+00	7.188089e+01	1.406664e+02	2.999208e-01	8.610876e-02	2.993456e-14	
1  104.516	2.285949e+00	1.313604e-01	7.260351e-01	2.989578e+00	9.757063e-01	4.304881e-02	7.464417e-01	5.327982e-01	3.126312e+00	9.926096e-01	6.658502e+00	7.061164e-01	2.456032e-01	1.986282e+00	8.064714e-01	1.042258e+00	7.265354e+01	1.403115e+02	2.930776e-01	9.148048e-02	-6.446216e-13	
2  105.053	2.323330e+00	1.297984e-01	7.519005e-01	3.005548e+00	9.833829e-01	5.941701e-02	8.681163e-01	6.596254e-01	3.354764e+00	9.895075e-01	8.230512e+00	7.280766e-01	2.457601e-01	2.019498e+00	8.065950e-01	1.043010e+00	7.519891e+01	1.397695e+02	2.717183e-01	1.040996e-01	1.218531e-13	
2  104.567	2.323330e+00	1.297984e-01	7.519005e-01	3.005548e+00	9.833829e-01	5.941701e-02	8.681163e-01	6.596254e-01	3.354764e+00	9.900155e-01	8.230512e+00	7.280766e-01	2.457601e-01	2.019498e+00	8.065950e-01	1.043010e+00	7.519891e+01	1.397695e+02	2.717183e-01	1.040996e-01	1.218531e-13	
3  104.571	2.280776e+00	1.313017e-01	7.332893e-01	3.007394e+00	9.655998e-01	5.370539e-02	7.975755e-01	6.657752e-01	2.394981e+00	9.918447e-01	7.770232e+00	7.121546e-01	2.455808e-01	2.023028e+00	8.091927e-01	1.042734e+00	7.336192e+01	1.401532e+02	2.873918e-01	9.652250e-02	7.715783e-14	
1  104.851	2.242681e+00	1.276805e-01	7.066924e-01	3.027588e+00	9.586331e-01	6.008753e-02	5.082786e-01	5.815232e-01	2.314965e+00	9.913469e-01	8.429647e+00	6.982858e-01	2.454018e-01	2.064789e+00	8.126047e-01	1.042047e+00	7.069788e+01	1.426737e+02	3.012731e-01	6.335852e-02	-1.250618e-14	
9  104.948	2.254879e+00	1.249116e-01	7.047037e-01	3.065547e+00	9.621614e-01	8.009839e-02	3.961476e-01	2.138750e-01	3.513900e+00	9.902417e-01	1.021982e+01	7.019347e-01	2.454541e-01	2.144774e+00	8.231125e-01	1.042064e+00	7.047649e+01	1.437389e+02	2.978267e-01	5.016225e-02	1.971240e-13	
4  104.591	2.272989e+00	1.227132e-01	7.080029e-01	3.012082e+00	9.685220e-01	5.795205e-02	3.303787e-01	4.708612e-01	3.219997e+00	9.866554e-01	8.053759e+00	7.086048e-01	2.455370e-01	2.033459e+00	7.978835e-01	1.042483e+00	7.082259e+01	1.443951e+02	2.910955e-01	4.233266e-02	-1.712080e-13	
1  104.326	2.291087e+00	1.265213e-01	7.035057e-01	3.028228e+00	9.618624e-01	6.000704e-02	3.909401e-01	1.867336e-01	3.515050e+00	9.888022e-01	8.268188e+00	6.972288e-01	2.456152e-01	2.066496e+00	8.122845e-01	1.042526e+00	7.036781e+01	1.429855e+02	3.025354e-01	4.967117e-02	-1.201693e-13	
1  103.557	2.291087e+00	1.265213e-01	7.035057e-01	3.028228e+00	9.618624e-01	6.000704e-02	3.909401e-01	1.867336e-01	3.515050e+00	9.900963e-01	8.268188e+00	6.972288e-01	2.456152e-01	2.066496e+00	8.122845e-01	1.042526e+00	7.036781e+01	1.429855e+02	3.025354e-01	4.967117e-02	-1.201693e-13	
9  102.429	2.249479e+00	1.224792e-01	6.863526e-01	3.039578e+00	9.651228e-01	6.525537e-02	1.749456e-01	2.709620e-03	3.707354e+00	9.902495e-01	8.803702e+00	6.914006e-01	2.454210e-01	2.090195e+00	8.118542e-01	1.041856e+00	6.865267e+01	1.454472e+02	3.083688e-01	2.280536e-02	2.978480e-14	
10  102.39	2.249479e+00	1.224792e-01	6.863526e-01	3.039578e+00	9.651228e-01	6.525537e-02	1.749456e-01	2.709620e-03	3.707354e+00	9.904121e-01	8.803702e+00	6.914006e-01	2.454210e-01	2.090195e+00	8.118542e-01	1.041856e+00	6.865267e+01	1.454472e+02	3.083688e-01	2.280536e-02	2.978480e-14	
22  102.369	2.249479e+00	1.224792e-01	6.863526e-01	3.039578e+00	9.651228e-01	6.525537e-02	1.749456e-01	2.709620e-03	3.707354e+00	9.914255e-01	8.803702e+00	6.914006e-01	2.454210e-01	2.090195e+00	8.118542e-01	1.041856e+00	6.865267e+01	1.454472e+02	3.083688e-01	2.280536e-02	2.978480e-14	
1  102.099	2.274814e+00	1.226949e-01	6.921324e-01	3.029931e+00	9.667876e-01	5.908385e-02	2.100408e-01	2.103357e-01	2.971268e+00	9.929416e-01	8.149807e+00	6.955538e-01	2.455387e-01	2.070397e+00	8.072834e-01	1.041883e+00	6.923264e+01	1.449474e+02	3.042623e-01	2.743689e-02	-2.222091e-13	
4  102.375	2.253627e+00	1.265154e-01	6.856722e-01	3.009302e+00	9.644092e-01	4.615820e-02	2.961547e-01	8.625767e-02	2.915220e+00	9.941771e-01	6.965133e+00	6.823071e-01	2.454457e-01	2.027472e+00	8.084202e-01	1.041542e+00	6.863345e+01	1.438028e+02	3.170558e-01	3.869331e-02	-1.032670e-12	
7  102.872	2.225817e+00	1.251348e-01	6.764690e-01	2.984014e+00	9.606860e-01	3.273919e-02	1.925012e-01	2.430611e-01	3.584019e+00	9.937188e-01	5.557217e+00	6.767983e-01	2.453183e-01	1.974437e+00	7.964147e-01	1.041751e+00	6.776829e+01	1.448453e+02	3.219639e-01	2.665139e-02	-2.622553e-12	
4  103.418	2.209803e+00	1.279564e-01	6.832669e-01	2.988720e+00	9.592815e-01	3.460542e-02	3.354925e-01	3.465957e-01	3.512266e+00	9.952540e-01	5.837962e+00	6.772149e-01	2.452446e-01	1.984186e+00	8.035833e-01	1.042194e+00	6.844377e+01	1.436754e+02	3.214388e-01	4.405204e-02	-2.041392e-12	
2  102.6	2.255476e+00	1.314174e-01	7.023550e-01	3.012576e+00	9.611942e-01	4.952923e-02	5.770816e-01	3.035516e-01	3.095391e+00	9.947486e-01	7.391827e+00	6.870474e-01	2.454599e-01	2.033663e+00	8.163838e-01	1.041875e+00	7.029203e+01	1.413480e+02	3.122709e-01	7.186779e-02	-3.602300e-13	
1  102.795	2.255476e+00	1.314174e-01	7.023550e-01	3.012576e+00	9.611942e-01	4.952923e-02	5.770816e-01	3.035516e-01	3.095391e+00	9.934710e-01	7.391827e+00	6.870474e-01	2.454599e-01	2.033663e+00	8.163838e-01	1.041875e+00	7.029203e+01	1.413480e+02	3.122709e-01	7.186779e-02	-3.602300e-13	
5  102.31	2.261907e+00	1.284982e-01	6.990405e-01	3.017459e+00	9.604358e-01	4.719321e-02	4.674319e-01	5.665423e-01	2.912530e+00	9.976839e-01	7.092760e+00	6.898937e-01	2.454864e-01	2.044001e+00	8.114761e-01	1.041468e+00	6.995609e+01	1.424391e+02	3.094818e-01	5.924578e-02	-1.281815e-12	
5  102.299	2.272277e+00	1.288650e-01	7.128833e-01	3.005770e+00	9.694465e-01	4.822553e-02	5.761165e-01	8.767710e-01	3.522796e+00	9.945191e-01	7.181911e+00	7.005577e-01	2.455368e-01	2.019656e+00	8.080683e-01	1.041955e+00	7.133035e+01	1.417785e+02	2.988487e-01	7.198366e-02	-7.009465e-13	
5  102.208	2.281058e+00	1.321109e-01	7.178560e-01	3.035876e+00	9.628117e-01	5.916357e-02	6.977704e-01	8.463930e-01	3.748749e+00	9.972189e-01	8.315140e+00	6.983290e-01	2.455723e-01	2.081288e+00	8.249254e-01	1.042343e+00	7.180519e+01	1.403913e+02	3.013538e-01	8.544199e-02	-7.782766e-14	
2  101.963	2.307223e+00	1.265119e-01	7.278460e-01	3.029422e+00	9.760179e-01	6.213987e-02	5.809482e-01	8.330555e-01	3.709635e+00	9.947377e-01	8.451918e+00	7.164463e-01	2.456875e-01	2.068420e+00	8.116112e-01	1.042735e+00	7.278799e+01	1.419581e+02	2.834212e-01	7.221325e-02	-3.382900e-14	
1  101.624	2.258416e+00	1.268742e-01	7.002821e-01	3.013851e+00	9.629756e-01	4.606135e-02	4.202284e-01	6.018411e-01	3.977265e+00	9.976972e-01	6.951098e+00	6.941457e-01	2.454702e-01	2.036658e+00	8.075973e-01	1.041871e+00	7.007567e+01	1.430778e+02	3.052056e-01	5.370233e-02	-1.320652e-12	
1  102.212	2.267591e+00	1.267448e-01	7.135672e-01	2.998180e+00	9.687897e-01	4.303896e-02	5.176003e-01	5.576858e-01	4.072131e+00	9.964794e-01	6.618842e+00	7.051843e-01	2.455182e-01	2.004176e+00	7.999284e-01	1.042101e+00	7.140120e+01	1.425696e+02	2.940704e-01	6.547709e-02	-1.264964e-12	
2  102.085	2.267591e+00	1.267448e-01	7.135672e-01	2.998180e+00	9.687897e-01	4.303896e-02	5.176003e-01	5.576858e-01	4.072131e+00	9.981656e-01	6.618842e+00	7.051843e-01	2.455182e-01	2.004176e+00	7.999284e-01	1.042101e+00	7.140120e+01	1.425696e+02	2.940704e-01	6.547709e-02	-1.264964e-12	
7  102.042	2.243453e+00	1.239425e-01	6.886907e-01	2.993607e+00	9.656642e-01	3.750657e-02	2.325083e-01	3.420426e-01	3.655805e+00	9.964044e-01	6.023948e+00	6.900144e-01	2.454025e-01	1.994555e+00	7.970502e-01	1.042269e+00	6.894170e+01	1.447986e+02	3.090800e-01	3.127153e-02	-1.933884e-12	
1  102.356	2.265069e+00	1.220209e-01	7.080245e-01	3.068568e+00	9.771519e-01	7.647218e-02	3.007754e-01	4.900143e-01	3.042678e+00	9.991490e-01	9.803641e+00	7.100534e-01	2.454987e-01	2.151038e+00	8.227917e-01	1.042972e+00	7.080279e+01	1.447996e+02	2.898391e-01	3.884887e-02	1.410468e-14	
1  102.322	2.265069e+00	1.220209e-01	7.080245e-01	3.068568e+00	9.771519e-01	7.647218e-02	3.007754e-01	4.900143e-01	3.042678e+00	9.990071e-01	9.803641e+00	7.100534e-01	2.454987e-01	2.151038e+00	8.227917e-01	1.042972e+00	7.080279e+01	1.447996e+02	2.898391e-01	3.884887e-02	1.410468e-14	
6  103.058	2.232936e+00	1.237549e-01	6.974060e-01	3.074444e+00	9.708412e-01	7.767024e-02	2.905628e-01	1.143941e-01	2.755250e+00	9.987169e-01	1.003761e+01	6.982434e-01	2.453500e-01	2.163643e+00	8.305293e-01	1.042897e+00	6.974953e+01	1.447562e+02	3.015305e-01	3.754631e-02	1.717152e-13	
3  103.412	2.243802e+00	1.266768e-01	7.097731e-01	3.059362e+00	9.644025e-01	7.171917e-02	4.763644e-01	1.400368e-01	2.915617e+00	9.984751e-01	9.522742e+00	7.026494e-01	2.454044e-01	2.131178e+00	8.260630e-01	1.042925e+00	7.098604e+01	1.430496e+02	2.970926e-01	5.988791e-02	2.492368e-13	
2  103.842	2.243802e+00	1.266768e-01	7.097731e-01	3.059362e+00	9.644025e-01	7.171917e-02	4.763644e-01	1.400368e-01	2.915617e+00	9.995974e-01	9.522742e+00	7.026494e-01	2.454044e-01	2.131178e+00	8.260630e-01	1.042925e+00	7.098604e+01	1.430496e+02	2.970926e-01	5.988791e-02	2.492368e-13	
1  103.572	2.243938e+00	1.293196e-01	7.001029e-01	3.073288e+00	9.660593e-01	7.234728e-02	4.687150e-01	4.189389e-01	2.420681e+00	1.002483e+00	9.630693e+00	6.890311e-01	2.453991e-01	2.160764e+00	8.413106e-01	1.043009e+00	7.002280e+01	1.424367e+02	3.107302e-01	5.920658e-02	2.519023e-13	
3  104.663	2.217924e+00	1.294372e-01	7.003610e-01	3.029832e+00	9.618766e-01	5.559067e-02	4.969303e-01	3.660733e-01	2.078196e+00	9.988820e-01	8.069968e+00	6.894981e-01	2.452821e-01	2.069399e+00	8.221965e-01	1.042997e+00	7.007622e+01	1.425652e+02	3.099194e-01	6.225725e-02	2.088588e-13	
4  104.718	2.205826e+00	1.268623e-01	6.819374e-01	3.016815e+00	9.570832e-01	4.526543e-02	2.681980e-01	5.034121e-02	2.061998e+00	9.985995e-01	6.983318e+00	6.784562e-01	2.452189e-01	2.043263e+00	8.138813e-01	1.043022e+00	6.825758e+01	1.443458e+02	3.207037e-01	3.465792e-02	-6.970842e-13	
5  104.844	2.205826e+00	1.268623e-01	6.819374e-01	3.016815e+00	9.570832e-01	4.526543e-02	2.681980e-01	5.034121e-02	2.061998e+00	9.946831e-01	6.983318e+00	6.784562e-01	2.452189e-01	2.043263e+00	8.138813e-01	1.043022e+00	6.825758e+01	1.443458e+02	3.207037e-01	3.465792e-02	-6.970842e-13	
4  102.482	2.193575e+00	1.244941e-01	6.586947e-01	3.053875e+00	9.548103e-01	5.891851e-02	3.864709e-02	1.196427e-01	2.294402e+00	9.955510e-01	8.369452e+00	6.620580e-01	2.451400e-01	2.120876e+00	8.265141e-01	1.041867e+00	6.593054e+01	1.461789e+02	3.373802e-01	4.951961e-03	-3.429819e-13	
1  104.954	2.204145e+00	1.298344e-01	6.695927e-01	3.048672e+00	9.467669e-01	5.952866e-02	2.913948e-01	4.736306e-02	2.447518e+00	9.930598e-01	8.498168e+00	6.610801e-01	2.452006e-01	2.109257e+00	8.306233e-01	1.041578e+00	6.702020e+01	1.435421e+02	3.382210e-01	3.703120e-02	-1.164925e-13	
1  105.13	2.204145e+00	1.298344e-01	6.695927e-01	3.048672e+00	9.467669e-01	5.952866e-02	2.913948e-01	4.736306e-02	2.447518e+00	9.979105e-01	8.498168e+00	6.610801e-01	2.452006e-01	2.109257e+00	8.306233e-01	1.041578e+00	6.702020e+01	1.435421e+02	3.382210e-01	3.703120e-02	-1.164925e-13	
9  103.836	2.219782e+00	1.265796e-01	6.733647e-01	3.056999e+00	9.537286e-01	6.583800e-02	2.196418e-01	2.301980e-02	3.037591e+00	9.977481e-01	9.019054e+00	6.714691e-01	2.452766e-01	2.126788e+00	8.278543e-01	1.041468e+00	6.737579e+01	1.445150e+02	3.281325e-01	2.827530e-02	-3.168603e-14	
1  102.646	2.219782e+00	1.265796e-01	6.733647e-01	3.056999e+00	9.537286e-01	6.583800e-02	2.196418e-01	2.301980e-02	3.037591e+00	9.956759e-01	9.019054e+00	6.714691e-01	2.452766e-01	2.126788e+00	8.278543e-01	1.041468e+00	6.737579e+01	1.445150e+02	3.281325e-01	2.827530e-02	-3.168603e-14	
1  104.168	2.240868e+00	1.265955e-01	6.898267e-01	3.068306e+00	9.506047e-01	6.893360e-02	3.495422e-01	2.702550e-01	2.856922e+00	1.000753e+00	9.271544e+00	6.860724e-01	2.453815e-01	2.150947e+00	8.271102e-01	1.041381e+00	6.900676e+01	1.436674e+02	3.136989e-01	4.421377e-02	-5.303475e-13	
9  102.878	2.293500e+00	1.242756e-01	7.064324e-01	3.065913e+00	9.620290e-01	6.513585e-02	3.710564e-01	3.336894e-01	2.990628e+00	1.005989e+00	8.735659e+00	7.039572e-01	2.456215e-01	2.146212e+00	8.199956e-01	1.041684e+00	7.064667e+01	1.435778e+02	2.960053e-01	4.722583e-02	-6.609244e-13	
2  103.165	2.303111e+00	1.193612e-01	6.945234e-01	3.079466e+00	9.664099e-01	6.865397e-02	9.075531e-02	5.445257e-01	2.444665e+00	1.006249e+00	8.927377e+00	7.035896e-01	2.456621e-01	2.176042e+00	8.186226e-01	1.042424e+00	6.945009e+01	1.460639e+02	2.964088e-01	1.195429e-02	-2.482709e-13	
1  102.493	2.302469e+00	1.200763e-01	6.990490e-01	3.049098e+00	9.671118e-01	5.899673e-02	1.437219e-01	6.092953e-01	2.133871e+00	1.001952e+00	8.020307e+00	7.060067e-01	2.456614e-01	2.110923e+00	8.077272e-01	1.042688e+00	6.989812e+01	1.456241e+02	2.939311e-01	1.889549e-02	-3.828729e-13	
2  104.111	2.312902e+00	1.218502e-01	6.900071e-01	3.027004e+00	9.623198e-01	4.455345e-02	1.267232e-01	4.962087e-01	2.577117e+00	1.002261e+00	6.568031e+00	6.945832e-01	2.457109e-01	2.064363e+00	8.028406e-01	1.042197e+00	6.902785e+01	1.450921e+02	3.050852e-01	1.743720e-02	-1.373403e-12	
4  102.494	2.300829e+00	1.222309e-01	6.916000e-01	3.036869e+00	9.639653e-01	5.278870e-02	1.718472e-01	7.162418e-01	2.414807e+00	1.000565e+00	7.453123e+00	6.955156e-01	2.456542e-01	2.085355e+00	8.075333e-01	1.041822e+00	6.917975e+01	1.449429e+02	3.043137e-01	2.281550e-02	-8.745994e-13	
6  102.408	2.300829e+00	1.222309e-01	6.916000e-01	3.036869e+00	9.639653e-01	5.278870e-02	1.718472e-01	7.162418e-01	2.414807e+00	9.997288e-01	7.453123e+00	6.955156e-01	2.456542e-01	2.085355e+00	8.075333e-01	1.041822e+00	6.917975e+01	1.449429e+02	3.043137e-01	2.281550e-02	-8.745994e-13	
3  103.253	2.307948e+00	1.212925e-01	7.010228e-01	3.023249e+00	9.623081e-01	4.445363e-02	2.068346e-01	3.437915e-01	2.178253e+00	1.002720e+00	6.578255e+00	7.050949e-01	2.456906e-01	2.056748e+00	7.974805e-01	1.042232e+00	7.010983e+01	1.448914e+02	2.945649e-01	2.753721e-02	-1.452523e-12	
1  101.701	2.308560e+00	1.228541e-01	7.152637e-01	3.060143e+00	9.705903e-01	6.749672e-02	3.662649e-01	3.167593e-01	2.634167e+00	1.001954e+00	8.883732e+00	7.135539e-01	2.456898e-01	2.133495e+00	8.159591e-01	1.042526e+00	7.151733e+01	1.438079e+02	2.864148e-01	4.674956e-02	-1.743016e-13	
1  101.688	2.308560e+00	1.228541e-01	7.152637e-01	3.060143e+00	9.705903e-01	6.749672e-02	3.662649e-01	3.167593e-01	2.634167e+00	1.002161e+00	8.883732e+00	7.135539e-01	2.456898e-01	2.133495e+00	8.159591e-01	1.042526e+00	7.151733e+01	1.438079e+02	2.864148e-01	4.674956e-02	-1.743016e-13	
2  101.399	2.291702e+00	1.219343e-01	7.132014e-01	3.033398e+00	9.759014e-01	6.142072e-02	3.379065e-01	5.042684e-01	2.472418e+00	9.966322e-01	8.331179e+00	7.139967e-01	2.456184e-01	2.077181e+00	8.051272e-01	1.042398e+00	7.132027e+01	1.443565e+02	2.858861e-01	4.334970e-02	-1.750860e-13	
3  102.558	2.333255e+00	1.265283e-01	7.379395e-01	3.040775e+00	9.827827e-01	7.034491e-02	6.471788e-01	9.903530e-02	3.762761e+00	9.953370e-01	9.170177e+00	7.236151e-01	2.457975e-01	2.091931e+00	8.156543e-01	1.042728e+00	7.378662e+01	1.413855e+02	2.763419e-01	7.978071e-02	1.478944e-13	
3  101.936	2.309439e+00	1.214566e-01	7.094340e-01	3.031116e+00	9.768824e-01	5.807990e-02	2.817521e-01	8.108886e-02	4.151496e+00	9.974542e-01	7.947166e+00	7.116544e-01	2.456946e-01	2.072768e+00	8.036833e-01	1.042245e+00	7.094875e+01	1.445522e+02	2.882118e-01	3.658923e-02	-3.037568e-13	
1  102.54	2.307868e+00	1.183059e-01	7.001497e-01	3.051726e+00	9.780409e-01	6.587381e-02	1.147778e-01	1.600137e-01	3.548215e+00	9.985616e-01	8.627453e+00	7.104217e-01	2.456843e-01	2.116263e+00	8.060954e-01	1.042009e+00	7.001828e+01	1.461808e+02	2.895865e-01	1.541324e-02	-3.794433e-14	
3  104.743	2.307868e+00	1.183059e-01	7.001497e-01	3.051726e+00	9.780409e-01	6.587381e-02	1.147778e-01	1.600137e-01	3.548215e+00	9.947963e-01	8.627453e+00	7.104217e-01	2.456843e-01	2.116263e+00	8.060954e-01	1.042009e+00	7.001828e+01	1.461808e+02	2.895865e-01	1.541324e-02	-3.794433e-14	
1  105.415	2.281020e+00	1.185900e-01	6.906853e-01	3.085711e+00	9.770010e-01	8.288695e-02	8.300556e-02	1.886513e-02	3.583116e+00	9.942746e-01	1.025199e+01	7.024979e-01	2.455644e-01	2.188817e+00	8.221347e-01	1.041368e+00	6.908394e+01	1.465598e+02	2.976131e-01	1.141683e-02	2.616253e-13	
1  105.939	2.318223e+00	1.208981e-01	6.999597e-01	3.090488e+00	9.732443e-01	8.366368e-02	1.821605e-01	5.541659e-02	4.249770e+00	9.946223e-01	1.026917e+01	7.047826e-01	2.457298e-01	2.199226e+00	8.271982e-01	1.042086e+00	7.000144e+01	1.450832e+02	2.952385e-01	2.403638e-02	2.853628e-13	
2  107.789	2.309328e+00	1.263611e-01	7.031553e-01	3.135534e+00	9.676049e-01	1.034803e-01	3.898464e-01	3.832594e-01	3.994507e+00	9.967082e-01	1.212726e+01	6.962551e-01	2.456924e-01	2.300353e+00	8.571194e-01	1.041782e+00	7.033891e+01	1.428440e+02	3.037365e-01	4.967694e-02	1.640778e-13	
1  106.336	2.280837e+00	1.237366e-01	6.966725e-01	3.096880e+00	9.658788e-01	9.138741e-02	2.686225e-01	5.588526e-01	3.272178e+00	9.898783e-01	1.111220e+01	6.969707e-01	2.455663e-01	2.213606e+00	8.361744e-01	1.042107e+00	6.967420e+01	1.443596e+02	3.029357e-01	3.473482e-02	2.392266e-13	
4  108.025	2.321350e+00	1.303150e-01	7.248306e-01	3.106194e+00	9.682218e-01	9.959315e-02	6.723809e-01	8.944730e-01	3.654364e+00	9.901100e-01	1.184263e+01	7.064286e-01	2.457454e-01	2.233908e+00	8.497148e-01	1.042272e+00	7.247874e+01	1.405102e+02	2.934403e-01	8.272772e-02	2.837561e-13	
2  107.717	2.300389e+00	1.297024e-01	7.156208e-01	3.112874e+00	9.656153e-01	9.776547e-02	6.134151e-01	6.797580e-01	4.056453e+00	9.943483e-01	1.174339e+01	7.005610e-01	2.456544e-01	2.248384e+00	8.514923e-01	1.041556e+00	7.157522e+01	1.411279e+02	2.994055e-01	7.607825e-02	9.532383e-14	
1  106.48	2.299722e+00	1.251525e-01	7.192512e-01	3.110501e+00	9.721933e-01	9.746445e-02	4.998411e-01	5.093025e-01	3.973097e+00	9.957745e-01	1.161353e+01	7.123879e-01	2.456518e-01	2.243475e+00	8.410473e-01	1.041797e+00	7.193511e+01	1.427317e+02	2.876301e-01	6.291622e-02	9.841088e-15	
1  106.355	2.292970e+00	1.292557e-01	7.281244e-01	3.113731e+00	9.769369e-01	9.406422e-02	6.768313e-01	5.572683e-01	3.588417e+00	1.001351e+00	1.144847e+01	7.114987e-01	2.456218e-01	2.250349e+00	8.541244e-01	1.042802e+00	7.283368e+01	1.410020e+02	2.884510e-01	8.377501e-02	-2.225466e-13	
1  106.726	2.317629e+00	1.315230e-01	7.501982e-01	3.097423e+00	9.768217e-01	8.499927e-02	9.102316e-01	3.221432e-01	3.293016e+00	1.005729e+00	1.064455e+01	7.237760e-01	2.457235e-01	2.213219e+00	8.469995e-01	1.043036e+00	7.504074e+01	1.392054e+02	2.761878e-01	1.094081e-01	-3.210567e-13	
2  107.298	2.289749e+00	1.263363e-01	7.240300e-01	3.107938e+00	9.736978e-01	8.302768e-02	5.503795e-01	1.874877e-01	3.421230e+00	1.008139e+00	1.043862e+01	7.138651e-01	2.456059e-01	2.237096e+00	8.445218e-01	1.042949e+00	7.243311e+01	1.422977e+02	2.860243e-01	6.918425e-02	-5.575277e-13	
1  107.651	2.312513e+00	1.261076e-01	7.283415e-01	3.129534e+00	9.777564e-01	9.540748e-02	5.575269e-01	6.660618e-02	3.686281e+00	1.006931e+00	1.144297e+01	7.171754e-01	2.457052e-01	2.286092e+00	8.533459e-01	1.043088e+00	7.286639e+01	1.420835e+02	2.826927e-01	7.001746e-02	-5.212750e-13	
1  108.057	2.312513e+00	1.261076e-01	7.283415e-01	3.129534e+00	9.777564e-01	9.540748e-02	5.575269e-01	6.660618e-02	3.686281e+00	1.006652e+00	1.144297e+01	7.171754e-01	2.457052e-01	2.286092e+00	8.533459e-01	1.043088e+00	7.286639e+01	1.420835e+02	2.826927e-01	7.001746e-02	-5.212750e-13	
1  105.767	2.287973e+00	1.216017e-01	6.971709e-01	3.114648e+00	9.710360e-01	8.691881e-02	2.033808e-01	1.969606e-01	3.352465e+00	1.002688e+00	1.067544e+01	7.013856e-01	2.455978e-01	2.252978e+00	8.396257e-01	1.042073e+00	6.974577e+01	1.451187e+02	2.985733e-01	2.678708e-02	-2.139840e-13	
2  105.083	2.286146e+00	1.216067e-01	6.973963e-01	3.100477e+00	9.692120e-01	8.280571e-02	2.031780e-01	3.429087e-01	3.042958e+00	9.997607e-01	1.031178e+01	7.017107e-01	2.455892e-01	2.221290e+00	8.332973e-01	1.042203e+00	6.975327e+01	1.451380e+02	2.982608e-01	2.664465e-02	-1.210805e-13	
1  105.888	2.322069e+00	1.216148e-01	7.193499e-01	3.072483e+00	9.777649e-01	7.222596e-02	3.676447e-01	5.658945e-01	3.646145e+00	1.001275e+00	9.268205e+00	7.188520e-01	2.457463e-01	2.160146e+00	8.179313e-01	1.041991e+00	7.193908e+01	1.439712e+02	2.811464e-01	4.711342e-02	-2.531439e-13	
1  104.805	2.306941e+00	1.217960e-01	7.063274e-01	3.056563e+00	9.741590e-01	6.096943e-02	2.660346e-01	5.397993e-01	3.499984e+00	1.001256e+00	8.243118e+00	7.084174e-01	2.456818e-01	2.126576e+00	8.147777e-01	1.042280e+00	7.063812e+01	1.445612e+02	2.914715e-01	3.458373e-02	-5.558285e-13	
4  103.202	2.249555e+00	1.202445e-01	6.816308e-01	3.038376e+00	9.694998e-01	5.184769e-02	6.531191e-02	5.072670e-01	3.158762e+00	9.983830e-01	7.452311e+00	6.916115e-01	2.454189e-01	2.088715e+00	8.083425e-01	1.041882e+00	6.819439e+01	1.465273e+02	3.080309e-01	9.073626e-03	-1.265863e-12	
6  102.986	2.249555e+00	1.202445e-01	6.816308e-01	3.038376e+00	9.694998e-01	5.184769e-02	6.531191e-02	5.072670e-01	3.158762e+00	9.985439e-01	7.452311e+00	6.916115e-01	2.454189e-01	2.088715e+00	8.083425e-01	1.041882e+00	6.819439e+01	1.465273e+02	3.080309e-01	9.073626e-03	-1.265863e-12	
11  103.382	2.253926e+00	1.220123e-01	6.888774e-01	3.042308e+00	9.669251e-01	5.450922e-02	1.578763e-01	5.713485e-01	2.735407e+00	9.980311e-01	7.736602e+00	6.941742e-01	2.454419e-01	2.096513e+00	8.128837e-01	1.042551e+00	6.890501e+01	1.455830e+02	3.055240e-01	2.077122e-02	-7.982049e-13	
1  104.817	2.219675e+00	1.207966e-01	6.840975e-01	3.026136e+00	9.595408e-01	4.899904e-02	1.118959e-01	5.303521e-01	3.204574e+00	9.958042e-01	7.246479e+00	6.930237e-01	2.452811e-01	2.063384e+00	8.025093e-01	1.042401e+00	6.843700e+01	1.464671e+02	3.064202e-01	1.464369e-02	-1.117317e-12	
1  104.608	2.224592e+00	1.211809e-01	6.713303e-01	3.004970e+00	9.555504e-01	3.097452e-02	2.410007e-02	3.596691e-01	3.652893e+00	9.995251e-01	5.312389e+00	6.802896e-01	2.453074e-01	2.017210e+00	7.955039e-01	1.041966e+00	6.721042e+01	1.465954e+02	3.186848e-01	4.676770e-03	-3.821691e-12	
2  106.21	2.210109e+00	1.251223e-01	6.759741e-01	2.991445e+00	9.551598e-01	2.675915e-02	1.814894e-01	3.418403e-01	3.582220e+00	9.976478e-01	4.911999e+00	6.760604e-01	2.452451e-01	1.987444e+00	7.987178e-01	1.042407e+00	6.771258e+01	1.449792e+02	3.225483e-01	2.543710e-02	-3.812384e-12	
5  106.608	2.190196e+00	1.246128e-01	6.734323e-01	2.992562e+00	9.525501e-01	2.974361e-02	1.820286e-01	1.120023e-01	3.482908e+00	9.964282e-01	5.312315e+00	6.753229e-01	2.451470e-01	1.991712e+00	7.968900e-01	1.041659e+00	6.745931e+01	1.453421e+02	3.231864e-01	2.511862e-02	-3.935875e-12	
2  107.05	2.195338e+00	1.218209e-01	6.725677e-01	2.995636e+00	9.518849e-01	2.755015e-02	8.774872e-02	3.215024e-01	2.714459e+00	9.999088e-01	5.028822e+00	6.802872e-01	2.451713e-01	1.997586e+00	7.915585e-01	1.041620e+00	6.734625e+01	1.463931e+02	3.183886e-01	1.310069e-02	-4.754542e-12	
5  104.349	2.179777e+00	1.229324e-01	6.602267e-01	3.032926e+00	9.554798e-01	4.638241e-02	2.338554e-02	5.392684e-01	2.913101e+00	9.973623e-01	7.109760e+00	6.670363e-01	2.450728e-01	2.077481e+00	8.138567e-01	1.041643e+00	6.611066e+01	1.467696e+02	3.320549e-01	3.293246e-03	-1.924449e-12	
1  103.955	2.231014e+00	1.242744e-01	6.709917e-01	3.020400e+00	9.644385e-01	4.366131e-02	1.190396e-01	5.435879e-01	3.105997e+00	9.951431e-01	6.713332e+00	6.736448e-01	2.453311e-01	2.050368e+00	8.113478e-01	1.041552e+00	6.717944e+01	1.454140e+02	3.256451e-01	1.659768e-02	-1.934628e-12	
3  103.661	2.236560e+00	1.246252e-01	6.747221e-01	3.029772e+00	9.613357e-01	4.635493e-02	1.554579e-01	8.466143e-01	3.363596e+00	9.970684e-01	6.988322e+00	6.763146e-01	2.453565e-01	2.070066e+00	8.141454e-01	1.041604e+00	6.753816e+01	1.450923e+02	3.230724e-01	2.098829e-02	-1.830480e-12	
3  104.011	2.250097e+00	1.209979e-01	6.757340e-01	3.039985e+00	9.685411e-01	5.819204e-02	2.543051e-02	9.779229e-01	2.908587e+00	9.912305e-01	8.075808e+00	6.847811e-01	2.454178e-01	2.091251e+00	8.127106e-01	1.042287e+00	6.760205e+01	1.465380e+02	3.150181e-01	3.676049e-03	-3.857922e-13	
9  104.032	2.250097e+00	1.209979e-01	6.757340e-01	3.039985e+00	9.685411e-01	5.819204e-02	2.543051e-02	9.779229e-01	2.908587e+00	9.912149e-01	8.075808e+00	6.847811e-01	2.454178e-01	2.091251e+00	8.127106e-01	1.042287e+00	6.760205e+01	1.465380e+02	3.150181e-01	3.676049e-03	-3.857922e-13	
1  103.641	2.223738e+00	1.243831e-01	6.729564e-01	3.038965e+00	9.636417e-01	5.140094e-02	1.416471e-01	9.767088e-01	2.256973e+00	9.969621e-01	7.539089e+00	6.753385e-01	2.452939e-01	2.089108e+00	8.188001e-01	1.041645e+00	6.735323e+01	1.453760e+02	3.241641e-01	1.903669e-02	-1.337445e-12	
9  101.555	2.223738e+00	1.243831e-01	6.729564e-01	3.038965e+00	9.636417e-01	5.140094e-02	1.416471e-01	9.767088e-01	2.256973e+00	9.989917e-01	7.539089e+00	6.753385e-01	2.452939e-01	2.089108e+00	8.188001e-01	1.041645e+00	6.735323e+01	1.453760e+02	3.241641e-01	1.903669e-02	-1.337445e-12	
4  101.445	2.242468e+00	1.242222e-01	6.893586e-01	3.048297e+00	9.652416e-01	5.718742e-02	2.460252e-01	8.691562e-01	2.607412e+00	1.000579e+00	8.075468e+00	6.902119e-01	2.453881e-01	2.108642e+00	8.197289e-01	1.042259e+00	6.896120e+01	1.447299e+02	3.094710e-01	3.195915e-02	-7.882264e-13	
7  101.044	2.237811e+00	1.223964e-01	6.761677e-01	3.042771e+00	9.647765e-01	5.448457e-02	9.439014e-02	8.109001e-01	2.387250e+00	9.984396e-01	7.780756e+00	6.824064e-01	2.453615e-01	2.097480e+00	8.153174e-01	1.041808e+00	6.765585e+01	1.459617e+02	3.172556e-01	1.273260e-02	-9.966057e-13	
6  100.832	2.237811e+00	1.223964e-01	6.761677e-01	3.042771e+00	9.647765e-01	5.448457e-02	9.439014e-02	8.109001e-01	2.387250e+00	9.988278e-01	7.780756e+00	6.824064e-01	2.453615e-01	2.097480e+00	8.153174e-01	1.041808e+00	6.765585e+01	1.459617e+02	3.172556e-01	1.273260e-02	-9.966057e-13	
3  101.838	2.292396e+00	1.202161e-01	6.977512e-01	3.042197e+00	9.751227e-01	5.546330e-02	1.543880e-01	8.331633e-01	3.114864e+00	1.001219e+00	7.703507e+00	7.047397e-01	2.456176e-01	2.096341e+00	8.077275e-01	1.042348e+00	6.978645e+01	1.456496e+02	2.950791e-01	2.059356e-02	-7.429917e-13	
1  102.615	2.266142e+00	1.236749e-01	7.064358e-01	3.037182e+00	9.813507e-01	5.561760e-02	3.599568e-01	6.493246e-01	3.883986e+00	1.002252e+00	7.860903e+00	7.053220e-01	2.455019e-01	2.085222e+00	8.144698e-01	1.042182e+00	7.066238e+01	1.440985e+02	2.943625e-01	4.645859e-02	-1.113375e-12	
5  102.259	2.266142e+00	1.236749e-01	7.064358e-01	3.037182e+00	9.813507e-01	5.561760e-02	3.599568e-01	6.493246e-01	3.883986e+00	1.003150e+00	7.860903e+00	7.053220e-01	2.455019e-01	2.085222e+00	8.144698e-01	1.042182e+00	7.066238e+01	1.440985e+02	2.943625e-01	4.645859e-02	-1.113375e-12	
2  102.083	2.278442e+00	1.211376e-01	7.152926e-01	3.036004e+00	9.826291e-01	6.096445e-02	3.288508e-01	7.563820e-01	3.127685e+00	9.990687e-01	8.304298e+00	7.172813e-01	2.455594e-01	2.082517e+00	8.067450e-01	1.042826e+00	7.152934e+01	1.447489e+02	2.825490e-01	4.229549e-02	-3.835995e-13	
1  103.195	2.263424e+00	1.213770e-01	7.176646e-01	3.054713e+00	9.858468e-01	6.949000e-02	3.732600e-01	5.909952e-01	3.238732e+00	1.001537e+00	9.159503e+00	7.189200e-01	2.454926e-01	2.121514e+00	8.153514e-01	1.042665e+00	7.176888e+01	1.446440e+02	2.809458e-01	4.784960e-02	-4.047094e-13	
4  101.71	2.267684e+00	1.228698e-01	7.091388e-01	3.060830e+00	9.788859e-01	7.090906e-02	3.587402e-01	4.546821e-01	3.374262e+00	1.000461e+00	9.310049e+00	7.092565e-01	2.455098e-01	2.134538e+00	8.205883e-01	1.042143e+00	7.091978e+01	1.442852e+02	2.906632e-01	4.609692e-02	-2.706602e-13	
2  101.5	2.261663e+00	1.240690e-01	7.050152e-01	3.068447e+00	9.693691e-01	7.163202e-02	3.501162e-01	3.829419e-01	2.972289e+00	1.000816e+00	9.415040e+00	7.036065e-01	2.454817e-01	2.150885e+00	8.255667e-01	1.042636e+00	7.050620e+01	1.440840e+02	2.962668e-01	4.482814e-02	-1.123259e-13	
6  102.262	2.227682e+00	1.262549e-01	6.870410e-01	3.019844e+00	9.630773e-01	4.084671e-02	2.876313e-01	4.880563e-01	2.228086e+00	1.002995e+00	6.455677e+00	6.838899e-01	2.453241e-01	2.048542e+00	8.134580e-01	1.042664e+00	6.876512e+01	1.441436e+02	3.152625e-01	3.771762e-02	-1.842477e-12	
1  102.224	2.227682e+00	1.262549e-01	6.870410e-01	3.019844e+00	9.630773e-01	4.084671e-02	2.876313e-01	4.880563e-01	2.228086e+00	1.003716e+00	6.455677e+00	6.838899e-01	2.453241e-01	2.048542e+00	8.134580e-01	1.042664e+00	6.876512e+01	1.441436e+02	3.152625e-01	3.771762e-02	-1.842477e-12	
4  103.017	2.192803e+00	1.270379e-01	6.574101e-01	3.023786e+00	9.569482e-01	3.779740e-02	9.790729e-02	2.612299e-01	2.708482e+00	1.002639e+00	6.206152e+00	6.545795e-01	2.451408e-01	2.056759e+00	8.208405e-01	1.042045e+00	6.586720e+01	1.451912e+02	3.442464e-01	1.392236e-02	-2.535303e-12	
1  103.274	2.243514e+00	1.287978e-01	6.987664e-01	3.044584e+00	9.683121e-01	5.529766e-02	4.348765e-01	1.740222e-01	3.576275e+00	1.003256e+00	7.960151e+00	6.889104e-01	2.453963e-01	2.100418e+00	8.295701e-01	1.043249e+00	6.990157e+01	1.427239e+02	3.106834e-01	5.513540e-02	-3.097166e-13	
1  102.631	2.222576e+00	1.250096e-01	6.869729e-01	3.028950e+00	9.682438e-01	4.347330e-02	2.579683e-01	1.406714e-01	3.665719e+00	1.006738e+00	6.733095e+00	6.864433e-01	2.452973e-01	2.067870e+00	8.158244e-01	1.042522e+00	6.875323e+01	1.446640e+02	3.127407e-01	3.404633e-02	-2.025274e-12	
2  101.287	2.241378e+00	1.242679e-01	6.794770e-01	3.059279e+00	9.640969e-01	5.613570e-02	1.685213e-01	2.785826e-01	4.385488e+00	1.006499e+00	7.973487e+00	6.812457e-01	2.453785e-01	2.132513e+00	8.259888e-01	1.042068e+00	6.799095e+01	1.450927e+02	3.183840e-01	2.226250e-02	-1.217238e-12	
1  105.519	2.243436e+00	1.333826e-01	6.709329e-01	3.045697e+00	9.451231e-01	4.847192e-02	3.925222e-01	5.515491e-01	3.139853e+00	1.002213e+00	7.327821e+00	6.541338e-01	2.453873e-01	2.102458e+00	8.343258e-01	1.040938e+00	6.718748e+01	1.417956e+02	3.451132e-01	5.005491e-02	-1.589362e-12	
1  108.531	2.243436e+00	1.333826e-01	6.709329e-01	3.045697e+00	9.451231e-01	4.847192e-02	3.925222e-01	5.515491e-01	3.139853e+00	9.983206e-01	7.327821e+00	6.541338e-01	2.453873e-01	2.102458e+00	8.343258e-01	1.040938e+00	6.718748e+01	1.417956e+02	3.451132e-01	5.005491e-02	-1.589362e-12	
7  106.596	2.270961e+00	1.340584e-01	7.045930e-01	3.047929e+00	9.561963e-01	5.362922e-02	6.741989e-01	6.691890e-01	3.272420e+00	1.002106e+00	7.821996e+00	6.833510e-01	2.455226e-01	2.106314e+00	8.335013e-01	1.041448e+00	7.050498e+01	1.401318e+02	3.161797e-01	8.304757e-02	-1.143691e-12	
2  106.802	2.237698e+00	1.325664e-01	6.904289e-01	3.053195e+00	9.526346e-01	5.210473e-02	5.303128e-01	6.108992e-01	3.286685e+00	1.003875e+00	7.721987e+00	6.740711e-01	2.453650e-01	2.118060e+00	8.350225e-01	1.041509e+00	6.911044e+01	1.414338e+02	3.253075e-01	6.653786e-02	-1.604957e-12	
2  106.827	2.237698e+00	1.325664e-01	6.904289e-01	3.053195e+00	9.526346e-01	5.210473e-02	5.303128e-01	6.108992e-01	3.286685e+00	1.011740e+00	7.721987e+00	6.740711e-01	2.453650e-01	2.118060e+00	8.350225e-01	1.041509e+00	6.911044e+01	1.414338e+02	3.253075e-01	6.653786e-02	-1.604957e-12	
8  106.699	2.283130e+00	1.340489e-01	7.162414e-01	3.013648e+00	9.557262e-01	3.940735e-02	7.481000e-01	9.407498e-01	3.050793e+00	1.008866e+00	6.282668e+00	6.930280e-01	2.455861e-01	2.034066e+00	8.170031e-01	1.042087e+00	7.168447e+01	1.396501e+02	3.060154e-01	9.185691e-02	-1.903071e-12	
2  104.552	2.283130e+00	1.340489e-01	7.162414e-01	3.013648e+00	9.557262e-01	3.940735e-02	7.481000e-01	9.407498e-01	3.050793e+00	1.006889e+00	6.282668e+00	6.930280e-01	2.455861e-01	2.034066e+00	8.170031e-01	1.042087e+00	7.168447e+01	1.396501e+02	3.060154e-01	9.185691e-02	-1.903071e-12	
5  103.25	2.250289e+00	1.256770e-01	6.897101e-01	3.025393e+00	9.532412e-01	4.276029e-02	2.986931e-01	9.815999e-01	3.286150e+00	1.006007e+00	6.599204e+00	6.874144e-01	2.454280e-01	2.060840e+00	8.088336e-01	1.041865e+00	6.901920e+01	1.439657e+02	3.119116e-01	3.884104e-02	-2.359683e-12	
3  103.057	2.243760e+00	1.219649e-01	6.941203e-01	3.027637e+00	9.584057e-01	5.026677e-02	2.224091e-01	8.309326e-01	3.812223e+00	1.002537e+00	7.338920e+00	6.989954e-01	2.453969e-01	2.066378e+00	8.022720e-01	1.042119e+00	6.943098e+01	1.453665e+02	3.005754e-01	2.883363e-02	-1.190110e-12	
1  102.783	2.243760e+00	1.219649e-01	6.941203e-01	3.027637e+00	9.584057e-01	5.026677e-02	2.224091e-01	8.309326e-01	3.812223e+00	1.002123e+00	7.338920e+00	6.989954e-01	2.453969e-01	2.066378e+00	8.022720e-01	1.042119e+00	6.943098e+01	1.453665e+02	3.005754e-01	2.883363e-02	-1.190110e-12	
4  102.704	2.234948e+00	1.202784e-01	6.903691e-01	3.038414e+00	9.602522e-01	5.606286e-02	1.451480e-01	7.729631e-01	3.885420e+00	1.001737e+00	7.913515e+00	6.994240e-01	2.453523e-01	2.088944e+00	8.041777e-01	1.042138e+00	6.904807e+01	1.462864e+02	3.002448e-01	1.875000e-02	-7.401168e-13	
15  103.041	2.224431e+00	1.178341e-01	6.820987e-01	3.069190e+00	9.615223e-01	6.829687e-02	1.385678e-02	7.147303e-01	3.672076e+00	1.003907e+00	9.076315e+00	6.976306e-01	2.452972e-01	2.154112e+00	8.127066e-01	1.041939e+00	6.822163e+01	1.477070e+02	3.021996e-01	1.454037e-03	-2.978914e-13	
1  102.516	2.224431e+00	1.178341e-01	6.820987e-01	3.069190e+00	9.615223e-01	6.829687e-02	1.385678e-02	7.147303e-01	3.672076e+00	1.001960e+00	9.076315e+00	6.976306e-01	2.452972e-01	2.154112e+00	8.127066e-01	1.041939e+00	6.822163e+01	1.477070e+02	3.021996e-01	1.454037e-03	-2.978914e-13	
1  102.791	2.211228e+00	1.192812e-01	6.828470e-01	3.041671e+00	9.650171e-01	5.934106e-02	9.233711e-02	5.760409e-01	3.927719e+00	9.991658e-01	8.285415e+00	6.954586e-01	2.452362e-01	2.095471e+00	8.052791e-01	1.041336e+00	6.830752e+01	1.470781e+02	3.041601e-01	1.202432e-02	-7.043248e-13	
8  102.376	2.234133e+00	1.235808e-01	6.883334e-01	3.086563e+00	9.709295e-01	8.224674e-02	2.223037e-01	4.203367e-01	4.468581e+00	9.975844e-01	1.044382e+01	6.907922e-01	2.453506e-01	2.190203e+00	8.364561e-01	1.042354e+00	6.885767e+01	1.451119e+02	3.090261e-01	2.919487e-02	6.156786e-14	
2  103.551	2.234133e+00	1.235808e-01	6.883334e-01	3.086563e+00	9.709295e-01	8.224674e-02	2.223037e-01	4.203367e-01	4.468581e+00	9.952641e-01	1.044382e+01	6.907922e-01	2.453506e-01	2.190203e+00	8.364561e-01	1.042354e+00	6.885767e+01	1.451119e+02	3.090261e-01	2.919487e-02	6.156786e-14	
2  103.006	2.211360e+00	1.210078e-01	6.780127e-01	3.080017e+00	9.682918e-01	7.267865e-02	7.468163e-02	1.656216e-01	4.754811e+00	9.999842e-01	9.582489e+00	6.873611e-01	2.452361e-01	2.176303e+00	8.292145e-01	1.042322e+00	6.783755e+01	1.467343e+02	3.123589e-01	1.004520e-02	-2.986751e-13	
2  104.137	2.232594e+00	1.269629e-01	6.988145e-01	3.065229e+00	9.694898e-01	6.589739e-02	3.993035e-01	2.772954e-01	4.497550e+00	1.001673e+00	9.004619e+00	6.928703e-01	2.453442e-01	2.143904e+00	8.338092e-01	1.042918e+00	6.990730e+01	1.434517e+02	3.068356e-01	5.094822e-02	-2.819847e-13	
3  106.541	2.309748e+00	1.245857e-01	7.419629e-01	2.994263e+00	9.782184e-01	5.070577e-02	6.135509e-01	7.897321e-01	3.160363e+00	9.961292e-01	7.245962e+00	7.306592e-01	2.457220e-01	1.997822e+00	7.912212e-01	1.043596e+00	7.429247e+01	1.423006e+02	2.696187e-01	7.722074e-02	-1.284857e-12	
1  104.409	2.295462e+00	1.287242e-01	7.266989e-01	3.017598e+00	9.795363e-01	5.668106e-02	6.300794e-01	6.868276e-01	3.144518e+00	9.976124e-01	7.939772e+00	7.119033e-01	2.456775e-01	2.044858e+00	8.143966e-01	1.043300e+00	7.279871e+01	1.413687e+02	2.883734e-01	7.907923e-02	-2.064682e-12	
5  103.704	2.277630e+00	1.313866e-01	7.069070e-01	3.019260e+00	9.657806e-01	4.743193e-02	5.726654e-01	8.016028e-01	3.664940e+00	1.001883e+00	7.047234e+00	6.911507e-01	2.456217e-01	2.048031e+00	8.200889e-01	1.042606e+00	7.089557e+01	1.412453e+02	3.094163e-01	7.230011e-02	-3.212096e-12	
3  103.175	2.292177e+00	1.311585e-01	7.234751e-01	3.037415e+00	9.684105e-01	5.649618e-02	6.924316e-01	8.633659e-01	3.901047e+00	1.005035e+00	7.983008e+00	7.049918e-01	2.456699e-01	2.086447e+00	8.244566e-01	1.042820e+00	7.250169e+01	1.406216e+02	2.954310e-01	8.555833e-02	-1.633338e-12	
1  102.074	2.292177e+00	1.311585e-01	7.234751e-01	3.037415e+00	9.684105e-01	5.649618e-02	6.924316e-01	8.633659e-01	3.901047e+00	1.002854e+00	7.983008e+00	7.049918e-01	2.456699e-01	2.086447e+00	8.244566e-01	1.042820e+00	7.250169e+01	1.406216e+02	2.954310e-01	8.555833e-02	-1.633338e-12	
