3  104.322	2.302323e+00	1.390765e-01	7.346075e-01	3.004418e+00	9.705847e-01	4.809003e-02	1.049144e+00	1.959395e-01	3.794582e+00	9.965894e-01	7.263645e+00	6.985762e-01	2.456719e-01	2.015770e+00	8.249187e-01	1.041974e+00	7.349612e+01	1.371762e+02	3.007176e-01	1.234098e-01	3.359612e-13	
1  104.654	2.291853e+00	1.394579e-01	7.317941e-01	2.995539e+00	9.684592e-01	4.401275e-02	1.019890e+00	1.777682e-01	3.836551e+00	9.959490e-01	6.849664e+00	6.956618e-01	2.456274e-01	1.997882e+00	8.233224e-01	1.042746e+00	7.323367e+01	1.373053e+02	3.034326e-01	1.204846e-01	5.548518e-13	
1  104.857	2.291853e+00	1.394579e-01	7.317941e-01	2.995539e+00	9.684592e-01	4.401275e-02	1.019890e+00	1.777682e-01	3.836551e+00	9.964825e-01	6.849664e+00	6.956618e-01	2.456274e-01	1.997882e+00	8.233224e-01	1.042746e+00	7.323367e+01	1.373053e+02	3.034326e-01	1.204846e-01	5.548518e-13	
4  104.669	2.289546e+00	1.399450e-01	7.375953e-01	3.021654e+00	9.655087e-01	5.660339e-02	1.074351e+00	1.773253e-01	3.862818e+00	9.961712e-01	8.174977e+00	6.995237e-01	2.456127e-01	2.051464e+00	8.336816e-01	1.043166e+00	7.377898e+01	1.369862e+02	3.000001e-01	1.257898e-01	1.020847e-12	
2  105.323	2.292763e+00	1.384872e-01	7.354245e-01	3.024563e+00	9.673499e-01	5.833770e-02	1.068067e+00	1.763344e-01	3.886305e+00	9.975426e-01	8.331503e+00	7.005485e-01	2.456294e-01	2.056592e+00	8.296230e-01	1.041341e+00	7.356305e+01	1.373166e+02	2.990725e-01	1.251233e-01	4.045170e-13	
3  105.893	2.288914e+00	1.401284e-01	7.343012e-01	3.009135e+00	9.608284e-01	4.951697e-02	1.044739e+00	1.685286e-01	3.796018e+00	9.963646e-01	7.439475e+00	6.965634e-01	2.456123e-01	2.025963e+00	8.280767e-01	1.043353e+00	7.347401e+01	1.370759e+02	3.027405e-01	1.228446e-01	8.085143e-13	
2  106.227	2.288914e+00	1.401284e-01	7.343012e-01	3.009135e+00	9.608284e-01	4.951697e-02	1.044739e+00	1.685286e-01	3.796018e+00	9.970109e-01	7.439475e+00	6.965634e-01	2.456123e-01	2.025963e+00	8.280767e-01	1.043353e+00	7.347401e+01	1.370759e+02	3.027405e-01	1.228446e-01	8.085143e-13	
1  106.011	2.288577e+00	1.387903e-01	7.335314e-01	2.999854e+00	9.636392e-01	4.743497e-02	1.063855e+00	1.700212e-01	3.783657e+00	9.963675e-01	7.223396e+00	6.985793e-01	2.456170e-01	2.006364e+00	8.189729e-01	1.041359e+00	7.340862e+01	1.373139e+02	3.005651e-01	1.248294e-01	-2.204367e-14	
4  105.839	2.277804e+00	1.390603e-01	7.340817e-01	3.022063e+00	9.658221e-01	5.547541e-02	1.087993e+00	1.561140e-01	3.733361e+00	9.992951e-01	8.088450e+00	6.985797e-01	2.455645e-01	2.051322e+00	8.295443e-01	1.041303e+00	7.343939e+01	1.372577e+02	3.009031e-01	1.273018e-01	2.436873e-13	
3  105.615	2.257344e+00	1.391197e-01	7.351064e-01	3.012169e+00	9.678004e-01	5.345664e-02	1.066841e+00	1.531475e-01	3.765885e+00	9.972632e-01	7.924304e+00	6.994057e-01	2.454739e-01	2.032064e+00	8.290982e-01	1.042862e+00	7.355063e+01	1.375211e+02	2.999182e-01	1.251733e-01	1.041479e-12	
2  106.239	2.257344e+00	1.391197e-01	7.351064e-01	3.012169e+00	9.678004e-01	5.345664e-02	1.066841e+00	1.531475e-01	3.765885e+00	9.983513e-01	7.924304e+00	6.994057e-01	2.454739e-01	2.032064e+00	8.290982e-01	1.042862e+00	7.355063e+01	1.375211e+02	2.999182e-01	1.251733e-01	1.041479e-12	
1  107.603	2.261507e+00	1.397743e-01	7.293015e-01	3.019311e+00	9.661793e-01	5.564032e-02	1.088820e+00	1.463233e-01	3.798107e+00	9.986653e-01	8.156434e+00	6.935850e-01	2.454930e-01	2.045435e+00	8.309252e-01	1.041068e+00	7.296861e+01	1.372724e+02	3.058302e-01	1.273819e-01	5.024176e-13	
4  106.87	2.272718e+00	1.400103e-01	7.331433e-01	3.018870e+00	9.665419e-01	5.483400e-02	1.117769e+00	1.400313e-01	3.716508e+00	9.986932e-01	8.052047e+00	6.961318e-01	2.455428e-01	2.044572e+00	8.304744e-01	1.041148e+00	7.334835e+01	1.369917e+02	3.033036e-01	1.303359e-01	3.927957e-13	
3  106.983	2.259984e+00	1.415013e-01	7.326074e-01	3.020607e+00	9.661200e-01	5.667057e-02	1.157037e+00	1.248955e-01	3.749734e+00	9.965069e-01	8.287874e+00	6.930453e-01	2.454859e-01	2.048016e+00	8.351197e-01	1.041520e+00	7.329364e+01	1.366369e+02	3.063484e-01	1.342748e-01	9.652701e-13	
6  107.342	2.259984e+00	1.415013e-01	7.326074e-01	3.020607e+00	9.661200e-01	5.667057e-02	1.157037e+00	1.248955e-01	3.749734e+00	9.987354e-01	8.287874e+00	6.930453e-01	2.454859e-01	2.048016e+00	8.351197e-01	1.041520e+00	7.329364e+01	1.366369e+02	3.063484e-01	1.342748e-01	9.652701e-13	
1  106.403	2.268041e+00	1.401511e-01	7.423894e-01	3.047330e+00	9.732780e-01	6.940388e-02	1.185364e+00	1.088702e-01	3.754742e+00	1.001114e+00	9.505601e+00	7.031013e-01	2.455177e-01	2.103631e+00	8.446609e-01	1.041896e+00	7.424458e+01	1.366997e+02	2.967066e-01	1.374640e-01	8.664798e-13	
3  105.511	2.275508e+00	1.401731e-01	7.483205e-01	3.038944e+00	9.701515e-01	6.580966e-02	1.196004e+00	1.222287e-01	3.749665e+00	1.000105e+00	9.136470e+00	7.076356e-01	2.455506e-01	2.086823e+00	8.404078e-01	1.043006e+00	7.484253e+01	1.365660e+02	2.920605e-01	1.383847e-01	1.093766e-12	
1  105.615	2.275508e+00	1.401731e-01	7.483205e-01	3.038944e+00	9.701515e-01	6.580966e-02	1.196004e+00	1.222287e-01	3.749665e+00	1.000364e+00	9.136470e+00	7.076356e-01	2.455506e-01	2.086823e+00	8.404078e-01	1.043006e+00	7.484253e+01	1.365660e+02	2.920605e-01	1.383847e-01	1.093766e-12	
3  106.134	2.292500e+00	1.384731e-01	7.432215e-01	3.063062e+00	9.728901e-01	7.683305e-02	1.117216e+00	1.192863e-01	3.735242e+00	1.002894e+00	1.010791e+01	7.064592e-01	2.456232e-01	2.137338e+00	8.472775e-01	1.041972e+00	7.431976e+01	1.370829e+02	2.934646e-01	1.305552e-01	6.506618e-13	
1  107.688	2.297322e+00	1.376162e-01	7.515821e-01	3.057542e+00	9.744238e-01	7.491107e-02	1.104965e+00	1.033142e-01	3.770939e+00	1.003059e+00	9.904384e+00	7.143423e-01	2.456414e-01	2.126933e+00	8.446065e-01	1.043707e+00	7.515568e+01	1.372462e+02	2.855292e-01	1.293429e-01	7.835556e-13	
1  107.072	2.294327e+00	1.371389e-01	7.508644e-01	3.045789e+00	9.756560e-01	7.282646e-02	1.099199e+00	9.636100e-02	3.827533e+00	1.000313e+00	9.709865e+00	7.147310e-01	2.456322e-01	2.101973e+00	8.385590e-01	1.043332e+00	7.508410e+01	1.374163e+02	2.850991e-01	1.285784e-01	8.648094e-13	
4  107.03	2.296298e+00	1.369420e-01	7.521967e-01	3.045050e+00	9.759278e-01	7.620977e-02	1.109493e+00	1.151847e-01	3.835199e+00	9.970870e-01	1.001539e+01	7.160571e-01	2.456430e-01	2.100514e+00	8.371886e-01	1.043142e+00	7.521726e+01	1.373997e+02	2.837375e-01	1.295536e-01	9.054985e-13	
1  105.584	2.296298e+00	1.369420e-01	7.521967e-01	3.045050e+00	9.759278e-01	7.620977e-02	1.109493e+00	1.151847e-01	3.835199e+00	9.955624e-01	1.001539e+01	7.160571e-01	2.456430e-01	2.100514e+00	8.371886e-01	1.043142e+00	7.521726e+01	1.373997e+02	2.837375e-01	1.295536e-01	9.054985e-13	
3  105.564	2.308328e+00	1.363864e-01	7.534184e-01	3.062832e+00	9.814233e-01	8.342718e-02	1.092801e+00	1.083889e-01	3.868326e+00	9.978129e-01	1.062900e+01	7.177173e-01	2.456906e-01	2.138764e+00	8.451459e-01	1.043139e+00	7.532696e+01	1.374564e+02	2.822028e-01	1.280309e-01	7.243391e-13	
6  105.788	2.298466e+00	1.371967e-01	7.526675e-01	3.063189e+00	9.841429e-01	8.421265e-02	1.138787e+00	1.092574e-01	3.776055e+00	9.968727e-01	1.074074e+01	7.158290e-01	2.456496e-01	2.139254e+00	8.474752e-01	1.042559e+00	7.524714e+01	1.371954e+02	2.841666e-01	1.327728e-01	7.867553e-13	
5  105.703	2.298466e+00	1.371967e-01	7.526675e-01	3.063189e+00	9.841429e-01	8.421265e-02	1.138787e+00	1.092574e-01	3.776055e+00	9.960583e-01	1.074074e+01	7.158290e-01	2.456496e-01	2.139254e+00	8.474752e-01	1.042559e+00	7.524714e+01	1.371954e+02	2.841666e-01	1.327728e-01	7.867553e-13	
5  105.102	2.313042e+00	1.359491e-01	7.561825e-01	3.051350e+00	9.863037e-01	7.987231e-02	1.106753e+00	1.169245e-01	3.763302e+00	9.957794e-01	1.029345e+01	7.204605e-01	2.457114e-01	2.114351e+00	8.400408e-01	1.042930e+00	7.559662e+01	1.374559e+02	2.795149e-01	1.292785e-01	6.736066e-13	
8  105.008	2.313042e+00	1.359491e-01	7.561825e-01	3.051350e+00	9.863037e-01	7.987231e-02	1.106753e+00	1.169245e-01	3.763302e+00	9.948839e-01	1.029345e+01	7.204605e-01	2.457114e-01	2.114351e+00	8.400408e-01	1.042930e+00	7.559662e+01	1.374559e+02	2.795149e-01	1.292785e-01	6.736066e-13	
3  106.443	2.305910e+00	1.362688e-01	7.599821e-01	3.042428e+00	9.868037e-01	7.368660e-02	1.124324e+00	1.116998e-01	3.700842e+00	9.963412e-01	9.757949e+00	7.228224e-01	2.456787e-01	2.096016e+00	8.380615e-01	1.043922e+00	7.598373e+01	1.373756e+02	2.771401e-01	1.310868e-01	7.151660e-13	
5  104.889	2.305929e+00	1.360481e-01	7.625546e-01	3.036906e+00	9.820539e-01	6.808530e-02	1.147202e+00	9.824404e-02	3.681888e+00	9.987664e-01	9.221546e+00	7.251068e-01	2.456797e-01	2.083810e+00	8.323106e-01	1.043705e+00	7.625161e+01	1.373432e+02	2.748066e-01	1.334915e-01	6.263759e-13	
2  105.167	2.305403e+00	1.357021e-01	7.653780e-01	3.027038e+00	9.825209e-01	6.608571e-02	1.164982e+00	1.027458e-01	3.693337e+00	9.965317e-01	9.028089e+00	7.277268e-01	2.456802e-01	2.063347e+00	8.266644e-01	1.043612e+00	7.653642e+01	1.373595e+02	2.721472e-01	1.351997e-01	6.408837e-13	
1  105.968	2.305037e+00	1.365417e-01	7.653804e-01	3.036474e+00	9.757671e-01	6.913489e-02	1.221407e+00	7.673871e-02	3.685434e+00	9.965868e-01	9.325910e+00	7.262742e-01	2.456805e-01	2.081877e+00	8.282193e-01	1.042689e+00	7.653928e+01	1.369544e+02	2.735845e-01	1.408509e-01	5.133260e-13	
1  104.915	2.306311e+00	1.369158e-01	7.609048e-01	3.024835e+00	9.759852e-01	6.640628e-02	1.176230e+00	1.036993e-01	3.745650e+00	9.933771e-01	9.071733e+00	7.224243e-01	2.456874e-01	2.058313e+00	8.263732e-01	1.043171e+00	7.609406e+01	1.370489e+02	2.773547e-01	1.361706e-01	7.236969e-13	
6  104.701	2.306311e+00	1.369158e-01	7.609048e-01	3.024835e+00	9.759852e-01	6.640628e-02	1.176230e+00	1.036993e-01	3.745650e+00	9.937951e-01	9.071733e+00	7.224243e-01	2.456874e-01	2.058313e+00	8.263732e-01	1.043171e+00	7.609406e+01	1.370489e+02	2.773547e-01	1.361706e-01	7.236969e-13	
4  105.261	2.301907e+00	1.376159e-01	7.586380e-01	3.009075e+00	9.737118e-01	5.944391e-02	1.194022e+00	1.123440e-01	3.776708e+00	9.921515e-01	8.413921e+00	7.196456e-01	2.456726e-01	2.025946e+00	8.204300e-01	1.042795e+00	7.587855e+01	1.368886e+02	2.799675e-01	1.378315e-01	7.100936e-13	
6  105.434	2.301907e+00	1.376159e-01	7.586380e-01	3.009075e+00	9.737118e-01	5.944391e-02	1.194022e+00	1.123440e-01	3.776708e+00	9.918985e-01	8.413921e+00	7.196456e-01	2.456726e-01	2.025946e+00	8.204300e-01	1.042795e+00	7.587855e+01	1.368886e+02	2.799675e-01	1.378315e-01	7.100936e-13	
3  105.697	2.293908e+00	1.389493e-01	7.549995e-01	2.998063e+00	9.733184e-01	5.069185e-02	1.194300e+00	1.215198e-01	3.803953e+00	9.936062e-01	7.561170e+00	7.146945e-01	2.456375e-01	2.003797e+00	8.203699e-01	1.043259e+00	7.553013e+01	1.366824e+02	2.847015e-01	1.381090e-01	7.760789e-13	
1  104.66	2.299492e+00	1.390604e-01	7.497972e-01	3.006910e+00	9.739927e-01	5.025280e-02	1.137980e+00	1.224808e-01	3.804295e+00	9.978125e-01	7.498177e+00	7.104670e-01	2.456564e-01	2.021652e+00	8.262478e-01	1.043499e+00	7.500033e+01	1.368216e+02	2.889959e-01	1.325148e-01	7.548090e-13	
3  104.886	2.299492e+00	1.390604e-01	7.497972e-01	3.006910e+00	9.739927e-01	5.025280e-02	1.137980e+00	1.224808e-01	3.804295e+00	9.994342e-01	7.498177e+00	7.104670e-01	2.456564e-01	2.021652e+00	8.262478e-01	1.043499e+00	7.500033e+01	1.368216e+02	2.889959e-01	1.325148e-01	7.548090e-13	
3  104.493	2.307028e+00	1.386807e-01	7.487172e-01	3.008710e+00	9.759887e-01	5.104534e-02	1.116963e+00	1.428242e-01	3.866341e+00	9.999115e-01	7.558844e+00	7.102094e-01	2.456881e-01	2.025297e+00	8.267874e-01	1.043286e+00	7.488511e+01	1.369179e+02	2.892947e-01	1.303216e-01	6.584537e-13	
4  104.559	2.303031e+00	1.387842e-01	7.500258e-01	2.990765e+00	9.784998e-01	4.573414e-02	1.160262e+00	1.441863e-01	3.847760e+00	9.968037e-01	7.023989e+00	7.110201e-01	2.456767e-01	1.988602e+00	8.187879e-01	1.042536e+00	7.503025e+01	1.367810e+02	2.881844e-01	1.348199e-01	3.109883e-13	
4  104.66	2.303031e+00	1.387842e-01	7.500258e-01	2.990765e+00	9.784998e-01	4.573414e-02	1.160262e+00	1.441863e-01	3.847760e+00	9.974227e-01	7.023989e+00	7.110201e-01	2.456767e-01	1.988602e+00	8.187879e-01	1.042536e+00	7.503025e+01	1.367810e+02	2.881844e-01	1.348199e-01	3.109883e-13	
3  105.037	2.324382e+00	1.392872e-01	7.533810e-01	2.998488e+00	9.769307e-01	4.798910e-02	1.153606e+00	1.560213e-01	3.840704e+00	9.976674e-01	7.210110e+00	7.124597e-01	2.457623e-01	2.004540e+00	8.232713e-01	1.043519e+00	7.535538e+01	1.364753e+02	2.869744e-01	1.339837e-01	7.134628e-13	
1  104.464	2.314911e+00	1.389532e-01	7.530165e-01	2.999951e+00	9.776161e-01	5.182473e-02	1.163906e+00	1.748282e-01	3.891168e+00	9.954977e-01	7.632626e+00	7.129278e-01	2.457243e-01	2.007645e+00	8.228448e-01	1.043060e+00	7.531606e+01	1.366056e+02	2.865688e-01	1.348706e-01	7.572453e-13	
2  104.066	2.333752e+00	1.370427e-01	7.585382e-01	3.005641e+00	9.825157e-01	5.572037e-02	1.159160e+00	1.856285e-01	3.894284e+00	9.965098e-01	7.964731e+00	7.200899e-01	2.458022e-01	2.019208e+00	8.201604e-01	1.042409e+00	7.585046e+01	1.368566e+02	2.795819e-01	1.342893e-01	4.034739e-13	
5  104.259	2.333752e+00	1.370427e-01	7.585382e-01	3.005641e+00	9.825157e-01	5.572037e-02	1.159160e+00	1.856285e-01	3.894284e+00	9.970813e-01	7.964731e+00	7.200899e-01	2.458022e-01	2.019208e+00	8.201604e-01	1.042409e+00	7.585046e+01	1.368566e+02	2.795819e-01	1.342893e-01	4.034739e-13	
5  103.912	2.336597e+00	1.377387e-01	7.589680e-01	3.009697e+00	9.803183e-01	5.539917e-02	1.159936e+00	1.977566e-01	3.924808e+00	9.982134e-01	7.929693e+00	7.191737e-01	2.458116e-01	2.027519e+00	8.236048e-01	1.043073e+00	7.589381e+01	1.366621e+02	2.805104e-01	1.344292e-01	5.247485e-13	
6  103.681	2.336597e+00	1.377387e-01	7.589680e-01	3.009697e+00	9.803183e-01	5.539917e-02	1.159936e+00	1.977566e-01	3.924808e+00	9.976618e-01	7.929693e+00	7.191737e-01	2.458116e-01	2.027519e+00	8.236048e-01	1.043073e+00	7.589381e+01	1.366621e+02	2.805104e-01	1.344292e-01	5.247485e-13	
4  103.632	2.325606e+00	1.382418e-01	7.619669e-01	2.996747e+00	9.760470e-01	4.685753e-02	1.220317e+00	1.713556e-01	3.894800e+00	9.989368e-01	7.078803e+00	7.206185e-01	2.457698e-01	2.000595e+00	8.164403e-01	1.042825e+00	7.621239e+01	1.364170e+02	2.787237e-01	1.408938e-01	8.956454e-14	
2  103.733	2.325606e+00	1.382418e-01	7.619669e-01	2.996747e+00	9.760470e-01	4.685753e-02	1.220317e+00	1.713556e-01	3.894800e+00	9.985605e-01	7.078803e+00	7.206185e-01	2.457698e-01	2.000595e+00	8.164403e-01	1.042825e+00	7.621239e+01	1.364170e+02	2.787237e-01	1.408938e-01	8.956454e-14	
2  103.8	2.317289e+00	1.370709e-01	7.609042e-01	2.993643e+00	9.800217e-01	4.653232e-02	1.186908e+00	1.728102e-01	3.894622e+00	9.992413e-01	7.053989e+00	7.219198e-01	2.457358e-01	1.994535e+00	8.142081e-01	1.042695e+00	7.610473e+01	1.368897e+02	2.773975e-01	1.375991e-01	-1.343527e-14	
2  104.38	2.325700e+00	1.357668e-01	7.583653e-01	2.994848e+00	9.767405e-01	5.121006e-02	1.133544e+00	1.498052e-01	3.918886e+00	9.964415e-01	7.501833e+00	7.223338e-01	2.457736e-01	1.997202e+00	8.103237e-01	1.042181e+00	7.585239e+01	1.373153e+02	2.771439e-01	1.318792e-01	7.019451e-14	
1  104.929	2.329889e+00	1.353189e-01	7.581665e-01	2.988803e+00	9.782038e-01	4.726261e-02	1.122410e+00	1.475434e-01	3.899392e+00	9.977827e-01	7.080457e+00	7.228575e-01	2.457919e-01	1.984861e+00	8.068975e-01	1.041929e+00	7.583497e+01	1.374189e+02	2.764854e-01	1.309316e-01	-2.386901e-13	
2  105.22	2.328701e+00	1.360103e-01	7.549268e-01	2.989459e+00	9.766796e-01	4.645781e-02	1.076753e+00	1.711843e-01	3.897578e+00	9.979763e-01	6.995184e+00	7.193302e-01	2.457851e-01	1.986304e+00	8.111702e-01	1.043143e+00	7.552167e+01	1.374539e+02	2.800493e-01	1.263451e-01	1.684364e-13	
10  104.596	2.317620e+00	1.367716e-01	7.503465e-01	3.004717e+00	9.750164e-01	5.304238e-02	1.107524e+00	1.782420e-01	3.977192e+00	9.982378e-01	7.718793e+00	7.147917e-01	2.457378e-01	2.016872e+00	8.176752e-01	1.041954e+00	7.504961e+01	1.372840e+02	2.847341e-01	1.292037e-01	1.949888e-13	
1  104.75	2.310493e+00	1.382101e-01	7.473865e-01	3.020294e+00	9.725977e-01	5.934480e-02	1.095226e+00	1.778859e-01	3.936026e+00	9.980148e-01	8.383774e+00	7.100573e-01	2.457033e-01	2.048865e+00	8.292751e-01	1.043050e+00	7.474415e+01	1.370703e+02	2.896269e-01	1.278840e-01	7.835012e-13	
9  105.606	2.310493e+00	1.382101e-01	7.473865e-01	3.020294e+00	9.725977e-01	5.934480e-02	1.095226e+00	1.778859e-01	3.936026e+00	9.988332e-01	8.383774e+00	7.100573e-01	2.457033e-01	2.048865e+00	8.292751e-01	1.043050e+00	7.474415e+01	1.370703e+02	2.896269e-01	1.278840e-01	7.835012e-13	
1  104.753	2.320457e+00	1.374926e-01	7.514318e-01	3.021067e+00	9.704131e-01	5.989204e-02	1.112101e+00	1.618586e-01	3.929026e+00	9.990177e-01	8.401874e+00	7.143039e-01	2.457466e-01	2.050219e+00	8.254133e-01	1.042700e+00	7.514986e+01	1.370598e+02	2.853942e-01	1.295990e-01	4.760083e-13	
3  106.765	2.320457e+00	1.374926e-01	7.514318e-01	3.021067e+00	9.704131e-01	5.989204e-02	1.112101e+00	1.618586e-01	3.929026e+00	1.000554e+00	8.401874e+00	7.143039e-01	2.457466e-01	2.050219e+00	8.254133e-01	1.042700e+00	7.514986e+01	1.370598e+02	2.853942e-01	1.295990e-01	4.760083e-13	
2  105.848	2.313585e+00	1.364920e-01	7.555484e-01	3.038736e+00	9.744598e-01	6.873320e-02	1.140122e+00	1.937579e-01	3.951860e+00	1.002110e+00	9.263898e+00	7.191474e-01	2.457158e-01	2.086453e+00	8.302122e-01	1.042221e+00	7.555212e+01	1.372207e+02	2.807207e-01	1.325494e-01	4.125450e-13	
4  105.092	2.309742e+00	1.359237e-01	7.624210e-01	3.040149e+00	9.791789e-01	7.018091e-02	1.180294e+00	1.872067e-01	3.945885e+00	1.002532e+00	9.404322e+00	7.251425e-01	2.456986e-01	2.089661e+00	8.299257e-01	1.042431e+00	7.623732e+01	1.372126e+02	2.747690e-01	1.367399e-01	3.787037e-13	
1  104.887	2.298167e+00	1.376528e-01	7.602442e-01	3.045385e+00	9.781232e-01	7.095747e-02	1.218274e+00	1.778791e-01	3.981423e+00	1.002559e+00	9.536122e+00	7.207161e-01	2.456480e-01	2.100507e+00	8.366907e-01	1.042625e+00	7.602278e+01	1.367918e+02	2.791825e-01	1.406793e-01	5.314100e-13	
3  104.493	2.298167e+00	1.376528e-01	7.602442e-01	3.045385e+00	9.781232e-01	7.095747e-02	1.218274e+00	1.778791e-01	3.981423e+00	1.001502e+00	9.536122e+00	7.207161e-01	2.456480e-01	2.100507e+00	8.366907e-01	1.042625e+00	7.602278e+01	1.367918e+02	2.791825e-01	1.406793e-01	5.314100e-13	
7  104.353	2.305217e+00	1.378727e-01	7.549684e-01	3.047721e+00	9.778223e-01	7.152020e-02	1.165269e+00	1.606384e-01	3.987671e+00	1.001611e+00	9.574636e+00	7.163371e-01	2.456770e-01	2.105643e+00	8.397588e-01	1.042814e+00	7.548892e+01	1.368865e+02	2.835656e-01	1.352928e-01	6.222326e-13	
3  103.729	2.305217e+00	1.378727e-01	7.549684e-01	3.047721e+00	9.778223e-01	7.152020e-02	1.165269e+00	1.606384e-01	3.987671e+00	9.999296e-01	9.574636e+00	7.163371e-01	2.456770e-01	2.105643e+00	8.397588e-01	1.042814e+00	7.548892e+01	1.368865e+02	2.835656e-01	1.352928e-01	6.222326e-13	
7  104.005	2.332361e+00	1.372548e-01	7.638896e-01	3.066513e+00	9.812455e-01	7.942188e-02	1.180317e+00	1.739047e-01	3.895416e+00	1.001528e+00	1.022592e+01	7.235051e-01	2.457851e-01	2.146326e+00	8.462355e-01	1.043450e+00	7.637583e+01	1.366680e+02	2.764781e-01	1.369474e-01	3.448207e-13	
6  104.003	2.332361e+00	1.372548e-01	7.638896e-01	3.066513e+00	9.812455e-01	7.942188e-02	1.180317e+00	1.739047e-01	3.895416e+00	1.001571e+00	1.022592e+01	7.235051e-01	2.457851e-01	2.146326e+00	8.462355e-01	1.043450e+00	7.637583e+01	1.366680e+02	2.764781e-01	1.369474e-01	3.448207e-13	
4  104.218	2.343854e+00	1.371935e-01	7.629596e-01	3.062751e+00	9.803092e-01	7.659044e-02	1.201837e+00	1.660866e-01	3.833490e+00	1.002135e+00	9.938121e+00	7.227225e-01	2.458341e-01	2.137277e+00	8.418367e-01	1.042159e+00	7.628141e+01	1.365088e+02	2.773196e-01	1.389221e-01	1.135930e-13	
9  104.059	2.343854e+00	1.371935e-01	7.629596e-01	3.062751e+00	9.803092e-01	7.659044e-02	1.201837e+00	1.660866e-01	3.833490e+00	1.002712e+00	9.938121e+00	7.227225e-01	2.458341e-01	2.137277e+00	8.418367e-01	1.042159e+00	7.628141e+01	1.365088e+02	2.773196e-01	1.389221e-01	1.135930e-13	
1  104.844	2.340127e+00	1.375988e-01	7.663028e-01	3.067111e+00	9.779592e-01	7.843480e-02	1.190462e+00	1.532456e-01	3.740350e+00	1.002477e+00	1.012169e+01	7.245433e-01	2.458152e-01	2.147555e+00	8.460819e-01	1.043894e+00	7.661875e+01	1.364720e+02	2.754202e-01	1.379852e-01	3.012422e-13	
2  105.132	2.340127e+00	1.375988e-01	7.663028e-01	3.067111e+00	9.779592e-01	7.843480e-02	1.190462e+00	1.532456e-01	3.740350e+00	1.003375e+00	1.012169e+01	7.245433e-01	2.458152e-01	2.147555e+00	8.460819e-01	1.043894e+00	7.661875e+01	1.364720e+02	2.754202e-01	1.379852e-01	3.012422e-13	
2  106.461	2.348551e+00	1.373150e-01	7.616431e-01	3.064886e+00	9.814339e-01	7.889342e-02	1.214705e+00	1.646379e-01	3.739067e+00	1.002330e+00	1.014104e+01	7.214482e-01	2.458541e-01	2.141538e+00	8.423107e-01	1.041389e+00	7.614806e+01	1.364014e+02	2.787007e-01	1.401191e-01	1.272000e-13	
3  104.307	2.342984e+00	1.380127e-01	7.638301e-01	3.047395e+00	9.802357e-01	7.112135e-02	1.239777e+00	1.558818e-01	3.763719e+00	1.000759e+00	9.451095e+00	7.220147e-01	2.458328e-01	2.104637e+00	8.367355e-01	1.042028e+00	7.636351e+01	1.362037e+02	2.779946e-01	1.424904e-01	2.621550e-13	
3  103.576	2.342904e+00	1.386626e-01	7.685143e-01	3.025001e+00	9.755909e-01	5.934842e-02	1.277212e+00	1.723387e-01	3.810385e+00	1.000226e+00	8.321709e+00	7.243895e-01	2.458340e-01	2.058212e+00	8.270856e-01	1.042765e+00	7.684170e+01	1.359185e+02	2.753899e-01	1.462164e-01	2.130579e-13	
3  103.324	2.342904e+00	1.386626e-01	7.685143e-01	3.025001e+00	9.755909e-01	5.934842e-02	1.277212e+00	1.723387e-01	3.810385e+00	1.001782e+00	8.321709e+00	7.243895e-01	2.458340e-01	2.058212e+00	8.270856e-01	1.042765e+00	7.684170e+01	1.359185e+02	2.753899e-01	1.462164e-01	2.130579e-13	
1  106.594	2.337835e+00	1.390066e-01	7.727472e-01	3.025422e+00	9.745082e-01	5.907936e-02	1.276552e+00	1.739719e-01	3.758823e+00	1.001888e+00	8.309510e+00	7.269356e-01	2.458089e-01	2.059801e+00	8.295062e-01	1.044383e+00	7.727333e+01	1.358751e+02	2.729504e-01	1.463984e-01	5.463120e-13	
5  103.563	2.350158e+00	1.387381e-01	7.675257e-01	3.036210e+00	9.755176e-01	6.166257e-02	1.252558e+00	1.754105e-01	3.762579e+00	1.004490e+00	8.530847e+00	7.234106e-01	2.458599e-01	2.081471e+00	8.327506e-01	1.043111e+00	7.673797e+01	1.359174e+02	2.764380e-01	1.438492e-01	1.945387e-13	
5  103.662	2.356676e+00	1.384002e-01	7.698783e-01	3.040142e+00	9.753689e-01	6.452096e-02	1.253707e+00	2.107219e-01	3.773704e+00	1.003859e+00	8.787606e+00	7.255595e-01	2.458853e-01	2.089684e+00	8.331229e-01	1.043218e+00	7.697181e+01	1.359170e+02	2.743366e-01	1.439424e-01	1.551952e-13	
4  106.547	2.358457e+00	1.389430e-01	7.665801e-01	3.024193e+00	9.701787e-01	5.540691e-02	1.214241e+00	1.954631e-01	3.806429e+00	1.003853e+00	7.879210e+00	7.223410e-01	2.458946e-01	2.056711e+00	8.278230e-01	1.043979e+00	7.665173e+01	1.359449e+02	2.774343e-01	1.401505e-01	2.098288e-13	
1  105.286	2.353358e+00	1.389889e-01	7.581606e-01	3.020095e+00	9.715392e-01	5.383308e-02	1.175368e+00	2.110424e-01	3.867249e+00	1.003619e+00	7.734692e+00	7.161857e-01	2.458781e-01	2.048045e+00	8.272786e-01	1.043064e+00	7.581272e+01	1.361579e+02	2.834591e-01	1.361148e-01	2.367239e-13	
1  105.249	2.345856e+00	1.395711e-01	7.567102e-01	3.015501e+00	9.682489e-01	5.202319e-02	1.188541e+00	2.250757e-01	3.858389e+00	1.002474e+00	7.571905e+00	7.142382e-01	2.458494e-01	2.038466e+00	8.256894e-01	1.043013e+00	7.567706e+01	1.360555e+02	2.853221e-01	1.374797e-01	1.975711e-13	
1  105.408	2.345856e+00	1.395711e-01	7.567102e-01	3.015501e+00	9.682489e-01	5.202319e-02	1.188541e+00	2.250757e-01	3.858389e+00	1.002630e+00	7.571905e+00	7.142382e-01	2.458494e-01	2.038466e+00	8.256894e-01	1.043013e+00	7.567706e+01	1.360555e+02	2.853221e-01	1.374797e-01	1.975711e-13	
1  105.694	2.338843e+00	1.409989e-01	7.530682e-01	3.014647e+00	9.618476e-01	5.178660e-02	1.233238e+00	2.201411e-01	3.868401e+00	1.000575e+00	7.582284e+00	7.091779e-01	2.458240e-01	2.036086e+00	8.252964e-01	1.042166e+00	7.532465e+01	1.356546e+02	2.902748e-01	1.417817e-01	-3.656038e-14	
8  104.865	2.335749e+00	1.407652e-01	7.534055e-01	3.007789e+00	9.683686e-01	5.189128e-02	1.221425e+00	2.412163e-01	3.874440e+00	9.982440e-01	7.604460e+00	7.098594e-01	2.458113e-01	2.022612e+00	8.250679e-01	1.042489e+00	7.535571e+01	1.357904e+02	2.896056e-01	1.405676e-01	4.592221e-13	
6  106.544	2.335749e+00	1.407652e-01	7.534055e-01	3.007789e+00	9.683686e-01	5.189128e-02	1.221425e+00	2.412163e-01	3.874440e+00	9.999682e-01	7.604460e+00	7.098594e-01	2.458113e-01	2.022612e+00	8.250679e-01	1.042489e+00	7.535571e+01	1.357904e+02	2.896056e-01	1.405676e-01	4.592221e-13	
1  106.92	2.314458e+00	1.411980e-01	7.507914e-01	3.030642e+00	9.660164e-01	6.241677e-02	1.221575e+00	2.431712e-01	3.874617e+00	1.000643e+00	8.720342e+00	7.073082e-01	2.457190e-01	2.069331e+00	8.360652e-01	1.042752e+00	7.508178e+01	1.358828e+02	2.923644e-01	1.405599e-01	7.886257e-13	
4  108.1	2.304849e+00	1.419774e-01	7.517347e-01	3.054109e+00	9.628472e-01	6.904399e-02	1.242401e+00	2.406907e-01	3.798972e+00	1.004404e+00	9.397158e+00	7.066141e-01	2.456726e-01	2.118263e+00	8.473680e-01	1.043340e+00	7.517389e+01	1.356980e+02	2.931353e-01	1.429732e-01	7.170405e-13	
5  106.722	2.315795e+00	1.424529e-01	7.561873e-01	3.036363e+00	9.620138e-01	5.920068e-02	1.287502e+00	2.243883e-01	3.846059e+00	1.004451e+00	8.410090e+00	7.091326e-01	2.457202e-01	2.081012e+00	8.391643e-01	1.043323e+00	7.562376e+01	1.353260e+02	2.905362e-01	1.473429e-01	5.037155e-13	
2  106.53	2.333642e+00	1.413139e-01	7.666625e-01	3.032345e+00	9.640101e-01	5.937714e-02	1.378579e+00	2.277254e-01	3.889505e+00	1.003401e+00	8.378394e+00	7.186807e-01	2.457972e-01	2.071905e+00	8.302671e-01	1.041912e+00	7.666824e+01	1.350513e+02	2.810460e-01	1.559816e-01	-2.188507e-13	
3  106.406	2.336125e+00	1.417802e-01	7.670025e-01	3.029647e+00	9.659648e-01	5.623368e-02	1.393374e+00	2.464477e-01	3.979713e+00	1.004637e+00	8.066642e+00	7.180688e-01	2.458061e-01	2.066358e+00	8.307400e-01	1.041910e+00	7.670069e+01	1.348745e+02	2.815916e-01	1.575175e-01	-3.014762e-13	
4  106.93	2.334212e+00	1.426272e-01	7.755425e-01	3.022464e+00	9.661719e-01	5.318066e-02	1.441722e+00	2.302282e-01	3.969533e+00	1.003317e+00	7.761193e+00	7.228406e-01	2.457951e-01	2.052324e+00	8.305626e-01	1.043588e+00	7.755859e+01	1.345090e+02	2.768018e-01	1.624724e-01	2.021309e-13	
4  104.135	2.336866e+00	1.419522e-01	7.684120e-01	3.032328e+00	9.717836e-01	6.059897e-02	1.376765e+00	2.526684e-01	3.933270e+00	1.002170e+00	8.506706e+00	7.187835e-01	2.458065e-01	2.072812e+00	8.362129e-01	1.042920e+00	7.682945e+01	1.348881e+02	2.809927e-01	1.558985e-01	4.058819e-13	
1  103.863	2.342106e+00	1.409261e-01	7.677919e-01	3.039977e+00	9.741071e-01	6.558169e-02	1.345562e+00	2.515240e-01	3.925343e+00	1.002266e+00	8.969174e+00	7.199705e-01	2.458279e-01	2.088733e+00	8.377184e-01	1.042609e+00	7.676222e+01	1.351731e+02	2.799095e-01	1.528231e-01	3.470566e-13	
5  103.84	2.342106e+00	1.409261e-01	7.677919e-01	3.039977e+00	9.741071e-01	6.558169e-02	1.345562e+00	2.515240e-01	3.925343e+00	1.001760e+00	8.969174e+00	7.199705e-01	2.458279e-01	2.088733e+00	8.377184e-01	1.042609e+00	7.676222e+01	1.351731e+02	2.799095e-01	1.528231e-01	3.470566e-13	
2  104.291	2.344494e+00	1.409607e-01	7.598592e-01	3.036786e+00	9.725516e-01	6.227972e-02	1.269145e+00	2.502480e-01	3.932875e+00	1.003086e+00	8.637754e+00	7.140698e-01	2.458388e-01	2.082182e+00	8.380823e-01	1.042725e+00	7.596893e+01	1.354489e+02	2.857496e-01	1.453136e-01	4.652109e-13	
2  105.149	2.349847e+00	1.404989e-01	7.589056e-01	3.049180e+00	9.727585e-01	6.715061e-02	1.236076e+00	2.431414e-01	3.909579e+00	1.004654e+00	9.089022e+00	7.140049e-01	2.458586e-01	2.108185e+00	8.429420e-01	1.042895e+00	7.586813e+01	1.356128e+02	2.858918e-01	1.420943e-01	4.242283e-13	
5  105.011	2.358484e+00	1.392154e-01	7.632969e-01	3.045890e+00	9.737681e-01	6.777245e-02	1.254870e+00	2.392396e-01	3.876170e+00	1.003833e+00	9.110420e+00	7.193747e-01	2.458952e-01	2.101004e+00	8.363790e-01	1.042103e+00	7.631197e+01	1.357400e+02	2.805635e-01	1.438560e-01	1.544457e-13	
6  105.245	2.350321e+00	1.399700e-01	7.607705e-01	3.040255e+00	9.705883e-01	6.579773e-02	1.235065e+00	2.275136e-01	3.806308e+00	1.002208e+00	8.947095e+00	7.163938e-01	2.458629e-01	2.089507e+00	8.367391e-01	1.042938e+00	7.606110e+01	1.357300e+02	2.834541e-01	1.419280e-01	3.830817e-13	
3  105.992	2.350321e+00	1.399700e-01	7.607705e-01	3.040255e+00	9.705883e-01	6.579773e-02	1.235065e+00	2.275136e-01	3.806308e+00	1.002864e+00	8.947095e+00	7.163938e-01	2.458629e-01	2.089507e+00	8.367391e-01	1.042938e+00	7.606110e+01	1.357300e+02	2.834541e-01	1.419280e-01	3.830817e-13	
2  105.763	2.358114e+00	1.401911e-01	7.610896e-01	3.034064e+00	9.690985e-01	6.178123e-02	1.249296e+00	2.276966e-01	3.800475e+00	1.003150e+00	8.539701e+00	7.161777e-01	2.458957e-01	2.076354e+00	8.331751e-01	1.042578e+00	7.609577e+01	1.355625e+02	2.836188e-01	1.432727e-01	2.177309e-13	
4  105.956	2.370179e+00	1.392804e-01	7.654667e-01	3.032832e+00	9.697394e-01	6.245211e-02	1.257325e+00	2.034280e-01	3.762432e+00	1.002703e+00	8.564251e+00	7.207653e-01	2.459439e-01	2.073795e+00	8.292416e-01	1.042352e+00	7.653292e+01	1.356095e+02	2.790585e-01	1.440093e-01	2.478621e-14	
1  106.187	2.383525e+00	1.390632e-01	7.704223e-01	3.016552e+00	9.710010e-01	5.596546e-02	1.291928e+00	1.992933e-01	3.743812e+00	1.001218e+00	7.891078e+00	7.245376e-01	2.459985e-01	2.040361e+00	8.205008e-01	1.042072e+00	7.703329e+01	1.354050e+02	2.751521e-01	1.473901e-01	-1.512338e-13	
1  106.687	2.383525e+00	1.390632e-01	7.704223e-01	3.016552e+00	9.710010e-01	5.596546e-02	1.291928e+00	1.992933e-01	3.743812e+00	1.001880e+00	7.891078e+00	7.245376e-01	2.459985e-01	2.040361e+00	8.205008e-01	1.042072e+00	7.703329e+01	1.354050e+02	2.751521e-01	1.473901e-01	-1.512338e-13	
2  109.621	2.393781e+00	1.376395e-01	7.708667e-01	3.035286e+00	9.748533e-01	6.516033e-02	1.270741e+00	2.124859e-01	3.673359e+00	1.003599e+00	8.756570e+00	7.269571e-01	2.460348e-01	2.078876e+00	8.247867e-01	1.041222e+00	7.706880e+01	1.356960e+02	2.730137e-01	1.450828e-01	-1.060095e-13	
7  108.044	2.397351e+00	1.379832e-01	7.729839e-01	3.029380e+00	9.729627e-01	6.207143e-02	1.279582e+00	2.171168e-01	3.713624e+00	1.003114e+00	8.449319e+00	7.278518e-01	2.460488e-01	2.066712e+00	8.227834e-01	1.041749e+00	7.728098e+01	1.355469e+02	2.720121e-01	1.460354e-01	-1.953896e-13	
1  107.987	2.397351e+00	1.379832e-01	7.729839e-01	3.029380e+00	9.729627e-01	6.207143e-02	1.279582e+00	2.171168e-01	3.713624e+00	1.003051e+00	8.449319e+00	7.278518e-01	2.460488e-01	2.066712e+00	8.227834e-01	1.041749e+00	7.728098e+01	1.355469e+02	2.720121e-01	1.460354e-01	-1.953896e-13	
7  108.616	2.397506e+00	1.373736e-01	7.730405e-01	3.025427e+00	9.738028e-01	5.924371e-02	1.216726e+00	2.183368e-01	3.722781e+00	1.004546e+00	8.153444e+00	7.289370e-01	2.460484e-01	2.059083e+00	8.226085e-01	1.043109e+00	7.728789e+01	1.359077e+02	2.708677e-01	1.401156e-01	-1.037810e-13	
8  107.246	2.393064e+00	1.371538e-01	7.757922e-01	3.025004e+00	9.724909e-01	5.770578e-02	1.257974e+00	2.245666e-01	3.704059e+00	1.005989e+00	8.011335e+00	7.312623e-01	2.460312e-01	2.057976e+00	8.196242e-01	1.042510e+00	7.756378e+01	1.358313e+02	2.685116e-01	1.442457e-01	-3.523473e-13	
2  107.569	2.398832e+00	1.364629e-01	7.816136e-01	3.033628e+00	9.723378e-01	5.994776e-02	1.285779e+00	2.126005e-01	3.659855e+00	1.008440e+00	8.209784e+00	7.361953e-01	2.460493e-01	2.075712e+00	8.197658e-01	1.042416e+00	7.814176e+01	1.357997e+02	2.636474e-01	1.470340e-01	-5.785536e-13	
1  106.639	2.384790e+00	1.366449e-01	7.901660e-01	3.030265e+00	9.729460e-01	6.068714e-02	1.340562e+00	2.032610e-01	3.730017e+00	1.006455e+00	8.315357e+00	7.418613e-01	2.459926e-01	2.069070e+00	8.191538e-01	1.043604e+00	7.900243e+01	1.356633e+02	2.580830e-01	1.527231e-01	-3.987018e-13	
1  107.447	2.382567e+00	1.377808e-01	7.837529e-01	3.004265e+00	9.670086e-01	4.684672e-02	1.353131e+00	2.086322e-01	3.669234e+00	1.005594e+00	6.929786e+00	7.358125e-01	2.459942e-01	2.014982e+00	8.085761e-01	1.042654e+00	7.836669e+01	1.354010e+02	2.637003e-01	1.541203e-01	-9.228159e-13	
2  107.811	2.382567e+00	1.377808e-01	7.837529e-01	3.004265e+00	9.670086e-01	4.684672e-02	1.353131e+00	2.086322e-01	3.669234e+00	1.006190e+00	6.929786e+00	7.358125e-01	2.459942e-01	2.014982e+00	8.085761e-01	1.042654e+00	7.836669e+01	1.354010e+02	2.637003e-01	1.541203e-01	-9.228159e-13	
5  107.78	2.385489e+00	1.369773e-01	7.872682e-01	3.006825e+00	9.700288e-01	5.271296e-02	1.328160e+00	2.137233e-01	3.787160e+00	1.003055e+00	7.519467e+00	7.394649e-01	2.460032e-01	2.021048e+00	8.097412e-01	1.043508e+00	7.872250e+01	1.356512e+02	2.603003e-01	1.516100e-01	-5.387370e-13	
5  107.086	2.382508e+00	1.368394e-01	7.863499e-01	2.981007e+00	9.734716e-01	3.977689e-02	1.353994e+00	2.372257e-01	3.850380e+00	1.003617e+00	6.177837e+00	7.389917e-01	2.459997e-01	1.967718e+00	7.983374e-01	1.042452e+00	7.862891e+01	1.356023e+02	2.601888e-01	1.545155e-01	-1.020597e-12	
3  106.601	2.373548e+00	1.364177e-01	7.867761e-01	2.971987e+00	9.759101e-01	3.837929e-02	1.338498e+00	2.485100e-01	3.883177e+00	1.001678e+00	6.042162e+00	7.400764e-01	2.459672e-01	1.949900e+00	7.954654e-01	1.042895e+00	7.868105e+01	1.358428e+02	2.590778e-01	1.531580e-01	-8.376111e-13	
5  107.412	2.388161e+00	1.362450e-01	7.867371e-01	2.967956e+00	9.765952e-01	3.564350e-02	1.336094e+00	2.392167e-01	3.886564e+00	1.002210e+00	5.713985e+00	7.400421e-01	2.460251e-01	1.941058e+00	7.926057e-01	1.042391e+00	7.867179e+01	1.357428e+02	2.589258e-01	1.530050e-01	-1.144769e-12	
2  107.04	2.388161e+00	1.362450e-01	7.867371e-01	2.967956e+00	9.765952e-01	3.564350e-02	1.336094e+00	2.392167e-01	3.886564e+00	1.001513e+00	5.713985e+00	7.400421e-01	2.460251e-01	1.941058e+00	7.926057e-01	1.042391e+00	7.867179e+01	1.357428e+02	2.589258e-01	1.530050e-01	-1.144769e-12	
13  108.131	2.371412e+00	1.371178e-01	7.860574e-01	2.948214e+00	9.744226e-01	2.526269e-02	1.334440e+00	2.389567e-01	3.888601e+00	1.001307e+00	4.569477e+00	7.382076e-01	2.459664e-01	1.898464e+00	7.878743e-01	1.043611e+00	7.862963e+01	1.356594e+02	2.604626e-01	1.538192e-01	-1.190053e-12	
5  109.128	2.389310e+00	1.377824e-01	7.755620e-01	2.944217e+00	9.728410e-01	1.974265e-02	1.278237e+00	2.633700e-01	3.861218e+00	1.003217e+00	3.896494e+00	7.295041e-01	2.460403e-01	1.886911e+00	7.875665e-01	1.042646e+00	7.759406e+01	1.355325e+02	2.686225e-01	1.483467e-01	-1.675968e-12	
2  108.362	2.389310e+00	1.377824e-01	7.755620e-01	2.944217e+00	9.728410e-01	1.974265e-02	1.278237e+00	2.633700e-01	3.861218e+00	1.001764e+00	3.896494e+00	7.295041e-01	2.460403e-01	1.886911e+00	7.875665e-01	1.042646e+00	7.759406e+01	1.355325e+02	2.686225e-01	1.483467e-01	-1.675968e-12	
4  110.731	2.395256e+00	1.378455e-01	7.745696e-01	2.950941e+00	9.730545e-01	2.174227e-02	1.300858e+00	2.739785e-01	3.856201e+00	1.002795e+00	4.142781e+00	7.286472e-01	2.460617e-01	1.901122e+00	7.887440e-01	1.041549e+00	7.748205e+01	1.353945e+02	2.694182e-01	1.503288e-01	-2.207186e-12	
1  107.892	2.395590e+00	1.382234e-01	7.828488e-01	2.961039e+00	9.714193e-01	2.695138e-02	1.326265e+00	2.764411e-01	3.836949e+00	1.002091e+00	4.713762e+00	7.340101e-01	2.460565e-01	1.923443e+00	7.944595e-01	1.043343e+00	7.830340e+01	1.352301e+02	2.646265e-01	1.527454e-01	-1.143356e-12	
3  108.546	2.397461e+00	1.385625e-01	7.768956e-01	2.962920e+00	9.680645e-01	2.562099e-02	1.301888e+00	2.839875e-01	3.814017e+00	1.003463e+00	4.559522e+00	7.292953e-01	2.460662e-01	1.926229e+00	7.950117e-01	1.042750e+00	7.771360e+01	1.352227e+02	2.691663e-01	1.503707e-01	-1.543601e-12	
5  109.097	2.397461e+00	1.385625e-01	7.768956e-01	2.962920e+00	9.680645e-01	2.562099e-02	1.301888e+00	2.839875e-01	3.814017e+00	1.004754e+00	4.559522e+00	7.292953e-01	2.460662e-01	1.926229e+00	7.950117e-01	1.042750e+00	7.771360e+01	1.352227e+02	2.691663e-01	1.503707e-01	-1.543601e-12	
1  109.123	2.387903e+00	1.386114e-01	7.771505e-01	2.951923e+00	9.682928e-01	2.255889e-02	1.302547e+00	3.005045e-01	3.791924e+00	1.002760e+00	4.220463e+00	7.294376e-01	2.460326e-01	1.903466e+00	7.913536e-01	1.043138e+00	7.775364e+01	1.352856e+02	2.689532e-01	1.506909e-01	-1.466333e-12	
4  109.015	2.381317e+00	1.383850e-01	7.704012e-01	2.958550e+00	9.692000e-01	2.514076e-02	1.251765e+00	2.906954e-01	3.842418e+00	1.003902e+00	4.537937e+00	7.252662e-01	2.460063e-01	1.917810e+00	7.951940e-01	1.042812e+00	7.708434e+01	1.356234e+02	2.731442e-01	1.454165e-01	-1.357703e-12	
1  107.79	2.381317e+00	1.383850e-01	7.704012e-01	2.958550e+00	9.692000e-01	2.514076e-02	1.251765e+00	2.906954e-01	3.842418e+00	1.002446e+00	4.537937e+00	7.252662e-01	2.460063e-01	1.917810e+00	7.951940e-01	1.042812e+00	7.708434e+01	1.356234e+02	2.731442e-01	1.454165e-01	-1.357703e-12	
3  107.645	2.378852e+00	1.391294e-01	7.693333e-01	2.964240e+00	9.697375e-01	3.020397e-02	1.293869e+00	2.718895e-01	3.894455e+00	9.997367e-01	5.147820e+00	7.234599e-01	2.459954e-01	1.931401e+00	7.982809e-01	1.041971e+00	7.697459e+01	1.353791e+02	2.750543e-01	1.490014e-01	-1.302959e-12	
4  106.74	2.380386e+00	1.382099e-01	7.738333e-01	2.958081e+00	9.727992e-01	2.956823e-02	1.270865e+00	2.778809e-01	3.985843e+00	9.987207e-01	5.053917e+00	7.281318e-01	2.460007e-01	1.919357e+00	7.957344e-01	1.043000e+00	7.742800e+01	1.356427e+02	2.705076e-01	1.469368e-01	-8.686621e-13	
2  106.276	2.386462e+00	1.376979e-01	7.747175e-01	2.971422e+00	9.735379e-01	3.577582e-02	1.270261e+00	2.730744e-01	4.019391e+00	9.995823e-01	5.736006e+00	7.296503e-01	2.460202e-01	1.947643e+00	7.994931e-01	1.042579e+00	7.749742e+01	1.357228e+02	2.692585e-01	1.464166e-01	-7.806141e-13	
8  106.341	2.386462e+00	1.376979e-01	7.747175e-01	2.971422e+00	9.735379e-01	3.577582e-02	1.270261e+00	2.730744e-01	4.019391e+00	9.997293e-01	5.736006e+00	7.296503e-01	2.460202e-01	1.947643e+00	7.994931e-01	1.042579e+00	7.749742e+01	1.357228e+02	2.692585e-01	1.464166e-01	-7.806141e-13	
1  108.401	2.380552e+00	1.385857e-01	7.861242e-01	2.969924e+00	9.720442e-01	3.201189e-02	1.351936e+00	2.819935e-01	4.071571e+00	1.001548e+00	5.319913e+00	7.360232e-01	2.459926e-01	1.943415e+00	8.000527e-01	1.044178e+00	7.863132e+01	1.352221e+02	2.630209e-01	1.550449e-01	-5.840231e-13	
9  106.838	2.376918e+00	1.387526e-01	7.808590e-01	2.961599e+00	9.716178e-01	3.035345e-02	1.339422e+00	2.893743e-01	4.052975e+00	9.991588e-01	5.150771e+00	7.321586e-01	2.459843e-01	1.926578e+00	7.968432e-01	1.043411e+00	7.811694e+01	1.352809e+02	2.666163e-01	1.537375e-01	-8.702714e-13	
1  106.739	2.382754e+00	1.373816e-01	7.771126e-01	2.958852e+00	9.784601e-01	3.164990e-02	1.297388e+00	3.189651e-01	4.053675e+00	9.986232e-01	5.297445e+00	7.316982e-01	2.460083e-01	1.921847e+00	7.942101e-01	1.042214e+00	7.773497e+01	1.357160e+02	2.669353e-01	1.492597e-01	-1.047637e-12	
1  107.42	2.385426e+00	1.363414e-01	7.758250e-01	2.948529e+00	9.824628e-01	2.647934e-02	1.244215e+00	3.253321e-01	4.045668e+00	1.000019e+00	4.696549e+00	7.322863e-01	2.460210e-01	1.899526e+00	7.898342e-01	1.042456e+00	7.761325e+01	1.360968e+02	2.660982e-01	1.443943e-01	-1.169817e-12	
6  107.076	2.385426e+00	1.363414e-01	7.758250e-01	2.948529e+00	9.824628e-01	2.647934e-02	1.244215e+00	3.253321e-01	4.045668e+00	9.986055e-01	4.696549e+00	7.322863e-01	2.460210e-01	1.899526e+00	7.898342e-01	1.042456e+00	7.761325e+01	1.360968e+02	2.660982e-01	1.443943e-01	-1.169817e-12	
1  106.621	2.385275e+00	1.348946e-01	7.846417e-01	2.958178e+00	9.859052e-01	3.272428e-02	1.231543e+00	3.275240e-01	3.945719e+00	9.991403e-01	5.379044e+00	7.408734e-01	2.460130e-01	1.921163e+00	7.922190e-01	1.043833e+00	7.848282e+01	1.364756e+02	2.581037e-01	1.429059e-01	-4.988331e-13	
5  106.454	2.405936e+00	1.343045e-01	7.970875e-01	2.972436e+00	9.851982e-01	4.184495e-02	1.300541e+00	3.359155e-01	3.876576e+00	9.973643e-01	6.325008e+00	7.497066e-01	2.460846e-01	1.951735e+00	7.932504e-01	1.043875e+00	7.970702e+01	1.361454e+02	2.497396e-01	1.493263e-01	-5.099107e-13	
4  105.813	2.398698e+00	1.338910e-01	7.943032e-01	2.970901e+00	9.889737e-01	3.972886e-02	1.297819e+00	3.191431e-01	3.916340e+00	9.995310e-01	6.118877e+00	7.485633e-01	2.460587e-01	1.948400e+00	7.922668e-01	1.043014e+00	7.941365e+01	1.363194e+02	2.506340e-01	1.489781e-01	-6.833274e-13	
5  105.597	2.406146e+00	1.336549e-01	7.916795e-01	2.976858e+00	9.915295e-01	4.309737e-02	1.247543e+00	3.365290e-01	3.857600e+00	9.994479e-01	6.456974e+00	7.472397e-01	2.460847e-01	1.960924e+00	7.964519e-01	1.043419e+00	7.915957e+01	1.365112e+02	2.521167e-01	1.437213e-01	-3.691856e-13	
4  106.231	2.412137e+00	1.327214e-01	7.892133e-01	2.981755e+00	9.940279e-01	4.723028e-02	1.203866e+00	3.460891e-01	3.869965e+00	9.989656e-01	6.867176e+00	7.470328e-01	2.461069e-01	1.971433e+00	7.971005e-01	1.043029e+00	7.891225e+01	1.368471e+02	2.524427e-01	1.390504e-01	-3.200043e-13	
2  107.27	2.402707e+00	1.324091e-01	7.858392e-01	2.981739e+00	9.936865e-01	4.777911e-02	1.201703e+00	3.500289e-01	3.894495e+00	9.990029e-01	6.947067e+00	7.454231e-01	2.460731e-01	1.971577e+00	7.956141e-01	1.042137e+00	7.856926e+01	1.370274e+02	2.540339e-01	1.387603e-01	-4.658480e-13	
5  105.743	2.405270e+00	1.331986e-01	7.857251e-01	2.991087e+00	9.923871e-01	4.940742e-02	1.189257e+00	3.652433e-01	3.830513e+00	1.000745e+00	7.108216e+00	7.441664e-01	2.460797e-01	1.990200e+00	8.026546e-01	1.043197e+00	7.856203e+01	1.368633e+02	2.553952e-01	1.375244e-01	-1.917351e-13	
5  107.378	2.392193e+00	1.339838e-01	7.736149e-01	2.991073e+00	9.885492e-01	4.754482e-02	1.160347e+00	3.621985e-01	3.811097e+00	1.001603e+00	6.959557e+00	7.349411e-01	2.460346e-01	1.989754e+00	8.040331e-01	1.041931e+00	7.735725e+01	1.369539e+02	2.644891e-01	1.346588e-01	-3.324915e-13	
8  105.033	2.378194e+00	1.342072e-01	7.818325e-01	2.988730e+00	9.859389e-01	4.312090e-02	1.232583e+00	3.504012e-01	3.850002e+00	1.004458e+00	6.525468e+00	7.402931e-01	2.459785e-01	1.984323e+00	8.016098e-01	1.042535e+00	7.817091e+01	1.367146e+02	2.589737e-01	1.423782e-01	-6.674175e-13	
1  107.702	2.385870e+00	1.335631e-01	7.830456e-01	2.984275e+00	9.849754e-01	3.923276e-02	1.238851e+00	3.438394e-01	3.866022e+00	1.006385e+00	6.093215e+00	7.418840e-01	2.460097e-01	1.974612e+00	7.961505e-01	1.041829e+00	7.828601e+01	1.367411e+02	2.571707e-01	1.432758e-01	-1.237563e-12	
2  107.175	2.387669e+00	1.337386e-01	7.869314e-01	3.000243e+00	9.858958e-01	4.514529e-02	1.199415e+00	3.604440e-01	3.873963e+00	1.008094e+00	6.694100e+00	7.444687e-01	2.460084e-01	2.007640e+00	8.068106e-01	1.044233e+00	7.868398e+01	1.368347e+02	2.550791e-01	1.391582e-01	-1.276899e-13	
2  105.89	2.386639e+00	1.341489e-01	7.887100e-01	3.001063e+00	9.852084e-01	4.333538e-02	1.254915e+00	3.681145e-01	3.838254e+00	1.009642e+00	6.516819e+00	7.448364e-01	2.460043e-01	2.008920e+00	8.058467e-01	1.043412e+00	7.885317e+01	1.365260e+02	2.545061e-01	1.448105e-01	-5.392928e-13	
2  105.923	2.386639e+00	1.341489e-01	7.887100e-01	3.001063e+00	9.852084e-01	4.333538e-02	1.254915e+00	3.681145e-01	3.838254e+00	1.008418e+00	6.516819e+00	7.448364e-01	2.460043e-01	2.008920e+00	8.058467e-01	1.043412e+00	7.885317e+01	1.365260e+02	2.545061e-01	1.448105e-01	-5.392928e-13	
6  105.525	2.392624e+00	1.335031e-01	7.875529e-01	3.022104e+00	9.885062e-01	5.437965e-02	1.240469e+00	3.824497e-01	3.853366e+00	1.008734e+00	7.642106e+00	7.449763e-01	2.460230e-01	2.053231e+00	8.132426e-01	1.042736e+00	7.873460e+01	1.366885e+02	2.546770e-01	1.427979e-01	-4.772980e-13	
5  105.039	2.392206e+00	1.326461e-01	7.848802e-01	3.012531e+00	9.905957e-01	5.223187e-02	1.189296e+00	3.842274e-01	3.878680e+00	1.007445e+00	7.414262e+00	7.446542e-01	2.460249e-01	2.033703e+00	8.088915e-01	1.042784e+00	7.846853e+01	1.370954e+02	2.549430e-01	1.376847e-01	-4.205946e-13	
1  106.322	2.383307e+00	1.342120e-01	7.772240e-01	3.018930e+00	9.869128e-01	5.346074e-02	1.207979e+00	3.786031e-01	3.843878e+00	1.007475e+00	7.587119e+00	7.370764e-01	2.459918e-01	2.046542e+00	8.142748e-01	1.041887e+00	7.770566e+01	1.367755e+02	2.625474e-01	1.394950e-01	-5.937118e-13	
1  104.203	2.379881e+00	1.351081e-01	7.737526e-01	3.013383e+00	9.828453e-01	5.150214e-02	1.166017e+00	3.532177e-01	3.849195e+00	1.005531e+00	7.390922e+00	7.334619e-01	2.459805e-01	2.034873e+00	8.160093e-01	1.043219e+00	7.736456e+01	1.367686e+02	2.661619e-01	1.353388e-01	-1.223762e-13	
4  107.346	2.382215e+00	1.357888e-01	7.622763e-01	3.019929e+00	9.810442e-01	5.254390e-02	1.138366e+00	3.643609e-01	3.911329e+00	1.006616e+00	7.512087e+00	7.241070e-01	2.459928e-01	2.048009e+00	8.193553e-01	1.041510e+00	7.622358e+01	1.367380e+02	2.755094e-01	1.324272e-01	-4.036795e-13	
1  105.077	2.380405e+00	1.371860e-01	7.641216e-01	3.015147e+00	9.793323e-01	4.936594e-02	1.149092e+00	3.790469e-01	3.920041e+00	1.005747e+00	7.191622e+00	7.231340e-01	2.459848e-01	2.037960e+00	8.223097e-01	1.043068e+00	7.640470e+01	1.363887e+02	2.763865e-01	1.335794e-01	-6.087508e-15	
2  105.882	2.380405e+00	1.371860e-01	7.641216e-01	3.015147e+00	9.793323e-01	4.936594e-02	1.149092e+00	3.790469e-01	3.920041e+00	1.006713e+00	7.191622e+00	7.231340e-01	2.459848e-01	2.037960e+00	8.223097e-01	1.043068e+00	7.640470e+01	1.363887e+02	2.763865e-01	1.335794e-01	-6.087508e-15	
3  106.535	2.368287e+00	1.376260e-01	7.633428e-01	3.011853e+00	9.790104e-01	4.521252e-02	1.151942e+00	3.847455e-01	3.871676e+00	1.008804e+00	6.785803e+00	7.219620e-01	2.459362e-01	2.030854e+00	8.228649e-01	1.043526e+00	7.633190e+01	1.363861e+02	2.774181e-01	1.341130e-01	-4.966447e-14	
4  105.269	2.363764e+00	1.367681e-01	7.671624e-01	3.003322e+00	9.822806e-01	4.332473e-02	1.202481e+00	4.032093e-01	3.891326e+00	1.007955e+00	6.605715e+00	7.261239e-01	2.459205e-01	2.013337e+00	8.154812e-01	1.042320e+00	7.671614e+01	1.364251e+02	2.730645e-01	1.393862e-01	-7.201392e-13	
1  104.962	2.358822e+00	1.373074e-01	7.673125e-01	3.003585e+00	9.776358e-01	4.165407e-02	1.201534e+00	4.367679e-01	3.882477e+00	1.008754e+00	6.429083e+00	7.254550e-01	2.459003e-01	2.013374e+00	8.163434e-01	1.043050e+00	7.673573e+01	1.363378e+02	2.737249e-01	1.394461e-01	-5.528081e-13	
2  104.917	2.358822e+00	1.373074e-01	7.673125e-01	3.003585e+00	9.776358e-01	4.165407e-02	1.201534e+00	4.367679e-01	3.882477e+00	1.008672e+00	6.429083e+00	7.254550e-01	2.459003e-01	2.013374e+00	8.163434e-01	1.043050e+00	7.673573e+01	1.363378e+02	2.737249e-01	1.394461e-01	-5.528081e-13	
1  104.934	2.350300e+00	1.372486e-01	7.621692e-01	3.018628e+00	9.818822e-01	4.955889e-02	1.181555e+00	4.489873e-01	3.872624e+00	1.008941e+00	7.294993e+00	7.219548e-01	2.458632e-01	2.045262e+00	8.244632e-01	1.042425e+00	7.621332e+01	1.365409e+02	2.775170e-01	1.370892e-01	-4.431594e-13	
1  104.817	2.339275e+00	1.367695e-01	7.686090e-01	3.024508e+00	9.838674e-01	5.198260e-02	1.218808e+00	4.443744e-01	3.888095e+00	1.010360e+00	7.564348e+00	7.275539e-01	2.458144e-01	2.057739e+00	8.259075e-01	1.042896e+00	7.685580e+01	1.365893e+02	2.720198e-01	1.409170e-01	-4.022766e-13	
4  105.869	2.341891e+00	1.374537e-01	7.647937e-01	3.020045e+00	9.827353e-01	4.831331e-02	1.226790e+00	4.451853e-01	3.909843e+00	1.010780e+00	7.194766e+00	7.235202e-01	2.458271e-01	2.048052e+00	8.246909e-01	1.042174e+00	7.647888e+01	1.363946e+02	2.758639e-01	1.418469e-01	-8.614201e-13	
1  106.414	2.342310e+00	1.380111e-01	7.625644e-01	3.028971e+00	9.825720e-01	4.939644e-02	1.186729e+00	4.637021e-01	3.936394e+00	1.013223e+00	7.299782e+00	7.209759e-01	2.458250e-01	2.066794e+00	8.323316e-01	1.043320e+00	7.625351e+01	1.364121e+02	2.784955e-01	1.377603e-01	-3.736395e-13	
1  107.379	2.325222e+00	1.372264e-01	7.694115e-01	3.014933e+00	9.872378e-01	4.467312e-02	1.234021e+00	4.339095e-01	3.855490e+00	1.012810e+00	6.840124e+00	7.274356e-01	2.457549e-01	2.037814e+00	8.250986e-01	1.043485e+00	7.694476e+01	1.365584e+02	2.718291e-01	1.428325e-01	-6.114829e-13	
4  107.326	2.325222e+00	1.372264e-01	7.694115e-01	3.014933e+00	9.872378e-01	4.467312e-02	1.234021e+00	4.339095e-01	3.855490e+00	1.012200e+00	6.840124e+00	7.274356e-01	2.457549e-01	2.037814e+00	8.250986e-01	1.043485e+00	7.694476e+01	1.365584e+02	2.718291e-01	1.428325e-01	-6.114829e-13	
2  107.954	2.333537e+00	1.378374e-01	7.747848e-01	3.018030e+00	9.841916e-01	4.798433e-02	1.263865e+00	4.209131e-01	3.866213e+00	1.009478e+00	7.170821e+00	7.302837e-01	2.457868e-01	2.044534e+00	8.268583e-01	1.044376e+00	7.747902e+01	1.362159e+02	2.692886e-01	1.455289e-01	1.829725e-13	
2  108.617	2.327516e+00	1.378089e-01	7.655395e-01	3.023029e+00	9.851860e-01	5.090833e-02	1.182228e+00	4.361470e-01	3.810652e+00	1.009352e+00	7.488224e+00	7.238609e-01	2.457623e-01	2.055328e+00	8.320220e-01	1.044511e+00	7.655025e+01	1.366122e+02	2.758267e-01	1.371279e-01	3.931802e-13	
4  107.474	2.336994e+00	1.369767e-01	7.643687e-01	3.022944e+00	9.854582e-01	5.143661e-02	1.148726e+00	4.173666e-01	3.796543e+00	1.009505e+00	7.508428e+00	7.242985e-01	2.458036e-01	2.055049e+00	8.298186e-01	1.044176e+00	7.642991e+01	1.368398e+02	2.753714e-01	1.336858e-01	2.217855e-13	
8  105.816	2.338603e+00	1.369396e-01	7.618832e-01	3.037876e+00	9.878383e-01	5.784942e-02	1.179191e+00	4.152562e-01	3.778108e+00	1.010645e+00	8.168127e+00	7.223354e-01	2.458106e-01	2.085852e+00	8.344200e-01	1.042455e+00	7.617840e+01	1.367282e+02	2.774258e-01	1.368566e-01	-4.928749e-13	
10  106.264	2.338603e+00	1.369396e-01	7.618832e-01	3.037876e+00	9.878383e-01	5.784942e-02	1.179191e+00	4.152562e-01	3.778108e+00	1.011505e+00	8.168127e+00	7.223354e-01	2.458106e-01	2.085852e+00	8.344200e-01	1.042455e+00	7.617840e+01	1.367282e+02	2.774258e-01	1.368566e-01	-4.928749e-13	
1  105.86	2.338603e+00	1.369396e-01	7.618832e-01	3.037876e+00	9.878383e-01	5.784942e-02	1.179191e+00	4.152562e-01	3.778108e+00	1.008491e+00	8.168127e+00	7.223354e-01	2.458106e-01	2.085852e+00	8.344200e-01	1.042455e+00	7.617840e+01	1.367282e+02	2.774258e-01	1.368566e-01	-4.928749e-13	
1  109.086	2.347965e+00	1.355612e-01	7.588576e-01	3.057283e+00	9.913601e-01	6.642625e-02	1.131300e+00	4.172336e-01	3.773163e+00	1.011024e+00	8.968642e+00	7.221977e-01	2.458482e-01	2.126813e+00	8.397027e-01	1.041525e+00	7.588317e+01	1.371385e+02	2.778156e-01	1.321295e-01	-9.115420e-13	
5  107.282	2.357908e+00	1.360361e-01	7.623205e-01	3.055338e+00	9.875969e-01	6.148527e-02	1.099009e+00	4.302046e-01	3.825666e+00	1.013559e+00	8.454233e+00	7.239251e-01	2.458851e-01	2.123035e+00	8.414954e-01	1.043681e+00	7.622015e+01	1.370298e+02	2.758944e-01	1.285435e-01	-2.586637e-13	
2  106.604	2.351311e+00	1.357652e-01	7.585277e-01	3.042110e+00	9.866969e-01	5.574055e-02	1.106474e+00	4.423715e-01	3.862641e+00	1.013164e+00	7.906497e+00	7.216691e-01	2.458627e-01	2.094755e+00	8.334011e-01	1.042309e+00	7.585186e+01	1.371525e+02	2.779849e-01	1.295772e-01	-8.333232e-13	
1  107.531	2.369602e+00	1.351834e-01	7.574368e-01	3.040112e+00	9.866882e-01	5.424257e-02	1.062605e+00	4.459618e-01	3.792179e+00	1.013778e+00	7.700270e+00	7.215896e-01	2.459384e-01	2.090594e+00	8.312469e-01	1.042310e+00	7.574175e+01	1.372831e+02	2.780049e-01	1.249470e-01	-7.240873e-13	
3  107.268	2.369602e+00	1.351834e-01	7.574368e-01	3.040112e+00	9.866882e-01	5.424257e-02	1.062605e+00	4.459618e-01	3.792179e+00	1.010607e+00	7.700270e+00	7.215896e-01	2.459384e-01	2.090594e+00	8.312469e-01	1.042310e+00	7.574175e+01	1.372831e+02	2.780049e-01	1.249470e-01	-7.240873e-13	
2  107.746	2.376040e+00	1.335098e-01	7.579870e-01	3.045319e+00	9.918681e-01	5.893845e-02	1.014400e+00	4.356111e-01	3.871887e+00	1.010756e+00	8.129147e+00	7.247524e-01	2.459642e-01	2.102127e+00	8.310319e-01	1.042193e+00	7.579517e+01	1.377946e+02	2.749871e-01	1.198151e-01	-6.636899e-13	
5  108.89	2.365427e+00	1.350459e-01	7.553221e-01	3.029234e+00	9.877021e-01	5.151261e-02	1.066616e+00	4.664946e-01	3.894804e+00	1.008493e+00	7.440862e+00	7.203317e-01	2.459244e-01	2.067835e+00	8.259979e-01	1.041576e+00	7.553595e+01	1.373577e+02	2.792020e-01	1.254828e-01	-9.663556e-13	
5  109.043	2.365427e+00	1.350459e-01	7.553221e-01	3.029234e+00	9.877021e-01	5.151261e-02	1.066616e+00	4.664946e-01	3.894804e+00	1.008263e+00	7.440862e+00	7.203317e-01	2.459244e-01	2.067835e+00	8.259979e-01	1.041576e+00	7.553595e+01	1.373577e+02	2.792020e-01	1.254828e-01	-9.663556e-13	
2  107.508	2.361832e+00	1.352386e-01	7.540571e-01	3.024438e+00	9.887740e-01	4.657588e-02	1.029521e+00	4.725132e-01	3.848198e+00	1.010550e+00	6.925766e+00	7.190793e-01	2.459102e-01	2.057645e+00	8.271909e-01	1.042694e+00	7.540868e+01	1.374832e+02	2.802235e-01	1.217105e-01	-8.467723e-13	
1  108.932	2.346412e+00	1.346669e-01	7.502604e-01	3.018621e+00	9.918435e-01	4.607846e-02	1.017816e+00	4.812518e-01	3.885304e+00	1.009621e+00	6.915845e+00	7.174028e-01	2.458492e-01	2.045868e+00	8.242685e-01	1.041880e+00	7.503646e+01	1.378309e+02	2.818769e-01	1.207495e-01	-1.416284e-12	
1  106.817	2.350791e+00	1.345397e-01	7.548766e-01	3.006791e+00	9.907809e-01	4.279990e-02	1.032273e+00	4.747884e-01	3.901296e+00	1.007174e+00	6.549301e+00	7.210932e-01	2.458687e-01	2.021028e+00	8.185561e-01	1.042480e+00	7.549503e+01	1.377417e+02	2.780577e-01	1.221738e-01	-1.031995e-12	
1  107.249	2.342050e+00	1.359107e-01	7.535174e-01	2.992807e+00	9.881232e-01	3.548678e-02	1.044855e+00	4.723238e-01	3.894996e+00	1.006015e+00	5.779203e+00	7.177459e-01	2.458352e-01	1.990777e+00	8.166451e-01	1.043294e+00	7.537125e+01	1.374463e+02	2.810916e-01	1.237162e-01	-8.284736e-13	
9  109.482	2.342050e+00	1.359107e-01	7.535174e-01	2.992807e+00	9.881232e-01	3.548678e-02	1.044855e+00	4.723238e-01	3.894996e+00	1.003425e+00	5.779203e+00	7.177459e-01	2.458352e-01	1.990777e+00	8.166451e-01	1.043294e+00	7.537125e+01	1.374463e+02	2.810916e-01	1.237162e-01	-8.284736e-13	
1  110.09	2.338244e+00	1.333880e-01	7.616151e-01	2.990065e+00	9.945621e-01	3.583205e-02	1.032468e+00	4.720901e-01	3.909028e+00	1.005195e+00	5.803504e+00	7.280918e-01	2.458179e-01	1.985788e+00	8.106972e-01	1.043609e+00	7.617130e+01	1.380900e+02	2.707902e-01	1.224800e-01	-1.099317e-12	
2  108.146	2.338244e+00	1.333880e-01	7.616151e-01	2.990065e+00	9.945621e-01	3.583205e-02	1.032468e+00	4.720901e-01	3.909028e+00	1.008282e+00	5.803504e+00	7.280918e-01	2.458179e-01	1.985788e+00	8.106972e-01	1.043609e+00	7.617130e+01	1.380900e+02	2.707902e-01	1.224800e-01	-1.099317e-12	
2  107.485	2.330908e+00	1.331519e-01	7.564419e-01	2.997431e+00	9.910575e-01	3.798601e-02	1.029978e+00	4.901641e-01	3.887399e+00	1.009808e+00	6.067022e+00	7.248135e-01	2.457885e-01	2.001158e+00	8.107417e-01	1.042201e+00	7.565762e+01	1.382388e+02	2.740351e-01	1.224867e-01	-1.936880e-12	
6  107.228	2.322728e+00	1.325832e-01	7.620461e-01	2.991649e+00	9.919130e-01	3.948845e-02	1.013573e+00	4.706405e-01	3.907433e+00	1.006707e+00	6.222610e+00	7.302207e-01	2.457535e-01	1.989948e+00	8.093400e-01	1.043970e+00	7.621588e+01	1.385072e+02	2.689586e-01	1.203665e-01	-6.181974e-13	
5  107.367	2.322728e+00	1.325832e-01	7.620461e-01	2.991649e+00	9.919130e-01	3.948845e-02	1.013573e+00	4.706405e-01	3.907433e+00	1.004835e+00	6.222610e+00	7.302207e-01	2.457535e-01	1.989948e+00	8.093400e-01	1.043970e+00	7.621588e+01	1.385072e+02	2.689586e-01	1.203665e-01	-6.181974e-13	
2  105.131	2.310282e+00	1.326409e-01	7.555291e-01	2.993295e+00	9.886094e-01	4.368926e-02	1.014268e+00	4.880671e-01	3.941578e+00	1.001740e+00	6.711559e+00	7.256196e-01	2.457046e-01	1.993897e+00	8.083014e-01	1.042533e+00	7.556297e+01	1.386411e+02	2.735980e-01	1.203382e-01	-9.063397e-13	
7  105.509	2.305028e+00	1.336497e-01	7.502980e-01	2.993476e+00	9.855417e-01	4.311482e-02	1.018668e+00	4.858085e-01	3.936412e+00	1.001144e+00	6.677115e+00	7.200860e-01	2.456831e-01	1.993980e+00	8.101066e-01	1.042073e+00	7.504738e+01	1.384540e+02	2.790624e-01	1.208504e-01	-1.033485e-12	
6  106.47	2.308884e+00	1.349355e-01	7.546430e-01	2.990290e+00	9.853309e-01	4.070090e-02	1.076757e+00	4.912243e-01	3.925437e+00	1.000406e+00	6.423088e+00	7.209400e-01	2.456991e-01	1.987152e+00	8.113827e-01	1.042593e+00	7.548338e+01	1.378796e+02	2.781072e-01	1.269344e-01	-8.707572e-13	
13  105.052	2.308884e+00	1.349355e-01	7.546430e-01	2.990290e+00	9.853309e-01	4.070090e-02	1.076757e+00	4.912243e-01	3.925437e+00	1.002185e+00	6.423088e+00	7.209400e-01	2.456991e-01	1.987152e+00	8.113827e-01	1.042593e+00	7.548338e+01	1.378796e+02	2.781072e-01	1.269344e-01	-8.707572e-13	
1  105.225	2.323549e+00	1.354942e-01	7.496751e-01	2.985617e+00	9.842124e-01	3.497515e-02	1.022591e+00	4.818985e-01	3.924843e+00	1.004209e+00	5.757789e+00	7.159521e-01	2.457618e-01	1.976195e+00	8.120582e-01	1.043053e+00	7.499979e+01	1.378107e+02	2.828631e-01	1.215498e-01	-9.153713e-13	
3  104.513	2.326385e+00	1.351076e-01	7.512469e-01	2.978510e+00	9.815201e-01	3.354685e-02	1.035987e+00	5.022395e-01	3.964798e+00	1.002402e+00	5.592030e+00	7.177933e-01	2.457772e-01	1.961473e+00	8.060876e-01	1.042626e+00	7.516257e+01	1.378063e+02	2.809271e-01	1.230816e-01	-1.172723e-12	
3  104.693	2.314527e+00	1.360778e-01	7.467884e-01	2.982416e+00	9.798686e-01	3.332024e-02	1.035432e+00	4.901130e-01	3.911280e+00	1.003504e+00	5.600441e+00	7.128451e-01	2.457262e-01	1.969153e+00	8.104647e-01	1.042663e+00	7.472288e+01	1.377101e+02	2.858225e-01	1.230719e-01	-1.203932e-12	
1  105.04	2.314527e+00	1.360778e-01	7.467884e-01	2.982416e+00	9.798686e-01	3.332024e-02	1.035432e+00	4.901130e-01	3.911280e+00	1.002319e+00	5.600441e+00	7.128451e-01	2.457262e-01	1.969153e+00	8.104647e-01	1.042663e+00	7.472288e+01	1.377101e+02	2.858225e-01	1.230719e-01	-1.203932e-12	
6  106.91	2.316121e+00	1.365075e-01	7.495427e-01	2.983159e+00	9.825412e-01	3.244079e-02	1.041031e+00	5.212521e-01	3.918819e+00	1.003180e+00	5.493771e+00	7.140942e-01	2.457298e-01	1.970469e+00	8.136738e-01	1.043623e+00	7.499384e+01	1.375683e+02	2.846406e-01	1.235593e-01	-6.875891e-13	
2  107.473	2.319946e+00	1.345670e-01	7.607102e-01	2.980635e+00	9.882823e-01	3.592891e-02	1.101681e+00	5.166840e-01	3.865187e+00	1.001320e+00	5.876864e+00	7.256979e-01	2.457469e-01	1.966803e+00	8.063465e-01	1.042833e+00	7.608808e+01	1.377333e+02	2.731319e-01	1.297431e-01	-1.163762e-12	
1  107.736	2.312221e+00	1.350463e-01	7.591923e-01	2.981007e+00	9.852381e-01	3.693830e-02	1.067404e+00	4.785202e-01	3.807061e+00	1.000001e+00	5.994384e+00	7.240692e-01	2.457129e-01	1.968000e+00	8.093455e-01	1.044173e+00	7.595014e+01	1.378368e+02	2.750363e-01	1.260113e-01	-1.489300e-13	
4  107.523	2.312221e+00	1.350463e-01	7.591923e-01	2.981007e+00	9.852381e-01	3.693830e-02	1.067404e+00	4.785202e-01	3.807061e+00	1.000352e+00	5.994384e+00	7.240692e-01	2.457129e-01	1.968000e+00	8.093455e-01	1.044173e+00	7.595014e+01	1.378368e+02	2.750363e-01	1.260113e-01	-1.489300e-13	
3  108.808	2.304234e+00	1.352755e-01	7.542032e-01	2.946235e+00	9.859495e-01	1.972348e-02	1.086007e+00	4.707812e-01	3.848902e+00	1.000250e+00	4.069891e+00	7.192127e-01	2.456918e-01	1.891892e+00	7.939484e-01	1.042733e+00	7.547775e+01	1.377056e+02	2.786627e-01	1.291307e-01	-2.441816e-12	
3  111.305	2.302387e+00	1.364108e-01	7.554343e-01	2.946301e+00	9.877029e-01	1.681757e-02	1.106317e+00	4.575874e-01	3.806686e+00	1.001902e+00	3.724555e+00	7.179781e-01	2.456803e-01	1.890066e+00	7.980608e-01	1.043599e+00	7.560523e+01	1.373643e+02	2.798077e-01	1.311704e-01	-1.986896e-12	
10  109.603	2.302387e+00	1.364108e-01	7.554343e-01	2.946301e+00	9.877029e-01	1.681757e-02	1.106317e+00	4.575874e-01	3.806686e+00	1.003802e+00	3.724555e+00	7.179781e-01	2.456803e-01	1.890066e+00	7.980608e-01	1.043599e+00	7.560523e+01	1.373643e+02	2.798077e-01	1.311704e-01	-1.986896e-12	
4  109.457	2.302387e+00	1.364108e-01	7.554343e-01	2.946301e+00	9.877029e-01	1.681757e-02	1.106317e+00	4.575874e-01	3.806686e+00	1.006503e+00	3.724555e+00	7.179781e-01	2.456803e-01	1.890066e+00	7.980608e-01	1.043599e+00	7.560523e+01	1.373643e+02	2.798077e-01	1.311704e-01	-1.986896e-12	
2  109.967	2.314689e+00	1.358921e-01	7.509293e-01	2.957362e+00	9.897768e-01	2.032128e-02	1.049996e+00	4.687772e-01	3.850990e+00	1.008750e+00	4.113242e+00	7.155131e-01	2.457298e-01	1.913673e+00	8.027965e-01	1.043238e+00	7.514806e+01	1.376226e+02	2.823988e-01	1.252026e-01	-2.077424e-12	
1  112.052	2.300354e+00	1.371486e-01	7.530197e-01	2.971242e+00	9.878470e-01	2.502329e-02	1.087307e+00	4.997438e-01	3.872220e+00	1.009629e+00	4.690250e+00	7.153653e-01	2.456615e-01	1.943953e+00	8.120984e-01	1.044234e+00	7.535016e+01	1.373572e+02	2.829602e-01	1.287173e-01	-9.990323e-13	
2  110.09	2.306491e+00	1.358059e-01	7.546176e-01	2.957671e+00	9.932392e-01	2.164164e-02	1.091944e+00	5.077801e-01	3.854078e+00	1.008279e+00	4.298438e+00	7.184786e-01	2.456934e-01	1.915407e+00	8.029802e-01	1.043082e+00	7.550413e+01	1.375713e+02	2.794273e-01	1.295493e-01	-2.395691e-12	
1  110.355	2.316868e+00	1.350332e-01	7.541235e-01	2.963022e+00	9.942226e-01	2.339595e-02	1.064789e+00	4.833367e-01	3.843611e+00	1.009755e+00	4.478699e+00	7.193975e-01	2.457369e-01	1.926808e+00	8.033252e-01	1.042744e+00	7.544865e+01	1.377626e+02	2.785878e-01	1.267302e-01	-2.602421e-12	
1  110.527	2.316868e+00	1.350332e-01	7.541235e-01	2.963022e+00	9.942226e-01	2.339595e-02	1.064789e+00	4.833367e-01	3.843611e+00	1.009985e+00	4.478699e+00	7.193975e-01	2.457369e-01	1.926808e+00	8.033252e-01	1.042744e+00	7.544865e+01	1.377626e+02	2.785878e-01	1.267302e-01	-2.602421e-12	
3  110.827	2.312969e+00	1.366929e-01	7.469438e-01	2.968403e+00	9.897897e-01	2.308410e-02	1.078643e+00	4.898400e-01	3.900043e+00	1.010664e+00	4.472898e+00	7.110306e-01	2.457203e-01	1.937006e+00	8.079202e-01	1.041998e+00	7.474808e+01	1.373827e+02	2.868022e-01	1.283980e-01	-3.156724e-12	
6  109.786	2.325534e+00	1.367880e-01	7.564971e-01	2.989312e+00	9.937809e-01	3.376467e-02	1.134539e+00	4.932003e-01	3.846294e+00	1.010352e+00	5.660574e+00	7.183282e-01	2.457650e-01	1.983679e+00	8.173789e-01	1.042604e+00	7.566634e+01	1.370665e+02	2.802339e-01	1.332880e-01	-1.829790e-12	
6  110.724	2.325534e+00	1.367880e-01	7.564971e-01	2.989312e+00	9.937809e-01	3.376467e-02	1.134539e+00	4.932003e-01	3.846294e+00	1.012167e+00	5.660574e+00	7.183282e-01	2.457650e-01	1.983679e+00	8.173789e-01	1.042604e+00	7.566634e+01	1.370665e+02	2.802339e-01	1.332880e-01	-1.829790e-12	
3  111.234	2.341793e+00	1.370996e-01	7.608435e-01	2.987683e+00	9.924937e-01	2.983304e-02	1.143765e+00	5.109495e-01	3.824733e+00	1.014151e+00	5.171743e+00	7.207163e-01	2.458314e-01	1.978657e+00	8.168445e-01	1.043377e+00	7.610056e+01	1.367639e+02	2.776712e-01	1.342306e-01	-1.478078e-12	
1  111.686	2.337924e+00	1.364026e-01	7.618366e-01	3.002778e+00	9.944035e-01	3.741495e-02	1.178441e+00	5.055182e-01	3.815243e+00	1.015105e+00	6.046284e+00	7.226974e-01	2.458124e-01	2.011987e+00	8.196656e-01	1.041963e+00	7.619357e+01	1.368620e+02	2.759945e-01	1.377785e-01	-2.348332e-12	
5  111.512	2.337924e+00	1.364026e-01	7.618366e-01	3.002778e+00	9.944035e-01	3.741495e-02	1.178441e+00	5.055182e-01	3.815243e+00	1.014416e+00	6.046284e+00	7.226974e-01	2.458124e-01	2.011987e+00	8.196656e-01	1.041963e+00	7.619357e+01	1.368620e+02	2.759945e-01	1.377785e-01	-2.348332e-12	
3  111.323	2.348805e+00	1.356395e-01	7.610077e-01	2.999136e+00	9.965877e-01	3.830919e-02	1.137755e+00	5.040605e-01	3.810859e+00	1.012675e+00	6.108881e+00	7.233152e-01	2.458592e-01	2.004974e+00	8.174633e-01	1.041967e+00	7.610674e+01	1.370986e+02	2.754802e-01	1.333997e-01	-1.980220e-12	
7  114.856	2.358186e+00	1.348301e-01	7.617175e-01	2.982146e+00	9.998971e-01	2.971942e-02	1.057563e+00	4.911765e-01	3.880906e+00	1.013682e+00	5.098571e+00	7.250066e-01	2.458999e-01	1.967766e+00	8.124176e-01	1.043701e+00	7.618390e+01	1.374620e+02	2.734542e-01	1.250701e-01	-1.282902e-12	
9  115.107	2.367045e+00	1.336652e-01	7.611876e-01	2.996772e+00	1.002225e+00	3.829942e-02	1.066747e+00	4.925693e-01	3.807325e+00	1.013730e+00	6.046907e+00	7.264709e-01	2.459345e-01	2.000658e+00	8.135036e-01	1.041817e+00	7.612596e+01	1.376567e+02	2.723240e-01	1.260257e-01	-2.093430e-12	
3  115.526	2.369665e+00	1.324425e-01	7.659679e-01	2.989884e+00	1.003115e+00	3.391799e-02	1.063331e+00	4.817326e-01	3.799700e+00	1.015902e+00	5.549955e+00	7.317985e-01	2.459453e-01	1.985488e+00	8.069891e-01	1.041984e+00	7.660325e+01	1.378882e+02	2.666835e-01	1.259818e-01	-2.549291e-12	
1  116.653	2.383661e+00	1.324455e-01	7.676863e-01	2.986714e+00	1.002756e+00	3.124142e-02	1.072922e+00	4.738269e-01	3.810517e+00	1.016510e+00	5.228822e+00	7.326427e-01	2.460018e-01	1.978018e+00	8.044333e-01	1.041761e+00	7.677847e+01	1.376974e+02	2.656307e-01	1.271125e-01	-2.703023e-12	
2  112.913	2.369228e+00	1.341355e-01	7.732027e-01	2.978850e+00	9.997308e-01	2.559369e-02	1.142403e+00	4.639485e-01	3.766347e+00	1.016386e+00	4.615084e+00	7.338948e-01	2.459429e-01	1.959102e+00	8.052245e-01	1.043208e+00	7.731993e+01	1.371178e+02	2.641473e-01	1.343248e-01	-2.171417e-12	
9  112.904	2.369228e+00	1.341355e-01	7.732027e-01	2.978850e+00	9.997308e-01	2.559369e-02	1.142403e+00	4.639485e-01	3.766347e+00	1.016365e+00	4.615084e+00	7.338948e-01	2.459429e-01	1.959102e+00	8.052245e-01	1.043208e+00	7.731993e+01	1.371178e+02	2.641473e-01	1.343248e-01	-2.171417e-12	
4  111.422	2.377819e+00	1.337619e-01	7.766723e-01	2.969130e+00	9.956119e-01	2.492504e-02	1.127670e+00	4.387691e-01	3.717343e+00	1.012404e+00	4.495201e+00	7.370759e-01	2.459797e-01	1.938820e+00	7.995229e-01	1.044046e+00	7.766874e+01	1.371577e+02	2.612709e-01	1.326900e-01	-1.030313e-12	
5  110.066	2.385785e+00	1.334452e-01	7.802122e-01	2.966601e+00	9.958018e-01	2.403302e-02	1.166673e+00	4.546914e-01	3.654157e+00	1.012220e+00	4.389540e+00	7.397033e-01	2.460118e-01	1.933457e+00	7.953926e-01	1.043242e+00	7.801160e+01	1.369843e+02	2.584459e-01	1.368618e-01	-1.653557e-12	
1  111.149	2.404024e+00	1.329330e-01	7.866062e-01	2.962006e+00	9.976729e-01	2.242937e-02	1.198019e+00	4.725822e-01	3.732189e+00	1.011837e+00	4.170288e+00	7.443547e-01	2.460817e-01	1.923438e+00	7.906924e-01	1.042986e+00	7.863750e+01	1.367794e+02	2.536521e-01	1.400711e-01	-1.765763e-12	
1  112.587	2.391155e+00	1.323229e-01	7.867104e-01	2.967496e+00	1.003027e+00	2.401830e-02	1.176399e+00	4.895811e-01	3.786774e+00	1.014306e+00	4.373895e+00	7.456400e-01	2.460285e-01	1.935575e+00	7.943736e-01	1.043451e+00	7.864801e+01	1.371449e+02	2.524211e-01	1.377366e-01	-1.818346e-12	
12  112.576	2.391155e+00	1.323229e-01	7.867104e-01	2.967496e+00	1.003027e+00	2.401830e-02	1.176399e+00	4.895811e-01	3.786774e+00	1.013929e+00	4.373895e+00	7.456400e-01	2.460285e-01	1.935575e+00	7.943736e-01	1.043451e+00	7.864801e+01	1.371449e+02	2.524211e-01	1.377366e-01	-1.818346e-12	
2  114.202	2.406293e+00	1.316505e-01	7.858974e-01	2.980590e+00	1.008127e+00	3.124456e-02	1.127525e+00	5.100396e-01	3.731064e+00	1.014059e+00	5.149259e+00	7.461839e-01	2.460834e-01	1.965459e+00	8.005947e-01	1.043660e+00	7.857674e+01	1.374053e+02	2.522386e-01	1.320487e-01	-1.243525e-12	
1  114.038	2.407599e+00	1.326709e-01	7.909281e-01	2.991245e+00	1.006992e+00	3.454713e-02	1.197565e+00	5.159058e-01	3.703464e+00	1.014671e+00	5.524642e+00	7.478687e-01	2.460824e-01	1.988216e+00	8.059219e-01	1.043783e+00	7.907384e+01	1.368867e+02	2.506859e-01	1.389838e-01	-1.094494e-12	
5  113.225	2.414788e+00	1.317234e-01	7.949890e-01	2.997282e+00	1.008822e+00	3.954529e-02	1.194057e+00	5.055491e-01	3.657222e+00	1.013848e+00	6.040803e+00	7.519870e-01	2.461067e-01	2.002109e+00	8.058720e-01	1.043850e+00	7.947910e+01	1.370550e+02	2.468516e-01	1.383145e-01	-8.838032e-13	
6  113.239	2.414788e+00	1.317234e-01	7.949890e-01	2.997282e+00	1.008822e+00	3.954529e-02	1.194057e+00	5.055491e-01	3.657222e+00	1.014592e+00	6.040803e+00	7.519870e-01	2.461067e-01	2.002109e+00	8.058720e-01	1.043850e+00	7.947910e+01	1.370550e+02	2.468516e-01	1.383145e-01	-8.838032e-13	
3  112.584	2.413404e+00	1.322256e-01	7.861099e-01	3.011638e+00	1.004168e+00	4.610936e-02	1.185903e+00	4.989245e-01	3.628945e+00	1.014245e+00	6.755631e+00	7.453277e-01	2.461036e-01	2.032677e+00	8.106277e-01	1.042184e+00	7.859705e+01	1.370225e+02	2.537534e-01	1.374584e-01	-1.251899e-12	
1  111.906	2.414993e+00	1.304466e-01	7.889147e-01	3.012541e+00	1.007657e+00	4.993505e-02	1.143769e+00	5.149368e-01	3.631874e+00	1.013328e+00	7.115185e+00	7.500812e-01	2.461087e-01	2.035247e+00	8.077652e-01	1.042474e+00	7.887543e+01	1.375748e+02	2.492030e-01	1.329562e-01	-1.045534e-12	
3  111.495	2.414993e+00	1.304466e-01	7.889147e-01	3.012541e+00	1.007657e+00	4.993505e-02	1.143769e+00	5.149368e-01	3.631874e+00	1.012186e+00	7.115185e+00	7.500812e-01	2.461087e-01	2.035247e+00	8.077652e-01	1.042474e+00	7.887543e+01	1.375748e+02	2.492030e-01	1.329562e-01	-1.045534e-12	
8  111.019	2.425737e+00	1.306800e-01	7.878800e-01	3.016719e+00	1.006585e+00	5.371458e-02	1.091015e+00	5.123243e-01	3.649709e+00	1.010035e+00	7.457008e+00	7.491678e-01	2.461488e-01	2.043594e+00	8.123096e-01	1.043833e+00	7.877471e+01	1.376163e+02	2.503730e-01	1.271445e-01	-2.770361e-13	
9  112.439	2.436454e+00	1.301545e-01	7.944042e-01	2.999950e+00	1.008428e+00	4.689648e-02	1.107805e+00	5.105023e-01	3.597511e+00	1.009074e+00	6.734738e+00	7.539974e-01	2.461888e-01	2.008523e+00	8.037226e-01	1.044257e+00	7.943047e+01	1.375574e+02	2.453474e-01	1.290283e-01	-2.101008e-13	
2  111.97	2.436454e+00	1.301545e-01	7.944042e-01	2.999950e+00	1.008428e+00	4.689648e-02	1.107805e+00	5.105023e-01	3.597511e+00	1.008156e+00	6.734738e+00	7.539974e-01	2.461888e-01	2.008523e+00	8.037226e-01	1.044257e+00	7.943047e+01	1.375574e+02	2.453474e-01	1.290283e-01	-2.101008e-13	
1  112.272	2.435344e+00	1.296363e-01	7.930161e-01	2.991204e+00	1.011409e+00	4.580538e-02	1.129579e+00	5.117115e-01	3.688576e+00	1.006013e+00	6.636078e+00	7.536227e-01	2.461883e-01	1.991431e+00	7.976161e-01	1.042666e+00	7.928463e+01	1.376239e+02	2.455581e-01	1.313766e-01	-7.690418e-13	
8  111.799	2.436345e+00	1.295158e-01	8.035196e-01	3.005733e+00	1.011983e+00	5.302687e-02	1.154332e+00	5.297709e-01	3.689310e+00	1.006188e+00	7.356735e+00	7.606921e-01	2.461816e-01	2.021368e+00	8.040484e-01	1.044610e+00	8.033806e+01	1.375038e+02	2.389095e-01	1.335088e-01	-3.718708e-13	
7  110.406	2.436510e+00	1.299820e-01	8.008173e-01	3.003383e+00	1.010368e+00	5.082695e-02	1.173702e+00	5.003648e-01	3.641471e+00	1.006486e+00	7.144480e+00	7.581322e-01	2.461852e-01	2.016436e+00	8.028252e-01	1.043715e+00	8.006165e+01	1.373310e+02	2.412934e-01	1.356188e-01	-4.769076e-13	
2  110.331	2.438048e+00	1.300599e-01	8.035648e-01	3.006908e+00	1.010337e+00	5.302234e-02	1.201918e+00	5.056807e-01	3.633400e+00	1.005964e+00	7.365165e+00	7.596338e-01	2.461888e-01	2.023866e+00	8.034987e-01	1.043597e+00	8.033316e+01	1.371826e+02	2.398532e-01	1.383984e-01	-5.126308e-13	
5  110.434	2.438048e+00	1.300599e-01	8.035648e-01	3.006908e+00	1.010337e+00	5.302234e-02	1.201918e+00	5.056807e-01	3.633400e+00	1.009474e+00	7.365165e+00	7.596338e-01	2.461888e-01	2.023866e+00	8.034987e-01	1.043597e+00	8.033316e+01	1.371826e+02	2.398532e-01	1.383984e-01	-5.126308e-13	
2  109.337	2.417886e+00	1.303494e-01	7.975976e-01	2.999931e+00	1.006629e+00	5.188629e-02	1.212211e+00	5.097628e-01	3.622424e+00	1.007233e+00	7.308523e+00	7.557371e-01	2.461193e-01	2.009498e+00	7.999547e-01	1.042498e+00	7.972735e+01	1.372875e+02	2.437647e-01	1.396254e-01	-7.364619e-13	
2  108.224	2.414179e+00	1.312412e-01	7.931431e-01	3.003754e+00	1.002407e+00	5.155327e-02	1.199588e+00	5.190484e-01	3.619819e+00	1.008058e+00	7.289445e+00	7.517002e-01	2.461065e-01	2.016786e+00	8.037014e-01	1.042689e+00	7.928789e+01	1.371700e+02	2.478044e-01	1.384481e-01	-5.669605e-13	
7  107.416	2.405734e+00	1.323440e-01	7.946874e-01	3.000582e+00	1.000885e+00	4.833742e-02	1.251665e+00	5.142513e-01	3.637327e+00	1.008452e+00	6.998009e+00	7.510570e-01	2.460741e-01	2.009952e+00	8.043955e-01	1.042804e+00	7.943863e+01	1.367926e+02	2.483279e-01	1.438343e-01	-6.762062e-13	
3  108.226	2.403187e+00	1.317753e-01	7.989652e-01	2.982829e+00	9.991493e-01	4.110333e-02	1.230241e+00	5.132894e-01	3.654610e+00	1.007504e+00	6.227371e+00	7.548702e-01	2.460668e-01	1.972626e+00	7.965215e-01	1.044164e+00	7.987572e+01	1.369996e+02	2.444403e-01	1.422007e-01	-3.967617e-13	
1  106.34	2.394920e+00	1.323006e-01	7.931538e-01	2.995301e+00	9.980079e-01	4.799781e-02	1.247856e+00	5.069904e-01	3.660920e+00	1.006445e+00	6.984921e+00	7.503801e-01	2.460356e-01	1.999020e+00	8.016004e-01	1.042774e+00	7.928595e+01	1.369207e+02	2.490564e-01	1.435344e-01	-6.284032e-13	
3  106.732	2.394920e+00	1.323006e-01	7.931538e-01	2.995301e+00	9.980079e-01	4.799781e-02	1.247856e+00	5.069904e-01	3.660920e+00	1.007290e+00	6.984921e+00	7.503801e-01	2.460356e-01	1.999020e+00	8.016004e-01	1.042774e+00	7.928595e+01	1.369207e+02	2.490564e-01	1.435344e-01	-6.284032e-13	
