7  102.705	2.292493e+00	1.213613e-01	6.940842e-01	3.104947e+00	9.728436e-01	8.621740e-02	1.722332e-01	1.869712e-01	3.540620e+00	1.001617e+00	1.058597e+01	6.992742e-01	2.456177e-01	2.231232e+00	8.358885e-01	1.041875e+00	6.943039e+01	1.452841e+02	3.007416e-01	2.287139e-02	8.015222e-14	
2  103.133	2.250619e+00	1.255934e-01	6.716173e-01	3.081025e+00	9.674510e-01	6.830113e-02	1.389014e-01	1.898943e-03	3.989017e+00	1.002290e+00	9.152965e+00	6.708634e-01	2.454214e-01	2.178248e+00	8.407651e-01	1.041850e+00	6.720526e+01	1.448112e+02	3.290055e-01	1.870073e-02	-1.614817e-13	
3  103.255	2.275876e+00	1.328859e-01	7.080462e-01	3.058058e+00	9.698749e-01	6.576546e-02	6.604051e-01	3.042297e-01	3.565726e+00	1.000645e+00	8.997524e+00	6.884891e-01	2.455461e-01	2.127557e+00	8.397687e-01	1.041640e+00	7.082173e+01	1.404322e+02	3.113848e-01	8.160339e-02	4.201642e-14	
2  102.408	2.276127e+00	1.293677e-01	7.123911e-01	3.070189e+00	9.695049e-01	7.286695e-02	5.923862e-01	3.133385e-01	3.183770e+00	1.001396e+00	9.605910e+00	6.990930e-01	2.455481e-01	2.153745e+00	8.354444e-01	1.041661e+00	7.125272e+01	1.415416e+02	3.008476e-01	7.379635e-02	-1.201600e-13	
3  102.404	2.299323e+00	1.261789e-01	7.148636e-01	3.065786e+00	9.751250e-01	7.511343e-02	4.968020e-01	4.540564e-01	3.475172e+00	9.979758e-01	9.683404e+00	7.069849e-01	2.456508e-01	2.144795e+00	8.269704e-01	1.041700e+00	7.149008e+01	1.424980e+02	2.930380e-01	6.259404e-02	4.616788e-14	
4  102.746	2.281639e+00	1.228557e-01	7.019737e-01	3.108064e+00	9.747167e-01	8.978611e-02	2.975947e-01	3.120618e-01	3.036873e+00	1.002131e+00	1.096440e+01	7.030922e-01	2.455712e-01	2.237866e+00	8.396667e-01	1.041738e+00	7.022070e+01	1.444242e+02	2.969372e-01	3.873322e-02	-7.041731e-14	
2  102.615	2.281639e+00	1.228557e-01	7.019737e-01	3.108064e+00	9.747167e-01	8.978611e-02	2.975947e-01	3.120618e-01	3.036873e+00	1.003534e+00	1.096440e+01	7.030922e-01	2.455712e-01	2.237866e+00	8.396667e-01	1.041738e+00	7.022070e+01	1.444242e+02	2.969372e-01	3.873322e-02	-7.041731e-14	
1  102.456	2.263701e+00	1.219988e-01	6.978978e-01	3.051428e+00	9.665803e-01	5.772085e-02	2.627598e-01	3.291175e-01	3.280425e+00	1.006746e+00	8.057131e+00	7.018841e-01	2.454869e-01	2.116143e+00	8.118743e-01	1.041324e+00	6.980654e+01	1.449711e+02	2.979099e-01	3.408139e-02	-1.128600e-12	
4  103.684	2.350855e+00	1.227520e-01	7.427101e-01	3.030969e+00	9.805576e-01	6.099666e-02	5.763180e-01	1.528843e-01	3.860597e+00	1.001463e+00	8.178461e+00	7.336290e-01	2.458685e-01	2.072284e+00	7.986170e-01	1.042051e+00	7.426220e+01	1.424213e+02	2.662849e-01	7.176208e-02	-1.424268e-13	
2  102.679	2.315419e+00	1.219466e-01	7.164419e-01	3.033386e+00	9.805099e-01	6.190259e-02	3.631902e-01	1.915531e-01	3.487109e+00	9.975759e-01	8.321316e+00	7.161524e-01	2.457209e-01	2.077336e+00	8.044944e-01	1.041848e+00	7.164751e+01	1.439879e+02	2.837868e-01	4.657873e-02	-1.763310e-13	
4  102.922	2.299079e+00	1.215201e-01	7.106908e-01	3.038299e+00	9.858407e-01	6.065664e-02	3.098946e-01	3.615237e-01	3.535111e+00	1.000795e+00	8.230814e+00	7.125705e-01	2.456498e-01	2.087696e+00	8.090503e-01	1.041986e+00	7.107795e+01	1.445259e+02	2.873203e-01	4.021877e-02	-5.887798e-13	
2  103.605	2.282063e+00	1.263281e-01	7.192911e-01	3.063409e+00	9.869307e-01	7.323467e-02	5.375475e-01	6.385927e-01	3.174792e+00	1.002415e+00	9.562774e+00	7.102943e-01	2.455757e-01	2.139869e+00	8.305805e-01	1.042238e+00	7.193384e+01	1.424580e+02	2.897002e-01	6.764092e-02	-3.866702e-13	
5  103.533	2.283079e+00	1.297270e-01	7.077761e-01	3.027821e+00	9.796294e-01	5.367645e-02	5.380616e-01	8.541575e-01	2.962025e+00	9.997533e-01	7.724676e+00	6.942128e-01	2.455799e-01	2.064963e+00	8.243645e-01	1.042269e+00	7.079881e+01	1.416450e+02	3.054942e-01	6.763303e-02	-4.349958e-13	
4  103.567	2.283079e+00	1.297270e-01	7.077761e-01	3.027821e+00	9.796294e-01	5.367645e-02	5.380616e-01	8.541575e-01	2.962025e+00	9.999906e-01	7.724676e+00	6.942128e-01	2.455799e-01	2.064963e+00	8.243645e-01	1.042269e+00	7.079881e+01	1.416450e+02	3.054942e-01	6.763303e-02	-4.349958e-13	
2  103.45	2.317581e+00	1.337891e-01	7.289948e-01	3.013027e+00	9.778680e-01	4.675857e-02	8.086665e-01	7.881286e-01	2.551675e+00	1.001794e+00	7.005642e+00	7.034042e-01	2.457339e-01	2.033773e+00	8.217598e-01	1.042535e+00	7.292188e+01	1.391731e+02	2.960414e-01	9.816550e-02	-3.442261e-13	
1  103.087	2.268024e+00	1.277841e-01	7.094957e-01	3.000773e+00	9.760364e-01	3.642788e-02	4.975283e-01	7.513702e-01	3.156073e+00	1.004299e+00	5.916187e+00	6.994051e-01	2.455186e-01	2.007704e+00	8.074995e-01	1.042618e+00	7.100430e+01	1.423866e+02	2.996005e-01	6.372301e-02	-2.078176e-12	
2  103.922	2.255725e+00	1.288267e-01	7.005526e-01	3.009556e+00	9.699713e-01	3.689724e-02	4.441953e-01	8.944563e-01	3.011555e+00	1.004774e+00	5.989522e+00	6.898990e-01	2.454587e-01	2.025731e+00	8.146719e-01	1.043171e+00	7.011527e+01	1.424984e+02	3.091722e-01	5.717021e-02	-1.725404e-12	
1  103.44	2.245836e+00	1.301432e-01	6.800276e-01	3.019950e+00	9.577239e-01	3.508450e-02	3.363813e-01	7.037180e-01	3.048132e+00	1.006061e+00	5.821948e+00	6.689158e-01	2.454079e-01	2.047101e+00	8.210014e-01	1.042321e+00	6.810018e+01	1.427391e+02	3.299691e-01	4.425655e-02	-2.646947e-12	
2  103.371	2.245836e+00	1.301432e-01	6.800276e-01	3.019950e+00	9.577239e-01	3.508450e-02	3.363813e-01	7.037180e-01	3.048132e+00	1.005469e+00	5.821948e+00	6.689158e-01	2.454079e-01	2.047101e+00	8.210014e-01	1.042321e+00	6.810018e+01	1.427391e+02	3.299691e-01	4.425655e-02	-2.646947e-12	
1  102.771	2.254231e+00	1.277346e-01	6.865793e-01	3.027555e+00	9.675545e-01	4.132612e-02	3.123779e-01	4.853998e-01	3.190193e+00	1.005904e+00	6.459981e+00	6.799377e-01	2.454467e-01	2.064200e+00	8.208251e-01	1.042438e+00	6.872195e+01	1.433927e+02	3.192756e-01	4.105061e-02	-1.998398e-12	
5  102.37	2.253615e+00	1.257270e-01	6.906965e-01	3.022944e+00	9.747050e-01	4.520707e-02	3.031715e-01	4.043753e-02	3.953901e+00	1.003079e+00	6.854434e+00	6.879352e-01	2.454450e-01	2.055209e+00	8.149552e-01	1.041968e+00	6.912183e+01	1.439660e+02	3.114117e-01	3.988892e-02	-1.783926e-12	
2  100.936	2.252952e+00	1.246930e-01	6.982389e-01	3.042716e+00	9.719701e-01	5.932628e-02	3.317101e-01	2.187072e-01	4.027654e+00	1.000647e+00	8.272728e+00	6.968273e-01	2.454406e-01	2.096620e+00	8.183677e-01	1.042171e+00	6.984265e+01	1.441119e+02	3.028927e-01	4.270539e-02	-5.376484e-13	
2  101.031	2.252952e+00	1.246930e-01	6.982389e-01	3.042716e+00	9.719701e-01	5.932628e-02	3.317101e-01	2.187072e-01	4.027654e+00	1.001179e+00	8.272728e+00	6.968273e-01	2.454406e-01	2.096620e+00	8.183677e-01	1.042171e+00	6.984265e+01	1.441119e+02	3.028927e-01	4.270539e-02	-5.376484e-13	
1  101.309	2.249737e+00	1.201468e-01	6.907898e-01	3.052409e+00	9.744679e-01	6.333656e-02	1.438786e-01	3.331653e-02	4.443527e+00	1.001942e+00	8.582851e+00	6.998431e-01	2.454218e-01	2.117521e+00	8.129418e-01	1.041769e+00	6.909302e+01	1.461954e+02	2.999757e-01	1.910842e-02	-5.770953e-13	
1  101.724	2.264522e+00	1.210409e-01	7.045294e-01	3.052074e+00	9.802654e-01	6.710102e-02	2.625182e-01	4.616863e-01	4.123181e+00	1.000689e+00	8.920179e+00	7.091731e-01	2.454939e-01	2.116213e+00	8.141750e-01	1.042252e+00	7.045837e+01	1.452401e+02	2.907032e-01	3.417312e-02	-3.733171e-13	
2  102.683	2.279929e+00	1.200129e-01	7.054547e-01	3.057725e+00	9.690772e-01	6.966902e-02	2.028539e-01	4.935149e-01	2.888444e+00	9.985344e-01	9.094284e+00	7.117356e-01	2.455629e-01	2.128479e+00	8.111405e-01	1.043065e+00	7.053488e+01	1.456156e+02	2.882008e-01	2.632025e-02	-4.247305e-14	
1  103.091	2.293644e+00	1.203826e-01	7.170147e-01	2.988957e+00	9.755356e-01	4.156809e-02	3.203364e-01	3.497977e-01	2.766708e+00	9.963449e-01	6.312318e+00	7.196738e-01	2.456349e-01	1.985740e+00	7.824996e-01	1.042441e+00	7.172290e+01	1.447555e+02	2.797880e-01	4.206850e-02	-1.228078e-12	
1  105.514	2.297509e+00	1.184346e-01	7.180510e-01	2.988107e+00	9.829180e-01	5.012025e-02	2.655015e-01	4.092039e-01	2.494919e+00	9.892376e-01	7.151479e+00	7.241483e-01	2.456480e-01	1.984725e+00	7.792645e-01	1.042429e+00	7.183179e+01	1.455151e+02	2.755203e-01	3.485609e-02	-6.053370e-13	
2  103.488	2.307522e+00	1.216320e-01	7.325919e-01	3.003306e+00	9.837202e-01	5.372824e-02	4.618901e-01	1.241027e-01	2.609519e+00	9.947161e-01	7.550368e+00	7.289719e-01	2.456931e-01	2.015146e+00	7.908169e-01	1.043027e+00	7.326512e+01	1.436848e+02	2.707835e-01	5.846436e-02	-2.716277e-13	
7  104.207	2.307522e+00	1.216320e-01	7.325919e-01	3.003306e+00	9.837202e-01	5.372824e-02	4.618901e-01	1.241027e-01	2.609519e+00	9.919929e-01	7.550368e+00	7.289719e-01	2.456931e-01	2.015146e+00	7.908169e-01	1.043027e+00	7.326512e+01	1.436848e+02	2.707835e-01	5.846436e-02	-2.716277e-13	
1  105.851	2.329711e+00	1.181266e-01	7.420916e-01	3.005816e+00	9.897749e-01	4.624528e-02	4.243178e-01	1.011054e-02	2.994432e+00	1.002798e+00	6.690978e+00	7.417018e-01	2.457865e-01	2.020174e+00	7.810540e-01	1.042657e+00	7.419250e+01	1.444705e+02	2.578411e-01	5.440439e-02	-9.060640e-13	
1  106.013	2.295726e+00	1.118198e-01	7.125404e-01	3.052229e+00	9.810626e-01	6.047755e-02	1.790104e-02	5.159635e-02	2.950210e+00	1.006244e+00	8.034222e+00	7.330165e-01	2.456307e-01	2.118565e+00	7.869492e-01	1.042239e+00	7.122360e+01	1.485022e+02	2.668249e-01	2.226971e-03	-6.861576e-14	
1  106.022	2.342663e+00	1.151829e-01	7.276292e-01	3.085750e+00	9.844774e-01	8.238906e-02	2.146511e-01	4.402414e-02	2.913340e+00	1.002654e+00	9.965252e+00	7.368829e-01	2.458311e-01	2.188938e+00	8.058081e-01	1.042190e+00	7.275793e+01	1.461327e+02	2.630839e-01	2.803031e-02	3.034990e-13	
2  105.299	2.342663e+00	1.151829e-01	7.276292e-01	3.085750e+00	9.844774e-01	8.238906e-02	2.146511e-01	4.402414e-02	2.913340e+00	1.004682e+00	9.965252e+00	7.368829e-01	2.458311e-01	2.188938e+00	8.058081e-01	1.042190e+00	7.275793e+01	1.461327e+02	2.630839e-01	2.803031e-02	3.034990e-13	
4  105.831	2.328358e+00	1.156731e-01	7.278620e-01	3.100526e+00	9.787802e-01	8.819030e-02	2.413864e-01	7.758483e-02	2.639653e+00	1.006058e+00	1.051892e+01	7.364483e-01	2.457706e-01	2.221413e+00	8.117538e-01	1.042247e+00	7.277819e+01	1.460302e+02	2.635479e-01	3.124345e-02	2.868693e-13	
4  105.105	2.348950e+00	1.150536e-01	7.294811e-01	3.047175e+00	9.840467e-01	6.452365e-02	2.140071e-01	1.462670e-01	2.617199e+00	1.003288e+00	8.346231e+00	7.382991e-01	2.458585e-01	2.106837e+00	7.897207e-01	1.042433e+00	7.293199e+01	1.460876e+02	2.616443e-01	2.794544e-02	1.813047e-13	
4  105.135	2.348950e+00	1.150536e-01	7.294811e-01	3.047175e+00	9.840467e-01	6.452365e-02	2.140071e-01	1.462670e-01	2.617199e+00	1.002717e+00	8.346231e+00	7.382991e-01	2.458585e-01	2.106837e+00	7.897207e-01	1.042433e+00	7.293199e+01	1.460876e+02	2.616443e-01	2.794544e-02	1.813047e-13	
10  105.022	2.304160e+00	1.162154e-01	7.153115e-01	3.047236e+00	9.769890e-01	5.292076e-02	1.665529e-01	1.352812e-01	2.441456e+00	1.011250e+00	7.374854e+00	7.263656e-01	2.456708e-01	2.107776e+00	7.952989e-01	1.042452e+00	7.151241e+01	1.464740e+02	2.733497e-01	2.191563e-02	-7.528535e-13	
4  105.731	2.362788e+00	1.174109e-01	7.311985e-01	3.086718e+00	9.789478e-01	8.206856e-02	2.858366e-01	8.305103e-02	2.044729e+00	1.003323e+00	9.935163e+00	7.348639e-01	2.459135e-01	2.190705e+00	8.100990e-01	1.042639e+00	7.310899e+01	1.449937e+02	2.650957e-01	3.694008e-02	3.079254e-13	
2  106.374	2.350980e+00	1.170969e-01	7.270537e-01	3.117672e+00	9.841549e-01	1.067900e-01	2.620706e-01	2.616602e-02	2.320282e+00	9.953749e-01	1.199585e+01	7.326795e-01	2.458654e-01	2.259345e+00	8.243431e-01	1.042247e+00	7.269552e+01	1.453348e+02	2.673403e-01	3.383905e-02	6.187241e-13	
9  106.524	2.350980e+00	1.170969e-01	7.270537e-01	3.117672e+00	9.841549e-01	1.067900e-01	2.620706e-01	2.616602e-02	2.320282e+00	9.971797e-01	1.199585e+01	7.326795e-01	2.458654e-01	2.259345e+00	8.243431e-01	1.042247e+00	7.269552e+01	1.453348e+02	2.673403e-01	3.383905e-02	6.187241e-13	
3  105.851	2.365466e+00	1.225452e-01	7.394399e-01	3.106589e+00	9.890504e-01	9.711726e-02	5.335818e-01	2.792106e-01	2.311550e+00	1.003088e+00	1.132628e+01	7.312332e-01	2.459253e-01	2.234290e+00	8.323191e-01	1.041937e+00	7.395204e+01	1.425229e+02	2.687726e-01	6.696375e-02	2.887499e-13	
4  106.896	2.369310e+00	1.196202e-01	7.507992e-01	3.097644e+00	9.852179e-01	9.095573e-02	5.330940e-01	2.878736e-01	2.225540e+00	1.007132e+00	1.073846e+01	7.444979e-01	2.459355e-01	2.214414e+00	8.161571e-01	1.041965e+00	7.508604e+01	1.432000e+02	2.554645e-01	6.675098e-02	1.934882e-13	
10  107.254	2.395786e+00	1.197975e-01	7.625945e-01	3.098174e+00	9.975661e-01	9.306088e-02	5.942225e-01	1.423613e-01	2.197137e+00	1.007378e+00	1.084100e+01	7.515588e-01	2.460384e-01	2.215496e+00	8.186609e-01	1.042692e+00	7.627935e+01	1.426021e+02	2.482101e-01	7.390577e-02	9.632371e-14	
4  105.579	2.390908e+00	1.243845e-01	7.614844e-01	3.067038e+00	9.862732e-01	7.967521e-02	7.496005e-01	2.436047e-01	2.022068e+00	1.004133e+00	9.828112e+00	7.429639e-01	2.460212e-01	2.147504e+00	8.139651e-01	1.042179e+00	7.614542e+01	1.408425e+02	2.570067e-01	9.129718e-02	9.873694e-14	
2  106.286	2.390908e+00	1.243845e-01	7.614844e-01	3.067038e+00	9.862732e-01	7.967521e-02	7.496005e-01	2.436047e-01	2.022068e+00	1.005310e+00	9.828112e+00	7.429639e-01	2.460212e-01	2.147504e+00	8.139651e-01	1.042179e+00	7.614542e+01	1.408425e+02	2.570067e-01	9.129718e-02	9.873694e-14	
2  105.418	2.357312e+00	1.277218e-01	7.623441e-01	3.058005e+00	9.908931e-01	7.897024e-02	8.956786e-01	4.674120e-01	2.319202e+00	1.003744e+00	9.929143e+00	7.384125e-01	2.458907e-01	2.128287e+00	8.205364e-01	1.042003e+00	7.622591e+01	1.397698e+02	2.616369e-01	1.072148e-01	-2.415535e-14	
3  104.533	2.352609e+00	1.320959e-01	7.637131e-01	3.025675e+00	9.907195e-01	6.199487e-02	1.006885e+00	3.265449e-01	3.467623e+00	1.002876e+00	8.455812e+00	7.320007e-01	2.458729e-01	2.061018e+00	8.200857e-01	1.043311e+00	7.635760e+01	1.383564e+02	2.678971e-01	1.187946e-01	5.238912e-14	
5  103.378	2.325881e+00	1.295027e-01	7.503882e-01	3.035101e+00	9.850736e-01	6.201193e-02	8.453820e-01	3.257282e-01	3.776478e+00	1.005550e+00	8.465805e+00	7.274727e-01	2.457645e-01	2.080283e+00	8.187276e-01	1.042953e+00	7.503445e+01	1.398972e+02	2.723920e-01	1.018853e-01	-1.330670e-13	
3  103.431	2.336457e+00	1.297465e-01	7.522030e-01	3.042771e+00	9.823700e-01	6.718245e-02	8.484448e-01	2.938011e-01	4.170378e+00	1.003505e+00	8.934726e+00	7.282178e-01	2.458076e-01	2.096127e+00	8.215590e-01	1.043312e+00	7.521355e+01	1.397120e+02	2.717191e-01	1.021541e-01	4.879347e-14	
3  103.673	2.348174e+00	1.291700e-01	7.511618e-01	3.028729e+00	9.834927e-01	6.154807e-02	8.118331e-01	1.976295e-01	4.205976e+00	1.001702e+00	8.355804e+00	7.283099e-01	2.458575e-01	2.066996e+00	8.148926e-01	1.043307e+00	7.511053e+01	1.398929e+02	2.715783e-01	9.810966e-02	3.126672e-14	
2  103.975	2.332855e+00	1.308180e-01	7.494708e-01	3.006934e+00	9.797562e-01	5.644794e-02	8.697954e-01	1.934839e-01	3.506688e+00	9.963868e-01	7.927189e+00	7.244383e-01	2.457996e-01	2.022223e+00	8.088044e-01	1.043028e+00	7.495710e+01	1.394313e+02	2.753145e-01	1.043787e-01	1.168441e-13	
1  103.498	2.332855e+00	1.308180e-01	7.494708e-01	3.006934e+00	9.797562e-01	5.644794e-02	8.697954e-01	1.934839e-01	3.506688e+00	9.957489e-01	7.927189e+00	7.244383e-01	2.457996e-01	2.022223e+00	8.088044e-01	1.043028e+00	7.495710e+01	1.394313e+02	2.753145e-01	1.043787e-01	1.168441e-13	
1  103.139	2.313320e+00	1.264647e-01	7.332813e-01	3.015935e+00	9.739944e-01	5.950135e-02	6.303807e-01	2.034844e-01	3.514255e+00	9.949780e-01	8.188794e+00	7.206252e-01	2.457171e-01	2.040802e+00	8.033897e-01	1.042449e+00	7.333671e+01	1.416833e+02	2.791792e-01	7.785950e-02	-2.515056e-14	
2  102.928	2.326304e+00	1.278390e-01	7.496546e-01	3.029232e+00	9.792817e-01	6.552594e-02	7.957867e-01	2.871670e-01	3.607707e+00	9.988274e-01	8.769148e+00	7.299330e-01	2.457697e-01	2.067848e+00	8.099375e-01	1.042678e+00	7.496211e+01	1.404914e+02	2.699744e-01	9.634408e-02	8.411146e-14	
2  104.696	2.300703e+00	1.257303e-01	7.401983e-01	2.988824e+00	9.858062e-01	5.012360e-02	6.821148e-01	4.015891e-01	3.503127e+00	9.949186e-01	7.288926e+00	7.270610e-01	2.456674e-01	1.985786e+00	7.928832e-01	1.042304e+00	7.403624e+01	1.417698e+02	2.724784e-01	8.397257e-02	-5.128536e-13	
2  104.069	2.302644e+00	1.231366e-01	7.351302e-01	3.026139e+00	9.889652e-01	6.341045e-02	5.643100e-01	2.512324e-01	3.106737e+00	9.995596e-01	8.536720e+00	7.281641e-01	2.456692e-01	2.061870e+00	8.031469e-01	1.042022e+00	7.350639e+01	1.429062e+02	2.717179e-01	7.036211e-02	-2.857546e-13	
5  105.395	2.289315e+00	1.198159e-01	7.160087e-01	3.076168e+00	9.862465e-01	8.399340e-02	3.315956e-01	1.996849e-01	2.642020e+00	1.000772e+00	1.035901e+01	7.203472e-01	2.456069e-01	2.167450e+00	8.176717e-01	1.041264e+00	7.160036e+01	1.449543e+02	2.797628e-01	4.288609e-02	5.938474e-15	
3  103.859	2.287177e+00	1.213975e-01	7.161269e-01	3.102125e+00	9.785502e-01	9.114649e-02	3.724842e-01	6.295237e-01	2.068996e+00	1.004610e+00	1.102520e+01	7.174163e-01	2.455971e-01	2.224410e+00	8.306668e-01	1.041624e+00	7.162529e+01	1.443804e+02	2.826582e-01	4.782869e-02	-5.232209e-14	
2  103.145	2.274559e+00	1.244971e-01	7.075052e-01	3.081226e+00	9.712400e-01	7.817979e-02	4.129120e-01	6.121783e-01	2.202641e+00	1.004531e+00	9.998003e+00	7.046743e-01	2.455396e-01	2.178114e+00	8.293659e-01	1.041335e+00	7.076530e+01	1.435480e+02	2.953709e-01	5.267065e-02	-2.107855e-13	
1  103.314	2.286084e+00	1.274542e-01	7.122175e-01	3.076690e+00	9.636388e-01	6.873524e-02	5.161813e-01	5.356730e-01	2.625753e+00	1.009715e+00	9.159612e+00	7.024611e-01	2.455894e-01	2.168361e+00	8.318214e-01	1.041922e+00	7.123670e+01	1.422204e+02	2.974697e-01	6.477250e-02	-6.685377e-13	
2  104.459	2.246927e+00	1.247758e-01	6.850340e-01	3.058895e+00	9.550811e-01	5.358996e-02	2.546842e-01	1.927162e-01	4.047367e+00	1.011407e+00	7.738806e+00	6.853048e-01	2.454050e-01	2.132360e+00	8.209686e-01	1.041139e+00	6.855010e+01	1.444623e+02	3.143168e-01	3.295960e-02	-2.039423e-12	
2  104.526	2.322320e+00	1.327756e-01	7.337466e-01	3.028243e+00	9.696475e-01	5.098755e-02	8.480216e-01	4.850854e-01	4.285850e+00	1.007495e+00	7.424985e+00	7.091417e-01	2.457516e-01	2.065300e+00	8.196048e-01	1.041515e+00	7.339683e+01	1.391712e+02	2.904180e-01	1.024097e-01	-9.981085e-13	
1  105.54	2.302637e+00	1.348747e-01	7.329282e-01	3.078830e+00	9.669636e-01	7.566783e-02	9.246245e-01	3.990104e-01	4.965097e+00	1.008140e+00	9.908390e+00	7.048029e-01	2.456624e-01	2.171205e+00	8.449991e-01	1.041427e+00	7.331319e+01	1.385657e+02	2.951787e-01	1.106046e-01	-3.748888e-13	
5  105.975	2.317207e+00	1.279465e-01	7.516231e-01	3.035088e+00	9.853353e-01	6.601328e-02	8.627531e-01	8.063182e-01	4.275818e+00	1.003943e+00	8.849989e+00	7.311683e-01	2.457285e-01	2.079984e+00	8.119612e-01	1.041412e+00	7.515577e+01	1.402842e+02	2.687948e-01	1.037033e-01	-3.126288e-13	
2  105.311	2.330530e+00	1.273649e-01	7.387310e-01	3.036371e+00	9.869256e-01	6.141100e-02	7.208698e-01	7.741873e-01	3.984295e+00	1.005257e+00	8.362480e+00	7.225850e-01	2.457840e-01	2.083274e+00	8.148162e-01	1.041429e+00	7.387655e+01	1.409097e+02	2.773231e-01	8.832908e-02	-6.156504e-13	
5  104.503	2.338563e+00	1.328168e-01	7.368768e-01	3.064447e+00	9.788574e-01	7.293407e-02	8.549825e-01	8.192072e-01	4.842311e+00	1.004449e+00	9.523145e+00	7.110738e-01	2.458156e-01	2.141316e+00	8.378304e-01	1.041761e+00	7.368591e+01	1.389782e+02	2.889721e-01	1.029245e-01	-1.425409e-14	
1  105.629	2.316125e+00	1.251151e-01	7.206277e-01	3.090748e+00	9.886213e-01	7.983006e-02	4.885675e-01	5.581544e-01	4.331037e+00	1.009455e+00	1.005098e+01	7.129644e-01	2.457229e-01	2.199601e+00	8.382903e-01	1.042075e+00	7.208683e+01	1.426166e+02	2.870350e-01	6.203337e-02	-6.734494e-13	
2  107.388	2.264618e+00	1.301603e-01	6.856147e-01	3.106942e+00	9.713481e-01	8.007139e-02	4.052919e-01	3.742051e-01	4.849990e+00	1.008813e+00	1.032526e+01	6.736969e-01	2.454893e-01	2.234176e+00	8.594193e-01	1.041151e+00	6.862579e+01	1.423078e+02	3.263209e-01	5.246658e-02	-3.413770e-13	
1  105.158	2.264473e+00	1.272659e-01	6.913162e-01	3.097177e+00	9.753656e-01	8.348011e-02	3.638755e-01	1.759129e-01	4.998360e+00	1.003510e+00	1.055878e+01	6.851701e-01	2.454917e-01	2.212952e+00	8.487000e-01	1.041362e+00	6.916910e+01	1.432060e+02	3.148785e-01	4.722105e-02	-2.293923e-14	
7  106.279	2.264473e+00	1.272659e-01	6.913162e-01	3.097177e+00	9.753656e-01	8.348011e-02	3.638755e-01	1.759129e-01	4.998360e+00	1.004782e+00	1.055878e+01	6.851701e-01	2.454917e-01	2.212952e+00	8.487000e-01	1.041362e+00	6.916910e+01	1.432060e+02	3.148785e-01	4.722105e-02	-2.293923e-14	
2  105.183	2.258160e+00	1.242636e-01	6.862367e-01	3.130564e+00	9.695095e-01	9.915347e-02	2.091411e-01	5.775309e-01	4.496452e+00	1.003671e+00	1.187488e+01	6.867734e-01	2.454622e-01	2.289457e+00	8.562021e-01	1.042217e+00	6.866987e+01	1.447442e+02	3.131326e-01	2.746733e-02	1.095932e-13	
5  105.332	2.280371e+00	1.197925e-01	6.923654e-01	3.131350e+00	9.649710e-01	1.000706e-01	1.186420e-01	9.860670e-01	3.902338e+00	1.004338e+00	1.177341e+01	7.012641e-01	2.455606e-01	2.291987e+00	8.408778e-01	1.041883e+00	6.926857e+01	1.460961e+02	2.987652e-01	1.539576e-02	-8.357801e-14	
2  106.312	2.269386e+00	1.240099e-01	7.023304e-01	3.107301e+00	9.579673e-01	9.197140e-02	3.145951e-01	7.491289e-01	4.335362e+00	1.001163e+00	1.121158e+01	7.012986e-01	2.455146e-01	2.237377e+00	8.384578e-01	1.042770e+00	7.024538e+01	1.442026e+02	2.985137e-01	4.020289e-02	-4.041702e-13	
2  106.325	2.283641e+00	1.265871e-01	7.243325e-01	3.109609e+00	9.646171e-01	9.198657e-02	5.621292e-01	5.808925e-01	4.209762e+00	1.006678e+00	1.123370e+01	7.138523e-01	2.455809e-01	2.241529e+00	8.428413e-01	1.043060e+00	7.245258e+01	1.422627e+02	2.860254e-01	7.025266e-02	-3.188595e-13	
2  106.282	2.304250e+00	1.240162e-01	7.388153e-01	3.112712e+00	9.739959e-01	1.023725e-01	5.935073e-01	6.238768e-01	4.788571e+00	1.002586e+00	1.197539e+01	7.294301e-01	2.456721e-01	2.248904e+00	8.364397e-01	1.042947e+00	7.388910e+01	1.425372e+02	2.705159e-01	7.383347e-02	-1.158092e-13	
1  105.38	2.304250e+00	1.240162e-01	7.388153e-01	3.112712e+00	9.739959e-01	1.023725e-01	5.935073e-01	6.238768e-01	4.788571e+00	1.001439e+00	1.197539e+01	7.294301e-01	2.456721e-01	2.248904e+00	8.364397e-01	1.042947e+00	7.388910e+01	1.425372e+02	2.705159e-01	7.383347e-02	-1.158092e-13	
3  104.958	2.343793e+00	1.243981e-01	7.470155e-01	3.125793e+00	9.797718e-01	1.049824e-01	6.539824e-01	9.633650e-01	4.258722e+00	1.005980e+00	1.208614e+01	7.338612e-01	2.458336e-01	2.277736e+00	8.415174e-01	1.042568e+00	7.471697e+01	1.417509e+02	2.661311e-01	8.081351e-02	-2.161872e-13	
8  107.053	2.393651e+00	1.240828e-01	7.764885e-01	3.152855e+00	9.938518e-01	1.263939e-01	8.460088e-01	8.627184e-01	4.395355e+00	1.004493e+00	1.356507e+01	7.533913e-01	2.460222e-01	2.336986e+00	8.485669e-01	1.042790e+00	7.763129e+01	1.404268e+02	2.468258e-01	1.021224e-01	-1.288537e-13	
8  107.04	2.368299e+00	1.221772e-01	7.480068e-01	3.134124e+00	9.818244e-01	1.030864e-01	5.527473e-01	6.498354e-01	4.932045e+00	1.010515e+00	1.181597e+01	7.380538e-01	2.459316e-01	2.296693e+00	8.403171e-01	1.043242e+00	7.483068e+01	1.424987e+02	2.617523e-01	6.913226e-02	-2.298135e-13	
2  106.551	2.368299e+00	1.221772e-01	7.480068e-01	3.134124e+00	9.818244e-01	1.030864e-01	5.527473e-01	6.498354e-01	4.932045e+00	1.009206e+00	1.181597e+01	7.380538e-01	2.459316e-01	2.296693e+00	8.403171e-01	1.043242e+00	7.483068e+01	1.424987e+02	2.617523e-01	6.913226e-02	-2.298135e-13	
2  105.784	2.360290e+00	1.200141e-01	7.362987e-01	3.124058e+00	9.819513e-01	9.867927e-02	4.181860e-01	6.339823e-01	4.626945e+00	1.007631e+00	1.142134e+01	7.337805e-01	2.459021e-01	2.274058e+00	8.319966e-01	1.042402e+00	7.365511e+01	1.437439e+02	2.661031e-01	5.316305e-02	-5.084660e-15	
3  104.828	2.355134e+00	1.221513e-01	7.346151e-01	3.116175e+00	9.823854e-01	9.389598e-02	4.583295e-01	8.323446e-01	4.541060e+00	1.007295e+00	1.109142e+01	7.286626e-01	2.458831e-01	2.256194e+00	8.361965e-01	1.042953e+00	7.348409e+01	1.430751e+02	2.711821e-01	5.805827e-02	-1.357448e-13	
1  105.804	2.371798e+00	1.287299e-01	7.343826e-01	3.117638e+00	9.752187e-01	9.671404e-02	6.504854e-01	9.546347e-01	4.206886e+00	1.002778e+00	1.143383e+01	7.157679e-01	2.459508e-01	2.259067e+00	8.508865e-01	1.042733e+00	7.344397e+01	1.404534e+02	2.840807e-01	8.029862e-02	2.743713e-14	
6  104.919	2.374791e+00	1.287760e-01	7.376977e-01	3.089187e+00	9.774418e-01	8.396424e-02	6.777363e-01	9.511689e-01	4.540952e+00	1.002361e+00	1.033129e+01	7.183452e-01	2.459629e-01	2.195506e+00	8.388789e-01	1.042750e+00	7.376759e+01	1.402930e+02	2.815675e-01	8.330899e-02	4.084649e-14	
6  104.954	2.352521e+00	1.253938e-01	7.312322e-01	3.072775e+00	9.849555e-01	6.890521e-02	5.299084e-01	7.710112e-01	4.650973e+00	1.009382e+00	8.957577e+00	7.200906e-01	2.458743e-01	2.160633e+00	8.284576e-01	1.043009e+00	7.312932e+01	1.419834e+02	2.797738e-01	6.639250e-02	-3.735886e-13	
12  105.155	2.352521e+00	1.253938e-01	7.312322e-01	3.072775e+00	9.849555e-01	6.890521e-02	5.299084e-01	7.710112e-01	4.650973e+00	1.010106e+00	8.957577e+00	7.200906e-01	2.458743e-01	2.160633e+00	8.284576e-01	1.043009e+00	7.312932e+01	1.419834e+02	2.797738e-01	6.639250e-02	-3.735886e-13	
6  104.979	2.321813e+00	1.242468e-01	7.252563e-01	3.054144e+00	9.871327e-01	5.841451e-02	4.690765e-01	7.686479e-01	4.206907e+00	1.011687e+00	8.011176e+00	7.181923e-01	2.457468e-01	2.121269e+00	8.205317e-01	1.042995e+00	7.253675e+01	1.428630e+02	2.815355e-01	5.940305e-02	-9.293453e-13	
2  104.15	2.313009e+00	1.242076e-01	7.283578e-01	3.055654e+00	9.874566e-01	6.150255e-02	5.063628e-01	6.243779e-01	3.608303e+00	1.010920e+00	8.338904e+00	7.208469e-01	2.457090e-01	2.124340e+00	8.202862e-01	1.042837e+00	7.284531e+01	1.427940e+02	2.789406e-01	6.383081e-02	-8.441018e-13	
3  103.91	2.313009e+00	1.242076e-01	7.283578e-01	3.055654e+00	9.874566e-01	6.150255e-02	5.063628e-01	6.243779e-01	3.608303e+00	1.009528e+00	8.338904e+00	7.208469e-01	2.457090e-01	2.124340e+00	8.202862e-01	1.042837e+00	7.284531e+01	1.427940e+02	2.789406e-01	6.383081e-02	-8.441018e-13	
1  103.671	2.298275e+00	1.285505e-01	7.410342e-01	3.011466e+00	9.883031e-01	4.976957e-02	7.622545e-01	6.686787e-01	3.964388e+00	1.003155e+00	7.295279e+00	7.225657e-01	2.456500e-01	2.031496e+00	8.103550e-01	1.042831e+00	7.411234e+01	1.407732e+02	2.769532e-01	9.311553e-02	-8.090336e-13	
5  103.272	2.286347e+00	1.328176e-01	7.312052e-01	3.000253e+00	9.766415e-01	3.979588e-02	8.249479e-01	6.625812e-01	4.502578e+00	1.003675e+00	6.319317e+00	7.072642e-01	2.456005e-01	2.006906e+00	8.135762e-01	1.042601e+00	7.316306e+01	1.396129e+02	2.917694e-01	1.004905e-01	-1.237771e-12	
1  103.681	2.270822e+00	1.310548e-01	7.148238e-01	2.984995e+00	9.687701e-01	2.954464e-02	6.344579e-01	7.654668e-01	4.521519e+00	1.002125e+00	5.169751e+00	6.972868e-01	2.455360e-01	1.973293e+00	8.048714e-01	1.042851e+00	7.156388e+01	1.409262e+02	3.013649e-01	7.994480e-02	-2.190627e-12	
3  104.063	2.270822e+00	1.310548e-01	7.148238e-01	2.984995e+00	9.687701e-01	2.954464e-02	6.344579e-01	7.654668e-01	4.521519e+00	1.003988e+00	5.169751e+00	6.972868e-01	2.455360e-01	1.973293e+00	8.048714e-01	1.042851e+00	7.156388e+01	1.409262e+02	3.013649e-01	7.994480e-02	-2.190627e-12	
2  104.569	2.282338e+00	1.312398e-01	7.108096e-01	2.975913e+00	9.705870e-01	2.505633e-02	6.065176e-01	7.636168e-01	3.929155e+00	1.003002e+00	4.638834e+00	6.932262e-01	2.455903e-01	1.952982e+00	8.022152e-01	1.042488e+00	7.118427e+01	1.408623e+02	3.051890e-01	7.713836e-02	-2.678578e-12	
3  105.194	2.294253e+00	1.248506e-01	7.080518e-01	2.982493e+00	9.664823e-01	2.548590e-02	3.609898e-01	8.976002e-01	2.630817e+00	1.004506e+00	4.577708e+00	7.033458e-01	2.456441e-01	1.966566e+00	7.906510e-01	1.043133e+00	7.086351e+01	1.433130e+02	2.956400e-01	4.820976e-02	-2.747797e-12	
2  105.762	2.311674e+00	1.267193e-01	7.273054e-01	2.974869e+00	9.714499e-01	2.344068e-02	5.676332e-01	7.614506e-01	2.801523e+00	1.006797e+00	4.345876e+00	7.147833e-01	2.457228e-01	1.949765e+00	7.886906e-01	1.043196e+00	7.277632e+01	1.417301e+02	2.840141e-01	7.288659e-02	-2.661227e-12	
2  105.402	2.311674e+00	1.267193e-01	7.273054e-01	2.974869e+00	9.714499e-01	2.344068e-02	5.676332e-01	7.614506e-01	2.801523e+00	1.005587e+00	4.345876e+00	7.147833e-01	2.457228e-01	1.949765e+00	7.886906e-01	1.043196e+00	7.277632e+01	1.417301e+02	2.840141e-01	7.288659e-02	-2.661227e-12	
2  103.941	2.315459e+00	1.266113e-01	7.402627e-01	2.973142e+00	9.771321e-01	3.086164e-02	6.824170e-01	5.536342e-01	3.751229e+00	1.001925e+00	5.198119e+00	7.249854e-01	2.457367e-01	1.950175e+00	7.861726e-01	1.042846e+00	7.405781e+01	1.412945e+02	2.739930e-01	8.547072e-02	-1.877560e-12	
2  103.897	2.322541e+00	1.308196e-01	7.378666e-01	2.983372e+00	9.699064e-01	3.082375e-02	7.846938e-01	6.364324e-01	3.816652e+00	1.004179e+00	5.215098e+00	7.155263e-01	2.457646e-01	1.970168e+00	7.979524e-01	1.042850e+00	7.383150e+01	1.397932e+02	2.833492e-01	9.672464e-02	-1.824619e-12	
1  103.801	2.329759e+00	1.222638e-01	7.516963e-01	3.010254e+00	9.851425e-01	5.116817e-02	6.248839e-01	7.871440e-01	3.688941e+00	1.003460e+00	7.258072e+00	7.410644e-01	2.457843e-01	2.029224e+00	7.903274e-01	1.043017e+00	7.516132e+01	1.425326e+02	2.586657e-01	7.764248e-02	-4.341911e-13	
2  104.843	2.285786e+00	1.199089e-01	7.155379e-01	2.973098e+00	9.812385e-01	2.638650e-02	2.933035e-01	8.817003e-01	3.695607e+00	1.003290e+00	4.663826e+00	7.188741e-01	2.456061e-01	1.948342e+00	7.772985e-01	1.042676e+00	7.158231e+01	1.449745e+02	2.800585e-01	4.005358e-02	-3.222613e-12	
5  106.343	2.314017e+00	1.259585e-01	7.327631e-01	2.969259e+00	9.812400e-01	2.006780e-02	5.950278e-01	9.776438e-01	3.739011e+00	1.008655e+00	3.952193e+00	7.199603e-01	2.457318e-01	1.936231e+00	7.859752e-01	1.043005e+00	7.331324e+01	1.417462e+02	2.785065e-01	7.630573e-02	-3.400042e-12	
2  104.924	2.345886e+00	1.271871e-01	7.625155e-01	3.024711e+00	9.893718e-01	5.224352e-02	8.659190e-01	9.755861e-01	3.591301e+00	1.010772e+00	7.422153e+00	7.395853e-01	2.458446e-01	2.059011e+00	8.063784e-01	1.042754e+00	7.624917e+01	1.401382e+02	2.600161e-01	1.044248e-01	-8.053471e-13	
1  103.545	2.314371e+00	1.222514e-01	7.307573e-01	3.061568e+00	9.825638e-01	6.691838e-02	4.899263e-01	6.834367e-01	4.089923e+00	1.009180e+00	8.819997e+00	7.263904e-01	2.457130e-01	2.136815e+00	8.138694e-01	1.041996e+00	7.308188e+01	1.433285e+02	2.735204e-01	6.184037e-02	-6.036693e-13	
1  103.095	2.328872e+00	1.264095e-01	7.454813e-01	3.056539e+00	9.840226e-01	6.727078e-02	7.210559e-01	8.799538e-01	2.541156e+00	1.008273e+00	8.901405e+00	7.293372e-01	2.457747e-01	2.125403e+00	8.196597e-01	1.042399e+00	7.455109e+01	1.411270e+02	2.705961e-01	8.834259e-02	-4.160348e-13	
2  103.318	2.342632e+00	1.314601e-01	7.549057e-01	3.081440e+00	9.785329e-01	7.974594e-02	9.293669e-01	7.394642e-01	2.638919e+00	1.007703e+00	1.010854e+01	7.269196e-01	2.458279e-01	2.178125e+00	8.390281e-01	1.042977e+00	7.549549e+01	1.388958e+02	2.730593e-01	1.111238e-01	-1.994755e-13	
3  103.357	2.342632e+00	1.314601e-01	7.549057e-01	3.081440e+00	9.785329e-01	7.974594e-02	9.293669e-01	7.394642e-01	2.638919e+00	1.006368e+00	1.010854e+01	7.269196e-01	2.458279e-01	2.178125e+00	8.390281e-01	1.042977e+00	7.549549e+01	1.388958e+02	2.730593e-01	1.111238e-01	-1.994755e-13	
1  104.444	2.372890e+00	1.291447e-01	7.813199e-01	3.049991e+00	9.970205e-01	7.608845e-02	1.045468e+00	6.885637e-01	2.550066e+00	1.002006e+00	9.669694e+00	7.484811e-01	2.459469e-01	2.112027e+00	8.203891e-01	1.043421e+00	7.812504e+01	1.386360e+02	2.515081e-01	1.229241e-01	-1.990426e-13	
2  105.013	2.368469e+00	1.306508e-01	7.806931e-01	3.058184e+00	9.945652e-01	7.721952e-02	1.074254e+00	6.389281e-01	2.499690e+00	1.003653e+00	9.812527e+00	7.457376e-01	2.459272e-01	2.129418e+00	8.278641e-01	1.043963e+00	7.806679e+01	1.382077e+02	2.542648e-01	1.260234e-01	-1.411453e-13	
4  104.028	2.352706e+00	1.251593e-01	7.685115e-01	3.019581e+00	9.881427e-01	6.089075e-02	8.261110e-01	6.103650e-01	2.452395e+00	9.996677e-01	8.221831e+00	7.471179e-01	2.458752e-01	2.048253e+00	7.985028e-01	1.043463e+00	7.684634e+01	1.407157e+02	2.528201e-01	9.980157e-02	-3.821441e-14	
5  103.961	2.352706e+00	1.251593e-01	7.685115e-01	3.019581e+00	9.881427e-01	6.089075e-02	8.261110e-01	6.103650e-01	2.452395e+00	1.001194e+00	8.221831e+00	7.471179e-01	2.458752e-01	2.048253e+00	7.985028e-01	1.043463e+00	7.684634e+01	1.407157e+02	2.528201e-01	9.980157e-02	-3.821441e-14	
1  107.196	2.385961e+00	1.269703e-01	7.892110e-01	2.957279e+00	9.967711e-01	3.790995e-02	1.043135e+00	5.397117e-01	2.456181e+00	9.981921e-01	5.872554e+00	7.564752e-01	2.460155e-01	1.921586e+00	7.748675e-01	1.043100e+00	7.891315e+01	1.390168e+02	2.428071e-01	1.237278e-01	-1.064039e-12	
1  107.132	2.430219e+00	1.310954e-01	8.125823e-01	2.980732e+00	1.000932e+00	5.220946e-02	1.320680e+00	5.145149e-01	2.596714e+00	9.984311e-01	7.328848e+00	7.636098e-01	2.461648e-01	1.970508e+00	7.899752e-01	1.043539e+00	8.122923e+01	1.365489e+02	2.361158e-01	1.504495e-01	-6.889108e-13	
2  105.183	2.372232e+00	1.312987e-01	7.769640e-01	2.982099e+00	9.894213e-01	4.994143e-02	1.071740e+00	3.711990e-01	2.436070e+00	9.942934e-01	7.212826e+00	7.420843e-01	2.459579e-01	1.972410e+00	7.967861e-01	1.043562e+00	7.770873e+01	1.380863e+02	2.575811e-01	1.257576e-01	-1.902316e-13	
2  105.034	2.386333e+00	1.327602e-01	7.846923e-01	3.002674e+00	9.865005e-01	6.198712e-02	1.185620e+00	5.128097e-01	2.029326e+00	9.937375e-01	8.399590e+00	7.445278e-01	2.460081e-01	2.013762e+00	8.045609e-01	1.043127e+00	7.846414e+01	1.371498e+02	2.553523e-01	1.369118e-01	-1.686383e-13	
2  103.554	2.331331e+00	1.264734e-01	7.539150e-01	2.988742e+00	9.836199e-01	4.776422e-02	7.816800e-01	4.257407e-01	2.365300e+00	9.968861e-01	6.991437e+00	7.351598e-01	2.457969e-01	1.985389e+00	7.908711e-01	1.042808e+00	7.540359e+01	1.408226e+02	2.644261e-01	9.524006e-02	-4.470680e-13	
11  103.132	2.293671e+00	1.308716e-01	7.227344e-01	3.033830e+00	9.624701e-01	5.688979e-02	7.163228e-01	3.225360e-01	2.870227e+00	1.001869e+00	8.054074e+00	7.045694e-01	2.456300e-01	2.077265e+00	8.183511e-01	1.041586e+00	7.229167e+01	1.404609e+02	2.951464e-01	8.754072e-02	-5.257394e-13	
14  102.954	2.267964e+00	1.272916e-01	7.079447e-01	3.028254e+00	9.601125e-01	4.928419e-02	5.026384e-01	2.467169e-01	2.859610e+00	1.004506e+00	7.288070e+00	6.996920e-01	2.455143e-01	2.066658e+00	8.107815e-01	1.041500e+00	7.082375e+01	1.424924e+02	2.998201e-01	6.326184e-02	-1.417455e-12	
8  103.884	2.198328e+00	1.204438e-01	6.761680e-01	3.056952e+00	9.563750e-01	5.788556e-02	7.799801e-02	1.342872e-01	2.750973e+00	1.006359e+00	8.210748e+00	6.872203e-01	2.451712e-01	2.128516e+00	8.136539e-01	1.041420e+00	6.765133e+01	1.469669e+02	3.123381e-01	9.823270e-03	-1.072925e-12	
9  103.501	2.220561e+00	1.283343e-01	6.741003e-01	3.071944e+00	9.477368e-01	6.389308e-02	2.576768e-01	1.671384e-02	2.606989e+00	1.002834e+00	8.865736e+00	6.680151e-01	2.452787e-01	2.159031e+00	8.370259e-01	1.042095e+00	6.744798e+01	1.438797e+02	3.315325e-01	3.285337e-02	-5.167782e-13	
6  104.006	2.209316e+00	1.227514e-01	6.669911e-01	3.112882e+00	9.525848e-01	8.102155e-02	4.229800e-02	5.981296e-02	2.167973e+00	1.006448e+00	1.041178e+01	6.732903e-01	2.452219e-01	2.249546e+00	8.443178e-01	1.042003e+00	6.675515e+01	1.464457e+02	3.264250e-01	5.319331e-03	-2.948116e-13	
9  105.3	2.238713e+00	1.212513e-01	6.736898e-01	3.139485e+00	9.563931e-01	1.000727e-01	1.569261e-02	1.814976e-01	2.253359e+00	1.001442e+00	1.194720e+01	6.820424e-01	2.453672e-01	2.311215e+00	8.518702e-01	1.042571e+00	6.741029e+01	1.466812e+02	3.177535e-01	1.516402e-03	-3.647247e-14	
16  105.463	2.238713e+00	1.212513e-01	6.736898e-01	3.139485e+00	9.563931e-01	1.000727e-01	1.569261e-02	1.814976e-01	2.253359e+00	9.994587e-01	1.194720e+01	6.820424e-01	2.453672e-01	2.311215e+00	8.518702e-01	1.042571e+00	6.741029e+01	1.466812e+02	3.177535e-01	1.516402e-03	-3.647247e-14	
4  106.263	2.306908e+00	1.248777e-01	7.217615e-01	3.122862e+00	9.671140e-01	1.068158e-01	4.660426e-01	3.064702e-01	2.240735e+00	9.936492e-01	1.234941e+01	7.145149e-01	2.456837e-01	2.272224e+00	8.452666e-01	1.043137e+00	7.216330e+01	1.428919e+02	2.853584e-01	5.867280e-02	-1.338165e-13	
2  107.048	2.306908e+00	1.248777e-01	7.217615e-01	3.122862e+00	9.671140e-01	1.068158e-01	4.660426e-01	3.064702e-01	2.240735e+00	9.978206e-01	1.234941e+01	7.145149e-01	2.456837e-01	2.272224e+00	8.452666e-01	1.043137e+00	7.216330e+01	1.428919e+02	2.853584e-01	5.867280e-02	-1.338165e-13	
3  106.267	2.350671e+00	1.215614e-01	7.497480e-01	3.115315e+00	9.867086e-01	1.079606e-01	5.671721e-01	3.176742e-01	2.973460e+00	1.000523e+00	1.221607e+01	7.408063e-01	2.458637e-01	2.254094e+00	8.319659e-01	1.043088e+00	7.496705e+01	1.427636e+02	2.591473e-01	7.078330e-02	1.458976e-13	
3  105.902	2.293721e+00	1.174469e-01	7.185275e-01	3.104134e+00	9.813374e-01	9.898920e-02	2.246136e-01	5.579528e-01	2.694251e+00	9.992322e-01	1.155403e+01	7.268540e-01	2.456270e-01	2.229524e+00	8.234193e-01	1.042990e+00	7.184972e+01	1.460459e+02	2.730891e-01	2.919669e-02	1.587961e-13	
3  104.997	2.277108e+00	1.254968e-01	7.121756e-01	3.097369e+00	9.817145e-01	9.093251e-02	4.389627e-01	6.130465e-01	2.307969e+00	1.001648e+00	1.112741e+01	7.062418e-01	2.455547e-01	2.213982e+00	8.436758e-01	1.042762e+00	7.122282e+01	1.431484e+02	2.937227e-01	5.597027e-02	1.369957e-13	
6  105.346	2.285801e+00	1.320960e-01	7.361410e-01	3.074925e+00	9.791037e-01	7.584388e-02	8.270703e-01	7.066321e-01	2.140144e+00	1.008539e+00	9.912577e+00	7.126185e-01	2.455900e-01	2.164116e+00	8.440850e-01	1.043206e+00	7.362209e+01	1.397625e+02	2.873326e-01	1.002901e-01	6.281583e-14	
1  107.342	2.264928e+00	1.341275e-01	7.058684e-01	3.088030e+00	9.753009e-01	7.726395e-02	6.578070e-01	3.420700e-01	2.002307e+00	1.006730e+00	1.013334e+01	6.837401e-01	2.454948e-01	2.192246e+00	8.598403e-01	1.042584e+00	7.059267e+01	1.402372e+02	3.161883e-01	8.159729e-02	4.353544e-13	
1  106.531	2.234731e+00	1.321225e-01	6.954170e-01	3.106842e+00	9.664774e-01	8.361296e-02	5.347872e-01	1.623319e-01	2.567141e+00	1.008058e+00	1.075906e+01	6.790023e-01	2.453541e-01	2.234017e+00	8.626432e-01	1.042464e+00	6.957845e+01	1.415548e+02	3.207577e-01	6.752362e-02	1.685681e-13	
10  104.431	2.255115e+00	1.230179e-01	6.867391e-01	3.082328e+00	9.706684e-01	7.068376e-02	2.105211e-01	2.767940e-01	2.613962e+00	1.009572e+00	9.337227e+00	6.902208e-01	2.454456e-01	2.181381e+00	8.310220e-01	1.041122e+00	6.871413e+01	1.450727e+02	3.097677e-01	2.794880e-02	-7.304344e-13	
1  105.331	2.298850e+00	1.291266e-01	7.093648e-01	3.072459e+00	9.725943e-01	6.907717e-02	5.514377e-01	1.360259e-01	3.328398e+00	1.008802e+00	9.194187e+00	6.965691e-01	2.456472e-01	2.159019e+00	8.365856e-01	1.041261e+00	7.095673e+01	1.415513e+02	3.034446e-01	6.922154e-02	-4.704558e-13	
3  104.668	2.298850e+00	1.291266e-01	7.093648e-01	3.072459e+00	9.725943e-01	6.907717e-02	5.514377e-01	1.360259e-01	3.328398e+00	1.008055e+00	9.194187e+00	6.965691e-01	2.456472e-01	2.159019e+00	8.365856e-01	1.041261e+00	7.095673e+01	1.415513e+02	3.034446e-01	6.922154e-02	-4.704558e-13	
3  103.05	2.256114e+00	1.270204e-01	6.975206e-01	3.046132e+00	9.644664e-01	5.642782e-02	4.203335e-01	1.196872e-01	3.486934e+00	1.006386e+00	8.034103e+00	6.915758e-01	2.454548e-01	2.103919e+00	8.212689e-01	1.041256e+00	6.978609e+01	1.430827e+02	3.080998e-01	5.352114e-02	-1.101736e-12	
4  102.751	2.221571e+00	1.225740e-01	6.635372e-01	3.089314e+00	9.593318e-01	7.459927e-02	1.444258e-02	3.137835e-01	3.016988e+00	1.002974e+00	9.768959e+00	6.705372e-01	2.452782e-01	2.196850e+00	8.358196e-01	1.041437e+00	6.640719e+01	1.464913e+02	3.293014e-01	2.106685e-03	-5.325863e-14	
10  102.222	2.221571e+00	1.225740e-01	6.635372e-01	3.089314e+00	9.593318e-01	7.459927e-02	1.444258e-02	3.137835e-01	3.016988e+00	9.988476e-01	9.768959e+00	6.705372e-01	2.452782e-01	2.196850e+00	8.358196e-01	1.041437e+00	6.640719e+01	1.464913e+02	3.293014e-01	2.106685e-03	-5.325863e-14	
2  102.412	2.221571e+00	1.225740e-01	6.635372e-01	3.089314e+00	9.593318e-01	7.459927e-02	1.444258e-02	3.137835e-01	3.016988e+00	9.985682e-01	9.768959e+00	6.705372e-01	2.452782e-01	2.196850e+00	8.358196e-01	1.041437e+00	6.640719e+01	1.464913e+02	3.293014e-01	2.106685e-03	-5.325863e-14	
1  105.822	2.227396e+00	1.281280e-01	6.668683e-01	3.092714e+00	9.577499e-01	7.499479e-02	2.277455e-01	3.455133e-01	2.277334e+00	9.997861e-01	9.913588e+00	6.615115e-01	2.453085e-01	2.202847e+00	8.475788e-01	1.040578e+00	6.675656e+01	1.440064e+02	3.383958e-01	3.008278e-02	3.486833e-14	
6  104.62	2.251722e+00	1.253314e-01	6.759694e-01	3.104743e+00	9.623402e-01	8.065590e-02	1.939950e-01	5.773752e-01	2.145793e+00	1.001821e+00	1.030902e+01	6.756085e-01	2.454271e-01	2.230027e+00	8.457393e-01	1.040955e+00	6.765297e+01	1.445999e+02	3.244128e-01	2.579255e-02	-1.297224e-13	
7  103.69	2.251419e+00	1.253931e-01	6.857224e-01	3.094897e+00	9.650297e-01	8.389866e-02	2.703079e-01	5.280007e-01	2.449162e+00	9.965926e-01	1.058737e+01	6.845103e-01	2.454302e-01	2.208216e+00	8.409978e-01	1.041332e+00	6.860146e+01	1.442386e+02	3.154589e-01	3.522307e-02	1.819510e-13	
6  104.3	2.249459e+00	1.255229e-01	6.760771e-01	3.099887e+00	9.597925e-01	8.211900e-02	1.986106e-01	8.297402e-01	2.125526e+00	9.978839e-01	1.044099e+01	6.754580e-01	2.454164e-01	2.219237e+00	8.435180e-01	1.041088e+00	6.765087e+01	1.445591e+02	3.245194e-01	2.615549e-02	1.101930e-13	
6  103.211	2.240715e+00	1.273134e-01	6.764192e-01	3.073932e+00	9.615734e-01	7.015413e-02	2.497594e-01	7.937634e-01	2.833165e+00	9.968524e-01	9.389863e+00	6.721367e-01	2.453752e-01	2.162234e+00	8.383074e-01	1.041492e+00	6.767953e+01	1.439675e+02	3.277071e-01	3.261970e-02	2.307239e-14	
3  104.354	2.213438e+00	1.258683e-01	6.584652e-01	3.056752e+00	9.625975e-01	5.510809e-02	9.312626e-02	6.086819e-01	3.079038e+00	1.000984e+00	7.975341e+00	6.584198e-01	2.452355e-01	2.126645e+00	8.311939e-01	1.040755e+00	6.594420e+01	1.453475e+02	3.411897e-01	1.317981e-02	-1.387103e-12	
3  104.091	2.263590e+00	1.289255e-01	6.890981e-01	3.062850e+00	9.679877e-01	6.030952e-02	3.935798e-01	4.669389e-01	2.894730e+00	1.003375e+00	8.426498e+00	6.798839e-01	2.454858e-01	2.138837e+00	8.360400e-01	1.041363e+00	6.895290e+01	1.426737e+02	3.199320e-01	5.061812e-02	-8.577854e-13	
1  104.101	2.266981e+00	1.234009e-01	6.985875e-01	3.084722e+00	9.783090e-01	7.191036e-02	2.948709e-01	7.020801e-01	2.429650e+00	1.006540e+00	9.424376e+00	6.992480e-01	2.455035e-01	2.186366e+00	8.336027e-01	1.041786e+00	6.989411e+01	1.444534e+02	3.007019e-01	3.866213e-02	-8.802679e-13	
1  107.148	2.280567e+00	1.243088e-01	7.095262e-01	3.109419e+00	9.860309e-01	8.589112e-02	4.099054e-01	7.370576e-01	2.647728e+00	1.007739e+00	1.067291e+01	7.061478e-01	2.455674e-01	2.240646e+00	8.458169e-01	1.041646e+00	7.100310e+01	1.435435e+02	2.939007e-01	5.310644e-02	-1.015550e-12	
1  106.385	2.279935e+00	1.260987e-01	7.073661e-01	3.101616e+00	9.834152e-01	8.497444e-02	4.502413e-01	8.264201e-01	2.491903e+00	1.004038e+00	1.062823e+01	7.008863e-01	2.455647e-01	2.222918e+00	8.465598e-01	1.041518e+00	7.077237e+01	1.429247e+02	2.992216e-01	5.782656e-02	-5.890798e-13	
4  106.842	2.257031e+00	1.239797e-01	6.957055e-01	3.103278e+00	9.832975e-01	7.968892e-02	2.967101e-01	7.533824e-01	2.989491e+00	1.008084e+00	1.017928e+01	6.955466e-01	2.454586e-01	2.227047e+00	8.454508e-01	1.041751e+00	6.963023e+01	1.444036e+02	3.044330e-01	3.935559e-02	-1.188647e-12	
9  106.751	2.262151e+00	1.202594e-01	7.019255e-01	3.096179e+00	9.909511e-01	8.167417e-02	2.192524e-01	9.554536e-01	2.507752e+00	1.005208e+00	1.024508e+01	7.083362e-01	2.454851e-01	2.211440e+00	8.344513e-01	1.042202e+00	7.023209e+01	1.456684e+02	2.916315e-01	2.946353e-02	-1.038797e-12	
10  105.949	2.262151e+00	1.202594e-01	7.019255e-01	3.096179e+00	9.909511e-01	8.167417e-02	2.192524e-01	9.554536e-01	2.507752e+00	1.007997e+00	1.024508e+01	7.083362e-01	2.454851e-01	2.211440e+00	8.344513e-01	1.042202e+00	7.023209e+01	1.456684e+02	2.916315e-01	2.946353e-02	-1.038797e-12	
4  105.885	2.262151e+00	1.202594e-01	7.019255e-01	3.096179e+00	9.909511e-01	8.167417e-02	2.192524e-01	9.554536e-01	2.507752e+00	1.007477e+00	1.024508e+01	7.083362e-01	2.454851e-01	2.211440e+00	8.344513e-01	1.042202e+00	7.023209e+01	1.456684e+02	2.916315e-01	2.946353e-02	-1.038797e-12	
4  105.634	2.286656e+00	1.173756e-01	7.194865e-01	3.106820e+00	9.916183e-01	8.831336e-02	2.368885e-01	7.341172e-01	2.861865e+00	1.008999e+00	1.068776e+01	7.277412e-01	2.455965e-01	2.235125e+00	8.275139e-01	1.042952e+00	7.198110e+01	1.460749e+02	2.721138e-01	3.123071e-02	-5.641822e-13	
3  107.18	2.359561e+00	1.148629e-01	7.293767e-01	3.103784e+00	9.902585e-01	8.698845e-02	2.035901e-01	6.864468e-01	2.709634e+00	1.008825e+00	1.030795e+01	7.383524e-01	2.459020e-01	2.228827e+00	8.133152e-01	1.042253e+00	7.296705e+01	1.460957e+02	2.614911e-01	2.680441e-02	1.842793e-13	
1  106.703	2.372019e+00	1.206413e-01	7.394650e-01	3.080413e+00	9.861933e-01	7.122041e-02	4.466769e-01	6.235668e-01	2.132400e+00	1.012561e+00	9.032681e+00	7.345787e-01	2.459518e-01	2.177469e+00	8.163042e-01	1.042674e+00	7.396152e+01	1.433196e+02	2.652187e-01	5.659565e-02	-1.961805e-13	
6  103.819	2.304427e+00	1.172738e-01	7.037060e-01	3.046277e+00	9.787176e-01	5.143691e-02	1.092742e-01	5.090132e-01	2.862434e+00	1.010341e+00	7.235505e+00	7.151774e-01	2.456721e-01	2.105803e+00	8.007241e-01	1.042195e+00	7.037858e+01	1.464824e+02	2.844889e-01	1.488969e-02	-1.199135e-12	
2  104.23	2.267763e+00	1.203916e-01	6.818221e-01	3.040614e+00	9.700139e-01	4.187845e-02	7.187620e-02	3.861130e-01	3.137297e+00	1.012535e+00	6.406901e+00	6.908347e-01	2.455063e-01	2.093495e+00	8.081500e-01	1.041348e+00	6.824126e+01	1.462007e+02	3.084981e-01	1.073901e-02	-3.196429e-12	
1  104.211	2.267763e+00	1.203916e-01	6.818221e-01	3.040614e+00	9.700139e-01	4.187845e-02	7.187620e-02	3.861130e-01	3.137297e+00	1.011947e+00	6.406901e+00	6.908347e-01	2.455063e-01	2.093495e+00	8.081500e-01	1.041348e+00	6.824126e+01	1.462007e+02	3.084981e-01	1.073901e-02	-3.196429e-12	
1  104.803	2.289626e+00	1.264683e-01	7.140088e-01	2.995761e+00	9.732377e-01	2.789988e-02	4.929217e-01	3.077369e-01	3.592339e+00	1.009253e+00	4.916770e+00	7.051051e-01	2.456206e-01	1.994668e+00	7.988732e-01	1.042180e+00	7.145515e+01	1.423994e+02	2.935486e-01	6.396224e-02	-3.659128e-12	
6  104.882	2.296361e+00	1.311115e-01	7.327534e-01	3.009784e+00	9.686180e-01	3.553151e-02	7.740161e-01	5.538684e-01	3.721832e+00	1.010770e+00	5.804892e+00	7.114376e-01	2.456447e-01	2.025302e+00	8.102759e-01	1.042734e+00	7.331222e+01	1.400479e+02	2.875267e-01	9.530357e-02	-2.162341e-12	
3  104.897	2.354247e+00	1.311616e-01	7.602228e-01	3.051741e+00	9.789399e-01	6.096988e-02	9.353291e-01	7.113586e-01	2.944616e+00	1.010329e+00	8.319356e+00	7.311259e-01	2.458744e-01	2.114875e+00	8.256367e-01	1.043643e+00	7.602066e+01	1.388263e+02	2.687439e-01	1.116474e-01	-2.514381e-13	
7  105.078	2.378500e+00	1.368365e-01	7.761131e-01	3.064076e+00	9.730018e-01	7.286973e-02	1.232332e+00	7.237309e-01	2.387816e+00	1.006239e+00	9.492821e+00	7.320959e-01	2.459658e-01	2.139851e+00	8.372503e-01	1.043474e+00	7.760026e+01	1.361064e+02	2.678812e-01	1.420132e-01	-3.092181e-13	
1  104.091	2.355007e+00	1.307589e-01	7.644611e-01	3.089158e+00	9.794151e-01	8.533219e-02	9.863267e-01	7.493636e-01	2.262395e+00	1.007159e+00	1.055539e+01	7.346936e-01	2.458758e-01	2.194858e+00	8.377616e-01	1.042773e+00	7.645749e+01	1.386881e+02	2.652984e-01	1.171848e-01	-2.731891e-13	
4  103.649	2.342632e+00	1.232639e-01	7.487017e-01	3.090391e+00	9.855833e-01	8.751662e-02	6.191834e-01	9.111866e-01	2.349268e+00	1.004085e+00	1.060614e+01	7.371314e-01	2.458311e-01	2.198400e+00	8.261625e-01	1.043054e+00	7.487941e+01	1.421882e+02	2.628083e-01	7.688469e-02	-7.199013e-14	
6  104.139	2.328841e+00	1.241546e-01	7.509923e-01	3.078832e+00	9.843945e-01	8.056705e-02	6.639516e-01	6.716124e-01	2.722166e+00	1.005632e+00	1.006102e+01	7.374320e-01	2.457738e-01	2.173108e+00	8.237619e-01	1.043519e+00	7.510748e+01	1.419119e+02	2.625228e-01	8.200021e-02	-6.425121e-14	
3  104.003	2.326412e+00	1.287931e-01	7.485955e-01	3.050890e+00	9.722057e-01	6.178588e-02	7.953861e-01	4.024614e-01	3.536451e+00	1.007910e+00	8.418956e+00	7.274541e-01	2.457640e-01	2.113140e+00	8.200352e-01	1.043335e+00	7.485848e+01	1.402485e+02	2.724632e-01	9.655359e-02	-2.319593e-13	
2  104.113	2.341354e+00	1.310249e-01	7.588369e-01	3.058831e+00	9.733864e-01	6.849344e-02	9.367425e-01	3.177201e-01	3.440629e+00	1.006732e+00	9.067003e+00	7.306082e-01	2.458237e-01	2.129527e+00	8.264655e-01	1.043443e+00	7.588215e+01	1.389754e+02	2.693685e-01	1.118250e-01	-1.369011e-13	
6  102.075	2.309853e+00	1.289542e-01	7.312537e-01	3.054380e+00	9.700290e-01	6.355027e-02	6.831259e-01	3.842765e-01	3.221394e+00	1.004962e+00	8.629960e+00	7.144390e-01	2.456958e-01	2.120534e+00	8.247097e-01	1.042722e+00	7.312599e+01	1.408802e+02	2.854460e-01	8.396800e-02	-2.988774e-13	
4  102.084	2.309853e+00	1.289542e-01	7.312537e-01	3.054380e+00	9.700290e-01	6.355027e-02	6.831259e-01	3.842765e-01	3.221394e+00	1.006118e+00	8.629960e+00	7.144390e-01	2.456958e-01	2.120534e+00	8.247097e-01	1.042722e+00	7.312599e+01	1.408802e+02	2.854460e-01	8.396800e-02	-2.988774e-13	
5  101.801	2.285264e+00	1.267780e-01	7.127575e-01	3.068699e+00	9.650291e-01	6.947661e-02	4.815886e-01	5.788288e-01	2.736011e+00	1.003950e+00	9.207835e+00	7.042620e-01	2.455875e-01	2.151213e+00	8.284303e-01	1.042572e+00	7.127815e+01	1.425564e+02	2.956482e-01	6.060184e-02	-2.677226e-13	
2  101.384	2.244460e+00	1.237912e-01	6.794387e-01	3.059648e+00	9.586537e-01	6.577520e-02	1.551323e-01	4.923613e-01	3.134913e+00	9.977913e-01	8.892232e+00	6.824699e-01	2.453934e-01	2.132799e+00	8.230559e-01	1.041957e+00	6.796584e+01	1.452538e+02	3.173194e-01	2.018647e-02	-2.589746e-13	
1  103.805	2.277480e+00	1.247369e-01	6.972125e-01	3.095064e+00	9.728534e-01	8.746383e-02	2.800396e-01	4.029812e-01	4.178714e+00	9.969427e-01	1.080715e+01	6.952536e-01	2.455522e-01	2.209223e+00	8.418264e-01	1.042988e+00	6.972747e+01	1.440818e+02	3.046105e-01	3.634487e-02	2.532862e-13	
1  103.241	2.287615e+00	1.234438e-01	7.169412e-01	3.068106e+00	9.747566e-01	8.361330e-02	4.064704e-01	4.992280e-01	4.366728e+00	9.929848e-01	1.041198e+01	7.141009e-01	2.456007e-01	2.150272e+00	8.225356e-01	1.042838e+00	7.169308e+01	1.437085e+02	2.857663e-01	5.171050e-02	1.441559e-13	
3  102.826	2.250872e+00	1.215338e-01	6.889802e-01	3.091376e+00	9.719012e-01	8.844034e-02	1.561824e-01	4.210913e-01	4.307525e+00	9.950159e-01	1.089203e+01	6.954049e-01	2.454288e-01	2.201247e+00	8.329496e-01	1.042240e+00	6.891491e+01	1.457757e+02	3.044823e-01	2.068144e-02	2.267551e-13	
5  102.302	2.257156e+00	1.240164e-01	6.917237e-01	3.078599e+00	9.712824e-01	7.851839e-02	2.374800e-01	4.585531e-01	3.563109e+00	9.976047e-01	1.004922e+01	6.924419e-01	2.454583e-01	2.172782e+00	8.336860e-01	1.042650e+00	6.918230e+01	1.446780e+02	3.074291e-01	3.101996e-02	1.538224e-13	
1  102.479	2.287965e+00	1.200561e-01	7.032390e-01	3.049891e+00	9.772064e-01	7.139796e-02	1.986366e-01	6.000370e-01	3.348661e+00	9.939824e-01	9.229753e+00	7.097691e-01	2.455982e-01	2.111491e+00	8.099619e-01	1.042403e+00	7.032491e+01	1.455404e+02	2.901998e-01	2.605222e-02	6.668455e-14	
2  102.647	2.270918e+00	1.259436e-01	6.913715e-01	3.023381e+00	9.722256e-01	5.156497e-02	2.854852e-01	5.752925e-01	3.027634e+00	9.962368e-01	7.458856e+00	6.880202e-01	2.455228e-01	2.056164e+00	8.155175e-01	1.042500e+00	6.917168e+01	1.438253e+02	3.116424e-01	3.719406e-02	-4.572492e-13	
1  102.212	2.267588e+00	1.247459e-01	6.996665e-01	3.025295e+00	9.745012e-01	5.862597e-02	3.390550e-01	7.427618e-01	2.215692e+00	9.937724e-01	8.166527e+00	6.977652e-01	2.455096e-01	2.059978e+00	8.114038e-01	1.041994e+00	6.998705e+01	1.439141e+02	3.020177e-01	4.360564e-02	-1.836378e-13	
4  103.938	2.266683e+00	1.176511e-01	6.909906e-01	2.982215e+00	9.777138e-01	3.378261e-02	5.502863e-02	6.133843e-01	2.299308e+00	9.968475e-01	5.490096e+00	7.042763e-01	2.455103e-01	1.970700e+00	7.792923e-01	1.041838e+00	6.915500e+01	1.469822e+02	2.949261e-01	9.265941e-03	-2.668432e-12	
2  104.899	2.287306e+00	1.193923e-01	7.088524e-01	2.997512e+00	9.887657e-01	4.228819e-02	2.425141e-01	6.961711e-01	2.853349e+00	1.000029e+00	6.385577e+00	7.151237e-01	2.456027e-01	2.003019e+00	7.884949e-01	1.041828e+00	7.091489e+01	1.454783e+02	2.842616e-01	3.265572e-02	-2.047408e-12	
4  102.753	2.274199e+00	1.243284e-01	7.162344e-01	3.027043e+00	9.845312e-01	5.381090e-02	4.557779e-01	7.321163e-01	2.891707e+00	1.003477e+00	7.680323e+00	7.118035e-01	2.455416e-01	2.063951e+00	8.105936e-01	1.042244e+00	7.163734e+01	1.434091e+02	2.878460e-01	5.799918e-02	-1.071765e-12	
1  103.521	2.236173e+00	1.263867e-01	6.934155e-01	3.057657e+00	9.726218e-01	5.547585e-02	3.576113e-01	3.773802e-01	3.475319e+00	1.010894e+00	7.973948e+00	6.891402e-01	2.453588e-01	2.128471e+00	8.299376e-01	1.042049e+00	6.939148e+01	1.437430e+02	3.104163e-01	4.634997e-02	-1.648324e-12	
2  102.764	2.237619e+00	1.275551e-01	6.934718e-01	3.078993e+00	9.717544e-01	7.201108e-02	3.889628e-01	4.601104e-01	3.504278e+00	1.004930e+00	9.587637e+00	6.868858e-01	2.453669e-01	2.173185e+00	8.417104e-01	1.042163e+00	6.938008e+01	1.432969e+02	3.129424e-01	5.004989e-02	-3.580594e-13	
3  102.73	2.277687e+00	1.232855e-01	7.049194e-01	3.108874e+00	9.747083e-01	8.539000e-02	3.191616e-01	7.714675e-01	2.839342e+00	1.008007e+00	1.060765e+01	7.046267e-01	2.455533e-01	2.239570e+00	8.415905e-01	1.042398e+00	7.052293e+01	1.442513e+02	2.953110e-01	4.144240e-02	-3.985424e-13	
2  102.148	2.276657e+00	1.235935e-01	7.074479e-01	3.100333e+00	9.737242e-01	8.486634e-02	3.462453e-01	7.653201e-01	2.741630e+00	1.004887e+00	1.056519e+01	7.061961e-01	2.455494e-01	2.220489e+00	8.381245e-01	1.042565e+00	7.076243e+01	1.440605e+02	2.937405e-01	4.464484e-02	-2.007801e-13	
4  103.637	2.256552e+00	1.260436e-01	6.869991e-01	3.106388e+00	9.654855e-01	7.567087e-02	2.729872e-01	9.008074e-01	2.735689e+00	1.011253e+00	9.858242e+00	6.837126e-01	2.454515e-01	2.233781e+00	8.485434e-01	1.042096e+00	6.875208e+01	1.439911e+02	3.161454e-01	3.573235e-02	-7.614073e-13	
8  103.042	2.284850e+00	1.257937e-01	7.070581e-01	3.097349e+00	9.752675e-01	7.788592e-02	4.054425e-01	7.857884e-01	3.663893e+00	1.009297e+00	9.972772e+00	7.012179e-01	2.455842e-01	2.213806e+00	8.427990e-01	1.042480e+00	7.073352e+01	1.431490e+02	2.987003e-01	5.199573e-02	-5.689018e-13	
2  103.019	2.251873e+00	1.303460e-01	6.896734e-01	3.079394e+00	9.652503e-01	6.808131e-02	4.378641e-01	8.821692e-01	4.092295e+00	1.006181e+00	9.230169e+00	6.775154e-01	2.454292e-01	2.173758e+00	8.461919e-01	1.041777e+00	6.900772e+01	1.422477e+02	3.223069e-01	5.587753e-02	-4.922722e-13	
8  102.653	2.262450e+00	1.253780e-01	7.060043e-01	3.107545e+00	9.725309e-01	8.995190e-02	3.997306e-01	8.865759e-01	3.171426e+00	1.003338e+00	1.109088e+01	7.016595e-01	2.454856e-01	2.236618e+00	8.458697e-01	1.042557e+00	7.062478e+01	1.435202e+02	2.982485e-01	5.122155e-02	-1.417626e-13	
1  103.231	2.261746e+00	1.251583e-01	7.153869e-01	3.044868e+00	9.851853e-01	6.390179e-02	4.751964e-01	9.594219e-01	3.374927e+00	1.002266e+00	8.710690e+00	7.097223e-01	2.454837e-01	2.100693e+00	8.211604e-01	1.042545e+00	7.154598e+01	1.432488e+02	2.901109e-01	6.018654e-02	-5.860254e-13	
1  102.598	2.238801e+00	1.240152e-01	7.003138e-01	3.071775e+00	9.711423e-01	6.910269e-02	3.507192e-01	6.994769e-01	3.570263e+00	1.006895e+00	9.248028e+00	7.001113e-01	2.453732e-01	2.158047e+00	8.274280e-01	1.041810e+00	7.006087e+01	1.443394e+02	2.997248e-01	4.520003e-02	-6.899182e-13	
2  102.652	2.212708e+00	1.220475e-01	6.835576e-01	3.040420e+00	9.654715e-01	6.107611e-02	1.829251e-01	9.333225e-01	2.648189e+00	9.974533e-01	8.498533e+00	6.902724e-01	2.452459e-01	2.091862e+00	8.114595e-01	1.041295e+00	6.838631e+01	1.459113e+02	3.093667e-01	2.384796e-02	-5.258111e-13	
4  102.552	2.216985e+00	1.223804e-01	6.832182e-01	3.023206e+00	9.708290e-01	5.369135e-02	1.818211e-01	8.035609e-01	3.022316e+00	9.964324e-01	7.760730e+00	6.890749e-01	2.452672e-01	2.056151e+00	8.073442e-01	1.041462e+00	6.836362e+01	1.457870e+02	3.104190e-01	2.409296e-02	-9.725262e-13	
3  101.789	2.237285e+00	1.209271e-01	6.833813e-01	3.061605e+00	9.744528e-01	6.855269e-02	1.184313e-01	7.469783e-01	3.397064e+00	9.999485e-01	9.121916e+00	6.919823e-01	2.453612e-01	2.136492e+00	8.204686e-01	1.041613e+00	6.836461e+01	1.462526e+02	3.079154e-01	1.603047e-02	-4.034732e-13	
4  101.55	2.282256e+00	1.228157e-01	6.996323e-01	3.060514e+00	9.771381e-01	6.745841e-02	2.623506e-01	4.961971e-01	3.711514e+00	1.001580e+00	8.939909e+00	7.012720e-01	2.455727e-01	2.134244e+00	8.219750e-01	1.042197e+00	6.997331e+01	1.445962e+02	2.986731e-01	3.422070e-02	-2.952326e-13	
4  102.475	2.282256e+00	1.228157e-01	6.996323e-01	3.060514e+00	9.771381e-01	6.745841e-02	2.623506e-01	4.961971e-01	3.711514e+00	1.003247e+00	8.939909e+00	7.012720e-01	2.455727e-01	2.134244e+00	8.219750e-01	1.042197e+00	6.997331e+01	1.445962e+02	2.986731e-01	3.422070e-02	-2.952326e-13	
2  103.775	2.284448e+00	1.236618e-01	7.030224e-01	3.083062e+00	9.808499e-01	8.111119e-02	3.252078e-01	7.287903e-01	3.328848e+00	1.002242e+00	1.020584e+01	7.022974e-01	2.455842e-01	2.182385e+00	8.333040e-01	1.041863e+00	7.031649e+01	1.440625e+02	2.977578e-01	4.225171e-02	-4.542360e-14	
1  104.959	2.285465e+00	1.203903e-01	6.957049e-01	3.076161e+00	9.855239e-01	7.521390e-02	1.587274e-01	6.063200e-01	3.699506e+00	1.003750e+00	9.593938e+00	7.026893e-01	2.455875e-01	2.167842e+00	8.254778e-01	1.041987e+00	6.959222e+01	1.456766e+02	2.973545e-01	2.144252e-02	-3.031235e-13	
3  103.888	2.246636e+00	1.230775e-01	6.989790e-01	3.077554e+00	9.789882e-01	8.154959e-02	2.913475e-01	2.292049e-01	4.050518e+00	9.996923e-01	1.033372e+01	7.007812e-01	2.454134e-01	2.170292e+00	8.311803e-01	1.042272e+00	6.990943e+01	1.447761e+02	2.991173e-01	3.794575e-02	2.795819e-15	
2  103.104	2.246636e+00	1.230775e-01	6.989790e-01	3.077554e+00	9.789882e-01	8.154959e-02	2.913475e-01	2.292049e-01	4.050518e+00	9.984514e-01	1.033372e+01	7.007812e-01	2.454134e-01	2.170292e+00	8.311803e-01	1.042272e+00	6.990943e+01	1.447761e+02	2.991173e-01	3.794575e-02	2.795819e-15	
3  102.077	2.273625e+00	1.206155e-01	7.014346e-01	3.062181e+00	9.771744e-01	7.506516e-02	2.128042e-01	3.143452e-01	4.458932e+00	9.968979e-01	9.617588e+00	7.074253e-01	2.455343e-01	2.137513e+00	8.170204e-01	1.042370e+00	7.014552e+01	1.454872e+02	2.925080e-01	2.786547e-02	1.753269e-14	
2  102.141	2.275812e+00	1.180279e-01	7.020619e-01	3.070645e+00	9.741694e-01	7.713924e-02	1.437395e-01	6.022538e-01	3.581270e+00	9.992546e-01	9.745603e+00	7.131193e-01	2.455426e-01	2.156158e+00	8.121000e-01	1.042124e+00	7.020427e+01	1.464632e+02	2.868665e-01	1.893021e-02	3.921351e-14	
2  102.264	2.277013e+00	1.230460e-01	7.136911e-01	3.077787e+00	9.707889e-01	8.194412e-02	3.881661e-01	4.839131e-01	4.080838e+00	9.992490e-01	1.028813e+01	7.125046e-01	2.455523e-01	2.171144e+00	8.244268e-01	1.042395e+00	7.137115e+01	1.440022e+02	2.874120e-01	4.947218e-02	2.024545e-14	
4  102.965	2.252736e+00	1.194059e-01	7.026749e-01	3.092818e+00	9.724914e-01	8.126742e-02	2.020961e-01	3.041584e-01	4.034054e+00	1.006151e+00	1.022086e+01	7.111925e-01	2.454393e-01	2.204349e+00	8.249782e-01	1.042369e+00	7.028152e+01	1.460781e+02	2.887125e-01	2.644323e-02	-1.869444e-13	
5  102.377	2.244486e+00	1.198838e-01	6.943040e-01	3.096208e+00	9.724870e-01	8.393246e-02	1.594969e-01	3.711221e-01	4.443754e+00	1.003849e+00	1.048931e+01	7.034522e-01	2.453995e-01	2.211834e+00	8.294661e-01	1.042121e+00	6.945406e+01	1.462535e+02	2.964516e-01	2.112309e-02	-1.901504e-13	
1  101.496	2.247671e+00	1.246899e-01	6.984649e-01	3.063270e+00	9.713501e-01	6.695256e-02	3.350651e-01	4.542457e-01	4.882233e+00	1.004032e+00	9.023712e+00	6.970739e-01	2.454140e-01	2.139844e+00	8.267834e-01	1.042259e+00	6.986736e+01	1.441540e+02	3.027257e-01	4.315357e-02	-4.661216e-13	
5  102.39	2.231591e+00	1.266237e-01	6.962896e-01	3.021405e+00	9.682711e-01	5.492538e-02	3.952633e-01	7.184957e-01	4.354267e+00	9.956789e-01	7.918574e+00	6.915963e-01	2.453427e-01	2.051950e+00	8.135387e-01	1.042023e+00	6.966875e+01	1.435730e+02	3.078752e-01	5.037267e-02	-4.033234e-13	
4  103.07	2.224530e+00	1.275734e-01	6.927116e-01	3.020564e+00	9.623125e-01	5.524337e-02	4.058565e-01	6.557986e-01	4.671435e+00	9.939511e-01	7.981339e+00	6.867793e-01	2.453091e-01	2.050296e+00	8.139066e-01	1.041785e+00	6.932249e+01	1.433656e+02	3.125981e-01	5.147803e-02	-2.969149e-13	
1  104.269	2.211913e+00	1.286795e-01	6.928200e-01	3.028326e+00	9.590877e-01	5.953301e-02	4.381146e-01	5.791674e-01	4.011237e+00	9.931447e-01	8.459904e+00	6.847311e-01	2.452507e-01	2.066189e+00	8.193629e-01	1.042187e+00	6.933126e+01	1.430842e+02	3.146118e-01	5.513200e-02	2.137881e-13	
4  103.545	2.258315e+00	1.322795e-01	7.154503e-01	3.047630e+00	9.593087e-01	6.548727e-02	6.893324e-01	3.641365e-01	3.705527e+00	9.985231e-01	8.994622e+00	6.962853e-01	2.454711e-01	2.105908e+00	8.305085e-01	1.042722e+00	7.156530e+01	1.406161e+02	3.033652e-01	8.442909e-02	2.769467e-13	
1  103.615	2.265935e+00	1.299763e-01	7.281465e-01	3.023497e+00	9.647392e-01	5.811515e-02	7.310859e-01	2.974536e-01	4.031413e+00	9.983019e-01	8.222943e+00	7.108337e-01	2.455116e-01	2.056016e+00	8.135661e-01	1.042532e+00	7.283835e+01	1.408935e+02	2.887856e-01	8.914986e-02	7.553658e-14	
2  105.858	2.253231e+00	1.376406e-01	7.304994e-01	2.988414e+00	9.688768e-01	3.560843e-02	9.872521e-01	4.856615e-01	4.124253e+00	1.002705e+00	5.991413e+00	6.980671e-01	2.454573e-01	1.982149e+00	8.171046e-01	1.042823e+00	7.313171e+01	1.381778e+02	3.005469e-01	1.179440e-01	-6.988246e-13	
5  105.426	2.244919e+00	1.353935e-01	7.240284e-01	2.996970e+00	9.715795e-01	3.872054e-02	8.680764e-01	7.774947e-01	3.713022e+00	1.003175e+00	6.325595e+00	6.971038e-01	2.454149e-01	2.000148e+00	8.186503e-01	1.042840e+00	7.247236e+01	1.392686e+02	3.017190e-01	1.051742e-01	-7.910449e-13	
1  104.259	2.268918e+00	1.339983e-01	7.249123e-01	3.017338e+00	9.738636e-01	4.323936e-02	8.124271e-01	6.525634e-01	3.723625e+00	1.007918e+00	6.742964e+00	7.002342e-01	2.455184e-01	2.042379e+00	8.244786e-01	1.042833e+00	7.253461e+01	1.395748e+02	2.989244e-01	9.902400e-02	-1.040861e-12	
7  104.144	2.310363e+00	1.380532e-01	7.337124e-01	3.045818e+00	9.744433e-01	5.897476e-02	9.814025e-01	7.689464e-01	2.696153e+00	1.006014e+00	8.340012e+00	6.992848e-01	2.456958e-01	2.101525e+00	8.429633e-01	1.042619e+00	7.336687e+01	1.375628e+02	3.005026e-01	1.164452e-01	2.446141e-13	
3  102.875	2.321443e+00	1.365502e-01	7.424098e-01	3.043802e+00	9.714263e-01	6.175371e-02	1.005701e+00	6.346591e-01	2.681695e+00	1.004267e+00	8.564384e+00	7.089425e-01	2.457450e-01	2.097203e+00	8.352325e-01	1.042577e+00	7.423777e+01	1.376794e+02	2.908875e-01	1.188547e-01	1.654934e-13	
1  102.829	2.320536e+00	1.331134e-01	7.422308e-01	3.067600e+00	9.764401e-01	7.669054e-02	8.841534e-01	5.713038e-01	2.738160e+00	1.002007e+00	9.918037e+00	7.149612e-01	2.457404e-01	2.148312e+00	8.402939e-01	1.043114e+00	7.421455e+01	1.389418e+02	2.849903e-01	1.061333e-01	2.689321e-13	
2  104.069	2.325460e+00	1.365360e-01	7.422879e-01	3.074508e+00	9.771015e-01	8.161258e-02	9.933230e-01	3.258553e-01	3.423538e+00	1.000216e+00	1.042000e+01	7.086173e-01	2.457606e-01	2.163163e+00	8.509386e-01	1.042816e+00	7.420994e+01	1.376717e+02	2.913427e-01	1.176800e-01	6.157898e-13	
1  104.295	2.329631e+00	1.328680e-01	7.244192e-01	3.096970e+00	9.700028e-01	8.786648e-02	7.276975e-01	7.223798e-01	2.439797e+00	1.000283e+00	1.088004e+01	7.010111e-01	2.457795e-01	2.212218e+00	8.532825e-01	1.042606e+00	7.243058e+01	1.395819e+02	2.988887e-01	8.902125e-02	4.116864e-13	
1  105.836	2.331785e+00	1.339499e-01	7.185826e-01	3.098150e+00	9.656140e-01	8.378345e-02	6.947841e-01	6.802116e-01	2.576621e+00	1.001909e+00	1.053465e+01	6.939660e-01	2.457878e-01	2.214562e+00	8.567894e-01	1.042973e+00	7.183991e+01	1.394529e+02	3.058681e-01	8.523659e-02	3.684165e-13	
4  106.406	2.319228e+00	1.352260e-01	7.177296e-01	3.113377e+00	9.710725e-01	9.474781e-02	7.528579e-01	7.811400e-01	2.459924e+00	1.000080e+00	1.155830e+01	6.907990e-01	2.457353e-01	2.248834e+00	8.678531e-01	1.042427e+00	7.176045e+01	1.390370e+02	3.091089e-01	9.192106e-02	8.970093e-13	
9  103.524	2.236808e+00	1.298867e-01	6.865534e-01	3.080990e+00	9.633439e-01	7.404241e-02	4.263714e-01	6.610113e-01	2.026055e+00	1.002355e+00	9.825699e+00	6.760750e-01	2.453618e-01	2.176655e+00	8.450729e-01	1.041226e+00	6.869395e+01	1.425713e+02	3.237961e-01	5.446151e-02	4.746559e-14	
3  103.406	2.236808e+00	1.298867e-01	6.865534e-01	3.080990e+00	9.633439e-01	7.404241e-02	4.263714e-01	6.610113e-01	2.026055e+00	1.001184e+00	9.825699e+00	6.760750e-01	2.453618e-01	2.176655e+00	8.450729e-01	1.041226e+00	6.869395e+01	1.425713e+02	3.237961e-01	5.446151e-02	4.746559e-14	
1  102.864	2.252044e+00	1.200129e-01	6.913908e-01	3.080706e+00	9.726660e-01	7.697828e-02	1.628572e-01	8.039541e-01	2.403987e+00	1.001959e+00	9.851230e+00	7.006588e-01	2.454322e-01	2.177700e+00	8.221828e-01	1.041079e+00	6.916190e+01	1.461073e+02	2.994032e-01	2.167888e-02	-2.705988e-13	
4  102.268	2.281242e+00	1.237001e-01	6.996274e-01	3.079157e+00	9.660809e-01	7.225870e-02	3.110944e-01	8.059094e-01	2.593930e+00	1.004387e+00	9.422533e+00	6.995909e-01	2.455661e-01	2.174271e+00	8.268800e-01	1.041466e+00	6.997906e+01	1.441411e+02	3.004317e-01	4.011450e-02	-4.604936e-13	
2  103.675	2.301257e+00	1.234082e-01	7.029794e-01	3.086994e+00	9.629383e-01	7.138552e-02	3.062119e-01	6.749099e-01	2.765103e+00	1.008084e+00	9.286512e+00	7.025428e-01	2.456539e-01	2.191761e+00	8.276702e-01	1.041757e+00	7.030948e+01	1.440149e+02	2.974720e-01	3.937298e-02	-6.531421e-13	
7  103.746	2.301257e+00	1.234082e-01	7.029794e-01	3.086994e+00	9.629383e-01	7.138552e-02	3.062119e-01	6.749099e-01	2.765103e+00	1.009064e+00	9.286512e+00	7.025428e-01	2.456539e-01	2.191761e+00	8.276702e-01	1.041757e+00	7.030948e+01	1.440149e+02	2.974720e-01	3.937298e-02	-6.531421e-13	
2  103.06	2.298295e+00	1.253451e-01	6.980309e-01	3.085932e+00	9.632682e-01	7.007219e-02	3.159455e-01	3.769447e-01	4.244128e+00	1.008151e+00	9.202366e+00	6.944689e-01	2.456413e-01	2.189241e+00	8.339967e-01	1.042051e+00	6.981848e+01	1.435273e+02	3.054637e-01	4.064503e-02	-6.162528e-13	
1  103.781	2.290834e+00	1.241150e-01	6.849309e-01	3.106439e+00	9.618894e-01	8.063294e-02	1.814257e-01	3.052567e-01	4.541236e+00	1.005522e+00	1.016466e+01	6.856017e-01	2.456068e-01	2.234607e+00	8.418969e-01	1.041742e+00	6.852533e+01	1.445529e+02	3.143589e-01	2.385528e-02	-2.154637e-13	
14  104.439	2.290834e+00	1.241150e-01	6.849309e-01	3.106439e+00	9.618894e-01	8.063294e-02	1.814257e-01	3.052567e-01	4.541236e+00	1.006750e+00	1.016466e+01	6.856017e-01	2.456068e-01	2.234607e+00	8.418969e-01	1.041742e+00	6.852533e+01	1.445529e+02	3.143589e-01	2.385528e-02	-2.154637e-13	
4  105.654	2.299274e+00	1.290504e-01	6.934441e-01	3.070165e+00	9.652018e-01	5.744963e-02	3.982716e-01	6.244016e-01	4.990773e+00	1.012447e+00	8.050065e+00	6.827947e-01	2.456457e-01	2.154952e+00	8.371346e-01	1.041605e+00	6.938907e+01	1.422399e+02	3.169529e-01	5.105689e-02	-1.333465e-12	
1  105.395	2.253631e+00	1.260958e-01	6.677088e-01	3.075514e+00	9.531470e-01	5.610015e-02	1.411816e-01	5.476469e-01	4.816549e+00	1.012104e+00	7.984779e+00	6.662331e-01	2.454287e-01	2.167887e+00	8.339929e-01	1.040995e+00	6.685223e+01	1.446045e+02	3.334437e-01	1.874225e-02	-1.966475e-12	
2  106.183	2.243390e+00	1.255420e-01	6.612990e-01	3.118176e+00	9.628364e-01	8.108053e-02	7.133163e-02	5.012772e-01	4.410342e+00	1.008469e+00	1.038177e+01	6.608988e-01	2.453829e-01	2.260397e+00	8.562080e-01	1.041211e+00	6.622750e+01	1.452133e+02	3.389966e-01	1.021129e-02	1.247040e-14	
1  103.609	2.226558e+00	1.263118e-01	6.657959e-01	3.093890e+00	9.570947e-01	7.145005e-02	1.410336e-01	3.655380e-01	4.869730e+00	1.007133e+00	9.543388e+00	6.642699e-01	2.453012e-01	2.206486e+00	8.453255e-01	1.041409e+00	6.665186e+01	1.448702e+02	3.354837e-01	1.879995e-02	-5.019967e-13	
1  103.427	2.194166e+00	1.240014e-01	6.568696e-01	3.067444e+00	9.594045e-01	6.550989e-02	3.277295e-02	5.410467e-01	4.546327e+00	1.000994e+00	9.008305e+00	6.615333e-01	2.451380e-01	2.149159e+00	8.313683e-01	1.041012e+00	6.576748e+01	1.463341e+02	3.381054e-01	4.725371e-03	-3.941160e-13	
1  104.772	2.193653e+00	1.236653e-01	6.610704e-01	3.061566e+00	9.521826e-01	6.718439e-02	7.096470e-02	7.434001e-01	4.511208e+00	9.975193e-01	9.165297e+00	6.667257e-01	2.451377e-01	2.136937e+00	8.241525e-01	1.040650e+00	6.617656e+01	1.462378e+02	3.328696e-01	9.161256e-03	-3.463138e-13	
3  105.209	2.223447e+00	1.289145e-01	6.779762e-01	3.042526e+00	9.463052e-01	5.262457e-02	3.444413e-01	8.945236e-01	4.707876e+00	1.002907e+00	7.742277e+00	6.708523e-01	2.452930e-01	2.096715e+00	8.222913e-01	1.040864e+00	6.787470e+01	1.432900e+02	3.285010e-01	4.381643e-02	-1.729110e-12	
1  103.823	2.242294e+00	1.208002e-01	6.741380e-01	3.054727e+00	9.605077e-01	5.741806e-02	6.058998e-02	9.892605e-01	4.023656e+00	1.005736e+00	8.052711e+00	6.841683e-01	2.453760e-01	2.123831e+00	8.131291e-01	1.040584e+00	6.746240e+01	1.464732e+02	3.156564e-01	8.243270e-03	-1.441874e-12	
2  103.123	2.272589e+00	1.253996e-01	6.919459e-01	3.079994e+00	9.600879e-01	7.204260e-02	3.064548e-01	9.000099e-01	4.746700e+00	1.004924e+00	9.454206e+00	6.897817e-01	2.455237e-01	2.176056e+00	8.312457e-01	1.041356e+00	6.922196e+01	1.438347e+02	3.101804e-01	3.944323e-02	-5.708922e-13	
6  103.263	2.272589e+00	1.253996e-01	6.919459e-01	3.079994e+00	9.600879e-01	7.204260e-02	3.064548e-01	9.000099e-01	4.746700e+00	1.001079e+00	9.454206e+00	6.897817e-01	2.455237e-01	2.176056e+00	8.312457e-01	1.041356e+00	6.922196e+01	1.438347e+02	3.101804e-01	3.944323e-02	-5.708922e-13	
2  102.796	2.299242e+00	1.268997e-01	7.277169e-01	3.076954e+00	9.744273e-01	8.015151e-02	6.173609e-01	6.961654e-01	4.631572e+00	9.999659e-01	1.015787e+01	7.157394e-01	2.456498e-01	2.168772e+00	8.305721e-01	1.042113e+00	7.277912e+01	1.417763e+02	2.842353e-01	7.662158e-02	-1.165515e-13	
1  103.187	2.289182e+00	1.268340e-01	7.262044e-01	3.086173e+00	9.783775e-01	8.666734e-02	6.056996e-01	9.106952e-01	3.489269e+00	9.984666e-01	1.075756e+01	7.147979e-01	2.456074e-01	2.189007e+00	8.364962e-01	1.042270e+00	7.262735e+01	1.419473e+02	2.851849e-01	7.542969e-02	7.633853e-15	
2  103.815	2.271226e+00	1.264463e-01	7.067689e-01	3.100604e+00	9.775494e-01	8.449174e-02	4.479910e-01	8.923926e-01	3.231765e+00	1.003504e+00	1.061503e+01	6.999505e-01	2.455246e-01	2.220721e+00	8.461012e-01	1.042011e+00	7.070676e+01	1.429396e+02	3.000445e-01	5.730318e-02	-3.933061e-13	
4  104.947	2.243906e+00	1.313269e-01	7.091835e-01	3.085611e+00	9.687270e-01	7.251385e-02	6.241843e-01	8.680486e-01	3.517738e+00	1.007070e+00	9.696786e+00	6.927085e-01	2.453965e-01	2.187005e+00	8.490295e-01	1.042495e+00	7.095821e+01	1.412578e+02	3.070989e-01	7.783043e-02	-4.663190e-13	
1  104.345	2.248158e+00	1.258396e-01	7.083276e-01	3.056157e+00	9.781723e-01	5.962867e-02	4.607721e-01	6.022914e-01	4.127272e+00	1.007702e+00	8.350970e+00	7.028205e-01	2.454175e-01	2.124964e+00	8.260757e-01	1.042049e+00	7.086628e+01	1.432865e+02	2.968605e-01	5.875967e-02	-1.348009e-12	
1  103.522	2.262515e+00	1.327311e-01	7.148980e-01	3.024506e+00	9.741468e-01	4.992907e-02	7.062254e-01	3.666836e-01	4.251670e+00	1.000999e+00	7.443825e+00	6.946612e-01	2.454886e-01	2.057789e+00	8.265382e-01	1.042351e+00	7.152596e+01	1.404077e+02	3.047514e-01	8.696711e-02	-6.405879e-13	
1  103.63	2.301313e+00	1.368816e-01	7.383344e-01	3.034145e+00	9.745802e-01	5.528990e-02	9.991386e-01	4.248387e-01	3.832351e+00	1.003351e+00	7.975572e+00	7.053742e-01	2.456591e-01	2.077341e+00	8.342150e-01	1.042532e+00	7.384325e+01	1.378388e+02	2.942693e-01	1.184185e-01	-6.439128e-14	
4  103.187	2.291613e+00	1.341682e-01	7.347813e-01	3.040610e+00	9.773874e-01	6.143158e-02	8.943859e-01	3.425275e-01	3.688734e+00	1.001115e+00	8.568751e+00	7.077381e-01	2.456181e-01	2.091110e+00	8.329205e-01	1.042533e+00	7.348300e+01	1.389745e+02	2.920590e-01	1.072795e-01	6.571374e-14	
4  104.123	2.287734e+00	1.245176e-01	7.294544e-01	3.048085e+00	9.897173e-01	6.703230e-02	5.598649e-01	3.456144e-01	3.305397e+00	1.001508e+00	8.939421e+00	7.215734e-01	2.456019e-01	2.107650e+00	8.181608e-01	1.042392e+00	7.294596e+01	1.427446e+02	2.783222e-01	7.008576e-02	-5.611172e-13	
6  108.038	2.373763e+00	1.227667e-01	7.590852e-01	2.988962e+00	9.760724e-01	5.073087e-02	6.731542e-01	9.470740e-01	4.509520e+00	9.914432e-01	7.050921e+00	7.450133e-01	2.459462e-01	1.987714e+00	7.771188e-01	1.042790e+00	7.603091e+01	1.418892e+02	2.552718e-01	8.393087e-02	-5.853024e-13	
7  107.873	2.394577e+00	1.202856e-01	7.551919e-01	2.996000e+00	9.836263e-01	4.861954e-02	5.490971e-01	8.775773e-01	4.923179e+00	9.958937e-01	6.752448e+00	7.461781e-01	2.460148e-01	2.000395e+00	7.760267e-01	1.042614e+00	7.563927e+01	1.429083e+02	2.541111e-01	7.003085e-02	1.649980e-13	
3  105.515	2.362148e+00	1.230447e-01	7.409223e-01	3.003771e+00	9.783997e-01	5.378022e-02	5.393375e-01	7.273015e-01	4.701465e+00	9.917344e-01	7.390675e+00	7.320392e-01	2.459059e-01	2.017527e+00	7.890159e-01	1.042719e+00	7.422043e+01	1.425489e+02	2.682158e-01	6.912950e-02	-1.099158e-12	
1  105.894	2.321046e+00	1.272746e-01	7.384014e-01	2.978991e+00	9.743092e-01	4.465801e-02	6.671097e-01	6.334856e-01	4.680328e+00	9.878381e-01	6.592345e+00	7.230424e-01	2.457618e-01	1.966178e+00	7.904394e-01	1.043249e+00	7.393955e+01	1.412928e+02	2.773641e-01	8.332460e-02	-1.927048e-12	
1  105.234	2.321046e+00	1.272746e-01	7.384014e-01	2.978991e+00	9.743092e-01	4.465801e-02	6.671097e-01	6.334856e-01	4.680328e+00	9.902098e-01	6.592345e+00	7.230424e-01	2.457618e-01	1.966178e+00	7.904394e-01	1.043249e+00	7.393955e+01	1.412928e+02	2.773641e-01	8.332460e-02	-1.927048e-12	
3  104.676	2.304180e+00	1.268371e-01	7.391212e-01	2.980008e+00	9.835589e-01	4.346728e-02	6.698503e-01	5.527387e-01	4.567693e+00	9.932669e-01	6.500640e+00	7.243479e-01	2.457010e-01	1.967086e+00	7.930383e-01	1.043368e+00	7.398925e+01	1.415553e+02	2.761649e-01	8.360740e-02	-1.716418e-12	
2  105.609	2.303365e+00	1.292642e-01	7.362900e-01	2.986935e+00	9.739544e-01	4.946918e-02	7.173431e-01	5.423952e-01	4.211670e+00	9.890181e-01	7.190454e+00	7.182647e-01	2.457028e-01	1.982942e+00	7.994897e-01	1.043502e+00	7.373962e+01	1.407438e+02	2.820288e-01	8.888014e-02	-2.144995e-12	
4  106.132	2.325209e+00	1.231935e-01	7.476666e-01	2.978515e+00	9.871398e-01	4.845209e-02	6.117643e-01	7.487315e-01	4.549488e+00	9.904885e-01	6.927074e+00	7.368704e-01	2.457746e-01	1.965298e+00	7.825277e-01	1.043380e+00	7.482909e+01	1.424838e+02	2.635366e-01	7.714944e-02	-1.441309e-12	
3  106.087	2.325209e+00	1.231935e-01	7.476666e-01	2.978515e+00	9.871398e-01	4.845209e-02	6.117643e-01	7.487315e-01	4.549488e+00	9.900107e-01	6.927074e+00	7.368704e-01	2.457746e-01	1.965298e+00	7.825277e-01	1.043380e+00	7.482909e+01	1.424838e+02	2.635366e-01	7.714944e-02	-1.441309e-12	
6  107.417	2.311692e+00	1.235504e-01	7.397016e-01	2.960137e+00	9.819349e-01	4.161560e-02	5.784208e-01	8.435461e-01	4.582534e+00	9.867155e-01	6.194964e+00	7.308180e-01	2.457264e-01	1.927471e+00	7.759811e-01	1.042982e+00	7.404504e+01	1.426707e+02	2.698005e-01	7.346519e-02	-1.808111e-12	
