137.1249330326748
137.2704150802176
137.26260714882005
137.4899467852976
136.58651064773744
136.56057840873905
137.077226867021
137.40308130785823
137.20726803445413
137.46505183813176
136.9466121611336
137.03622686078134
136.64631377685936
136.7289490124171
136.80685177937687
136.62591362795754
136.3814099077193
137.3686591783138
137.04423587677738
137.03231285230353
136.7876488864198
136.8853363753624
136.50437106699533
136.50000094540812
135.89643728442488
135.9126020819266
136.02903149615997
135.74349415430916
135.85936839729288
135.32259330876792
134.8739274278449
135.60612262871354
135.7182468738699
135.5814128655535
135.50488962124385
135.50488962124385
135.6662349858791
135.39676455341393
135.73457121436985
135.62734995253538
135.28372707625198
135.36961844939367
135.65276123223578
135.70524728411377
135.69964636244322
136.11984169195884
136.28978750859633
136.81714639203852
136.72445404653845
136.52509925430968
136.74513615108424
136.36081377798556
136.37241462574167
136.33225430688003
136.54729289250074
136.21549807787466
136.70035963000097
137.10259865795393
137.25333233394517
137.30768764740648
137.45370395175863
138.08264938730778
138.08264938730778
138.49651158620333
137.8491413505032
137.71230300891636
137.57914010735044
137.82995163935306
137.4671265406407
137.79664517922987
137.79664517922987
136.82447084435364
136.82447084435364
137.8517133126758
137.2138149741479
137.04478858012902
137.19796004996505
137.02629471919
137.57603362695818
137.51716612236208
137.46711264512774
137.22428834209254
136.98017517785684
136.87473437074698
140.41834383636143
144.43060172735895
144.5192957986636
142.45291849796592
142.5484133332666
143.43680946333535
143.98202536675808
146.20788695663185
145.53779649351242
143.6844044854717
146.1474762032048
146.11467764761926
145.00288155999883
142.6009211823434
139.75913202197106
138.33650697760635
139.8788604752674
141.67280055728594
144.38428484071736
143.55387518467091
138.56295217534515
138.9586769450958
143.20809929461234
146.09272616623107
142.26424142438378
140.46125762368564
142.49444474668806
140.45106028671344
142.85415964268185
140.74867848146917
140.96848451843613
143.49505656664917
142.54105736003612
140.12603171286062
138.90847723571542
138.636443291614
140.70636768785553
136.49719749145166
142.52483265578647
147.02180108962884
146.6758873945348
142.764170888659
143.1613539769078
145.0884124877848
141.54413143889124
144.02444795202436
144.24696121337138
145.37954058277475
142.93157602713802
144.41526303988218
145.67774476380885
143.32224716410624
142.53935902046967
138.8323587211035
142.19210806934376
138.9874026802595
145.2727826756831
145.778751038093
143.90937970895817
147.11471948004635
144.26238684537344
143.1601252206908
143.23727890835232
144.3465368275733
144.59916948634816
144.06689146173423
146.4781614426315
144.00437315747274
144.1559427152206
140.61273211363957
139.26611050308756
138.94921032028134
137.68156080575827
142.57683150126496
146.1259851752826
144.03961761094405
142.24957069309758
144.89686618269178
146.2689828928092
143.84784563980358
141.27164738428624
137.8191276156657
138.958518500092
143.64702311215515
143.64702311215515
141.81456276153156
139.9524780227313
141.06732871656888
140.08393092309106
138.24403264212174
137.3739729874637
137.37967230183628
138.9008739236045
141.2384477099527
141.42638242945557
141.01257227145666
144.34688681102702
145.65413182871882
146.67063472130994
143.5152895559154
142.69335093558524
145.78195016418485
145.18490536835512
144.03717573817232
140.24372973742123
136.87175715086016
135.79526020686507
138.23439563687853
138.91227319849762
145.16545696256588
144.3720491375408
144.53500895089996
144.30240724809232
144.30240724809232
137.7519453748027
146.70456163510622
144.363571798087
144.0735292566183
144.4494008198674
142.60739803651703
146.6511580047031
145.80908742985451
144.76490412612134
145.1709066112182
146.84611538748024
140.6422422795822
139.7426834765208
142.67262841705747
142.98161397000706
145.45762761551052
144.95898274061392
141.33700880728034
140.38040753159248
142.5924564878056
144.8032105197173
143.0515737069593
142.56188952263687
144.3773209658564
144.5283575780026
143.6012176930461
145.1647473619104
144.9800292322586
143.81733897909282
144.5581613994131
146.57388507491734
144.35526413729377
141.0187832244159
139.2282486353754
145.1303498248067
143.977712684162
145.6106396183284
146.80174408535788
146.84461191273707
145.1432587184762
145.41082752892586
145.99629339959696
144.09338617240235
144.09065338630793
145.28360062068282
142.7280033349861
141.82528301586686
141.46023843971375
139.69481868995874
146.32913577691508
145.11753828324683
143.45524257104833
144.42495036249537
142.18257659846833
138.9440813557683
142.5476454449489
147.27572049810294
147.27572049810294
144.33208291091
142.08059987100316
141.14619579353024
145.22794686314188
145.22794686314188
146.41063841699392
146.88997926513775
146.56873267941594
147.26171427517062
146.72539091718357
145.0134178140955
145.87318416362234
142.85456349865177
142.66550000188064
145.76744347987082
144.35959706033088
144.632440417034
145.93250736630074
145.1638313656315
141.45063575595432
142.89545047898986
144.4052825339664
145.9841737885276
143.33754451619347
145.60586549854472
144.12160551761986
144.90543746205626
147.42106474342913
146.94292301320772
142.51492181955828
142.58539583649824
140.36231287705513
144.36243475175465
146.95757954322082
145.67473173475435
145.70224711575594
144.43666509036086
143.03912980104863
144.72142888812988
144.28444744751116
147.3201382835986
146.783208487091
146.37245042036827
145.7228647541697
141.95931136961894
145.72198671526084
144.75265232056418
145.68322028877301
143.21897852138807
140.03894825218663
145.87204554471748
145.87204554471748
145.7693850620895
145.89979513237108
145.17910761495222
142.39640319365324
145.33160992130414
143.4617755478362
144.7615624575441
147.7852623236166
146.93886624721327
144.2714769578359
142.85398071631042
146.26860454461956
145.74266543393264
144.16747669998807
145.39013144876037
144.34011470942002
145.09478909858353
141.50232272866182
138.42292780438592
139.90274157452555
139.7562521465851
138.16127768302465
137.5228627287387
140.06149594303724
143.8912786127912
141.1968972786087
137.26537680352664
137.04862319798474
137.2130660257628
137.4899467852976
136.9376809246921
136.68206068430987
137.26474320673137
137.40308130785823
137.20726803445413
137.34703148966372
137.03622686078134
136.8557212851478
136.79503824346745
136.7289490124171
136.43881874063666
136.62591362795754
136.84935529704924
137.41695197227403
137.23483962430836
137.03231285230353
136.7876488864198
136.69112899773444
136.69112899773444
136.38075079103416
135.89643728442488
135.87545824468648
136.1328078751693
136.02903149615997
135.74349415430916
135.029991273224
135.15896847156233
135.15896847156233
135.71674525744487
135.36081977043278
135.36081977043278
135.80758734362465
135.78778205447568
135.59217955766172
135.82978986314419
135.62734995253538
135.29098744135203
135.6826764885309
135.6826764885309
135.25079424447205
135.30000564773198
136.10774810759116
136.4719122518217
136.8919068362576
136.82972472129563
136.52509925430968
136.73520652902656
136.68780426872829
136.33225430688003
136.50921235828864
136.36476806686602
136.60927949498546
136.70035963000097
137.03343487446733
137.25333233394517
137.7578529181986
137.70459964933497
137.43755155968776
138.21884132671553
138.60594878477906
137.8041970363938
137.8054890895223
137.7167928048455
137.78123221726534
137.69056398439938
137.40482244958972
137.4145394025312
137.04144399052527
137.04876264563757
137.6726576538077
137.15603456665667
136.84982450089723
137.39922551312986
136.96368856919128
137.51386750399496
137.51716612236208
137.28182102265674
137.11616705426488
136.87473437074698
145.2932998242955
141.53999043297767
144.43060172735895
142.42369260322408
141.62398678024826
139.14554342478016
142.8281234990339
144.11359512496375
145.24085013410854
143.6844044854717
144.50764506377342
146.0434890732915
146.11467764761926
145.32855306097943
143.20432027082657
140.83854499963118
139.70689482127787
139.40510632536734
140.48133521539907
142.8906862562712
144.5205526155362
140.25728122625733
140.878464170159
143.20809929461234
144.19211213974705
142.52944128155156
142.49444474668806
143.7389761293202
140.2884302982706
142.78498037712205
139.61207296391373
141.00738816943579
141.9089704857213
141.38080766883215
145.14949979105347
143.32844673558597
138.22061215026778
140.70636768785553
138.0466348388766
140.81071404993264
143.90527132741232
146.6758873945348
146.0397835443703
140.25712968654645
141.54413143889124
146.52262137350283
146.52262137350283
144.57489634402046
142.6749650650581
144.46165623999838
145.67774476380885
146.0743799759246
146.5309978788994
140.12067914613206
138.701796558069
141.9169256171771
140.88446392170184
144.08641766443668
144.68560751362
145.5484183669182
143.39811840194213
143.75142663591828
144.06860348924442
142.25543498711022
145.80331037481795
146.26660005244426
145.68357946030312
145.4916771944446
146.08522000713316
143.56697279282247
140.88659227089772
139.5748378861901
137.66513869769628
139.45850426374446
142.57683150126496
144.15716859393245
143.54376164889825
144.6573133341164
146.36318929384223
143.32769739208828
143.84784563980358
142.9490519919539
143.2806143136617
142.73076949716398
140.2968460242186
140.796850427678
141.81456276153156
140.1895127772816
142.72089908355844
140.45929514362246
138.49770093198424
138.49770093198424
138.43713468848281
139.6132654685161
141.55251132636164
140.8236988900228
137.57713208004668
142.78959341926782
147.0942283246307
145.38581254072864
144.20657525128092
140.93948009937597
143.26079048036323
146.06892573122786
146.02325209334674
141.88833952988801
141.16192178903543
136.97257452080694
138.86730249673911
140.58091267934662
143.9646852784676
144.3720491375408
144.4620209564219
140.9872328003234
144.56802310353697
136.89152988079138
141.92071817119253
142.2429746171913
144.0735292566183
144.44078746283287
142.60739803651703
146.4796154918581
146.90730138930118
146.90730138930118
144.07307617713946
146.3773422086844
142.13234927448735
140.29022930646533
143.73926075993464
142.98161397000706
145.45762761551052
143.81947382485487
141.33700880728034
141.7700795690801
141.94766077489615
142.5924564878056
144.8032105197173
143.0515737069593
146.2131012122524
143.55519998609
143.68860415036377
146.09087920584133
144.9800292322586
144.36092779901762
141.37690383510116
145.08646059783612
140.4996020690032
141.11866627703907
142.31299823060198
145.1493131830032
146.56967805789716
146.52479496671728
145.17825235634746
146.64371543511643
146.5642194139997
145.41082752892586
145.99629339959696
144.74789666019626
144.6390699805812
144.20139234233503
144.70812026077576
140.13764665358715
141.46023843971375
144.05086655191116
147.74479439445463
147.74479439445463
146.74691893012977
143.68940272915603
139.5183412373329
141.69859865667723
139.45394221606398
142.5476454449489
147.27572049810294
145.86706786637643
142.08059987100316
141.30895325268182
141.97811236155061
140.9997309249068
145.59663861695537
146.88997926513775
145.99774217198984
148.13665620125818
146.08367729230977
145.5934758080213
144.84910599634796
147.1705725153516
145.6953051759278
144.8210648991752
144.35959706033088
143.04209079917578
144.632440417034
145.1638313656315
141.45063575595432
142.89545047898986
145.19613093408614
142.21045561100897
143.02233136513422
144.07940971837036
144.50851678010173
146.42620374331443
146.42856378546554
146.88809444892348
142.51492181955828
140.75461535411523
140.75461535411523
142.77179800317487
145.3586935419741
145.91791825793945
147.01695105147792
147.50095621289975
143.03912980104863
142.36612001345947
144.28444744751116
146.1983735621294
142.49203045525758
146.3119927363344
146.9867466795639
141.62100152503018
143.6088933158294
144.65114135023535
144.87580845251813
143.21897852138807
142.71994422328927
142.91606483251354
145.87204554471748
143.11875335536885
146.56222847304545
145.17910761495222
143.4492502417414
144.17052389640043
144.78959406001113
144.78959406001113
147.7852623236166
144.48344013870226
145.20039670155674
143.01377308516692
146.26860454461956
147.16300074178415
147.21787040390313
147.78720339343906
144.34011470942002
144.37520297519444
142.01760793757052
142.62754446085626
137.0846920196198
138.87179796817898
138.16127768302465
137.98179986810683
141.51136961396563
145.22861810485998
137.26537680352664
136.96182445977652
137.04862319798474
137.21730957098958
136.58651064773744
136.56057840873905
137.4216327257575
137.474003055911
137.46505183813176
137.3933189798369
137.35477017213333
136.8557212851478
136.79503824346745
136.88774971135706
136.5616865826557
136.80685177937687
136.3814099077193
137.26696780115807
137.04423587677738
137.20357202608778
137.2013281883085
136.8853363753624
136.50437106699533
136.50000094540812
136.18443782305087
135.9085586881453
135.9372858115058
135.6174737970749
135.7069731530513
134.85152023585772
134.50754880181117
135.42947870648723
135.71674525744487
135.53800809688977
135.64731463268913
135.8834256270586
135.39676455341393
135.63775523962255
135.73457121436985
135.7173019338884
135.46695312180645
135.29098744135203
135.38245267243192
135.70524728411377
136.10774810759116
136.47136055202398
136.79433429944518
136.96345000940897
136.68543764505927
136.66599852509646
137.06557200357588
136.36081377798556
136.39597210812133
136.569606139499
136.40288513438986
136.54729289250074
136.831337042743
136.70035963000097
137.12606792959687
137.30768764740648
137.7801989266701
137.43755155968776
138.49651158620333
138.41469960860894
137.8491413505032
137.71230300891636
137.82995163935306
137.4671265406407
137.4671265406407
137.61793926629989
137.04144399052527
136.77647371164556
137.46221325424946
137.5933819799452
137.15603456665667
137.19796004996505
136.8745742204461
137.02629471919
137.51386750399496
137.5525116832768
137.1332825077233
137.1332825077233
136.74407153844191
144.8280661719164
142.4937500549052
145.0032754233038
143.9852584353047
141.62398678024826
142.42761557229196
142.8281234990339
144.11359512496375
145.6261598693266
144.81515283974989
148.55904119889328
146.1474762032048
146.52997664224688
145.32855306097943
142.5211738361209
140.83854499963118
139.88323608322494
139.40510632536734
141.7470173689961
144.95645534957643
142.2356512963502
139.15920508955733
142.61422784772145
142.31555834839597
144.74991807308072
142.52944128155156
141.75058618524844
143.07308121779536
141.9777654713109
141.9777654713109
142.78498037712205
141.00738816943579
141.9089704857213
139.87441599255422
141.94341034125904
141.12092301808727
138.90847723571542
139.00688793476883
137.1140076518057
140.45677410380276
146.47506773132565
142.87549382162888
142.87549382162888
139.77635337150932
141.5787367978566
143.0932674316782
146.52262137350283
144.62043061456714
143.97956622348403
143.55138416718447
145.67774476380885
146.10324044765304
146.29842950707993
146.29842950707993
136.1201686794841
140.25928828309824
140.88446392170184
142.56505798007484
143.7066438797289
143.8272666213044
145.51174098421194
143.30509516992217
144.01655719717547
143.52770526540613
145.93128609365948
144.59916948634816
144.78014084992418
144.78014084992418
146.2597278763543
143.3604045129983
143.07728828755518
138.18118888841985
137.54664206987104
139.58479563612715
139.04805810479755
144.03961761094405
144.56675767462454
144.56675767462454
145.24515696961956
146.52792517831335
141.77565861935977
141.94948894676682
140.38992539091626
135.5468180878493
141.14595173669397
140.34716183840322
139.33880090256866
142.34301225105477
142.72089908355844
139.8975659240203
139.3931356604164
136.94112643066913
138.9482607388316
141.91360285339502
139.6132654685161
141.42638242945557
137.9908438919956
145.67861559056323
145.67861559056323
145.44337242572735
145.5505512021463
140.93948009937597
144.45937858882954
145.96353878546003
145.9130622324006
141.9287408697067
139.6363436416152
137.4732801547972
137.8355437732084
139.3279864217062
142.72525373286413
143.9646852784676
143.78785221881654
141.08681924080304
141.976994129589
140.9290689637625
144.25821531131083
144.363571798087
141.16957376229783
144.4494008198674
143.21412522211935
146.47109007461523
146.07671810708584
144.7130538121845
144.07307617713946
146.3773422086844
141.75218586381632
139.7426834765208
140.13547461960158
144.40076828566237
145.45762761551052
144.9523477597029
143.7481746223081
142.457465293719
143.10423167199022
144.87208846518595
144.7605598632661
142.44524265150983
144.3773209658564
143.55519998609
144.5283575780026
145.6518655388023
144.9736230366126
143.81733897909282
146.1962617025996
146.1962617025996
142.8385645639756
142.72762607611165
142.09907735345428
142.09907735345428
144.57417424434135
146.56967805789716
145.52255254452766
145.46786891934988
146.5642194139997
144.7492651597657
145.6726644454129
144.09338617240235
144.28562134019666
144.20139234233503
145.11978087873723
141.82528301586686
139.69481868995874
145.42127530739768
145.42127530739768
147.1140067423312
145.11753828324683
143.68940272915603
139.5183412373329
140.80924843291967
139.45394221606398
143.78952959310195
147.27572049810294
144.33208291091
142.08059987100316
141.30895325268182
143.53057686360998
142.8605745542718
146.41063841699392
146.4503145343238
147.67146619251048
147.26171427517062
144.83712876869836
145.5934758080213
147.3556640580041
142.85456349865177
144.16096771677942
144.8210648991752
146.0845303700083
144.04086937990184
144.93494143391908
145.36340170243915
143.71689842690688
142.08634992136226
145.19613093408614
146.5158017239159
144.16582784515361
143.42705554355433
144.12160551761986
143.2729944764464
146.88809444892348
142.63428139776525
140.73523387177724
140.10355209102383
139.15073094282334
142.77179800317487
145.3586935419741
146.5046723897096
145.67473173475435
144.43666509036086
142.36612001345947
141.80447339609037
143.9998561361366
146.21655803805245
146.35304071707426
146.37245042036827
146.06853911547185
141.62100152503018
145.0220655728886
144.7700434058507
144.7700434058507
142.074696897133
142.5943791006613
143.1895262969665
144.7421978373893
145.14994081183033
146.56222847304545
144.38049733868812
140.82486711663935
144.17052389640043
142.24289617762247
143.74165518766281
146.31962812543543
145.335328873462
145.20039670155674
144.89962011878788
146.26860454461956
148.31211485425825
145.74266543393264
144.91574371067898
145.30607769232662
144.37520297519444
142.01760793757052
140.18124758421604
138.35798276247638
136.098210114515
138.04785913298076
136.80795780369445
140.06149594303724
140.21751034847222
