15  103.684	2.253546e+00	1.311154e-01	6.825405e-01	3.033254e+00	9.725752e-01	3.857767e-02	3.659370e-01	4.969034e-02	4.873386e+00	1.326443e+01	1.003046e+00	6.125092e+00	6.693689e-01	2.454796e-01	2.076235e+00	7.833276e-01	1.042634e+00	6.831924e+01	1.423862e+02	3.303944e-01	4.651522e-02	2.612174e+03	
18  106.369	2.293707e+00	1.246009e-01	7.083589e-01	3.014796e+00	9.706467e-01	4.671294e-02	3.951681e-01	1.531998e-02	4.780845e+00	1.275518e+01	9.979641e-01	6.872525e+00	7.050434e-01	2.456556e-01	2.038326e+00	7.840800e-01	1.041653e+00	7.089839e+01	1.433723e+02	2.945035e-01	5.062499e-02	2.191606e+03	
55  106.479	2.293707e+00	1.246009e-01	7.083589e-01	3.014796e+00	9.706467e-01	4.671294e-02	3.951681e-01	1.531998e-02	4.780845e+00	1.275518e+01	9.971098e-01	6.872525e+00	7.050434e-01	2.456556e-01	2.038326e+00	7.840800e-01	1.041653e+00	7.089839e+01	1.433723e+02	2.945035e-01	5.062499e-02	2.191606e+03	
11  107.562	2.293707e+00	1.246009e-01	7.083589e-01	3.014796e+00	9.706467e-01	4.671294e-02	3.951681e-01	1.531998e-02	4.780845e+00	1.275518e+01	1.000441e+00	6.872525e+00	7.050434e-01	2.456556e-01	2.038326e+00	7.840800e-01	1.041653e+00	7.089839e+01	1.433723e+02	2.945035e-01	5.062499e-02	2.191606e+03	
77  106.964	2.293707e+00	1.246009e-01	7.083589e-01	3.014796e+00	9.706467e-01	4.671294e-02	3.951681e-01	1.531998e-02	4.780845e+00	1.275518e+01	9.996916e-01	6.872525e+00	7.050434e-01	2.456556e-01	2.038326e+00	7.840800e-01	1.041653e+00	7.089839e+01	1.433723e+02	2.945035e-01	5.062499e-02	2.191606e+03	
11  107.045	2.293707e+00	1.246009e-01	7.083589e-01	3.014796e+00	9.706467e-01	4.671294e-02	3.951681e-01	1.531998e-02	4.780845e+00	1.275518e+01	9.998103e-01	6.872525e+00	7.050434e-01	2.456556e-01	2.038326e+00	7.840800e-01	1.041653e+00	7.089839e+01	1.433723e+02	2.945035e-01	5.062499e-02	2.191606e+03	
22  106.382	2.293707e+00	1.246009e-01	7.083589e-01	3.014796e+00	9.706467e-01	4.671294e-02	3.951681e-01	1.531998e-02	4.780845e+00	1.275518e+01	9.975986e-01	6.872525e+00	7.050434e-01	2.456556e-01	2.038326e+00	7.840800e-01	1.041653e+00	7.089839e+01	1.433723e+02	2.945035e-01	5.062499e-02	2.191606e+03	
44  107.238	2.293707e+00	1.246009e-01	7.083589e-01	3.014796e+00	9.706467e-01	4.671294e-02	3.951681e-01	1.531998e-02	4.780845e+00	1.275518e+01	1.000070e+00	6.872525e+00	7.050434e-01	2.456556e-01	2.038326e+00	7.840800e-01	1.041653e+00	7.089839e+01	1.433723e+02	2.945035e-01	5.062499e-02	2.191606e+03	
22  107.045	2.293707e+00	1.246009e-01	7.083589e-01	3.014796e+00	9.706467e-01	4.671294e-02	3.951681e-01	1.531998e-02	4.780845e+00	1.275518e+01	9.959642e-01	6.872525e+00	7.050434e-01	2.456556e-01	2.038326e+00	7.840800e-01	1.041653e+00	7.089839e+01	1.433723e+02	2.945035e-01	5.062499e-02	2.191606e+03	
66  107.492	2.293707e+00	1.246009e-01	7.083589e-01	3.014796e+00	9.706467e-01	4.671294e-02	3.951681e-01	1.531998e-02	4.780845e+00	1.275518e+01	9.954123e-01	6.872525e+00	7.050434e-01	2.456556e-01	2.038326e+00	7.840800e-01	1.041653e+00	7.089839e+01	1.433723e+02	2.945035e-01	5.062499e-02	2.191606e+03	
11  106.603	2.293707e+00	1.246009e-01	7.083589e-01	3.014796e+00	9.706467e-01	4.671294e-02	3.951681e-01	1.531998e-02	4.780845e+00	1.275518e+01	9.990198e-01	6.872525e+00	7.050434e-01	2.456556e-01	2.038326e+00	7.840800e-01	1.041653e+00	7.089839e+01	1.433723e+02	2.945035e-01	5.062499e-02	2.191606e+03	
11  106.843	2.293707e+00	1.246009e-01	7.083589e-01	3.014796e+00	9.706467e-01	4.671294e-02	3.951681e-01	1.531998e-02	4.780845e+00	1.275518e+01	9.962743e-01	6.872525e+00	7.050434e-01	2.456556e-01	2.038326e+00	7.840800e-01	1.041653e+00	7.089839e+01	1.433723e+02	2.945035e-01	5.062499e-02	2.191606e+03	
11  106.389	2.293707e+00	1.246009e-01	7.083589e-01	3.014796e+00	9.706467e-01	4.671294e-02	3.951681e-01	1.531998e-02	4.780845e+00	1.275518e+01	9.982290e-01	6.872525e+00	7.050434e-01	2.456556e-01	2.038326e+00	7.840800e-01	1.041653e+00	7.089839e+01	1.433723e+02	2.945035e-01	5.062499e-02	2.191606e+03	
8  107.662	2.293707e+00	1.246009e-01	7.083589e-01	3.014796e+00	9.706467e-01	4.671294e-02	3.951681e-01	1.531998e-02	4.780845e+00	1.275518e+01	1.000549e+00	6.872525e+00	7.050434e-01	2.456556e-01	2.038326e+00	7.840800e-01	1.041653e+00	7.089839e+01	1.433723e+02	2.945035e-01	5.062499e-02	2.191606e+03	
14  107.867	2.283037e+00	1.252785e-01	7.080288e-01	3.010217e+00	9.705804e-01	5.067132e-02	4.246523e-01	6.931680e-03	4.697909e+00	1.018135e+01	9.960596e-01	7.322963e+00	7.034606e-01	2.456024e-01	2.028906e+00	7.926857e-01	1.041612e+00	7.084054e+01	1.431827e+02	2.962836e-01	5.426706e-02	2.203211e+03	
11  107.042	2.283037e+00	1.252785e-01	7.080288e-01	3.010217e+00	9.705804e-01	5.067132e-02	4.246523e-01	6.931680e-03	4.697909e+00	1.018135e+01	9.943413e-01	7.322963e+00	7.034606e-01	2.456024e-01	2.028906e+00	7.926857e-01	1.041612e+00	7.084054e+01	1.431827e+02	2.962836e-01	5.426706e-02	2.203211e+03	
44  107.129	2.283037e+00	1.252785e-01	7.080288e-01	3.010217e+00	9.705804e-01	5.067132e-02	4.246523e-01	6.931680e-03	4.697909e+00	1.018135e+01	9.930450e-01	7.322963e+00	7.034606e-01	2.456024e-01	2.028906e+00	7.926857e-01	1.041612e+00	7.084054e+01	1.431827e+02	2.962836e-01	5.426706e-02	2.203211e+03	
11  107.614	2.283037e+00	1.252785e-01	7.080288e-01	3.010217e+00	9.705804e-01	5.067132e-02	4.246523e-01	6.931680e-03	4.697909e+00	1.018135e+01	9.920617e-01	7.322963e+00	7.034606e-01	2.456024e-01	2.028906e+00	7.926857e-01	1.041612e+00	7.084054e+01	1.431827e+02	2.962836e-01	5.426706e-02	2.203211e+03	
55  107.006	2.283037e+00	1.252785e-01	7.080288e-01	3.010217e+00	9.705804e-01	5.067132e-02	4.246523e-01	6.931680e-03	4.697909e+00	1.018135e+01	9.937205e-01	7.322963e+00	7.034606e-01	2.456024e-01	2.028906e+00	7.926857e-01	1.041612e+00	7.084054e+01	1.431827e+02	2.962836e-01	5.426706e-02	2.203211e+03	
11  107.397	2.283037e+00	1.252785e-01	7.080288e-01	3.010217e+00	9.705804e-01	5.067132e-02	4.246523e-01	6.931680e-03	4.697909e+00	1.018135e+01	9.953522e-01	7.322963e+00	7.034606e-01	2.456024e-01	2.028906e+00	7.926857e-01	1.041612e+00	7.084054e+01	1.431827e+02	2.962836e-01	5.426706e-02	2.203211e+03	
11  107.043	2.283037e+00	1.252785e-01	7.080288e-01	3.010217e+00	9.705804e-01	5.067132e-02	4.246523e-01	6.931680e-03	4.697909e+00	1.018135e+01	9.933974e-01	7.322963e+00	7.034606e-01	2.456024e-01	2.028906e+00	7.926857e-01	1.041612e+00	7.084054e+01	1.431827e+02	2.962836e-01	5.426706e-02	2.203211e+03	
20  107.793	2.283037e+00	1.252785e-01	7.080288e-01	3.010217e+00	9.705804e-01	5.067132e-02	4.246523e-01	6.931680e-03	4.697909e+00	1.018135e+01	9.959645e-01	7.322963e+00	7.034606e-01	2.456024e-01	2.028906e+00	7.926857e-01	1.041612e+00	7.084054e+01	1.431827e+02	2.962836e-01	5.426706e-02	2.203211e+03	
2  107.192	2.268178e+00	1.252513e-01	7.045712e-01	3.050233e+00	9.795822e-01	5.764102e-02	3.862571e-01	3.225103e-02	4.503221e+00	1.025168e+01	1.004504e+00	8.057369e+00	7.006107e-01	2.455316e-01	2.111989e+00	7.843318e-01	1.042291e+00	7.048561e+01	1.435439e+02	2.987710e-01	4.936518e-02	1.429592e+03	
11  105.705	2.268178e+00	1.252513e-01	7.045712e-01	3.050233e+00	9.795822e-01	5.764102e-02	3.862571e-01	3.225103e-02	4.503221e+00	1.025168e+01	1.002678e+00	8.057369e+00	7.006107e-01	2.455316e-01	2.111989e+00	7.843318e-01	1.042291e+00	7.048561e+01	1.435439e+02	2.987710e-01	4.936518e-02	1.429592e+03	
3  106.131	2.268178e+00	1.252513e-01	7.045712e-01	3.050233e+00	9.795822e-01	5.764102e-02	3.862571e-01	3.225103e-02	4.503221e+00	1.025168e+01	1.003376e+00	8.057369e+00	7.006107e-01	2.455316e-01	2.111989e+00	7.843318e-01	1.042291e+00	7.048561e+01	1.435439e+02	2.987710e-01	4.936518e-02	1.429592e+03	
8  106.157	2.290455e+00	1.324651e-01	7.387852e-01	3.055654e+00	9.843422e-01	6.633127e-02	8.754636e-01	2.406970e-02	4.877923e+00	1.119867e+01	1.004117e+00	9.022559e+00	7.142817e-01	2.456151e-01	2.122603e+00	8.102137e-01	1.042717e+00	7.392810e+01	1.394068e+02	2.856472e-01	1.059399e-01	3.058801e+03	
45  105.876	2.290455e+00	1.324651e-01	7.387852e-01	3.055654e+00	9.843422e-01	6.633127e-02	8.754636e-01	2.406970e-02	4.877923e+00	1.119867e+01	1.006762e+00	9.022559e+00	7.142817e-01	2.456151e-01	2.122603e+00	8.102137e-01	1.042717e+00	7.392810e+01	1.394068e+02	2.856472e-01	1.059399e-01	3.058801e+03	
10  106.418	2.297642e+00	1.328532e-01	7.294560e-01	3.038108e+00	9.768627e-01	6.081317e-02	8.127827e-01	2.672625e-02	4.882839e+00	1.125583e+01	1.001681e+00	8.465523e+00	7.061055e-01	2.456441e-01	2.085385e+00	8.009080e-01	1.042233e+00	7.302255e+01	1.394995e+02	2.938178e-01	9.937355e-02	3.092299e+03	
22  105.932	2.297642e+00	1.328532e-01	7.294560e-01	3.038108e+00	9.768627e-01	6.081317e-02	8.127827e-01	2.672625e-02	4.882839e+00	1.125583e+01	1.000962e+00	8.465523e+00	7.061055e-01	2.456441e-01	2.085385e+00	8.009080e-01	1.042233e+00	7.302255e+01	1.394995e+02	2.938178e-01	9.937355e-02	3.092299e+03	
11  105.607	2.297642e+00	1.328532e-01	7.294560e-01	3.038108e+00	9.768627e-01	6.081317e-02	8.127827e-01	2.672625e-02	4.882839e+00	1.125583e+01	1.000128e+00	8.465523e+00	7.061055e-01	2.456441e-01	2.085385e+00	8.009080e-01	1.042233e+00	7.302255e+01	1.394995e+02	2.938178e-01	9.937355e-02	3.092299e+03	
11  106.673	2.297642e+00	1.328532e-01	7.294560e-01	3.038108e+00	9.768627e-01	6.081317e-02	8.127827e-01	2.672625e-02	4.882839e+00	1.125583e+01	1.001982e+00	8.465523e+00	7.061055e-01	2.456441e-01	2.085385e+00	8.009080e-01	1.042233e+00	7.302255e+01	1.394995e+02	2.938178e-01	9.937355e-02	3.092299e+03	
33  106.653	2.297642e+00	1.328532e-01	7.294560e-01	3.038108e+00	9.768627e-01	6.081317e-02	8.127827e-01	2.672625e-02	4.882839e+00	1.125583e+01	9.969916e-01	8.465523e+00	7.061055e-01	2.456441e-01	2.085385e+00	8.009080e-01	1.042233e+00	7.302255e+01	1.394995e+02	2.938178e-01	9.937355e-02	3.092299e+03	
11  106.596	2.297642e+00	1.328532e-01	7.294560e-01	3.038108e+00	9.768627e-01	6.081317e-02	8.127827e-01	2.672625e-02	4.882839e+00	1.125583e+01	1.001896e+00	8.465523e+00	7.061055e-01	2.456441e-01	2.085385e+00	8.009080e-01	1.042233e+00	7.302255e+01	1.394995e+02	2.938178e-01	9.937355e-02	3.092299e+03	
55  105.659	2.297642e+00	1.328532e-01	7.294560e-01	3.038108e+00	9.768627e-01	6.081317e-02	8.127827e-01	2.672625e-02	4.882839e+00	1.125583e+01	1.000320e+00	8.465523e+00	7.061055e-01	2.456441e-01	2.085385e+00	8.009080e-01	1.042233e+00	7.302255e+01	1.394995e+02	2.938178e-01	9.937355e-02	3.092299e+03	
21  105.752	2.297642e+00	1.328532e-01	7.294560e-01	3.038108e+00	9.768627e-01	6.081317e-02	8.127827e-01	2.672625e-02	4.882839e+00	1.125583e+01	1.000585e+00	8.465523e+00	7.061055e-01	2.456441e-01	2.085385e+00	8.009080e-01	1.042233e+00	7.302255e+01	1.394995e+02	2.938178e-01	9.937355e-02	3.092299e+03	
1  104.947	2.293950e+00	1.243311e-01	7.229558e-01	3.033324e+00	9.795129e-01	6.124281e-02	5.139116e-01	1.935913e-03	4.317947e+00	1.038661e+01	1.001196e+00	8.336268e+00	7.168509e-01	2.456342e-01	2.076166e+00	8.054919e-01	1.041767e+00	7.233088e+01	1.429012e+02	2.830332e-01	6.461883e-02	9.661516e+02	
11  104.852	2.293950e+00	1.243311e-01	7.229558e-01	3.033324e+00	9.795129e-01	6.124281e-02	5.139116e-01	1.935913e-03	4.317947e+00	1.038661e+01	1.000956e+00	8.336268e+00	7.168509e-01	2.456342e-01	2.076166e+00	8.054919e-01	1.041767e+00	7.233088e+01	1.429012e+02	2.830332e-01	6.461883e-02	9.661516e+02	
11  107.936	2.293950e+00	1.243311e-01	7.229558e-01	3.033324e+00	9.795129e-01	6.124281e-02	5.139116e-01	1.935913e-03	4.317947e+00	1.038661e+01	9.958017e-01	8.336268e+00	7.168509e-01	2.456342e-01	2.076166e+00	8.054919e-01	1.041767e+00	7.233088e+01	1.429012e+02	2.830332e-01	6.461883e-02	9.661516e+02	
22  106.139	2.293950e+00	1.243311e-01	7.229558e-01	3.033324e+00	9.795129e-01	6.124281e-02	5.139116e-01	1.935913e-03	4.317947e+00	1.038661e+01	9.971849e-01	8.336268e+00	7.168509e-01	2.456342e-01	2.076166e+00	8.054919e-01	1.041767e+00	7.233088e+01	1.429012e+02	2.830332e-01	6.461883e-02	9.661516e+02	
1  105.33	2.293950e+00	1.243311e-01	7.229558e-01	3.033324e+00	9.795129e-01	6.124281e-02	5.139116e-01	1.935913e-03	4.317947e+00	1.038661e+01	9.981261e-01	8.336268e+00	7.168509e-01	2.456342e-01	2.076166e+00	8.054919e-01	1.041767e+00	7.233088e+01	1.429012e+02	2.830332e-01	6.461883e-02	9.661516e+02	
6  105.558	2.329977e+00	1.282822e-01	7.363089e-01	3.032186e+00	9.837026e-01	6.049462e-02	6.957037e-01	2.156248e-02	4.282926e+00	7.055817e+00	9.971924e-01	8.277857e+00	7.190989e-01	2.457794e-01	2.074609e+00	7.890716e-01	1.042523e+00	7.363220e+01	1.407728e+02	2.808880e-01	8.547286e-02	1.203082e+03	
33  105.734	2.289477e+00	1.309088e-01	7.176730e-01	3.038948e+00	9.766604e-01	5.694562e-02	6.318364e-01	2.864838e-02	4.210106e+00	9.867367e+00	9.980451e-01	8.055310e+00	6.999953e-01	2.456078e-01	2.088257e+00	7.872280e-01	1.043053e+00	7.177879e+01	1.408704e+02	2.999513e-01	7.823025e-02	7.662259e+02	
4  103.84	2.295932e+00	1.351386e-01	7.092315e-01	3.051688e+00	9.667723e-01	5.962469e-02	6.763197e-01	3.693319e-02	4.665728e+00	7.196862e+00	9.966373e-01	8.378701e+00	6.845432e-01	2.456317e-01	2.114045e+00	8.059246e-01	1.043081e+00	7.094631e+01	1.396164e+02	3.155009e-01	8.374321e-02	2.837719e+03	
11  105.08	2.295932e+00	1.351386e-01	7.092315e-01	3.051688e+00	9.667723e-01	5.962469e-02	6.763197e-01	3.693319e-02	4.665728e+00	7.196862e+00	9.951085e-01	8.378701e+00	6.845432e-01	2.456317e-01	2.114045e+00	8.059246e-01	1.043081e+00	7.094631e+01	1.396164e+02	3.155009e-01	8.374321e-02	2.837719e+03	
9  104.02	2.295932e+00	1.351386e-01	7.092315e-01	3.051688e+00	9.667723e-01	5.962469e-02	6.763197e-01	3.693319e-02	4.665728e+00	7.196862e+00	9.963276e-01	8.378701e+00	6.845432e-01	2.456317e-01	2.114045e+00	8.059246e-01	1.043081e+00	7.094631e+01	1.396164e+02	3.155009e-01	8.374321e-02	2.837719e+03	
2  103.869	2.282810e+00	1.336675e-01	7.114735e-01	3.085685e+00	9.820083e-01	7.042527e-02	6.436775e-01	4.339528e-02	4.147068e+00	5.932892e+00	1.002396e+00	9.449655e+00	6.894540e-01	2.455885e-01	2.188186e+00	8.018131e-01	1.043696e+00	7.114837e+01	1.402465e+02	3.105488e-01	7.946792e-02	1.071072e+03	
2  103.891	2.282810e+00	1.336675e-01	7.114735e-01	3.085685e+00	9.820083e-01	7.042527e-02	6.436775e-01	4.339528e-02	4.147068e+00	5.932892e+00	1.002602e+00	9.449655e+00	6.894540e-01	2.455885e-01	2.188186e+00	8.018131e-01	1.043696e+00	7.114837e+01	1.402465e+02	3.105488e-01	7.946792e-02	1.071072e+03	
19  105.41	2.268796e+00	1.334707e-01	7.076177e-01	3.081659e+00	9.809980e-01	6.993004e-02	6.335943e-01	2.566780e-02	4.296709e+00	5.459522e+00	1.002978e+00	9.428076e+00	6.866390e-01	2.455265e-01	2.179839e+00	8.258083e-01	1.043166e+00	7.076960e+01	1.404820e+02	3.133831e-01	7.837094e-02	1.655889e+03	
12  105.127	2.279081e+00	1.296866e-01	7.130288e-01	3.088071e+00	9.804277e-01	7.190550e-02	5.760700e-01	1.925398e-02	4.157553e+00	3.969126e+00	1.007087e+00	9.513538e+00	6.986436e-01	2.455735e-01	2.193910e+00	8.252840e-01	1.042613e+00	7.131116e+01	1.415131e+02	3.012454e-01	7.172893e-02	1.723904e+03	
1  104.639	2.279081e+00	1.296866e-01	7.130288e-01	3.088071e+00	9.804277e-01	7.190550e-02	5.760700e-01	1.925398e-02	4.157553e+00	3.969126e+00	1.008228e+00	9.513538e+00	6.986436e-01	2.455735e-01	2.193910e+00	8.252840e-01	1.042613e+00	7.131116e+01	1.415131e+02	3.012454e-01	7.172893e-02	1.723904e+03	
43  105.028	2.254894e+00	1.307790e-01	6.959009e-01	3.083664e+00	9.822306e-01	6.840348e-02	4.648689e-01	3.230529e-02	4.122942e+00	3.026587e+00	1.004459e+00	9.256231e+00	6.821458e-01	2.454673e-01	2.185499e+00	8.187218e-01	1.043070e+00	6.959840e+01	1.420100e+02	3.177048e-01	5.850112e-02	2.089380e+03	
31  105.003	2.254894e+00	1.307790e-01	6.959009e-01	3.083664e+00	9.822306e-01	6.840348e-02	4.648689e-01	3.230529e-02	4.122942e+00	3.026587e+00	1.004647e+00	9.256231e+00	6.821458e-01	2.454673e-01	2.185499e+00	8.187218e-01	1.043070e+00	6.959840e+01	1.420100e+02	3.177048e-01	5.850112e-02	2.089380e+03	
1  105.291	2.258757e+00	1.359615e-01	7.054326e-01	3.060056e+00	9.843680e-01	6.261030e-02	6.857704e-01	4.892426e-02	4.191627e+00	4.397124e+00	9.987955e-01	8.788324e+00	6.800801e-01	2.454872e-01	2.133821e+00	7.991837e-01	1.043496e+00	7.054070e+01	1.397740e+02	3.199424e-01	8.429778e-02	1.668160e+03	
6  105.278	2.259851e+00	1.324903e-01	7.056361e-01	3.037664e+00	9.713390e-01	5.522521e-02	6.108388e-01	1.766910e-02	4.322592e+00	2.919680e+00	9.992596e-01	7.983808e+00	6.881403e-01	2.454910e-01	2.085200e+00	8.163095e-01	1.042637e+00	7.057938e+01	1.408905e+02	3.123005e-01	7.593750e-02	3.306804e+03	
39  101.916	2.288817e+00	1.316098e-01	7.250163e-01	3.039632e+00	9.745705e-01	6.177235e-02	7.197031e-01	1.451235e-02	4.057973e+00	2.128201e+00	9.981065e-01	8.565521e+00	7.051364e-01	2.456140e-01	2.089754e+00	8.138008e-01	1.042966e+00	7.251833e+01	1.403113e+02	2.948751e-01	8.820117e-02	2.374905e+03	
33  102.175	2.288817e+00	1.316098e-01	7.250163e-01	3.039632e+00	9.745705e-01	6.177235e-02	7.197031e-01	1.451235e-02	4.057973e+00	2.128201e+00	1.000169e+00	8.565521e+00	7.051364e-01	2.456140e-01	2.089754e+00	8.138008e-01	1.042966e+00	7.251833e+01	1.403113e+02	2.948751e-01	8.820117e-02	2.374905e+03	
32  102.175	2.288817e+00	1.316098e-01	7.250163e-01	3.039632e+00	9.745705e-01	6.177235e-02	7.197031e-01	1.451235e-02	4.057973e+00	2.128201e+00	9.974275e-01	8.565521e+00	7.051364e-01	2.456140e-01	2.089754e+00	8.138008e-01	1.042966e+00	7.251833e+01	1.403113e+02	2.948751e-01	8.820117e-02	2.374905e+03	
1  102.798	2.332664e+00	1.325150e-01	7.325808e-01	3.031948e+00	9.797540e-01	5.681910e-02	7.796487e-01	2.176354e-02	4.197807e+00	2.944180e+00	9.985819e-01	7.989066e+00	7.087042e-01	2.457895e-01	2.074407e+00	8.055688e-01	1.042861e+00	7.327494e+01	1.393961e+02	2.913862e-01	9.480607e-02	2.507220e+03	
5  103.232	2.332664e+00	1.325150e-01	7.325808e-01	3.031948e+00	9.797540e-01	5.681910e-02	7.796487e-01	2.176354e-02	4.197807e+00	2.944180e+00	9.978296e-01	7.989066e+00	7.087042e-01	2.457895e-01	2.074407e+00	8.055688e-01	1.042861e+00	7.327494e+01	1.393961e+02	2.913862e-01	9.480607e-02	2.507220e+03	
17  102.852	2.291874e+00	1.319560e-01	7.156446e-01	3.049978e+00	9.658333e-01	6.308165e-02	6.369855e-01	1.204558e-02	4.036259e+00	2.026671e+00	9.968475e-01	8.684143e+00	6.967010e-01	2.456269e-01	2.110887e+00	8.208598e-01	1.043179e+00	7.158247e+01	1.405710e+02	3.033671e-01	7.886498e-02	2.348755e+03	
11  103.406	2.291874e+00	1.319560e-01	7.156446e-01	3.049978e+00	9.658333e-01	6.308165e-02	6.369855e-01	1.204558e-02	4.036259e+00	2.026671e+00	1.001103e+00	8.684143e+00	6.967010e-01	2.456269e-01	2.110887e+00	8.208598e-01	1.043179e+00	7.158247e+01	1.405710e+02	3.033671e-01	7.886498e-02	2.348755e+03	
77  102.398	2.291874e+00	1.319560e-01	7.156446e-01	3.049978e+00	9.658333e-01	6.308165e-02	6.369855e-01	1.204558e-02	4.036259e+00	2.026671e+00	9.994154e-01	8.684143e+00	6.967010e-01	2.456269e-01	2.110887e+00	8.208598e-01	1.043179e+00	7.158247e+01	1.405710e+02	3.033671e-01	7.886498e-02	2.348755e+03	
11  103.875	2.291874e+00	1.319560e-01	7.156446e-01	3.049978e+00	9.658333e-01	6.308165e-02	6.369855e-01	1.204558e-02	4.036259e+00	2.026671e+00	9.956714e-01	8.684143e+00	6.967010e-01	2.456269e-01	2.110887e+00	8.208598e-01	1.043179e+00	7.158247e+01	1.405710e+02	3.033671e-01	7.886498e-02	2.348755e+03	
11  102.704	2.291874e+00	1.319560e-01	7.156446e-01	3.049978e+00	9.658333e-01	6.308165e-02	6.369855e-01	1.204558e-02	4.036259e+00	2.026671e+00	1.000138e+00	8.684143e+00	6.967010e-01	2.456269e-01	2.110887e+00	8.208598e-01	1.043179e+00	7.158247e+01	1.405710e+02	3.033671e-01	7.886498e-02	2.348755e+03	
33  102.284	2.291874e+00	1.319560e-01	7.156446e-01	3.049978e+00	9.658333e-01	6.308165e-02	6.369855e-01	1.204558e-02	4.036259e+00	2.026671e+00	9.987394e-01	8.684143e+00	6.967010e-01	2.456269e-01	2.110887e+00	8.208598e-01	1.043179e+00	7.158247e+01	1.405710e+02	3.033671e-01	7.886498e-02	2.348755e+03	
33  102.467	2.291874e+00	1.319560e-01	7.156446e-01	3.049978e+00	9.658333e-01	6.308165e-02	6.369855e-01	1.204558e-02	4.036259e+00	2.026671e+00	9.996265e-01	8.684143e+00	6.967010e-01	2.456269e-01	2.110887e+00	8.208598e-01	1.043179e+00	7.158247e+01	1.405710e+02	3.033671e-01	7.886498e-02	2.348755e+03	
17  102.416	2.291874e+00	1.319560e-01	7.156446e-01	3.049978e+00	9.658333e-01	6.308165e-02	6.369855e-01	1.204558e-02	4.036259e+00	2.026671e+00	9.977486e-01	8.684143e+00	6.967010e-01	2.456269e-01	2.110887e+00	8.208598e-01	1.043179e+00	7.158247e+01	1.405710e+02	3.033671e-01	7.886498e-02	2.348755e+03	
16  102.302	2.268017e+00	1.345160e-01	6.892209e-01	3.056688e+00	9.607397e-01	5.725900e-02	5.106282e-01	3.860618e-02	4.123056e+00	2.145505e+00	9.981058e-01	8.192710e+00	6.683816e-01	2.455255e-01	2.125484e+00	8.071527e-01	1.042759e+00	6.892764e+01	1.407851e+02	3.317343e-01	6.400201e-02	2.747152e+03	
22  103.876	2.268017e+00	1.345160e-01	6.892209e-01	3.056688e+00	9.607397e-01	5.725900e-02	5.106282e-01	3.860618e-02	4.123056e+00	2.145505e+00	1.001278e+00	8.192710e+00	6.683816e-01	2.455255e-01	2.125484e+00	8.071527e-01	1.042759e+00	6.892764e+01	1.407851e+02	3.317343e-01	6.400201e-02	2.747152e+03	
11  103.081	2.268017e+00	1.345160e-01	6.892209e-01	3.056688e+00	9.607397e-01	5.725900e-02	5.106282e-01	3.860618e-02	4.123056e+00	2.145505e+00	1.000406e+00	8.192710e+00	6.683816e-01	2.455255e-01	2.125484e+00	8.071527e-01	1.042759e+00	6.892764e+01	1.407851e+02	3.317343e-01	6.400201e-02	2.747152e+03	
22  102.933	2.268017e+00	1.345160e-01	6.892209e-01	3.056688e+00	9.607397e-01	5.725900e-02	5.106282e-01	3.860618e-02	4.123056e+00	2.145505e+00	9.964589e-01	8.192710e+00	6.683816e-01	2.455255e-01	2.125484e+00	8.071527e-01	1.042759e+00	6.892764e+01	1.407851e+02	3.317343e-01	6.400201e-02	2.747152e+03	
22  102.666	2.268017e+00	1.345160e-01	6.892209e-01	3.056688e+00	9.607397e-01	5.725900e-02	5.106282e-01	3.860618e-02	4.123056e+00	2.145505e+00	9.968963e-01	8.192710e+00	6.683816e-01	2.455255e-01	2.125484e+00	8.071527e-01	1.042759e+00	6.892764e+01	1.407851e+02	3.317343e-01	6.400201e-02	2.747152e+03	
33  102.294	2.268017e+00	1.345160e-01	6.892209e-01	3.056688e+00	9.607397e-01	5.725900e-02	5.106282e-01	3.860618e-02	4.123056e+00	2.145505e+00	9.983833e-01	8.192710e+00	6.683816e-01	2.455255e-01	2.125484e+00	8.071527e-01	1.042759e+00	6.892764e+01	1.407851e+02	3.317343e-01	6.400201e-02	2.747152e+03	
22  102.298	2.268017e+00	1.345160e-01	6.892209e-01	3.056688e+00	9.607397e-01	5.725900e-02	5.106282e-01	3.860618e-02	4.123056e+00	2.145505e+00	9.981730e-01	8.192710e+00	6.683816e-01	2.455255e-01	2.125484e+00	8.071527e-01	1.042759e+00	6.892764e+01	1.407851e+02	3.317343e-01	6.400201e-02	2.747152e+03	
21  102.786	2.268017e+00	1.345160e-01	6.892209e-01	3.056688e+00	9.607397e-01	5.725900e-02	5.106282e-01	3.860618e-02	4.123056e+00	2.145505e+00	9.999701e-01	8.192710e+00	6.683816e-01	2.455255e-01	2.125484e+00	8.071527e-01	1.042759e+00	6.892764e+01	1.407851e+02	3.317343e-01	6.400201e-02	2.747152e+03	
12  105.539	2.253608e+00	1.366650e-01	6.888406e-01	3.068496e+00	9.666138e-01	5.752014e-02	5.700843e-01	5.704943e-02	4.244141e+00	3.908211e+00	1.002991e+00	8.285270e+00	6.631464e-01	2.454607e-01	2.152089e+00	7.971463e-01	1.043191e+00	6.887031e+01	1.401738e+02	3.367319e-01	7.087431e-02	2.140914e+03	
2  104.587	2.253608e+00	1.366650e-01	6.888406e-01	3.068496e+00	9.666138e-01	5.752014e-02	5.700843e-01	5.704943e-02	4.244141e+00	3.908211e+00	1.001168e+00	8.285270e+00	6.631464e-01	2.454607e-01	2.152089e+00	7.971463e-01	1.043191e+00	6.887031e+01	1.401738e+02	3.367319e-01	7.087431e-02	2.140914e+03	
9  102.968	2.292940e+00	1.396527e-01	7.061999e-01	3.076354e+00	9.787611e-01	6.119855e-02	7.426969e-01	6.831065e-02	4.373463e+00	4.888200e+00	1.001444e+00	8.622289e+00	6.727082e-01	2.456191e-01	2.168586e+00	7.981030e-01	1.044395e+00	7.061645e+01	1.383620e+02	3.272899e-01	9.070525e-02	2.225883e+03	
1  102.972	2.292940e+00	1.396527e-01	7.061999e-01	3.076354e+00	9.787611e-01	6.119855e-02	7.426969e-01	6.831065e-02	4.373463e+00	4.888200e+00	1.001410e+00	8.622289e+00	6.727082e-01	2.456191e-01	2.168586e+00	7.981030e-01	1.044395e+00	7.061645e+01	1.383620e+02	3.272899e-01	9.070525e-02	2.225883e+03	
10  102.905	2.299149e+00	1.409179e-01	7.058030e-01	3.078221e+00	9.798219e-01	6.243241e-02	7.655583e-01	7.176403e-02	4.418698e+00	5.975808e+00	1.000026e+00	8.755347e+00	6.696100e-01	2.456480e-01	2.172063e+00	7.952129e-01	1.044494e+00	7.058445e+01	1.379303e+02	3.302715e-01	9.324386e-02	1.967533e+03	
33  103.389	2.299149e+00	1.409179e-01	7.058030e-01	3.078221e+00	9.798219e-01	6.243241e-02	7.655583e-01	7.176403e-02	4.418698e+00	5.975808e+00	9.977176e-01	8.755347e+00	6.696100e-01	2.456480e-01	2.172063e+00	7.952129e-01	1.044494e+00	7.058445e+01	1.379303e+02	3.302715e-01	9.324386e-02	1.967533e+03	
33  103.05	2.299149e+00	1.409179e-01	7.058030e-01	3.078221e+00	9.798219e-01	6.243241e-02	7.655583e-01	7.176403e-02	4.418698e+00	5.975808e+00	1.000505e+00	8.755347e+00	6.696100e-01	2.456480e-01	2.172063e+00	7.952129e-01	1.044494e+00	7.058445e+01	1.379303e+02	3.302715e-01	9.324386e-02	1.967533e+03	
9  103.621	2.299149e+00	1.409179e-01	7.058030e-01	3.078221e+00	9.798219e-01	6.243241e-02	7.655583e-01	7.176403e-02	4.418698e+00	5.975808e+00	1.001510e+00	8.755347e+00	6.696100e-01	2.456480e-01	2.172063e+00	7.952129e-01	1.044494e+00	7.058445e+01	1.379303e+02	3.302715e-01	9.324386e-02	1.967533e+03	
5  102.633	2.312096e+00	1.351108e-01	6.986634e-01	3.080695e+00	9.789196e-01	6.155658e-02	5.433181e-01	6.096856e-02	4.221545e+00	3.687681e+00	1.004605e+00	8.525206e+00	6.748773e-01	2.457011e-01	2.178391e+00	7.996914e-01	1.043849e+00	6.987204e+01	1.400470e+02	3.252093e-01	6.788883e-02	2.156313e+03	
27  103.204	2.294022e+00	1.347993e-01	6.939330e-01	3.081129e+00	9.763942e-01	6.293310e-02	5.073365e-01	5.405102e-02	4.365703e+00	4.943024e+00	1.003322e+00	8.694164e+00	6.713138e-01	2.456243e-01	2.178968e+00	8.058457e-01	1.043854e+00	6.939796e+01	1.404671e+02	3.287178e-01	6.368423e-02	2.174056e+03	
11  103.966	2.315816e+00	1.369937e-01	7.167584e-01	3.074657e+00	9.786814e-01	6.635902e-02	7.597175e-01	5.250465e-02	4.371537e+00	5.929385e+00	1.002188e+00	9.033736e+00	6.869602e-01	2.457193e-01	2.164041e+00	8.002850e-01	1.043716e+00	7.168061e+01	1.386522e+02	3.129131e-01	9.272277e-02	1.778590e+03	
3  102.826	2.255103e+00	1.332142e-01	7.008356e-01	3.064862e+00	9.693176e-01	6.400902e-02	5.786709e-01	3.220615e-02	4.479070e+00	7.158434e+00	1.000890e+00	8.873978e+00	6.812853e-01	2.454675e-01	2.142435e+00	8.101350e-01	1.043113e+00	7.008697e+01	1.409054e+02	3.184622e-01	7.227599e-02	1.872336e+03	
44  102.297	2.255103e+00	1.332142e-01	7.008356e-01	3.064862e+00	9.693176e-01	6.400902e-02	5.786709e-01	3.220615e-02	4.479070e+00	7.158434e+00	9.982476e-01	8.873978e+00	6.812853e-01	2.454675e-01	2.142435e+00	8.101350e-01	1.043113e+00	7.008697e+01	1.409054e+02	3.184622e-01	7.227599e-02	1.872336e+03	
11  102.377	2.255103e+00	1.332142e-01	7.008356e-01	3.064862e+00	9.693176e-01	6.400902e-02	5.786709e-01	3.220615e-02	4.479070e+00	7.158434e+00	1.000035e+00	8.873978e+00	6.812853e-01	2.454675e-01	2.142435e+00	8.101350e-01	1.043113e+00	7.008697e+01	1.409054e+02	3.184622e-01	7.227599e-02	1.872336e+03	
11  102.52	2.255103e+00	1.332142e-01	7.008356e-01	3.064862e+00	9.693176e-01	6.400902e-02	5.786709e-01	3.220615e-02	4.479070e+00	7.158434e+00	1.000366e+00	8.873978e+00	6.812853e-01	2.454675e-01	2.142435e+00	8.101350e-01	1.043113e+00	7.008697e+01	1.409054e+02	3.184622e-01	7.227599e-02	1.872336e+03	
22  102.228	2.255103e+00	1.332142e-01	7.008356e-01	3.064862e+00	9.693176e-01	6.400902e-02	5.786709e-01	3.220615e-02	4.479070e+00	7.158434e+00	9.985489e-01	8.873978e+00	6.812853e-01	2.454675e-01	2.142435e+00	8.101350e-01	1.043113e+00	7.008697e+01	1.409054e+02	3.184622e-01	7.227599e-02	1.872336e+03	
6  104.886	2.255103e+00	1.332142e-01	7.008356e-01	3.064862e+00	9.693176e-01	6.400902e-02	5.786709e-01	3.220615e-02	4.479070e+00	7.158434e+00	9.951985e-01	8.873978e+00	6.812853e-01	2.454675e-01	2.142435e+00	8.101350e-01	1.043113e+00	7.008697e+01	1.409054e+02	3.184622e-01	7.227599e-02	1.872336e+03	
5  107.415	2.303051e+00	1.351866e-01	7.098951e-01	3.052257e+00	9.667760e-01	5.686715e-02	6.729721e-01	3.179603e-02	4.443670e+00	6.508203e+00	9.960014e-01	8.083406e+00	6.846301e-01	2.456676e-01	2.116706e+00	8.073690e-01	1.043175e+00	7.100031e+01	1.395623e+02	3.153040e-01	8.298434e-02	1.896831e+03	
3  105.374	2.303051e+00	1.351866e-01	7.098951e-01	3.052257e+00	9.667760e-01	5.686715e-02	6.729721e-01	3.179603e-02	4.443670e+00	6.508203e+00	9.982846e-01	8.083406e+00	6.846301e-01	2.456676e-01	2.116706e+00	8.073690e-01	1.043175e+00	7.100031e+01	1.395623e+02	3.153040e-01	8.298434e-02	1.896831e+03	
8  104.434	2.304408e+00	1.302672e-01	7.110598e-01	3.055981e+00	9.727725e-01	6.499587e-02	5.427885e-01	3.401805e-02	4.243129e+00	5.311858e+00	9.946279e-01	8.794655e+00	6.954801e-01	2.456748e-01	2.124111e+00	7.951589e-01	1.042998e+00	7.110442e+01	1.412445e+02	3.044074e-01	6.799587e-02	1.522910e+03	
22  104.634	2.304408e+00	1.302672e-01	7.110598e-01	3.055981e+00	9.727725e-01	6.499587e-02	5.427885e-01	3.401805e-02	4.243129e+00	5.311858e+00	9.938746e-01	8.794655e+00	6.954801e-01	2.456748e-01	2.124111e+00	7.951589e-01	1.042998e+00	7.110442e+01	1.412445e+02	3.044074e-01	6.799587e-02	1.522910e+03	
21  104.893	2.304408e+00	1.302672e-01	7.110598e-01	3.055981e+00	9.727725e-01	6.499587e-02	5.427885e-01	3.401805e-02	4.243129e+00	5.311858e+00	9.933556e-01	8.794655e+00	6.954801e-01	2.456748e-01	2.124111e+00	7.951589e-01	1.042998e+00	7.110442e+01	1.412445e+02	3.044074e-01	6.799587e-02	1.522910e+03	
11  105.537	2.320241e+00	1.271019e-01	7.093892e-01	3.048958e+00	9.778872e-01	6.532372e-02	4.358088e-01	2.521402e-02	4.125446e+00	3.092814e+00	9.916444e-01	8.735590e+00	7.001288e-01	2.457410e-01	2.110139e+00	7.975290e-01	1.042502e+00	7.094786e+01	1.423129e+02	2.995593e-01	5.522899e-02	2.069104e+03	
10  105.583	2.297084e+00	1.305228e-01	7.168177e-01	3.063576e+00	9.825239e-01	7.033116e-02	6.015691e-01	2.311071e-02	4.156803e+00	5.190078e+00	9.945663e-01	9.332489e+00	6.999127e-01	2.456464e-01	2.140701e+00	8.113681e-01	1.043183e+00	7.168996e+01	1.410134e+02	3.001671e-01	7.470410e-02	1.279126e+03	
2  105.798	2.290335e+00	1.279261e-01	7.129935e-01	3.056599e+00	9.783386e-01	7.087128e-02	5.179634e-01	8.430705e-03	3.838234e+00	8.397234e+00	9.929947e-01	9.334383e+00	7.014567e-01	2.456092e-01	2.124971e+00	8.155733e-01	1.042496e+00	7.131165e+01	1.420574e+02	2.985385e-01	6.487846e-02	4.213723e+02	
11  106.403	2.290335e+00	1.279261e-01	7.129935e-01	3.056599e+00	9.783386e-01	7.087128e-02	5.179634e-01	8.430705e-03	3.838234e+00	8.397234e+00	1.001207e+00	9.334383e+00	7.014567e-01	2.456092e-01	2.124971e+00	8.155733e-01	1.042496e+00	7.131165e+01	1.420574e+02	2.985385e-01	6.487846e-02	4.213723e+02	
6  103.808	2.290335e+00	1.279261e-01	7.129935e-01	3.056599e+00	9.783386e-01	7.087128e-02	5.179634e-01	8.430705e-03	3.838234e+00	8.397234e+00	9.989806e-01	9.334383e+00	7.014567e-01	2.456092e-01	2.124971e+00	8.155733e-01	1.042496e+00	7.131165e+01	1.420574e+02	2.985385e-01	6.487846e-02	4.213723e+02	
5  103.937	2.266036e+00	1.237937e-01	7.046379e-01	3.064310e+00	9.756750e-01	7.209023e-02	3.538337e-01	6.978518e-03	3.635457e+00	8.677769e+00	1.001554e+00	9.424974e+00	7.035527e-01	2.455014e-01	2.141061e+00	8.099993e-01	1.041985e+00	7.044312e+01	1.440927e+02	2.965550e-01	4.526386e-02	2.353107e+02	
11  104.095	2.266036e+00	1.237937e-01	7.046379e-01	3.064310e+00	9.756750e-01	7.209023e-02	3.538337e-01	6.978518e-03	3.635457e+00	8.677769e+00	1.001758e+00	9.424974e+00	7.035527e-01	2.455014e-01	2.141061e+00	8.099993e-01	1.041985e+00	7.044312e+01	1.440927e+02	2.965550e-01	4.526386e-02	2.353107e+02	
31  103.54	2.266036e+00	1.237937e-01	7.046379e-01	3.064310e+00	9.756750e-01	7.209023e-02	3.538337e-01	6.978518e-03	3.635457e+00	8.677769e+00	1.000922e+00	9.424974e+00	7.035527e-01	2.455014e-01	2.141061e+00	8.099993e-01	1.041985e+00	7.044312e+01	1.440927e+02	2.965550e-01	4.526386e-02	2.353107e+02	
2  105.892	2.257660e+00	1.263804e-01	7.011888e-01	3.062188e+00	9.732755e-01	6.492253e-02	3.780131e-01	2.492675e-02	3.302208e+00	7.600662e+00	1.002491e+00	8.831801e+00	6.953371e-01	2.454650e-01	2.138169e+00	7.750678e-01	1.042983e+00	7.002898e+01	1.434656e+02	3.051223e-01	4.796099e-02	3.654272e+01	
11  110.087	2.257660e+00	1.263804e-01	7.011888e-01	3.062188e+00	9.732755e-01	6.492253e-02	3.780131e-01	2.492675e-02	3.302208e+00	7.600662e+00	1.005401e+00	8.831801e+00	6.953371e-01	2.454650e-01	2.138169e+00	7.750678e-01	1.042983e+00	7.002898e+01	1.434656e+02	3.051223e-01	4.796099e-02	3.654272e+01	
6  104.798	2.257660e+00	1.263804e-01	7.011888e-01	3.062188e+00	9.732755e-01	6.492253e-02	3.780131e-01	2.492675e-02	3.302208e+00	7.600662e+00	1.000642e+00	8.831801e+00	6.953371e-01	2.454650e-01	2.138169e+00	7.750678e-01	1.042983e+00	7.002898e+01	1.434656e+02	3.051223e-01	4.796099e-02	3.654272e+01	
16  104.14	2.293340e+00	1.252137e-01	7.156146e-01	3.048273e+00	9.813295e-01	5.993847e-02	4.271526e-01	2.269959e-02	3.572120e+00	9.350397e+00	1.001309e+00	8.240772e+00	7.095107e-01	2.456125e-01	2.108617e+00	7.762337e-01	1.043397e+00	7.149789e+01	1.431343e+02	2.906103e-01	5.400349e-02	1.532036e+02	
5  105.69	2.293340e+00	1.252137e-01	7.156146e-01	3.048273e+00	9.813295e-01	5.993847e-02	4.271526e-01	2.269959e-02	3.572120e+00	9.350397e+00	9.976059e-01	8.240772e+00	7.095107e-01	2.456125e-01	2.108617e+00	7.762337e-01	1.043397e+00	7.149789e+01	1.431343e+02	2.906103e-01	5.400349e-02	1.532036e+02	
27  107.147	2.277773e+00	1.267948e-01	7.006129e-01	3.061658e+00	9.836065e-01	6.421597e-02	3.346210e-01	2.911099e-02	3.762192e+00	1.132563e+01	9.946825e-01	8.717725e+00	6.943288e-01	2.455452e-01	2.135315e+00	7.834141e-01	1.044157e+00	7.003747e+01	1.433423e+02	3.058734e-01	4.266988e-02	2.378160e+02	
1  107.907	2.256905e+00	1.298215e-01	6.858502e-01	3.059608e+00	9.785997e-01	6.464171e-02	3.379295e-01	2.880568e-02	3.830459e+00	1.316673e+01	9.910263e-01	8.865539e+00	6.748197e-01	2.454554e-01	2.130366e+00	7.912335e-01	1.043347e+00	6.857123e+01	1.428209e+02	3.254170e-01	4.279300e-02	2.707352e+02	
11  107.522	2.256905e+00	1.298215e-01	6.858502e-01	3.059608e+00	9.785997e-01	6.464171e-02	3.379295e-01	2.880568e-02	3.830459e+00	1.316673e+01	9.913891e-01	8.865539e+00	6.748197e-01	2.454554e-01	2.130366e+00	7.912335e-01	1.043347e+00	6.857123e+01	1.428209e+02	3.254170e-01	4.279300e-02	2.707352e+02	
11  106.216	2.256905e+00	1.298215e-01	6.858502e-01	3.059608e+00	9.785997e-01	6.464171e-02	3.379295e-01	2.880568e-02	3.830459e+00	1.316673e+01	9.943352e-01	8.865539e+00	6.748197e-01	2.454554e-01	2.130366e+00	7.912335e-01	1.043347e+00	6.857123e+01	1.428209e+02	3.254170e-01	4.279300e-02	2.707352e+02	
22  106.337	2.256905e+00	1.298215e-01	6.858502e-01	3.059608e+00	9.785997e-01	6.464171e-02	3.379295e-01	2.880568e-02	3.830459e+00	1.316673e+01	9.932075e-01	8.865539e+00	6.748197e-01	2.454554e-01	2.130366e+00	7.912335e-01	1.043347e+00	6.857123e+01	1.428209e+02	3.254170e-01	4.279300e-02	2.707352e+02	
37  106.324	2.256905e+00	1.298215e-01	6.858502e-01	3.059608e+00	9.785997e-01	6.464171e-02	3.379295e-01	2.880568e-02	3.830459e+00	1.316673e+01	9.948623e-01	8.865539e+00	6.748197e-01	2.454554e-01	2.130366e+00	7.912335e-01	1.043347e+00	6.857123e+01	1.428209e+02	3.254170e-01	4.279300e-02	2.707352e+02	
7  106.286	2.263494e+00	1.278497e-01	6.869433e-01	3.066924e+00	9.847437e-01	6.872372e-02	2.851449e-01	3.040929e-02	3.466452e+00	1.180599e+01	9.954335e-01	9.216517e+00	6.801034e-01	2.454751e-01	2.147091e+00	7.768963e-01	1.043218e+00	6.862995e+01	1.434849e+02	3.205190e-01	3.612220e-02	4.242603e+01	
5  106.722	2.263494e+00	1.278497e-01	6.869433e-01	3.066924e+00	9.847437e-01	6.872372e-02	2.851449e-01	3.040929e-02	3.466452e+00	1.180599e+01	9.968486e-01	9.216517e+00	6.801034e-01	2.454751e-01	2.147091e+00	7.768963e-01	1.043218e+00	6.862995e+01	1.434849e+02	3.205190e-01	3.612220e-02	4.242603e+01	
6  106.598	2.238189e+00	1.260197e-01	6.942483e-01	3.029627e+00	9.736176e-01	6.050553e-02	3.462387e-01	7.563088e-03	3.183426e+00	1.105554e+01	9.936584e-01	8.440167e+00	6.908104e-01	2.453700e-01	2.072077e+00	7.934386e-01	1.042166e+00	6.926984e+01	1.439449e+02	3.096302e-01	4.359308e-02	-8.675610e+01	
5  106.663	2.238189e+00	1.260197e-01	6.942483e-01	3.029627e+00	9.736176e-01	6.050553e-02	3.462387e-01	7.563088e-03	3.183426e+00	1.105554e+01	9.931163e-01	8.440167e+00	6.908104e-01	2.453700e-01	2.072077e+00	7.934386e-01	1.042166e+00	6.926984e+01	1.439449e+02	3.096302e-01	4.359308e-02	-8.675610e+01	
15  105.093	2.229348e+00	1.269051e-01	6.981934e-01	3.037663e+00	9.697428e-01	6.299234e-02	4.209585e-01	2.814435e-03	3.719423e+00	1.064131e+01	9.955464e-01	8.706394e+00	6.920151e-01	2.453463e-01	2.085455e+00	8.167713e-01	1.042073e+00	6.978752e+01	1.434173e+02	3.081066e-01	5.320870e-02	2.797554e+02	
2  107.05	2.269629e+00	1.281934e-01	7.223257e-01	3.014782e+00	9.828071e-01	6.166980e-02	6.244255e-01	8.941168e-03	4.003306e+00	8.546164e+00	9.904929e-01	8.523367e+00	7.090568e-01	2.455225e-01	2.038687e+00	8.001173e-01	1.042533e+00	7.224764e+01	1.417451e+02	2.908966e-01	7.734570e-02	5.865164e+02	
1  107.102	2.269629e+00	1.281934e-01	7.223257e-01	3.014782e+00	9.828071e-01	6.166980e-02	6.244255e-01	8.941168e-03	4.003306e+00	8.546164e+00	9.909151e-01	8.523367e+00	7.090568e-01	2.455225e-01	2.038687e+00	8.001173e-01	1.042533e+00	7.224764e+01	1.417451e+02	2.908966e-01	7.734570e-02	5.865164e+02	
27  107.366	2.293215e+00	1.336925e-01	7.317482e-01	3.011781e+00	9.854777e-01	5.581673e-02	8.304327e-01	2.953388e-02	4.338776e+00	6.151285e+00	9.925934e-01	7.994218e+00	7.063250e-01	2.456316e-01	2.033201e+00	7.894291e-01	1.043212e+00	7.316962e+01	1.393204e+02	2.937817e-01	1.004303e-01	1.576855e+03	
17  108.992	2.313986e+00	1.430342e-01	7.448353e-01	3.047215e+00	9.924449e-01	7.214167e-02	1.208777e+00	4.251787e-02	4.641708e+00	6.877528e+00	9.934035e-01	9.720340e+00	6.990792e-01	2.457051e-01	2.104900e+00	8.135018e-01	1.043327e+00	7.448315e+01	1.355216e+02	3.008751e-01	1.393780e-01	2.748171e+03	
3  108.294	2.309663e+00	1.370077e-01	7.428638e-01	3.066096e+00	9.840040e-01	8.295769e-02	1.048164e+00	8.033439e-03	4.467733e+00	4.728253e+00	9.966838e-01	1.059544e+01	7.086959e-01	2.456815e-01	2.145916e+00	8.407452e-01	1.042371e+00	7.426884e+01	1.375367e+02	2.914107e-01	1.228833e-01	2.839090e+03	
7  108.34	2.280637e+00	1.369316e-01	7.216859e-01	3.087085e+00	9.809607e-01	8.434394e-02	9.013805e-01	1.785968e-02	4.519465e+00	5.721697e+00	1.000470e+00	1.081212e+01	6.917526e-01	2.455593e-01	2.191136e+00	8.410718e-01	1.041773e+00	7.216927e+01	1.384318e+02	3.081026e-01	1.079009e-01	2.617374e+03	
11  108.564	2.280637e+00	1.369316e-01	7.216859e-01	3.087085e+00	9.809607e-01	8.434394e-02	9.013805e-01	1.785968e-02	4.519465e+00	5.721697e+00	9.993842e-01	1.081212e+01	6.917526e-01	2.455593e-01	2.191136e+00	8.410718e-01	1.041773e+00	7.216927e+01	1.384318e+02	3.081026e-01	1.079009e-01	2.617374e+03	
6  108.44	2.280637e+00	1.369316e-01	7.216859e-01	3.087085e+00	9.809607e-01	8.434394e-02	9.013805e-01	1.785968e-02	4.519465e+00	5.721697e+00	1.001239e+00	1.081212e+01	6.917526e-01	2.455593e-01	2.191136e+00	8.410718e-01	1.041773e+00	7.216927e+01	1.384318e+02	3.081026e-01	1.079009e-01	2.617374e+03	
5  107.402	2.297138e+00	1.397463e-01	7.301602e-01	3.081955e+00	9.818023e-01	8.117852e-02	1.009104e+00	3.248162e-02	4.536126e+00	6.235075e+00	9.997494e-01	1.054021e+01	6.933388e-01	2.456313e-01	2.179681e+00	8.295002e-01	1.042890e+00	7.301642e+01	1.371980e+02	3.064855e-01	1.192541e-01	2.454462e+03	
22  107.897	2.297138e+00	1.397463e-01	7.301602e-01	3.081955e+00	9.818023e-01	8.117852e-02	1.009104e+00	3.248162e-02	4.536126e+00	6.235075e+00	9.961350e-01	1.054021e+01	6.933388e-01	2.456313e-01	2.179681e+00	8.295002e-01	1.042890e+00	7.301642e+01	1.371980e+02	3.064855e-01	1.192541e-01	2.454462e+03	
11  107.18	2.297138e+00	1.397463e-01	7.301602e-01	3.081955e+00	9.818023e-01	8.117852e-02	1.009104e+00	3.248162e-02	4.536126e+00	6.235075e+00	9.973943e-01	1.054021e+01	6.933388e-01	2.456313e-01	2.179681e+00	8.295002e-01	1.042890e+00	7.301642e+01	1.371980e+02	3.064855e-01	1.192541e-01	2.454462e+03	
5  109.852	2.297138e+00	1.397463e-01	7.301602e-01	3.081955e+00	9.818023e-01	8.117852e-02	1.009104e+00	3.248162e-02	4.536126e+00	6.235075e+00	1.002263e+00	1.054021e+01	6.933388e-01	2.456313e-01	2.179681e+00	8.295002e-01	1.042890e+00	7.301642e+01	1.371980e+02	3.064855e-01	1.192541e-01	2.454462e+03	
15  110.062	2.291820e+00	1.425975e-01	7.254778e-01	3.074502e+00	9.857611e-01	7.515534e-02	1.033089e+00	4.882334e-02	4.668030e+00	9.045541e+00	1.000535e+00	1.006599e+01	6.841998e-01	2.456144e-01	2.162727e+00	8.178386e-01	1.043514e+00	7.259338e+01	1.365303e+02	3.154706e-01	1.221055e-01	2.269509e+03	
2  108.787	2.318399e+00	1.418854e-01	7.426249e-01	3.067416e+00	9.934344e-01	6.659471e-02	1.110639e+00	6.080096e-02	4.520280e+00	6.748114e+00	1.006523e+00	9.153569e+00	6.993216e-01	2.457337e-01	2.147853e+00	8.006182e-01	1.044483e+00	7.426176e+01	1.361085e+02	3.005718e-01	1.296561e-01	2.140007e+03	
21  104.525	2.318399e+00	1.418854e-01	7.426249e-01	3.067416e+00	9.934344e-01	6.659471e-02	1.110639e+00	6.080096e-02	4.520280e+00	6.748114e+00	1.000597e+00	9.153569e+00	6.993216e-01	2.457337e-01	2.147853e+00	8.006182e-01	1.044483e+00	7.426176e+01	1.361085e+02	3.005718e-01	1.296561e-01	2.140007e+03	
12  106.366	2.315494e+00	1.442212e-01	7.426839e-01	3.063980e+00	9.952149e-01	6.785294e-02	1.180429e+00	7.416099e-02	4.580698e+00	7.180164e+00	9.966004e-01	9.331617e+00	6.950544e-01	2.457197e-01	2.139725e+00	7.915184e-01	1.044569e+00	7.427477e+01	1.353549e+02	3.046730e-01	1.367373e-01	2.294151e+03	
22  106.615	2.315494e+00	1.442212e-01	7.426839e-01	3.063980e+00	9.952149e-01	6.785294e-02	1.180429e+00	7.416099e-02	4.580698e+00	7.180164e+00	9.960429e-01	9.331617e+00	6.950544e-01	2.457197e-01	2.139725e+00	7.915184e-01	1.044569e+00	7.427477e+01	1.353549e+02	3.046730e-01	1.367373e-01	2.294151e+03	
3  106.315	2.315494e+00	1.442212e-01	7.426839e-01	3.063980e+00	9.952149e-01	6.785294e-02	1.180429e+00	7.416099e-02	4.580698e+00	7.180164e+00	9.982923e-01	9.331617e+00	6.950544e-01	2.457197e-01	2.139725e+00	7.915184e-01	1.044569e+00	7.427477e+01	1.353549e+02	3.046730e-01	1.367373e-01	2.294151e+03	
35  106.615	2.347411e+00	1.459195e-01	7.610288e-01	3.066150e+00	9.947102e-01	6.934439e-02	1.339224e+00	6.679964e-02	4.685505e+00	7.344004e+00	9.998865e-01	9.422947e+00	7.061423e-01	2.458424e-01	2.144886e+00	8.034033e-01	1.045394e+00	7.608258e+01	1.340902e+02	2.938037e-01	1.521030e-01	2.803449e+03	
6  106.759	2.319279e+00	1.406402e-01	7.504106e-01	3.062293e+00	9.872837e-01	6.251220e-02	1.118780e+00	5.625405e-02	4.465438e+00	6.594074e+00	1.004521e+00	8.731399e+00	7.078161e-01	2.457442e-01	2.136483e+00	7.972308e-01	1.045155e+00	7.502897e+01	1.363316e+02	2.920868e-01	1.304555e-01	1.937335e+03	
25  107.198	2.319279e+00	1.406402e-01	7.504106e-01	3.062293e+00	9.872837e-01	6.251220e-02	1.118780e+00	5.625405e-02	4.465438e+00	6.594074e+00	1.005266e+00	8.731399e+00	7.078161e-01	2.457442e-01	2.136483e+00	7.972308e-01	1.045155e+00	7.502897e+01	1.363316e+02	2.920868e-01	1.304555e-01	1.937335e+03	
29  105.441	2.318474e+00	1.426686e-01	7.455914e-01	3.077172e+00	9.876322e-01	6.661751e-02	1.131513e+00	6.094597e-02	4.483536e+00	5.455908e+00	1.005917e+00	9.164460e+00	7.001755e-01	2.457274e-01	2.169154e+00	8.082145e-01	1.045401e+00	7.453615e+01	1.358582e+02	2.997320e-01	1.316450e-01	2.482805e+03	
12  104.838	2.332599e+00	1.430844e-01	7.512844e-01	3.057361e+00	9.837022e-01	6.231021e-02	1.195043e+00	5.773235e-02	4.477563e+00	5.263228e+00	1.002679e+00	8.715535e+00	7.036465e-01	2.457879e-01	2.126226e+00	8.010442e-01	1.044962e+00	7.510686e+01	1.353758e+02	2.962075e-01	1.379800e-01	2.542764e+03	
11  104.966	2.332599e+00	1.430844e-01	7.512844e-01	3.057361e+00	9.837022e-01	6.231021e-02	1.195043e+00	5.773235e-02	4.477563e+00	5.263228e+00	1.003133e+00	8.715535e+00	7.036465e-01	2.457879e-01	2.126226e+00	8.010442e-01	1.044962e+00	7.510686e+01	1.353758e+02	2.962075e-01	1.379800e-01	2.542764e+03	
11  104.936	2.332599e+00	1.430844e-01	7.512844e-01	3.057361e+00	9.837022e-01	6.231021e-02	1.195043e+00	5.773235e-02	4.477563e+00	5.263228e+00	1.001207e+00	8.715535e+00	7.036465e-01	2.457879e-01	2.126226e+00	8.010442e-01	1.044962e+00	7.510686e+01	1.353758e+02	2.962075e-01	1.379800e-01	2.542764e+03	
13  104.98	2.332599e+00	1.430844e-01	7.512844e-01	3.057361e+00	9.837022e-01	6.231021e-02	1.195043e+00	5.773235e-02	4.477563e+00	5.263228e+00	1.001084e+00	8.715535e+00	7.036465e-01	2.457879e-01	2.126226e+00	8.010442e-01	1.044962e+00	7.510686e+01	1.353758e+02	2.962075e-01	1.379800e-01	2.542764e+03	
9  108.26	2.272183e+00	1.380460e-01	7.327339e-01	3.043533e+00	9.862884e-01	6.275993e-02	9.324466e-01	4.284408e-02	4.372431e+00	7.009191e+00	9.945420e-01	8.833221e+00	6.996219e-01	2.455492e-01	2.096877e+00	7.985892e-01	1.044946e+00	7.327783e+01	1.381368e+02	3.004914e-01	1.114153e-01	1.468625e+03	
3  108.31	2.272183e+00	1.380460e-01	7.327339e-01	3.043533e+00	9.862884e-01	6.275993e-02	9.324466e-01	4.284408e-02	4.372431e+00	7.009191e+00	9.948923e-01	8.833221e+00	6.996219e-01	2.455492e-01	2.096877e+00	7.985892e-01	1.044946e+00	7.327783e+01	1.381368e+02	3.004914e-01	1.114153e-01	1.468625e+03	
4  108.658	2.288616e+00	1.316279e-01	7.231967e-01	3.044738e+00	9.818355e-01	6.803259e-02	6.739354e-01	1.069332e-02	3.642685e+00	5.735277e+00	9.933653e-01	9.167820e+00	7.028661e-01	2.456022e-01	2.101023e+00	8.168588e-01	1.043956e+00	7.236379e+01	1.405494e+02	2.970774e-01	8.290013e-02	3.786318e+02	
3  105.037	2.291467e+00	1.293528e-01	7.215125e-01	3.042902e+00	9.804111e-01	6.737297e-02	6.239855e-01	4.706316e-03	4.261021e+00	6.376401e+00	9.949760e-01	9.044554e+00	7.060428e-01	2.456220e-01	2.096776e+00	8.200582e-01	1.042837e+00	7.217169e+01	1.412497e+02	2.941120e-01	7.731082e-02	1.289887e+03	
2  104.032	2.279258e+00	1.318044e-01	7.337761e-01	3.062477e+00	9.829540e-01	7.489171e-02	8.024557e-01	1.131892e-02	3.967913e+00	6.027453e+00	9.987041e-01	9.864590e+00	7.115154e-01	2.455694e-01	2.138544e+00	8.222148e-01	1.043270e+00	7.342294e+01	1.400254e+02	2.886375e-01	9.713328e-02	7.173700e+02	
4  103.852	2.282398e+00	1.373771e-01	7.333398e-01	3.066653e+00	9.812835e-01	7.092207e-02	9.507080e-01	2.353585e-02	4.541333e+00	6.826151e+00	1.000789e+00	9.577791e+00	7.007019e-01	2.455778e-01	2.146874e+00	8.283384e-01	1.043761e+00	7.333162e+01	1.381062e+02	2.992455e-01	1.131938e-01	2.237854e+03	
6  103.721	2.289226e+00	1.372677e-01	7.192588e-01	3.073478e+00	9.710720e-01	7.884924e-02	8.336298e-01	2.200501e-02	4.424377e+00	4.768648e+00	9.936531e-01	1.028400e+01	6.890916e-01	2.455974e-01	2.161237e+00	8.323795e-01	1.043183e+00	7.192729e+01	1.385560e+02	3.108674e-01	1.008305e-01	2.569765e+03	
1  104.236	2.289226e+00	1.372677e-01	7.192588e-01	3.073478e+00	9.710720e-01	7.884924e-02	8.336298e-01	2.200501e-02	4.424377e+00	4.768648e+00	9.967166e-01	1.028400e+01	6.890916e-01	2.455974e-01	2.161237e+00	8.323795e-01	1.043183e+00	7.192729e+01	1.385560e+02	3.108674e-01	1.008305e-01	2.569765e+03	
4  104.71	2.251385e+00	1.309546e-01	7.063888e-01	3.072231e+00	9.715682e-01	7.804992e-02	5.674226e-01	9.587007e-03	4.146844e+00	5.165485e+00	9.975725e-01	1.018401e+01	6.908506e-01	2.454531e-01	2.158490e+00	8.310367e-01	1.043011e+00	7.065864e+01	1.415393e+02	3.092257e-01	7.068054e-02	1.285245e+03	
6  104.582	2.261662e+00	1.315181e-01	7.072473e-01	3.048516e+00	9.645564e-01	6.757230e-02	6.107667e-01	2.554198e-03	4.601737e+00	6.610850e+00	9.976563e-01	9.176483e+00	6.904773e-01	2.454926e-01	2.106273e+00	8.280132e-01	1.042138e+00	7.075084e+01	1.410943e+02	3.095246e-01	7.633022e-02	2.684928e+03	
15  103.959	2.261662e+00	1.315181e-01	7.072473e-01	3.048516e+00	9.645564e-01	6.757230e-02	6.107667e-01	2.554198e-03	4.601737e+00	6.610850e+00	9.963558e-01	9.176483e+00	6.904773e-01	2.454926e-01	2.106273e+00	8.280132e-01	1.042138e+00	7.075084e+01	1.410943e+02	3.095246e-01	7.633022e-02	2.684928e+03	
2  104.008	2.276057e+00	1.300199e-01	7.015843e-01	3.070148e+00	9.785620e-01	6.636386e-02	4.737802e-01	2.974962e-02	4.496503e+00	7.658599e+00	1.002588e+00	8.979960e+00	6.881620e-01	2.455565e-01	2.153869e+00	8.103862e-01	1.043102e+00	7.017724e+01	1.419073e+02	3.115702e-01	5.995730e-02	1.810776e+03	
6  105.389	2.283017e+00	1.297500e-01	7.142980e-01	3.074669e+00	9.931825e-01	7.223300e-02	5.587325e-01	2.442810e-02	4.264739e+00	4.972848e+00	1.002914e+00	9.527713e+00	6.997003e-01	2.455880e-01	2.165026e+00	8.196048e-01	1.043540e+00	7.143680e+01	1.415371e+02	3.004090e-01	6.976631e-02	1.703214e+03	
21  105.292	2.303907e+00	1.299886e-01	7.158245e-01	3.076444e+00	9.862272e-01	6.853511e-02	5.465476e-01	3.131112e-02	4.157401e+00	3.020975e+00	1.004970e+00	9.134236e+00	7.004578e-01	2.456739e-01	2.168668e+00	8.152295e-01	1.044005e+00	7.158810e+01	1.413079e+02	2.996208e-01	6.839418e-02	2.234342e+03	
11  105.323	2.303907e+00	1.299886e-01	7.158245e-01	3.076444e+00	9.862272e-01	6.853511e-02	5.465476e-01	3.131112e-02	4.157401e+00	3.020975e+00	1.005085e+00	9.134236e+00	7.004578e-01	2.456739e-01	2.168668e+00	8.152295e-01	1.044005e+00	7.158810e+01	1.413079e+02	2.996208e-01	6.839418e-02	2.234342e+03	
12  105.262	2.303907e+00	1.299886e-01	7.158245e-01	3.076444e+00	9.862272e-01	6.853511e-02	5.465476e-01	3.131112e-02	4.157401e+00	3.020975e+00	1.004829e+00	9.134236e+00	7.004578e-01	2.456739e-01	2.168668e+00	8.152295e-01	1.044005e+00	7.158810e+01	1.413079e+02	2.996208e-01	6.839418e-02	2.234342e+03	
9  106.859	2.304142e+00	1.293617e-01	7.094875e-01	3.073966e+00	9.763978e-01	7.393229e-02	4.819963e-01	3.635145e-02	4.021945e+00	3.624893e+00	9.972535e-01	9.614773e+00	6.960319e-01	2.456751e-01	2.163044e+00	8.000184e-01	1.043644e+00	7.094919e+01	1.417385e+02	3.038710e-01	6.071781e-02	1.420011e+03	
4  107.382	2.311197e+00	1.248764e-01	7.219493e-01	3.064562e+00	9.876154e-01	7.215618e-02	4.294402e-01	2.911560e-02	3.870925e+00	4.453744e+00	9.984257e-01	9.345151e+00	7.148638e-01	2.457006e-01	2.143521e+00	7.900431e-01	1.044333e+00	7.220042e+01	1.429993e+02	2.851486e-01	5.439552e-02	8.149595e+02	
8  106.099	2.345334e+00	1.277472e-01	7.358293e-01	3.050678e+00	9.879030e-01	6.899012e-02	6.057978e-01	2.569261e-02	4.021367e+00	4.521394e+00	9.968823e-01	9.034538e+00	7.196930e-01	2.458430e-01	2.113102e+00	7.956567e-01	1.044342e+00	7.358574e+01	1.411488e+02	2.804067e-01	7.516339e-02	1.094833e+03	
7  105.343	2.345334e+00	1.277472e-01	7.358293e-01	3.050678e+00	9.879030e-01	6.899012e-02	6.057978e-01	2.569261e-02	4.021367e+00	4.521394e+00	9.948382e-01	9.034538e+00	7.196930e-01	2.458430e-01	2.113102e+00	7.956567e-01	1.044342e+00	7.358574e+01	1.411488e+02	2.804067e-01	7.516339e-02	1.094833e+03	
26  104.39	2.313592e+00	1.255694e-01	7.199757e-01	3.076673e+00	9.804558e-01	7.916265e-02	4.436237e-01	1.907871e-02	4.231359e+00	4.393573e+00	9.954940e-01	9.978491e+00	7.119648e-01	2.457113e-01	2.168363e+00	8.118697e-01	1.043936e+00	7.199503e+01	1.427340e+02	2.878745e-01	5.630326e-02	1.819323e+03	
11  104.944	2.313592e+00	1.255694e-01	7.199757e-01	3.076673e+00	9.804558e-01	7.916265e-02	4.436237e-01	1.907871e-02	4.231359e+00	4.393573e+00	9.942429e-01	9.978491e+00	7.119648e-01	2.457113e-01	2.168363e+00	8.118697e-01	1.043936e+00	7.199503e+01	1.427340e+02	2.878745e-01	5.630326e-02	1.819323e+03	
22  104.805	2.313592e+00	1.255694e-01	7.199757e-01	3.076673e+00	9.804558e-01	7.916265e-02	4.436237e-01	1.907871e-02	4.231359e+00	4.393573e+00	9.976936e-01	9.978491e+00	7.119648e-01	2.457113e-01	2.168363e+00	8.118697e-01	1.043936e+00	7.199503e+01	1.427340e+02	2.878745e-01	5.630326e-02	1.819323e+03	
33  104.889	2.313592e+00	1.255694e-01	7.199757e-01	3.076673e+00	9.804558e-01	7.916265e-02	4.436237e-01	1.907871e-02	4.231359e+00	4.393573e+00	9.978312e-01	9.978491e+00	7.119648e-01	2.457113e-01	2.168363e+00	8.118697e-01	1.043936e+00	7.199503e+01	1.427340e+02	2.878745e-01	5.630326e-02	1.819323e+03	
5  104.523	2.313592e+00	1.255694e-01	7.199757e-01	3.076673e+00	9.804558e-01	7.916265e-02	4.436237e-01	1.907871e-02	4.231359e+00	4.393573e+00	9.971092e-01	9.978491e+00	7.119648e-01	2.457113e-01	2.168363e+00	8.118697e-01	1.043936e+00	7.199503e+01	1.427340e+02	2.878745e-01	5.630326e-02	1.819323e+03	
3  104.554	2.336543e+00	1.300041e-01	7.237374e-01	3.074974e+00	9.893856e-01	7.222440e-02	5.819771e-01	3.180868e-02	4.152961e+00	4.894479e+00	1.001058e+00	9.392444e+00	7.060529e-01	2.458078e-01	2.165272e+00	8.083038e-01	1.044173e+00	7.238031e+01	1.408168e+02	2.940453e-01	7.246135e-02	1.343980e+03	
25  105.804	2.314417e+00	1.317516e-01	7.050726e-01	3.078398e+00	9.856354e-01	6.282515e-02	4.821344e-01	4.413946e-02	4.320182e+00	7.268731e+00	1.005251e+00	8.576973e+00	6.872336e-01	2.457142e-01	2.172748e+00	8.013007e-01	1.044403e+00	7.052629e+01	1.410800e+02	3.128022e-01	6.069110e-02	1.273142e+03	
11  104.85	2.314417e+00	1.317516e-01	7.050726e-01	3.078398e+00	9.856354e-01	6.282515e-02	4.821344e-01	4.413946e-02	4.320182e+00	7.268731e+00	1.003758e+00	8.576973e+00	6.872336e-01	2.457142e-01	2.172748e+00	8.013007e-01	1.044403e+00	7.052629e+01	1.410800e+02	3.128022e-01	6.069110e-02	1.273142e+03	
7  105.317	2.314417e+00	1.317516e-01	7.050726e-01	3.078398e+00	9.856354e-01	6.282515e-02	4.821344e-01	4.413946e-02	4.320182e+00	7.268731e+00	1.004641e+00	8.576973e+00	6.872336e-01	2.457142e-01	2.172748e+00	8.013007e-01	1.044403e+00	7.052629e+01	1.410800e+02	3.128022e-01	6.069110e-02	1.273142e+03	
5  104.27	2.306508e+00	1.325269e-01	7.155023e-01	3.083217e+00	9.893177e-01	6.384775e-02	6.069119e-01	4.055411e-02	4.188028e+00	4.634622e+00	1.009133e+00	8.726265e+00	6.949491e-01	2.456865e-01	2.184132e+00	8.114361e-01	1.044291e+00	7.155878e+01	1.404337e+02	3.051371e-01	7.520750e-02	1.547875e+03	
10  103.802	2.337177e+00	1.357057e-01	7.304759e-01	3.075551e+00	9.926992e-01	7.030565e-02	8.175017e-01	4.509750e-02	4.178965e+00	4.881089e+00	1.002424e+00	9.343472e+00	7.008200e-01	2.458119e-01	2.166510e+00	8.045492e-01	1.043915e+00	7.306112e+01	1.384972e+02	2.992817e-01	9.892717e-02	1.420594e+03	
11  104.85	2.337177e+00	1.357057e-01	7.304759e-01	3.075551e+00	9.926992e-01	7.030565e-02	8.175017e-01	4.509750e-02	4.178965e+00	4.881089e+00	9.982750e-01	9.343472e+00	7.008200e-01	2.458119e-01	2.166510e+00	8.045492e-01	1.043915e+00	7.306112e+01	1.384972e+02	2.992817e-01	9.892717e-02	1.420594e+03	
22  103.447	2.337177e+00	1.357057e-01	7.304759e-01	3.075551e+00	9.926992e-01	7.030565e-02	8.175017e-01	4.509750e-02	4.178965e+00	4.881089e+00	1.001014e+00	9.343472e+00	7.008200e-01	2.458119e-01	2.166510e+00	8.045492e-01	1.043915e+00	7.306112e+01	1.384972e+02	2.992817e-01	9.892717e-02	1.420594e+03	
11  104.88	2.337177e+00	1.357057e-01	7.304759e-01	3.075551e+00	9.926992e-01	7.030565e-02	8.175017e-01	4.509750e-02	4.178965e+00	4.881089e+00	9.982450e-01	9.343472e+00	7.008200e-01	2.458119e-01	2.166510e+00	8.045492e-01	1.043915e+00	7.306112e+01	1.384972e+02	2.992817e-01	9.892717e-02	1.420594e+03	
8  103.448	2.337177e+00	1.357057e-01	7.304759e-01	3.075551e+00	9.926992e-01	7.030565e-02	8.175017e-01	4.509750e-02	4.178965e+00	4.881089e+00	1.001083e+00	9.343472e+00	7.008200e-01	2.458119e-01	2.166510e+00	8.045492e-01	1.043915e+00	7.306112e+01	1.384972e+02	2.992817e-01	9.892717e-02	1.420594e+03	
3  103.911	2.321554e+00	1.348496e-01	7.111155e-01	3.065039e+00	9.948723e-01	6.017297e-02	6.436948e-01	7.370325e-02	4.068093e+00	2.351063e+00	1.000311e+00	8.370686e+00	6.866344e-01	2.457422e-01	2.145034e+00	7.838566e-01	1.043762e+00	7.112593e+01	1.395486e+02	3.135260e-01	7.964870e-02	2.268795e+03	
11  103.78	2.321554e+00	1.348496e-01	7.111155e-01	3.065039e+00	9.948723e-01	6.017297e-02	6.436948e-01	7.370325e-02	4.068093e+00	2.351063e+00	1.001665e+00	8.370686e+00	6.866344e-01	2.457422e-01	2.145034e+00	7.838566e-01	1.043762e+00	7.112593e+01	1.395486e+02	3.135260e-01	7.964870e-02	2.268795e+03	
11  103.937	2.321554e+00	1.348496e-01	7.111155e-01	3.065039e+00	9.948723e-01	6.017297e-02	6.436948e-01	7.370325e-02	4.068093e+00	2.351063e+00	1.002275e+00	8.370686e+00	6.866344e-01	2.457422e-01	2.145034e+00	7.838566e-01	1.043762e+00	7.112593e+01	1.395486e+02	3.135260e-01	7.964870e-02	2.268795e+03	
11  104.293	2.321554e+00	1.348496e-01	7.111155e-01	3.065039e+00	9.948723e-01	6.017297e-02	6.436948e-01	7.370325e-02	4.068093e+00	2.351063e+00	1.002987e+00	8.370686e+00	6.866344e-01	2.457422e-01	2.145034e+00	7.838566e-01	1.043762e+00	7.112593e+01	1.395486e+02	3.135260e-01	7.964870e-02	2.268795e+03	
11  104.008	2.321554e+00	1.348496e-01	7.111155e-01	3.065039e+00	9.948723e-01	6.017297e-02	6.436948e-01	7.370325e-02	4.068093e+00	2.351063e+00	1.002449e+00	8.370686e+00	6.866344e-01	2.457422e-01	2.145034e+00	7.838566e-01	1.043762e+00	7.112593e+01	1.395486e+02	3.135260e-01	7.964870e-02	2.268795e+03	
33  103.861	2.321554e+00	1.348496e-01	7.111155e-01	3.065039e+00	9.948723e-01	6.017297e-02	6.436948e-01	7.370325e-02	4.068093e+00	2.351063e+00	1.002038e+00	8.370686e+00	6.866344e-01	2.457422e-01	2.145034e+00	7.838566e-01	1.043762e+00	7.112593e+01	1.395486e+02	3.135260e-01	7.964870e-02	2.268795e+03	
22  104.45	2.321554e+00	1.348496e-01	7.111155e-01	3.065039e+00	9.948723e-01	6.017297e-02	6.436948e-01	7.370325e-02	4.068093e+00	2.351063e+00	9.992988e-01	8.370686e+00	6.866344e-01	2.457422e-01	2.145034e+00	7.838566e-01	1.043762e+00	7.112593e+01	1.395486e+02	3.135260e-01	7.964870e-02	2.268795e+03	
33  103.768	2.321554e+00	1.348496e-01	7.111155e-01	3.065039e+00	9.948723e-01	6.017297e-02	6.436948e-01	7.370325e-02	4.068093e+00	2.351063e+00	1.000934e+00	8.370686e+00	6.866344e-01	2.457422e-01	2.145034e+00	7.838566e-01	1.043762e+00	7.112593e+01	1.395486e+02	3.135260e-01	7.964870e-02	2.268795e+03	
11  103.75	2.321554e+00	1.348496e-01	7.111155e-01	3.065039e+00	9.948723e-01	6.017297e-02	6.436948e-01	7.370325e-02	4.068093e+00	2.351063e+00	1.001318e+00	8.370686e+00	6.866344e-01	2.457422e-01	2.145034e+00	7.838566e-01	1.043762e+00	7.112593e+01	1.395486e+02	3.135260e-01	7.964870e-02	2.268795e+03	
14  104.946	2.321554e+00	1.348496e-01	7.111155e-01	3.065039e+00	9.948723e-01	6.017297e-02	6.436948e-01	7.370325e-02	4.068093e+00	2.351063e+00	9.987035e-01	8.370686e+00	6.866344e-01	2.457422e-01	2.145034e+00	7.838566e-01	1.043762e+00	7.112593e+01	1.395486e+02	3.135260e-01	7.964870e-02	2.268795e+03	
19  105.364	2.301890e+00	1.297678e-01	7.008287e-01	3.086243e+00	9.968305e-01	7.030176e-02	4.399125e-01	6.120308e-02	4.356544e+00	5.696189e+00	1.000046e+00	9.287008e+00	6.875246e-01	2.456583e-01	2.190791e+00	7.898760e-01	1.043113e+00	7.010400e+01	1.418519e+02	3.121929e-01	5.581514e-02	1.815688e+03	
11  105.883	2.301890e+00	1.297678e-01	7.008287e-01	3.086243e+00	9.968305e-01	7.030176e-02	4.399125e-01	6.120308e-02	4.356544e+00	5.696189e+00	9.992338e-01	9.287008e+00	6.875246e-01	2.456583e-01	2.190791e+00	7.898760e-01	1.043113e+00	7.010400e+01	1.418519e+02	3.121929e-01	5.581514e-02	1.815688e+03	
11  105.271	2.301890e+00	1.297678e-01	7.008287e-01	3.086243e+00	9.968305e-01	7.030176e-02	4.399125e-01	6.120308e-02	4.356544e+00	5.696189e+00	1.000256e+00	9.287008e+00	6.875246e-01	2.456583e-01	2.190791e+00	7.898760e-01	1.043113e+00	7.010400e+01	1.418519e+02	3.121929e-01	5.581514e-02	1.815688e+03	
11  105.965	2.301890e+00	1.297678e-01	7.008287e-01	3.086243e+00	9.968305e-01	7.030176e-02	4.399125e-01	6.120308e-02	4.356544e+00	5.696189e+00	9.991309e-01	9.287008e+00	6.875246e-01	2.456583e-01	2.190791e+00	7.898760e-01	1.043113e+00	7.010400e+01	1.418519e+02	3.121929e-01	5.581514e-02	1.815688e+03	
33  105.78	2.301890e+00	1.297678e-01	7.008287e-01	3.086243e+00	9.968305e-01	7.030176e-02	4.399125e-01	6.120308e-02	4.356544e+00	5.696189e+00	9.993682e-01	9.287008e+00	6.875246e-01	2.456583e-01	2.190791e+00	7.898760e-01	1.043113e+00	7.010400e+01	1.418519e+02	3.121929e-01	5.581514e-02	1.815688e+03	
5  105.453	2.301890e+00	1.297678e-01	7.008287e-01	3.086243e+00	9.968305e-01	7.030176e-02	4.399125e-01	6.120308e-02	4.356544e+00	5.696189e+00	1.002883e+00	9.287008e+00	6.875246e-01	2.456583e-01	2.190791e+00	7.898760e-01	1.043113e+00	7.010400e+01	1.418519e+02	3.121929e-01	5.581514e-02	1.815688e+03	
7  105.603	2.310518e+00	1.294864e-01	7.138743e-01	3.069469e+00	9.891549e-01	6.815778e-02	5.352817e-01	4.040481e-02	4.161912e+00	6.102802e+00	1.001314e+00	9.067574e+00	6.992193e-01	2.457001e-01	2.153415e+00	7.913401e-01	1.043129e+00	7.139016e+01	1.414079e+02	3.007837e-01	6.701840e-02	1.077435e+03	
4  107.374	2.297395e+00	1.282730e-01	7.113934e-01	3.095791e+00	9.946728e-01	7.737365e-02	4.947696e-01	4.896123e-02	4.193602e+00	5.281272e+00	1.004641e+00	9.925733e+00	6.997017e-01	2.456473e-01	2.211315e+00	7.951233e-01	1.042953e+00	7.114010e+01	1.420113e+02	3.001012e-01	6.230641e-02	1.367722e+03	
94  105.849	2.322455e+00	1.246597e-01	7.135835e-01	3.078979e+00	9.960343e-01	6.987956e-02	3.860519e-01	5.074675e-02	4.469401e+00	5.342896e+00	1.004302e+00	9.110721e+00	7.082509e-01	2.457454e-01	2.174173e+00	7.862345e-01	1.042938e+00	7.139047e+01	1.431064e+02	2.910371e-01	4.953067e-02	2.488674e+03	
22  105.945	2.322455e+00	1.246597e-01	7.135835e-01	3.078979e+00	9.960343e-01	6.987956e-02	3.860519e-01	5.074675e-02	4.469401e+00	5.342896e+00	1.005015e+00	9.110721e+00	7.082509e-01	2.457454e-01	2.174173e+00	7.862345e-01	1.042938e+00	7.139047e+01	1.431064e+02	2.910371e-01	4.953067e-02	2.488674e+03	
11  106.161	2.322455e+00	1.246597e-01	7.135835e-01	3.078979e+00	9.960343e-01	6.987956e-02	3.860519e-01	5.074675e-02	4.469401e+00	5.342896e+00	1.002985e+00	9.110721e+00	7.082509e-01	2.457454e-01	2.174173e+00	7.862345e-01	1.042938e+00	7.139047e+01	1.431064e+02	2.910371e-01	4.953067e-02	2.488674e+03	
11  106.772	2.322455e+00	1.246597e-01	7.135835e-01	3.078979e+00	9.960343e-01	6.987956e-02	3.860519e-01	5.074675e-02	4.469401e+00	5.342896e+00	1.006547e+00	9.110721e+00	7.082509e-01	2.457454e-01	2.174173e+00	7.862345e-01	1.042938e+00	7.139047e+01	1.431064e+02	2.910371e-01	4.953067e-02	2.488674e+03	
12  108.465	2.322455e+00	1.246597e-01	7.135835e-01	3.078979e+00	9.960343e-01	6.987956e-02	3.860519e-01	5.074675e-02	4.469401e+00	5.342896e+00	1.008097e+00	9.110721e+00	7.082509e-01	2.457454e-01	2.174173e+00	7.862345e-01	1.042938e+00	7.139047e+01	1.431064e+02	2.910371e-01	4.953067e-02	2.488674e+03	
10  107.601	2.297965e+00	1.258800e-01	6.928703e-01	3.105538e+00	9.926464e-01	7.368530e-02	2.647800e-01	5.955905e-02	4.658625e+00	8.065958e+00	1.011078e+00	9.545666e+00	6.881521e-01	2.456434e-01	2.232077e+00	7.992822e-01	1.042840e+00	6.937046e+01	1.436572e+02	3.104769e-01	3.443308e-02	2.495060e+03	
22  107.961	2.297965e+00	1.258800e-01	6.928703e-01	3.105538e+00	9.926464e-01	7.368530e-02	2.647800e-01	5.955905e-02	4.658625e+00	8.065958e+00	1.004563e+00	9.545666e+00	6.881521e-01	2.456434e-01	2.232077e+00	7.992822e-01	1.042840e+00	6.937046e+01	1.436572e+02	3.104769e-01	3.443308e-02	2.495060e+03	
31  107.473	2.297965e+00	1.258800e-01	6.928703e-01	3.105538e+00	9.926464e-01	7.368530e-02	2.647800e-01	5.955905e-02	4.658625e+00	8.065958e+00	1.004982e+00	9.545666e+00	6.881521e-01	2.456434e-01	2.232077e+00	7.992822e-01	1.042840e+00	6.937046e+01	1.436572e+02	3.104769e-01	3.443308e-02	2.495060e+03	
2  107.887	2.317955e+00	1.276682e-01	7.120650e-01	3.097105e+00	1.001792e+00	7.373531e-02	4.400347e-01	5.304838e-02	4.603455e+00	9.223148e+00	1.004241e+00	9.516547e+00	7.011904e-01	2.457355e-01	2.212425e+00	7.981135e-01	1.043786e+00	7.124335e+01	1.421720e+02	2.983706e-01	5.605712e-02	1.913185e+03	
10  110.222	2.317955e+00	1.276682e-01	7.120650e-01	3.097105e+00	1.001792e+00	7.373531e-02	4.400347e-01	5.304838e-02	4.603455e+00	9.223148e+00	1.001892e+00	9.516547e+00	7.011904e-01	2.457355e-01	2.212425e+00	7.981135e-01	1.043786e+00	7.124335e+01	1.421720e+02	2.983706e-01	5.605712e-02	1.913185e+03	
45  110.126	2.290856e+00	1.254154e-01	7.000606e-01	3.081193e+00	1.001836e+00	5.964059e-02	2.933034e-01	5.325289e-02	4.482611e+00	1.060874e+01	1.006208e+00	8.207105e+00	6.958556e-01	2.456176e-01	2.179992e+00	7.830626e-01	1.043604e+00	7.007545e+01	1.437062e+02	3.034012e-01	3.769074e-02	1.315758e+03	
11  110.16	2.290856e+00	1.254154e-01	7.000606e-01	3.081193e+00	1.001836e+00	5.964059e-02	2.933034e-01	5.325289e-02	4.482611e+00	1.060874e+01	1.013598e+00	8.207105e+00	6.958556e-01	2.456176e-01	2.179992e+00	7.830626e-01	1.043604e+00	7.007545e+01	1.437062e+02	3.034012e-01	3.769074e-02	1.315758e+03	
39  109.633	2.290856e+00	1.254154e-01	7.000606e-01	3.081193e+00	1.001836e+00	5.964059e-02	2.933034e-01	5.325289e-02	4.482611e+00	1.060874e+01	1.013177e+00	8.207105e+00	6.958556e-01	2.456176e-01	2.179992e+00	7.830626e-01	1.043604e+00	7.007545e+01	1.437062e+02	3.034012e-01	3.769074e-02	1.315758e+03	
4  113.289	2.323200e+00	1.222825e-01	7.105211e-01	3.077785e+00	1.000547e+00	6.291344e-02	2.838128e-01	3.933463e-02	4.527051e+00	8.682980e+00	1.012803e+00	8.406309e+00	7.098110e-01	2.457529e-01	2.173584e+00	7.880005e-01	1.042912e+00	7.111339e+01	1.441748e+02	2.889552e-01	3.665841e-02	1.687014e+03	
1  111.284	2.309270e+00	1.203972e-01	7.150665e-01	3.083767e+00	9.998980e-01	7.500031e-02	2.935169e-01	9.487577e-03	4.161956e+00	1.098547e+01	1.009588e+00	9.503621e+00	7.182913e-01	2.456783e-01	2.183277e+00	8.148366e-01	1.042363e+00	7.155873e+01	1.447621e+02	2.810771e-01	3.808195e-02	6.614930e+02	
9  112.452	2.309270e+00	1.203972e-01	7.150665e-01	3.083767e+00	9.998980e-01	7.500031e-02	2.935169e-01	9.487577e-03	4.161956e+00	1.098547e+01	1.011106e+00	9.503621e+00	7.182913e-01	2.456783e-01	2.183277e+00	8.148366e-01	1.042363e+00	7.155873e+01	1.447621e+02	2.810771e-01	3.808195e-02	6.614930e+02	
13  111.188	2.302514e+00	1.224514e-01	7.158747e-01	3.083054e+00	1.001875e+00	7.828763e-02	3.677623e-01	4.982065e-03	3.608067e+00	1.108515e+01	1.008654e+00	9.879058e+00	7.156338e-01	2.456640e-01	2.182066e+00	8.210527e-01	1.042297e+00	7.157390e+01	1.439698e+02	2.840519e-01	4.698201e-02	1.986212e+02	
7  110.897	2.302514e+00	1.224514e-01	7.158747e-01	3.083054e+00	1.001875e+00	7.828763e-02	3.677623e-01	4.982065e-03	3.608067e+00	1.108515e+01	1.004513e+00	9.879058e+00	7.156338e-01	2.456640e-01	2.182066e+00	8.210527e-01	1.042297e+00	7.157390e+01	1.439698e+02	2.840519e-01	4.698201e-02	1.986212e+02	
37  105.7	2.292605e+00	1.243437e-01	7.147746e-01	3.072837e+00	9.948542e-01	7.446561e-02	4.268193e-01	1.429993e-02	3.843608e+00	9.208075e+00	1.002187e+00	9.588171e+00	7.102896e-01	2.456195e-01	2.159785e+00	8.075470e-01	1.042328e+00	7.148043e+01	1.433267e+02	2.895945e-01	5.412307e-02	3.891472e+02	
22  105.704	2.292605e+00	1.243437e-01	7.147746e-01	3.072837e+00	9.948542e-01	7.446561e-02	4.268193e-01	1.429993e-02	3.843608e+00	9.208075e+00	1.002124e+00	9.588171e+00	7.102896e-01	2.456195e-01	2.159785e+00	8.075470e-01	1.042328e+00	7.148043e+01	1.433267e+02	2.895945e-01	5.412307e-02	3.891472e+02	
3  105.719	2.292605e+00	1.243437e-01	7.147746e-01	3.072837e+00	9.948542e-01	7.446561e-02	4.268193e-01	1.429993e-02	3.843608e+00	9.208075e+00	1.002693e+00	9.588171e+00	7.102896e-01	2.456195e-01	2.159785e+00	8.075470e-01	1.042328e+00	7.148043e+01	1.433267e+02	2.895945e-01	5.412307e-02	3.891472e+02	
30  106.655	2.355670e+00	1.256901e-01	7.566544e-01	3.069864e+00	1.000844e+00	8.043492e-02	7.557608e-01	1.305019e-02	4.229055e+00	7.547221e+00	1.002518e+00	1.001052e+01	7.379637e-01	2.458940e-01	2.153946e+00	8.094497e-01	1.042898e+00	7.566577e+01	1.408667e+02	2.620138e-01	9.183325e-02	9.969925e+02	
11  106.462	2.355670e+00	1.256901e-01	7.566544e-01	3.069864e+00	1.000844e+00	8.043492e-02	7.557608e-01	1.305019e-02	4.229055e+00	7.547221e+00	1.003323e+00	1.001052e+01	7.379637e-01	2.458940e-01	2.153946e+00	8.094497e-01	1.042898e+00	7.566577e+01	1.408667e+02	2.620138e-01	9.183325e-02	9.969925e+02	
2  106.58	2.355670e+00	1.256901e-01	7.566544e-01	3.069864e+00	1.000844e+00	8.043492e-02	7.557608e-01	1.305019e-02	4.229055e+00	7.547221e+00	1.002731e+00	1.001052e+01	7.379637e-01	2.458940e-01	2.153946e+00	8.094497e-01	1.042898e+00	7.566577e+01	1.408667e+02	2.620138e-01	9.183325e-02	9.969925e+02	
9  105.562	2.359502e+00	1.300570e-01	7.587582e-01	3.056301e+00	9.948665e-01	7.844565e-02	8.946609e-01	1.471434e-02	3.803541e+00	5.564558e+00	9.975945e-01	9.929540e+00	7.319798e-01	2.458992e-01	2.125529e+00	8.069947e-01	1.043306e+00	7.594016e+01	1.392130e+02	2.678361e-01	1.070703e-01	5.628290e+02	
44  105.739	2.359502e+00	1.300570e-01	7.587582e-01	3.056301e+00	9.948665e-01	7.844565e-02	8.946609e-01	1.471434e-02	3.803541e+00	5.564558e+00	9.990551e-01	9.929540e+00	7.319798e-01	2.458992e-01	2.125529e+00	8.069947e-01	1.043306e+00	7.594016e+01	1.392130e+02	2.678361e-01	1.070703e-01	5.628290e+02	
26  105.536	2.359502e+00	1.300570e-01	7.587582e-01	3.056301e+00	9.948665e-01	7.844565e-02	8.946609e-01	1.471434e-02	3.803541e+00	5.564558e+00	9.980688e-01	9.929540e+00	7.319798e-01	2.458992e-01	2.125529e+00	8.069947e-01	1.043306e+00	7.594016e+01	1.392130e+02	2.678361e-01	1.070703e-01	5.628290e+02	
2  108.726	2.343273e+00	1.316139e-01	7.531412e-01	3.056352e+00	9.942305e-01	7.722333e-02	8.924293e-01	4.364169e-03	3.659123e+00	5.722446e+00	9.981622e-01	9.892030e+00	7.255539e-01	2.458292e-01	2.125977e+00	8.284708e-01	1.043831e+00	7.543050e+01	1.390376e+02	2.741551e-01	1.069949e-01	4.295464e+02	
5  108.791	2.334236e+00	1.300144e-01	7.633587e-01	3.039508e+00	9.936042e-01	7.577884e-02	9.242296e-01	5.293818e-03	3.614529e+00	2.256424e+00	9.941936e-01	9.760336e+00	7.360147e-01	2.458073e-01	2.090250e+00	8.169585e-01	1.044225e+00	7.642108e+01	1.393745e+02	2.640066e-01	1.102571e-01	8.718800e+02	
6  108.978	2.334236e+00	1.300144e-01	7.633587e-01	3.039508e+00	9.936042e-01	7.577884e-02	9.242296e-01	5.293818e-03	3.614529e+00	2.256424e+00	9.939167e-01	9.760336e+00	7.360147e-01	2.458073e-01	2.090250e+00	8.169585e-01	1.044225e+00	7.642108e+01	1.393745e+02	2.640066e-01	1.102571e-01	8.718800e+02	
27  107.532	2.334395e+00	1.293546e-01	7.468487e-01	3.047180e+00	9.894019e-01	7.312652e-02	7.499742e-01	2.253576e-02	4.241263e+00	4.153830e+00	9.934540e-01	9.477526e+00	7.253587e-01	2.457987e-01	2.105343e+00	8.047656e-01	1.044660e+00	7.467198e+01	1.402465e+02	2.748280e-01	9.152672e-02	1.952645e+03	
22  108.087	2.334395e+00	1.293546e-01	7.468487e-01	3.047180e+00	9.894019e-01	7.312652e-02	7.499742e-01	2.253576e-02	4.241263e+00	4.153830e+00	9.918726e-01	9.477526e+00	7.253587e-01	2.457987e-01	2.105343e+00	8.047656e-01	1.044660e+00	7.467198e+01	1.402465e+02	2.748280e-01	9.152672e-02	1.952645e+03	
11  107.747	2.334395e+00	1.293546e-01	7.468487e-01	3.047180e+00	9.894019e-01	7.312652e-02	7.499742e-01	2.253576e-02	4.241263e+00	4.153830e+00	9.925193e-01	9.477526e+00	7.253587e-01	2.457987e-01	2.105343e+00	8.047656e-01	1.044660e+00	7.467198e+01	1.402465e+02	2.748280e-01	9.152672e-02	1.952645e+03	
1  107.557	2.334395e+00	1.293546e-01	7.468487e-01	3.047180e+00	9.894019e-01	7.312652e-02	7.499742e-01	2.253576e-02	4.241263e+00	4.153830e+00	9.939976e-01	9.477526e+00	7.253587e-01	2.457987e-01	2.105343e+00	8.047656e-01	1.044660e+00	7.467198e+01	1.402465e+02	2.748280e-01	9.152672e-02	1.952645e+03	
21  106.654	2.310294e+00	1.210436e-01	7.465313e-01	3.014067e+00	9.941745e-01	5.749238e-02	5.389958e-01	8.406774e-03	4.203604e+00	5.247461e+00	9.982328e-01	7.902581e+00	7.401130e-01	2.457040e-01	2.038903e+00	7.828705e-01	1.043714e+00	7.462676e+01	1.434389e+02	2.597749e-01	6.723501e-02	1.392799e+03	
22  107.033	2.310294e+00	1.210436e-01	7.465313e-01	3.014067e+00	9.941745e-01	5.749238e-02	5.389958e-01	8.406774e-03	4.203604e+00	5.247461e+00	9.997510e-01	7.902581e+00	7.401130e-01	2.457040e-01	2.038903e+00	7.828705e-01	1.043714e+00	7.462676e+01	1.434389e+02	2.597749e-01	6.723501e-02	1.392799e+03	
5  106.655	2.310294e+00	1.210436e-01	7.465313e-01	3.014067e+00	9.941745e-01	5.749238e-02	5.389958e-01	8.406774e-03	4.203604e+00	5.247461e+00	9.982580e-01	7.902581e+00	7.401130e-01	2.457040e-01	2.038903e+00	7.828705e-01	1.043714e+00	7.462676e+01	1.434389e+02	2.597749e-01	6.723501e-02	1.392799e+03	
6  106.059	2.291923e+00	1.209176e-01	7.205575e-01	3.029546e+00	9.888325e-01	5.641754e-02	3.197888e-01	2.450053e-02	4.526517e+00	6.396861e+00	9.985927e-01	7.847948e+00	7.215632e-01	2.456313e-01	2.070290e+00	7.778728e-01	1.043993e+00	7.206433e+01	1.446954e+02	2.776235e-01	4.105139e-02	2.277724e+03	
11  106.027	2.291923e+00	1.209176e-01	7.205575e-01	3.029546e+00	9.888325e-01	5.641754e-02	3.197888e-01	2.450053e-02	4.526517e+00	6.396861e+00	9.984721e-01	7.847948e+00	7.215632e-01	2.456313e-01	2.070290e+00	7.778728e-01	1.043993e+00	7.206433e+01	1.446954e+02	2.776235e-01	4.105139e-02	2.277724e+03	
33  106.314	2.291923e+00	1.209176e-01	7.205575e-01	3.029546e+00	9.888325e-01	5.641754e-02	3.197888e-01	2.450053e-02	4.526517e+00	6.396861e+00	9.992224e-01	7.847948e+00	7.215632e-01	2.456313e-01	2.070290e+00	7.778728e-01	1.043993e+00	7.206433e+01	1.446954e+02	2.776235e-01	4.105139e-02	2.277724e+03	
22  106.381	2.291923e+00	1.209176e-01	7.205575e-01	3.029546e+00	9.888325e-01	5.641754e-02	3.197888e-01	2.450053e-02	4.526517e+00	6.396861e+00	9.993492e-01	7.847948e+00	7.215632e-01	2.456313e-01	2.070290e+00	7.778728e-01	1.043993e+00	7.206433e+01	1.446954e+02	2.776235e-01	4.105139e-02	2.277724e+03	
11  106.261	2.291923e+00	1.209176e-01	7.205575e-01	3.029546e+00	9.888325e-01	5.641754e-02	3.197888e-01	2.450053e-02	4.526517e+00	6.396861e+00	9.991138e-01	7.847948e+00	7.215632e-01	2.456313e-01	2.070290e+00	7.778728e-01	1.043993e+00	7.206433e+01	1.446954e+02	2.776235e-01	4.105139e-02	2.277724e+03	
64  105.964	2.291923e+00	1.209176e-01	7.205575e-01	3.029546e+00	9.888325e-01	5.641754e-02	3.197888e-01	2.450053e-02	4.526517e+00	6.396861e+00	9.981315e-01	7.847948e+00	7.215632e-01	2.456313e-01	2.070290e+00	7.778728e-01	1.043993e+00	7.206433e+01	1.446954e+02	2.776235e-01	4.105139e-02	2.277724e+03	
10  105.461	2.275657e+00	1.210227e-01	7.070770e-01	3.051870e+00	9.894261e-01	6.365170e-02	2.368696e-01	2.897454e-02	4.723944e+00	8.931322e+00	9.992528e-01	8.584200e+00	7.109386e-01	2.455680e-01	2.114388e+00	7.900943e-01	1.043422e+00	7.078530e+01	1.452423e+02	2.877612e-01	3.102361e-02	2.588152e+03	
25  107.183	2.246357e+00	1.193729e-01	7.113212e-01	3.073254e+00	9.809565e-01	7.850838e-02	2.684347e-01	3.620569e-03	4.596243e+00	1.079684e+01	9.999111e-01	9.968176e+00	7.183498e-01	2.454399e-01	2.158024e+00	8.131711e-01	1.042678e+00	7.120625e+01	1.458263e+02	2.803522e-01	3.519236e-02	1.681044e+03	
30  111.294	2.246357e+00	1.193729e-01	7.113212e-01	3.073254e+00	9.809565e-01	7.850838e-02	2.684347e-01	3.620569e-03	4.596243e+00	1.079684e+01	1.005299e+00	9.968176e+00	7.183498e-01	2.454399e-01	2.158024e+00	8.131711e-01	1.042678e+00	7.120625e+01	1.458263e+02	2.803522e-01	3.519236e-02	1.681044e+03	
3  109.587	2.241569e+00	1.218921e-01	7.085008e-01	3.078151e+00	9.771277e-01	7.529689e-02	3.219694e-01	1.802040e-02	4.843541e+00	1.001599e+01	1.007810e+00	9.755281e+00	7.114474e-01	2.454294e-01	2.166145e+00	8.056302e-01	1.042758e+00	7.091026e+01	1.449651e+02	2.874188e-01	4.232413e-02	3.101258e+03	
11  107.168	2.241569e+00	1.218921e-01	7.085008e-01	3.078151e+00	9.771277e-01	7.529689e-02	3.219694e-01	1.802040e-02	4.843541e+00	1.001599e+01	1.005819e+00	9.755281e+00	7.114474e-01	2.454294e-01	2.166145e+00	8.056302e-01	1.042758e+00	7.091026e+01	1.449651e+02	2.874188e-01	4.232413e-02	3.101258e+03	
7  106.378	2.241569e+00	1.218921e-01	7.085008e-01	3.078151e+00	9.771277e-01	7.529689e-02	3.219694e-01	1.802040e-02	4.843541e+00	1.001599e+01	1.004587e+00	9.755281e+00	7.114474e-01	2.454294e-01	2.166145e+00	8.056302e-01	1.042758e+00	7.091026e+01	1.449651e+02	2.874188e-01	4.232413e-02	3.101258e+03	
4  106.976	2.274120e+00	1.240143e-01	7.137255e-01	3.078854e+00	9.719990e-01	7.370656e-02	4.048695e-01	1.484633e-02	4.884482e+00	1.119600e+01	1.005999e+00	9.556962e+00	7.110830e-01	2.455739e-01	2.167262e+00	8.111193e-01	1.042779e+00	7.143064e+01	1.436630e+02	2.882858e-01	5.256736e-02	3.095546e+03	
