1  107.221	2.323206e+00	1.259852e-01	7.411968e-01	3.090183e+00	9.847151e-01	7.581524e-02	6.917819e-01	8.953978e-01	3.180517e+00	1.016539e+00	9.705067e+00	7.272394e-01	2.457486e-01	2.197868e+00	8.330120e-01	1.041891e+00	7.412858e+01	1.414190e+02	2.725957e-01	8.508066e-02	1.003205e-13	
4  107.056	2.323206e+00	1.259852e-01	7.411968e-01	3.090183e+00	9.847151e-01	7.581524e-02	6.917819e-01	8.953978e-01	3.180517e+00	1.015650e+00	9.705067e+00	7.272394e-01	2.457486e-01	2.197868e+00	8.330120e-01	1.041891e+00	7.412858e+01	1.414190e+02	2.725957e-01	8.508066e-02	1.003205e-13	
14  105.716	2.339302e+00	1.252492e-01	7.463520e-01	3.098362e+00	9.894418e-01	8.381912e-02	6.663850e-01	8.923369e-01	3.146716e+00	1.010346e+00	1.034975e+01	7.321762e-01	2.458136e-01	2.216570e+00	8.366777e-01	1.043000e+00	7.464645e+01	1.415359e+02	2.677579e-01	8.228838e-02	7.021684e-14	
2  106.497	2.339302e+00	1.252492e-01	7.463520e-01	3.098362e+00	9.894418e-01	8.381912e-02	6.663850e-01	8.923369e-01	3.146716e+00	1.009237e+00	1.034975e+01	7.321762e-01	2.458136e-01	2.216570e+00	8.366777e-01	1.043000e+00	7.464645e+01	1.415359e+02	2.677579e-01	8.228838e-02	7.021684e-14	
3  106.322	2.346949e+00	1.248747e-01	7.418514e-01	3.095640e+00	9.943967e-01	8.446129e-02	6.131395e-01	8.952497e-01	3.193255e+00	1.008041e+00	1.038167e+01	7.293261e-01	2.458436e-01	2.211219e+00	8.371972e-01	1.042899e+00	7.419386e+01	1.417918e+02	2.706551e-01	7.620406e-02	9.792629e-14	
1  107.06	2.352866e+00	1.236742e-01	7.509189e-01	3.089574e+00	1.000834e+00	8.682657e-02	6.540707e-01	8.971399e-01	3.275902e+00	1.006228e+00	1.054768e+01	7.378923e-01	2.458657e-01	2.197785e+00	8.309408e-01	1.042693e+00	7.510420e+01	1.418469e+02	2.620683e-01	8.086150e-02	1.151483e-14	
1  108.626	2.351653e+00	1.221370e-01	7.504189e-01	3.078307e+00	1.002301e+00	8.491231e-02	6.306815e-01	9.174797e-01	3.209068e+00	1.004588e+00	1.035502e+01	7.401807e-01	2.458596e-01	2.172532e+00	8.210549e-01	1.041747e+00	7.505714e+01	1.423465e+02	2.597242e-01	7.818572e-02	-1.758412e-13	
1  108.854	2.351653e+00	1.221370e-01	7.504189e-01	3.078307e+00	1.002301e+00	8.491231e-02	6.306815e-01	9.174797e-01	3.209068e+00	1.004010e+00	1.035502e+01	7.401807e-01	2.458596e-01	2.172532e+00	8.210549e-01	1.041747e+00	7.505714e+01	1.423465e+02	2.597242e-01	7.818572e-02	-1.758412e-13	
5  108.482	2.337183e+00	1.239627e-01	7.474414e-01	3.077587e+00	9.989911e-01	8.341045e-02	6.736908e-01	9.159101e-01	3.140998e+00	1.003188e+00	1.030215e+01	7.351426e-01	2.458025e-01	2.171016e+00	8.255805e-01	1.041787e+00	7.475389e+01	1.418557e+02	2.647528e-01	8.309489e-02	-1.331807e-13	
2  109.532	2.327444e+00	1.250389e-01	7.488927e-01	3.102184e+00	1.001998e+00	9.523459e-02	6.609503e-01	9.282697e-01	3.057723e+00	1.003081e+00	1.135290e+01	7.347876e-01	2.457625e-01	2.227116e+00	8.436638e-01	1.044004e+00	7.492051e+01	1.417611e+02	2.653744e-01	8.165360e-02	5.821730e-14	
3  109.782	2.339380e+00	1.245398e-01	7.464566e-01	3.104473e+00	1.003184e+00	9.755275e-02	6.170283e-01	9.508330e-01	3.087820e+00	1.002343e+00	1.150411e+01	7.336115e-01	2.458106e-01	2.232744e+00	8.440267e-01	1.043931e+00	7.467912e+01	1.419581e+02	2.666165e-01	7.655178e-02	1.867920e-13	
4  108.545	2.343356e+00	1.240432e-01	7.498600e-01	3.091780e+00	1.003568e+00	9.304141e-02	6.345545e-01	9.578361e-01	3.129439e+00	1.001150e+00	1.109651e+01	7.367867e-01	2.458263e-01	2.203813e+00	8.360850e-01	1.043685e+00	7.500798e+01	1.419547e+02	2.633674e-01	7.846326e-02	1.506760e-13	
2  108.459	2.343356e+00	1.240432e-01	7.498600e-01	3.091780e+00	1.003568e+00	9.304141e-02	6.345545e-01	9.578361e-01	3.129439e+00	1.001852e+00	1.109651e+01	7.367867e-01	2.458263e-01	2.203813e+00	8.360850e-01	1.043685e+00	7.500798e+01	1.419547e+02	2.633674e-01	7.846326e-02	1.506760e-13	
11  109.032	2.333048e+00	1.245400e-01	7.409915e-01	3.092716e+00	1.003755e+00	9.338064e-02	6.007505e-01	9.542756e-01	3.110458e+00	1.001714e+00	1.118016e+01	7.296239e-01	2.457856e-01	2.206289e+00	8.393306e-01	1.043101e+00	7.412443e+01	1.420922e+02	2.705621e-01	7.470294e-02	1.410037e-13	
1  109.435	2.341661e+00	1.245895e-01	7.379694e-01	3.086621e+00	1.002828e+00	9.031404e-02	5.993407e-01	9.510617e-01	3.069675e+00	1.001390e+00	1.090396e+01	7.269161e-01	2.458213e-01	2.192339e+00	8.354012e-01	1.042106e+00	7.381339e+01	1.419977e+02	2.731824e-01	7.459709e-02	1.173760e-14	
1  107.335	2.357442e+00	1.240939e-01	7.465085e-01	3.073825e+00	1.000014e+00	8.435290e-02	6.036023e-01	9.610594e-01	3.054281e+00	1.000901e+00	1.031296e+01	7.338250e-01	2.458832e-01	2.163966e+00	8.276075e-01	1.043433e+00	7.465921e+01	1.419301e+02	2.662858e-01	7.468703e-02	2.176717e-13	
5  105.576	2.337563e+00	1.252750e-01	7.370312e-01	3.072302e+00	9.939156e-01	8.509417e-02	6.149815e-01	9.615562e-01	3.028809e+00	9.982693e-01	1.046243e+01	7.250493e-01	2.458055e-01	2.160048e+00	8.283916e-01	1.042138e+00	7.370950e+01	1.417849e+02	2.749791e-01	7.624096e-02	9.108479e-14	
1  105.579	2.337563e+00	1.252750e-01	7.370312e-01	3.072302e+00	9.939156e-01	8.509417e-02	6.149815e-01	9.615562e-01	3.028809e+00	9.983055e-01	1.046243e+01	7.250493e-01	2.458055e-01	2.160048e+00	8.283916e-01	1.042138e+00	7.370950e+01	1.417849e+02	2.749791e-01	7.624096e-02	9.108479e-14	
4  105.586	2.366421e+00	1.252774e-01	7.562854e-01	3.067105e+00	9.851907e-01	8.646309e-02	7.462372e-01	9.747544e-01	2.925092e+00	9.936675e-01	1.048646e+01	7.381859e-01	2.459235e-01	2.148068e+00	8.182581e-01	1.042441e+00	7.563171e+01	1.408802e+02	2.617095e-01	9.106188e-02	9.193602e-14	
1  104.31	2.366421e+00	1.252774e-01	7.562854e-01	3.067105e+00	9.851907e-01	8.646309e-02	7.462372e-01	9.747544e-01	2.925092e+00	9.965990e-01	1.048646e+01	7.381859e-01	2.459235e-01	2.148068e+00	8.182581e-01	1.042441e+00	7.563171e+01	1.408802e+02	2.617095e-01	9.106188e-02	9.193602e-14	
3  105.376	2.375299e+00	1.255965e-01	7.648513e-01	3.076528e+00	9.867575e-01	9.143328e-02	7.829717e-01	9.633376e-01	2.901520e+00	9.959203e-01	1.087130e+01	7.433532e-01	2.459586e-01	2.168428e+00	8.233148e-01	1.043690e+00	7.647452e+01	1.405647e+02	2.565807e-01	9.504119e-02	1.011662e-13	
2  105.159	2.375980e+00	1.260588e-01	7.565621e-01	3.062702e+00	9.820704e-01	8.428649e-02	7.737060e-01	9.739081e-01	2.897800e+00	9.952447e-01	1.029494e+01	7.367476e-01	2.459622e-01	2.138660e+00	8.166888e-01	1.042161e+00	7.566373e+01	1.404737e+02	2.631401e-01	9.414270e-02	4.760637e-14	
4  104.946	2.376533e+00	1.274260e-01	7.494073e-01	3.052295e+00	9.812122e-01	7.852202e-02	7.369950e-01	9.471563e-01	2.842717e+00	9.942205e-01	9.818027e+00	7.292972e-01	2.459634e-01	2.116536e+00	8.184700e-01	1.042721e+00	7.493437e+01	1.403192e+02	2.706673e-01	8.992647e-02	1.115737e-13	
5  105.108	2.376533e+00	1.274260e-01	7.494073e-01	3.052295e+00	9.812122e-01	7.852202e-02	7.369950e-01	9.471563e-01	2.842717e+00	9.947210e-01	9.818027e+00	7.292972e-01	2.459634e-01	2.116536e+00	8.184700e-01	1.042721e+00	7.493437e+01	1.403192e+02	2.706673e-01	8.992647e-02	1.115737e-13	
4  103.687	2.356602e+00	1.283885e-01	7.447922e-01	3.049466e+00	9.793497e-01	7.582342e-02	7.522437e-01	9.431518e-01	2.836507e+00	9.952116e-01	9.649984e+00	7.246588e-01	2.458835e-01	2.110440e+00	8.200213e-01	1.042451e+00	7.447828e+01	1.402275e+02	2.752706e-01	9.163709e-02	1.083703e-13	
1  103.075	2.346712e+00	1.293518e-01	7.495457e-01	3.044687e+00	9.761061e-01	7.259889e-02	8.220885e-01	9.332884e-01	2.821161e+00	9.949261e-01	9.399671e+00	7.266235e-01	2.458438e-01	2.100185e+00	8.187241e-01	1.042749e+00	7.495300e+01	1.397986e+02	2.732487e-01	9.933215e-02	8.408478e-14	
1  103.364	2.346712e+00	1.293518e-01	7.495457e-01	3.044687e+00	9.761061e-01	7.259889e-02	8.220885e-01	9.332884e-01	2.821161e+00	9.976907e-01	9.399671e+00	7.266235e-01	2.458438e-01	2.100185e+00	8.187241e-01	1.042749e+00	7.495300e+01	1.397986e+02	2.732487e-01	9.933215e-02	8.408478e-14	
2  106.055	2.296517e+00	1.323335e-01	7.404913e-01	3.043126e+00	9.665221e-01	6.519951e-02	9.271750e-01	8.580988e-01	2.791674e+00	1.002805e+00	8.882255e+00	7.153854e-01	2.456381e-01	2.097222e+00	8.218855e-01	1.041203e+00	7.406030e+01	1.391940e+02	2.844937e-01	1.105172e-01	7.797233e-14	
4  104.341	2.312222e+00	1.311659e-01	7.444107e-01	3.058718e+00	9.721186e-01	7.765236e-02	8.554438e-01	8.609339e-01	2.846186e+00	9.998743e-01	9.974272e+00	7.202444e-01	2.457043e-01	2.129563e+00	8.295881e-01	1.042985e+00	7.443579e+01	1.395881e+02	2.796460e-01	1.030169e-01	5.124132e-14	
1  103.402	2.312222e+00	1.311659e-01	7.444107e-01	3.058718e+00	9.721186e-01	7.765236e-02	8.554438e-01	8.609339e-01	2.846186e+00	9.986474e-01	9.974272e+00	7.202444e-01	2.457043e-01	2.129563e+00	8.295881e-01	1.042985e+00	7.443579e+01	1.395881e+02	2.796460e-01	1.030169e-01	5.124132e-14	
5  104.909	2.308013e+00	1.317534e-01	7.301612e-01	3.073894e+00	9.751170e-01	7.993972e-02	7.782666e-01	8.590197e-01	2.812828e+00	1.003623e+00	1.021376e+01	7.082623e-01	2.456858e-01	2.162679e+00	8.405589e-01	1.042163e+00	7.300939e+01	1.398330e+02	2.916526e-01	9.457245e-02	6.416845e-14	
3  105.767	2.298704e+00	1.319939e-01	7.261309e-01	3.052541e+00	9.784386e-01	7.086177e-02	7.584268e-01	8.825358e-01	2.852395e+00	1.002449e+00	9.414352e+00	7.047768e-01	2.456472e-01	2.117065e+00	8.344576e-01	1.042152e+00	7.261113e+01	1.399617e+02	2.951545e-01	9.238209e-02	6.854586e-14	
2  107.907	2.287140e+00	1.323588e-01	7.209255e-01	3.051246e+00	9.767794e-01	7.455710e-02	7.222787e-01	8.612511e-01	2.919530e+00	9.977685e-01	9.797666e+00	7.000830e-01	2.455988e-01	2.114375e+00	8.361911e-01	1.042508e+00	7.209995e+01	1.401529e+02	2.999266e-01	8.839317e-02	1.998734e-13	
4  108.971	2.280993e+00	1.324962e-01	7.194059e-01	3.045816e+00	9.731633e-01	7.304456e-02	7.793820e-01	8.701894e-01	2.896092e+00	9.963881e-01	9.658449e+00	6.986029e-01	2.455717e-01	2.102807e+00	8.300149e-01	1.040580e+00	7.194531e+01	1.399601e+02	3.012977e-01	9.474880e-02	-5.066893e-14	
1  107.611	2.262258e+00	1.329535e-01	7.207280e-01	3.049768e+00	9.690004e-01	7.714616e-02	8.032906e-01	8.699964e-01	2.925143e+00	9.940896e-01	1.009333e+01	6.991628e-01	2.454942e-01	2.110830e+00	8.321730e-01	1.041151e+00	7.207040e+01	1.399277e+02	3.007866e-01	9.742046e-02	1.224510e-13	
4  108.399	2.280979e+00	1.323266e-01	7.206129e-01	3.037733e+00	9.664842e-01	7.118045e-02	7.747449e-01	8.584018e-01	2.954249e+00	9.940407e-01	9.480398e+00	6.999451e-01	2.455721e-01	2.085740e+00	8.242862e-01	1.040908e+00	7.207149e+01	1.400065e+02	2.999702e-01	9.429664e-02	4.445422e-14	
2  107.76	2.267914e+00	1.316578e-01	7.230420e-01	3.033550e+00	9.699421e-01	7.163203e-02	7.568461e-01	8.681363e-01	2.955843e+00	9.930668e-01	9.549839e+00	7.034711e-01	2.455200e-01	2.076721e+00	8.234975e-01	1.041860e+00	7.230860e+01	1.403518e+02	2.964862e-01	9.239922e-02	2.046991e-13	
4  106.693	2.273601e+00	1.322160e-01	7.270385e-01	3.022914e+00	9.694039e-01	6.529701e-02	7.756922e-01	8.353705e-01	2.956959e+00	9.932181e-01	8.948589e+00	7.055112e-01	2.455440e-01	2.054664e+00	8.207018e-01	1.042750e+00	7.270607e+01	1.400867e+02	2.943942e-01	9.444141e-02	1.690892e-13	
2  106.536	2.292198e+00	1.320968e-01	7.325873e-01	3.033834e+00	9.684786e-01	6.909513e-02	7.892452e-01	8.409239e-01	2.957957e+00	9.942967e-01	9.259170e+00	7.097602e-01	2.456206e-01	2.077142e+00	8.238362e-01	1.043239e+00	7.325536e+01	1.398729e+02	2.901142e-01	9.586805e-02	9.049806e-14	
12  105.67	2.302314e+00	1.302674e-01	7.454292e-01	3.037795e+00	9.758143e-01	7.663361e-02	8.407084e-01	8.608155e-01	2.961107e+00	9.915521e-01	9.889441e+00	7.227416e-01	2.456644e-01	2.085386e+00	8.202156e-01	1.043121e+00	7.454271e+01	1.399545e+02	2.771588e-01	1.014740e-01	2.473395e-13	
4  106.421	2.290011e+00	1.302863e-01	7.429271e-01	3.019609e+00	9.763038e-01	7.102691e-02	8.607555e-01	8.376363e-01	2.889825e+00	9.887341e-01	9.416205e+00	7.211379e-01	2.456146e-01	2.047960e+00	8.121542e-01	1.042162e+00	7.430734e+01	1.399805e+02	2.788222e-01	1.037680e-01	2.981213e-13	
3  106.265	2.290011e+00	1.302863e-01	7.429271e-01	3.019609e+00	9.763038e-01	7.102691e-02	8.607555e-01	8.376363e-01	2.889825e+00	9.880700e-01	9.416205e+00	7.211379e-01	2.456146e-01	2.047960e+00	8.121542e-01	1.042162e+00	7.430734e+01	1.399805e+02	2.788222e-01	1.037680e-01	2.981213e-13	
2  107.824	2.301436e+00	1.294134e-01	7.461200e-01	3.034705e+00	9.789774e-01	7.865807e-02	8.747261e-01	8.583937e-01	2.934533e+00	9.888451e-01	1.006648e+01	7.248864e-01	2.456608e-01	2.079362e+00	8.148859e-01	1.041440e+00	7.463538e+01	1.400133e+02	2.751111e-01	1.052663e-01	2.214931e-13	
5  107.217	2.302711e+00	1.293942e-01	7.418146e-01	3.025112e+00	9.778625e-01	7.413620e-02	8.297606e-01	8.649103e-01	2.882495e+00	9.885007e-01	9.655058e+00	7.217050e-01	2.456661e-01	2.059459e+00	8.119935e-01	1.041620e+00	7.420491e+01	1.401947e+02	2.782828e-01	1.004113e-01	2.374626e-13	
5  107.203	2.302711e+00	1.293942e-01	7.418146e-01	3.025112e+00	9.778625e-01	7.413620e-02	8.297606e-01	8.649103e-01	2.882495e+00	9.884558e-01	9.655058e+00	7.217050e-01	2.456661e-01	2.059459e+00	8.119935e-01	1.041620e+00	7.420491e+01	1.401947e+02	2.782828e-01	1.004113e-01	2.374626e-13	
2  107.001	2.302451e+00	1.291306e-01	7.460513e-01	3.022828e+00	9.786836e-01	7.277112e-02	8.584078e-01	8.574488e-01	2.919840e+00	9.890176e-01	9.526788e+00	7.253314e-01	2.456655e-01	2.054764e+00	8.096489e-01	1.041627e+00	7.462895e+01	1.401336e+02	2.746439e-01	1.035080e-01	2.270190e-13	
2  106.76	2.303829e+00	1.293325e-01	7.579392e-01	3.026940e+00	9.745257e-01	7.284944e-02	9.373417e-01	8.364284e-01	2.901921e+00	9.902127e-01	9.526731e+00	7.333063e-01	2.456728e-01	2.063004e+00	8.088564e-01	1.042551e+00	7.580519e+01	1.397289e+02	2.665646e-01	1.119177e-01	2.862958e-13	
1  108.63	2.288004e+00	1.296229e-01	7.600270e-01	3.023006e+00	9.766342e-01	7.029707e-02	9.342976e-01	8.421073e-01	2.900711e+00	9.910149e-01	9.322678e+00	7.344943e-01	2.456081e-01	2.054387e+00	8.107144e-01	1.043918e+00	7.599551e+01	1.398533e+02	2.653102e-01	1.115641e-01	1.800567e-13	
1  108.586	2.288004e+00	1.296229e-01	7.600270e-01	3.023006e+00	9.766342e-01	7.029707e-02	9.342976e-01	8.421073e-01	2.900711e+00	9.911419e-01	9.322678e+00	7.344943e-01	2.456081e-01	2.054387e+00	8.107144e-01	1.043918e+00	7.599551e+01	1.398533e+02	2.653102e-01	1.115641e-01	1.800567e-13	
2  107.366	2.281986e+00	1.295466e-01	7.531724e-01	3.045456e+00	9.747242e-01	7.913622e-02	8.884100e-01	8.277786e-01	2.851178e+00	9.933602e-01	1.013924e+01	7.299384e-01	2.455833e-01	2.100981e+00	8.202908e-01	1.043584e+00	7.531025e+01	1.401217e+02	2.699400e-01	1.066514e-01	1.783147e-13	
1  107.584	2.276893e+00	1.292481e-01	7.524195e-01	3.052077e+00	9.742140e-01	7.828431e-02	8.710915e-01	8.385431e-01	2.850973e+00	9.975408e-01	1.006908e+01	7.300714e-01	2.455622e-01	2.114905e+00	8.227114e-01	1.043770e+00	7.523391e+01	1.403255e+02	2.698123e-01	1.047700e-01	4.989314e-14	
4  106.296	2.266141e+00	1.304570e-01	7.446851e-01	3.047666e+00	9.679477e-01	7.088987e-02	8.730430e-01	8.324430e-01	2.813807e+00	1.000719e+00	9.454478e+00	7.224311e-01	2.455170e-01	2.105893e+00	8.225084e-01	1.043064e+00	7.446201e+01	1.401491e+02	2.774910e-01	1.049656e-01	4.996392e-14	
3  106.713	2.262903e+00	1.298811e-01	7.395400e-01	3.044243e+00	9.677671e-01	7.421579e-02	8.376544e-01	8.488875e-01	2.816924e+00	9.968254e-01	9.758996e+00	7.196503e-01	2.455030e-01	2.098910e+00	8.196530e-01	1.042291e+00	7.395107e+01	1.404613e+02	2.802945e-01	1.011222e-01	2.197042e-13	
1  105.864	2.270019e+00	1.288241e-01	7.366285e-01	3.023166e+00	9.698819e-01	6.135051e-02	7.794883e-01	8.458545e-01	2.855618e+00	1.000087e+00	8.513711e+00	7.194002e-01	2.455315e-01	2.055598e+00	8.096573e-01	1.042093e+00	7.366650e+01	1.408936e+02	2.805392e-01	9.480608e-02	1.372436e-13	
7  104.46	2.274030e+00	1.306430e-01	7.377407e-01	3.016246e+00	9.663852e-01	5.347741e-02	8.231035e-01	8.659566e-01	2.808192e+00	1.001770e+00	7.742651e+00	7.167972e-01	2.455470e-01	2.041521e+00	8.106630e-01	1.042690e+00	7.377477e+01	1.402443e+02	2.831349e-01	9.962876e-02	3.481931e-14	
1  105.094	2.272159e+00	1.309376e-01	7.358784e-01	3.026147e+00	9.642608e-01	5.803764e-02	8.425113e-01	8.771466e-01	2.857633e+00	1.001670e+00	8.214821e+00	7.148375e-01	2.455391e-01	2.062002e+00	8.136965e-01	1.041899e+00	7.359316e+01	1.401145e+02	2.851215e-01	1.016276e-01	1.090467e-13	
1  105.166	2.272159e+00	1.309376e-01	7.358784e-01	3.026147e+00	9.642608e-01	5.803764e-02	8.425113e-01	8.771466e-01	2.857633e+00	1.001837e+00	8.214821e+00	7.148375e-01	2.455391e-01	2.062002e+00	8.136965e-01	1.041899e+00	7.359316e+01	1.401145e+02	2.851215e-01	1.016276e-01	1.090467e-13	
4  104.782	2.262164e+00	1.323975e-01	7.236449e-01	3.030781e+00	9.639717e-01	6.111492e-02	7.852180e-01	8.879838e-01	2.858278e+00	9.998119e-01	8.561071e+00	7.025578e-01	2.454958e-01	2.071137e+00	8.221356e-01	1.041990e+00	7.235694e+01	1.401256e+02	2.973490e-01	9.543529e-02	3.767866e-14	
2  104.01	2.268290e+00	1.327245e-01	7.290218e-01	3.044770e+00	9.662157e-01	6.869328e-02	8.361294e-01	8.937492e-01	2.911053e+00	9.989505e-01	9.286131e+00	7.061815e-01	2.455217e-01	2.100110e+00	8.280789e-01	1.042033e+00	7.289223e+01	1.397672e+02	2.937147e-01	1.009448e-01	5.823518e-14	
2  104.703	2.274245e+00	1.335365e-01	7.377583e-01	3.054469e+00	9.640801e-01	7.295200e-02	9.143376e-01	8.849528e-01	2.883714e+00	9.982816e-01	9.683290e+00	7.113998e-01	2.455476e-01	2.120269e+00	8.319672e-01	1.042615e+00	7.376562e+01	1.391864e+02	2.885027e-01	1.093427e-01	1.953016e-14	
11  104.666	2.274245e+00	1.335365e-01	7.377583e-01	3.054469e+00	9.640801e-01	7.295200e-02	9.143376e-01	8.849528e-01	2.883714e+00	9.985366e-01	9.683290e+00	7.113998e-01	2.455476e-01	2.120269e+00	8.319672e-01	1.042615e+00	7.376562e+01	1.391864e+02	2.885027e-01	1.093427e-01	1.953016e-14	
1  105.65	2.263989e+00	1.350667e-01	7.323584e-01	3.053506e+00	9.629517e-01	7.207437e-02	8.991471e-01	8.982406e-01	2.871098e+00	9.974293e-01	9.659015e+00	7.044625e-01	2.455037e-01	2.117976e+00	8.372878e-01	1.043318e+00	7.322274e+01	1.390135e+02	2.954488e-01	1.078468e-01	-1.055453e-13	
1  107.097	2.248429e+00	1.356908e-01	7.176827e-01	3.067009e+00	9.554252e-01	7.792350e-02	8.548489e-01	9.557984e-01	2.754756e+00	9.974250e-01	1.023863e+01	6.912914e-01	2.454342e-01	2.146866e+00	8.424792e-01	1.041641e+00	7.174858e+01	1.392306e+02	3.086118e-01	1.028021e-01	4.688497e-14	
1  107.203	2.248429e+00	1.356908e-01	7.176827e-01	3.067009e+00	9.554252e-01	7.792350e-02	8.548489e-01	9.557984e-01	2.754756e+00	9.976603e-01	1.023863e+01	6.912914e-01	2.454342e-01	2.146866e+00	8.424792e-01	1.041641e+00	7.174858e+01	1.392306e+02	3.086118e-01	1.028021e-01	4.688497e-14	
2  109.434	2.249942e+00	1.363409e-01	7.163312e-01	3.082143e+00	9.552889e-01	8.331713e-02	8.084122e-01	9.600451e-01	2.807444e+00	9.988760e-01	1.075167e+01	6.888307e-01	2.454412e-01	2.179002e+00	8.534232e-01	1.043252e+00	7.162261e+01	1.392525e+02	3.111357e-01	9.798248e-02	-1.785316e-13	
1  111.465	2.235367e+00	1.367536e-01	7.106840e-01	3.094039e+00	9.536103e-01	8.917962e-02	7.865716e-01	9.490027e-01	2.754841e+00	9.987288e-01	1.132705e+01	6.832684e-01	2.453784e-01	2.204885e+00	8.601559e-01	1.043130e+00	7.106034e+01	1.393957e+02	3.167190e-01	9.550966e-02	-1.579695e-13	
2  110.889	2.235412e+00	1.374250e-01	7.081900e-01	3.100582e+00	9.546373e-01	8.999224e-02	7.857568e-01	9.540967e-01	2.738738e+00	1.000325e+00	1.142161e+01	6.797457e-01	2.453777e-01	2.219646e+00	8.653218e-01	1.043074e+00	7.081473e+01	1.392443e+02	3.202466e-01	9.539694e-02	-1.686231e-13	
2  110.019	2.236559e+00	1.376261e-01	7.055458e-01	3.111058e+00	9.542631e-01	9.419033e-02	7.852231e-01	9.572097e-01	2.735667e+00	1.000984e+00	1.179149e+01	6.768994e-01	2.453810e-01	2.243203e+00	8.698133e-01	1.042506e+00	7.054726e+01	1.391923e+02	3.230616e-01	9.514627e-02	-1.001873e-13	
1  109.847	2.243223e+00	1.382945e-01	7.093677e-01	3.106996e+00	9.524160e-01	9.055490e-02	8.183916e-01	9.432971e-01	2.730007e+00	1.001410e+00	1.146419e+01	6.789218e-01	2.454104e-01	2.233811e+00	8.686519e-01	1.042971e+00	7.093140e+01	1.388343e+02	3.210737e-01	9.889461e-02	-2.401635e-13	
1  110.347	2.230042e+00	1.389537e-01	7.039907e-01	3.112126e+00	9.494872e-01	9.517822e-02	8.410256e-01	9.556433e-01	2.793777e+00	9.989188e-01	1.191044e+01	6.728224e-01	2.453498e-01	2.245278e+00	8.704796e-01	1.041735e+00	7.037936e+01	1.387487e+02	3.270715e-01	1.009169e-01	-7.018228e-14	
3  109.909	2.230042e+00	1.389537e-01	7.039907e-01	3.112126e+00	9.494872e-01	9.517822e-02	8.410256e-01	9.556433e-01	2.793777e+00	9.977867e-01	1.191044e+01	6.728224e-01	2.453498e-01	2.245278e+00	8.704796e-01	1.041735e+00	7.037936e+01	1.387487e+02	3.270715e-01	1.009169e-01	-7.018228e-14	
7  109.025	2.245338e+00	1.383138e-01	7.021507e-01	3.117715e+00	9.522482e-01	9.709307e-02	7.996105e-01	9.726526e-01	2.835527e+00	9.991074e-01	1.202607e+01	6.722084e-01	2.454142e-01	2.258416e+00	8.723699e-01	1.041500e+00	7.020216e+01	1.389137e+02	3.276559e-01	9.642544e-02	-4.518782e-14	
4  108.923	2.245338e+00	1.383138e-01	7.021507e-01	3.117715e+00	9.522482e-01	9.709307e-02	7.996105e-01	9.726526e-01	2.835527e+00	9.964394e-01	1.202607e+01	6.722084e-01	2.454142e-01	2.258416e+00	8.723699e-01	1.041500e+00	7.020216e+01	1.389137e+02	3.276559e-01	9.642544e-02	-4.518782e-14	
1  108.362	2.260784e+00	1.360728e-01	7.016354e-01	3.123884e+00	9.536683e-01	1.028743e-01	7.116046e-01	9.628694e-01	2.883985e+00	9.961027e-01	1.242989e+01	6.760514e-01	2.454800e-01	2.272495e+00	8.708055e-01	1.041623e+00	7.016297e+01	1.396378e+02	3.238775e-01	8.679660e-02	-4.692157e-14	
3  110.133	2.268948e+00	1.361172e-01	6.976936e-01	3.112395e+00	9.554798e-01	9.862634e-02	6.995613e-01	9.541865e-01	2.928825e+00	9.946521e-01	1.204071e+01	6.722749e-01	2.455120e-01	2.247096e+00	8.657156e-01	1.040716e+00	6.976868e+01	1.396240e+02	3.275840e-01	8.547191e-02	-3.406559e-14	
1  109.469	2.268294e+00	1.354630e-01	6.974599e-01	3.109552e+00	9.582478e-01	9.880329e-02	6.630151e-01	9.820613e-01	2.961643e+00	9.941488e-01	1.205651e+01	6.734759e-01	2.455107e-01	2.240848e+00	8.649760e-01	1.041209e+00	6.975336e+01	1.399204e+02	3.264553e-01	8.155142e-02	6.311382e-14	
2  108.626	2.254747e+00	1.353980e-01	7.078692e-01	3.112925e+00	9.620068e-01	1.034967e-01	7.162866e-01	9.474759e-01	2.935450e+00	9.921388e-01	1.250930e+01	6.832523e-01	2.454572e-01	2.248339e+00	8.680988e-01	1.042764e+00	7.080598e+01	1.398098e+02	3.168059e-01	8.768895e-02	1.361250e-13	
9  110.908	2.262880e+00	1.355862e-01	7.022512e-01	3.111212e+00	9.615004e-01	1.067009e-01	6.844940e-01	9.108678e-01	2.923484e+00	9.880015e-01	1.277188e+01	6.777507e-01	2.454876e-01	2.244782e+00	8.676930e-01	1.042140e+00	7.025751e+01	1.398431e+02	3.223201e-01	8.415408e-02	2.634003e-13	
10  110.779	2.262880e+00	1.355862e-01	7.022512e-01	3.111212e+00	9.615004e-01	1.067009e-01	6.844940e-01	9.108678e-01	2.923484e+00	9.878176e-01	1.277188e+01	6.777507e-01	2.454876e-01	2.244782e+00	8.676930e-01	1.042140e+00	7.025751e+01	1.398431e+02	3.223201e-01	8.415408e-02	2.634003e-13	
2  110.997	2.262880e+00	1.355862e-01	7.022512e-01	3.111212e+00	9.615004e-01	1.067009e-01	6.844940e-01	9.108678e-01	2.923484e+00	9.881207e-01	1.277188e+01	6.777507e-01	2.454876e-01	2.244782e+00	8.676930e-01	1.042140e+00	7.025751e+01	1.398431e+02	3.223201e-01	8.415408e-02	2.634003e-13	
4  110.621	2.254410e+00	1.378233e-01	7.011328e-01	3.103043e+00	9.568955e-01	9.777232e-02	7.230068e-01	9.220668e-01	2.885644e+00	9.899726e-01	1.208834e+01	6.724146e-01	2.454524e-01	2.225929e+00	8.690946e-01	1.042886e+00	7.014427e+01	1.392472e+02	3.276329e-01	8.854751e-02	1.432769e-13	
2  112.005	2.263093e+00	1.354443e-01	7.028607e-01	3.108960e+00	9.632775e-01	1.030658e-01	7.424285e-01	9.193821e-01	2.875766e+00	9.906977e-01	1.243472e+01	6.784744e-01	2.454868e-01	2.240295e+00	8.637053e-01	1.040379e+00	7.028834e+01	1.396665e+02	3.214039e-01	9.031095e-02	-1.018126e-14	
1  107.192	2.256810e+00	1.358671e-01	7.076949e-01	3.099159e+00	9.598789e-01	9.609309e-02	7.442709e-01	9.099776e-01	2.880352e+00	9.920146e-01	1.186675e+01	6.821904e-01	2.454660e-01	2.217290e+00	8.614920e-01	1.042225e+00	7.077300e+01	1.395695e+02	3.178059e-01	9.079455e-02	1.219704e-13	
7  107.212	2.256810e+00	1.358671e-01	7.076949e-01	3.099159e+00	9.598789e-01	9.609309e-02	7.442709e-01	9.099776e-01	2.880352e+00	9.907194e-01	1.186675e+01	6.821904e-01	2.454660e-01	2.217290e+00	8.614920e-01	1.042225e+00	7.077300e+01	1.395695e+02	3.178059e-01	9.079455e-02	1.219704e-13	
2  106.988	2.261539e+00	1.353191e-01	7.075088e-01	3.096968e+00	9.585767e-01	9.189243e-02	6.997463e-01	9.138124e-01	2.872506e+00	9.939002e-01	1.147461e+01	6.830402e-01	2.454876e-01	2.212216e+00	8.600788e-01	1.042924e+00	7.075658e+01	1.398313e+02	3.169819e-01	8.591792e-02	6.312085e-15	
1  106.94	2.242186e+00	1.361074e-01	7.073060e-01	3.086106e+00	9.538080e-01	8.457761e-02	7.456481e-01	9.061926e-01	2.899546e+00	9.948725e-01	1.088399e+01	6.815352e-01	2.454070e-01	2.187767e+00	8.553637e-01	1.042685e+00	7.071973e+01	1.396527e+02	3.184095e-01	9.098739e-02	-7.943217e-14	
5  106.941	2.242186e+00	1.361074e-01	7.073060e-01	3.086106e+00	9.538080e-01	8.457761e-02	7.456481e-01	9.061926e-01	2.899546e+00	9.956343e-01	1.088399e+01	6.815352e-01	2.454070e-01	2.187767e+00	8.553637e-01	1.042685e+00	7.071973e+01	1.396527e+02	3.184095e-01	9.098739e-02	-7.943217e-14	
5  107.156	2.244987e+00	1.361880e-01	7.023355e-01	3.089971e+00	9.528495e-01	8.420477e-02	7.004517e-01	9.041423e-01	2.843457e+00	9.974883e-01	1.084863e+01	6.768746e-01	2.454178e-01	2.196295e+00	8.580300e-01	1.042699e+00	7.022729e+01	1.398011e+02	3.230698e-01	8.594991e-02	-1.104929e-13	
1  106.952	2.244987e+00	1.361880e-01	7.023355e-01	3.089971e+00	9.528495e-01	8.420477e-02	7.004517e-01	9.041423e-01	2.843457e+00	9.970915e-01	1.084863e+01	6.768746e-01	2.454178e-01	2.196295e+00	8.580300e-01	1.042699e+00	7.022729e+01	1.398011e+02	3.230698e-01	8.594991e-02	-1.104929e-13	
4  107.013	2.237423e+00	1.370854e-01	7.003623e-01	3.096382e+00	9.501831e-01	8.363990e-02	7.448482e-01	8.732285e-01	2.899934e+00	9.995216e-01	1.082179e+01	6.732730e-01	2.453850e-01	2.210447e+00	8.607654e-01	1.041789e+00	7.001609e+01	1.394946e+02	3.266126e-01	9.058574e-02	-7.399027e-14	
2  105.19	2.260748e+00	1.357881e-01	7.082449e-01	3.090641e+00	9.540385e-01	8.185996e-02	7.436146e-01	8.611856e-01	2.829012e+00	9.996539e-01	1.057570e+01	6.827083e-01	2.454858e-01	2.198020e+00	8.554333e-01	1.042216e+00	7.080982e+01	1.395477e+02	3.172161e-01	9.063113e-02	-9.472897e-14	
12  105.315	2.262060e+00	1.357978e-01	7.022622e-01	3.081648e+00	9.543892e-01	7.552739e-02	7.183570e-01	8.462970e-01	2.849834e+00	1.001318e+00	9.984247e+00	6.772907e-01	2.454900e-01	2.178681e+00	8.514920e-01	1.041297e+00	7.020708e+01	1.396559e+02	3.225440e-01	8.770294e-02	-3.244807e-14	
1  105.312	2.270956e+00	1.357778e-01	7.035148e-01	3.079594e+00	9.558343e-01	7.429366e-02	6.750445e-01	8.511340e-01	2.835098e+00	1.001425e+00	9.867765e+00	6.784222e-01	2.455283e-01	2.174144e+00	8.532194e-01	1.042751e+00	7.034660e+01	1.397431e+02	3.215348e-01	8.312516e-02	-1.238667e-13	
2  105.361	2.270956e+00	1.357778e-01	7.035148e-01	3.079594e+00	9.558343e-01	7.429366e-02	6.750445e-01	8.511340e-01	2.835098e+00	1.001496e+00	9.867765e+00	6.784222e-01	2.455283e-01	2.174144e+00	8.532194e-01	1.042751e+00	7.034660e+01	1.397431e+02	3.215348e-01	8.312516e-02	-1.238667e-13	
4  104.141	2.270275e+00	1.362518e-01	7.021887e-01	3.055660e+00	9.532970e-01	6.067015e-02	6.913568e-01	8.557536e-01	2.806507e+00	1.002325e+00	8.556147e+00	6.762970e-01	2.455250e-01	2.122781e+00	8.428146e-01	1.042320e+00	7.021091e+01	1.395815e+02	3.236296e-01	8.495005e-02	-9.834101e-14	
3  104.508	2.286981e+00	1.348594e-01	7.020422e-01	3.040720e+00	9.584051e-01	5.819124e-02	6.648145e-01	8.491862e-01	2.786761e+00	9.992964e-01	8.236465e+00	6.787547e-01	2.455945e-01	2.091591e+00	8.334946e-01	1.041372e+00	7.020165e+01	1.398504e+02	3.211423e-01	8.187246e-02	-1.141732e-14	
8  104.792	2.286981e+00	1.348594e-01	7.020422e-01	3.040720e+00	9.584051e-01	5.819124e-02	6.648145e-01	8.491862e-01	2.786761e+00	9.997104e-01	8.236465e+00	6.787547e-01	2.455945e-01	2.091591e+00	8.334946e-01	1.041372e+00	7.020165e+01	1.398504e+02	3.211423e-01	8.187246e-02	-1.141732e-14	
8  106.083	2.243513e+00	1.343661e-01	7.192662e-01	3.018408e+00	9.586131e-01	4.994706e-02	7.747846e-01	8.359636e-01	2.854445e+00	9.997849e-01	7.490700e+00	6.953301e-01	2.454171e-01	2.045640e+00	8.233845e-01	1.043466e+00	7.192149e+01	1.399245e+02	3.045904e-01	9.450653e-02	-2.046641e-13	
2  106.18	2.243513e+00	1.343661e-01	7.192662e-01	3.018408e+00	9.586131e-01	4.994706e-02	7.747846e-01	8.359636e-01	2.854445e+00	1.000004e+00	7.490700e+00	6.953301e-01	2.454171e-01	2.045640e+00	8.233845e-01	1.043466e+00	7.192149e+01	1.399245e+02	3.045904e-01	9.450653e-02	-2.046641e-13	
3  105.433	2.238117e+00	1.333866e-01	7.234046e-01	3.015141e+00	9.608586e-01	4.920537e-02	8.062571e-01	8.426280e-01	2.938063e+00	1.001397e+00	7.405859e+00	7.007876e-01	2.453964e-01	2.039246e+00	8.187321e-01	1.042854e+00	7.233141e+01	1.400597e+02	2.991894e-01	9.792662e-02	-8.373228e-14	
1  105.361	2.232731e+00	1.325040e-01	7.200983e-01	3.013207e+00	9.645473e-01	5.058304e-02	7.878564e-01	8.632256e-01	2.852429e+00	1.000654e+00	7.544332e+00	6.999547e-01	2.453734e-01	2.035448e+00	8.162873e-01	1.041813e+00	7.199733e+01	1.403974e+02	3.000677e-01	9.582999e-02	1.460644e-14	
2  105.777	2.253192e+00	1.330971e-01	7.320717e-01	3.007570e+00	9.659873e-01	4.892763e-02	8.381321e-01	8.604954e-01	2.936004e+00	9.985739e-01	7.342293e+00	7.081250e-01	2.454595e-01	2.023672e+00	8.157035e-01	1.043577e+00	7.320377e+01	1.398386e+02	2.917870e-01	1.014043e-01	-1.279920e-13	
1  105.759	2.253192e+00	1.330971e-01	7.320717e-01	3.007570e+00	9.659873e-01	4.892763e-02	8.381321e-01	8.604954e-01	2.936004e+00	9.979143e-01	7.342293e+00	7.081250e-01	2.454595e-01	2.023672e+00	8.157035e-01	1.043577e+00	7.320377e+01	1.398386e+02	2.917870e-01	1.014043e-01	-1.279920e-13	
4  104.02	2.272205e+00	1.314538e-01	7.381933e-01	3.013823e+00	9.688924e-01	5.676802e-02	8.541945e-01	8.965270e-01	2.957702e+00	9.951403e-01	8.095478e+00	7.156985e-01	2.455397e-01	2.036345e+00	8.122547e-01	1.042673e+00	7.381837e+01	1.399377e+02	2.842082e-01	1.030241e-01	6.446443e-14	
5  104.059	2.285797e+00	1.308595e-01	7.418253e-01	3.027488e+00	9.729085e-01	6.423650e-02	8.715442e-01	9.110164e-01	2.971257e+00	9.951745e-01	8.792358e+00	7.193701e-01	2.455958e-01	2.064271e+00	8.158830e-01	1.042186e+00	7.418452e+01	1.398587e+02	2.805312e-01	1.048111e-01	9.995433e-14	
1  103.96	2.285797e+00	1.308595e-01	7.418253e-01	3.027488e+00	9.729085e-01	6.423650e-02	8.715442e-01	9.110164e-01	2.971257e+00	9.953404e-01	8.792358e+00	7.193701e-01	2.455958e-01	2.064271e+00	8.158830e-01	1.042186e+00	7.418452e+01	1.398587e+02	2.805312e-01	1.048111e-01	9.995433e-14	
1  103.853	2.295159e+00	1.293531e-01	7.511843e-01	3.037114e+00	9.783252e-01	6.765452e-02	8.785984e-01	9.225526e-01	3.022102e+00	9.984219e-01	9.069413e+00	7.288902e-01	2.456348e-01	2.084013e+00	8.167138e-01	1.042808e+00	7.511841e+01	1.400824e+02	2.709932e-01	1.055546e-01	6.834487e-14	
4  103.621	2.295159e+00	1.293531e-01	7.511843e-01	3.037114e+00	9.783252e-01	6.765452e-02	8.785984e-01	9.225526e-01	3.022102e+00	9.988861e-01	9.069413e+00	7.288902e-01	2.456348e-01	2.084013e+00	8.167138e-01	1.042808e+00	7.511841e+01	1.400824e+02	2.709932e-01	1.055546e-01	6.834487e-14	
1  105.167	2.300063e+00	1.295965e-01	7.531001e-01	3.038603e+00	9.774437e-01	6.841482e-02	8.616040e-01	9.292071e-01	2.928293e+00	9.984132e-01	9.121535e+00	7.296730e-01	2.456543e-01	2.087026e+00	8.190734e-01	1.043977e+00	7.530370e+01	1.400623e+02	2.701642e-01	1.036928e-01	-5.122707e-14	
1  104.421	2.292273e+00	1.279954e-01	7.498268e-01	3.044447e+00	9.780384e-01	7.127057e-02	8.422466e-01	9.258851e-01	3.050370e+00	1.001856e+00	9.389061e+00	7.303769e-01	2.456234e-01	2.099403e+00	8.158000e-01	1.042319e+00	7.498760e+01	1.405867e+02	2.695245e-01	1.015901e-01	1.232054e-13	
2  104.331	2.274363e+00	1.318210e-01	7.302913e-01	3.029861e+00	9.691579e-01	5.405823e-02	7.739086e-01	9.668666e-01	3.150214e+00	1.005726e+00	7.812440e+00	7.088388e-01	2.455466e-01	2.069199e+00	8.227892e-01	1.043316e+00	7.302537e+01	1.401864e+02	2.910827e-01	9.422436e-02	-1.284470e-13	
1  103.16	2.275024e+00	1.318041e-01	7.312467e-01	3.028981e+00	9.736335e-01	5.600654e-02	8.278008e-01	9.517626e-01	3.154657e+00	1.003932e+00	8.010171e+00	7.096691e-01	2.455496e-01	2.067450e+00	8.210917e-01	1.041834e+00	7.311765e+01	1.399501e+02	2.902459e-01	1.000621e-01	-3.181608e-14	
5  103.244	2.275024e+00	1.318041e-01	7.312467e-01	3.028981e+00	9.736335e-01	5.600654e-02	8.278008e-01	9.517626e-01	3.154657e+00	1.002577e+00	8.010171e+00	7.096691e-01	2.455496e-01	2.067450e+00	8.210917e-01	1.041834e+00	7.311765e+01	1.399501e+02	2.902459e-01	1.000621e-01	-3.181608e-14	
4  102.158	2.281468e+00	1.327464e-01	7.257118e-01	3.030277e+00	9.711725e-01	5.382293e-02	7.712829e-01	9.634967e-01	3.095847e+00	1.003775e+00	7.784735e+00	7.033011e-01	2.455754e-01	2.070120e+00	8.259064e-01	1.042816e+00	7.256724e+01	1.399076e+02	2.966216e-01	9.386376e-02	-4.692157e-14	
4  102.47	2.284728e+00	1.328516e-01	7.276385e-01	3.040131e+00	9.692260e-01	5.876255e-02	7.800501e-01	9.662427e-01	3.116848e+00	1.003395e+00	8.284739e+00	7.045968e-01	2.455891e-01	2.090518e+00	8.294978e-01	1.043088e+00	7.275838e+01	1.398142e+02	2.953196e-01	9.483162e-02	-8.438868e-14	
5  102.213	2.284806e+00	1.314454e-01	7.262399e-01	3.033370e+00	9.718510e-01	5.647628e-02	7.605387e-01	9.348833e-01	3.067407e+00	1.004126e+00	8.026961e+00	7.061374e-01	2.455896e-01	2.076546e+00	8.227841e-01	1.041957e+00	7.261774e+01	1.402197e+02	2.937606e-01	9.262808e-02	-1.235590e-14	
2  102.414	2.277177e+00	1.319869e-01	7.269352e-01	3.041668e+00	9.719830e-01	6.241483e-02	7.616389e-01	9.139042e-01	3.021160e+00	1.002117e+00	8.650663e+00	7.058190e-01	2.455584e-01	2.093734e+00	8.289794e-01	1.042852e+00	7.268571e+01	1.401669e+02	2.940868e-01	9.280848e-02	-4.198402e-14	
3  102.384	2.277177e+00	1.319869e-01	7.269352e-01	3.041668e+00	9.719830e-01	6.241483e-02	7.616389e-01	9.139042e-01	3.021160e+00	1.002055e+00	8.650663e+00	7.058190e-01	2.455584e-01	2.093734e+00	8.289794e-01	1.042852e+00	7.268571e+01	1.401669e+02	2.940868e-01	9.280848e-02	-4.198402e-14	
4  102.952	2.276638e+00	1.322800e-01	7.239274e-01	3.048965e+00	9.698010e-01	6.642977e-02	7.420930e-01	8.907447e-01	3.049436e+00	1.001232e+00	9.046347e+00	7.028084e-01	2.455559e-01	2.109019e+00	8.327743e-01	1.042927e+00	7.238440e+01	1.401897e+02	2.970986e-01	9.063724e-02	-3.214949e-14	
8  103.204	2.285125e+00	1.310828e-01	7.280471e-01	3.053276e+00	9.763401e-01	6.731215e-02	7.308777e-01	8.790217e-01	3.089543e+00	1.003995e+00	9.091293e+00	7.083219e-01	2.455916e-01	2.118395e+00	8.332021e-01	1.043056e+00	7.279926e+01	1.404288e+02	2.916027e-01	8.938503e-02	-4.273993e-14	
1  102.85	2.262897e+00	1.321518e-01	7.216304e-01	3.045818e+00	9.683844e-01	6.180898e-02	7.451636e-01	9.137250e-01	3.085253e+00	1.004370e+00	8.623262e+00	7.013770e-01	2.454991e-01	2.102384e+00	8.305808e-01	1.042436e+00	7.214958e+01	1.403468e+02	2.985296e-01	9.099360e-02	-5.269931e-14	
1  103.02	2.277973e+00	1.323072e-01	7.251667e-01	3.042055e+00	9.692900e-01	6.144914e-02	7.947810e-01	9.165306e-01	3.096374e+00	1.002520e+00	8.553145e+00	7.037143e-01	2.455612e-01	2.094653e+00	8.271275e-01	1.041590e+00	7.250702e+01	1.399485e+02	2.961596e-01	9.636514e-02	-8.710428e-15	
