4  102.41	2.263478e+00	1.206213e-01	6.920470e-01	3.046082e+00	9.645141e-01	5.924090e-02	1.712543e-01	9.505452e-01	3.956926e+00	9.991630e-01	8.146995e+00	6.994483e-01	2.454995e-01	2.103513e+00	8.070756e-01	1.041299e+00	6.920330e+01	1.457998e+02	3.004609e-01	2.247361e-02	4.712488e-14	
12  102.915	2.263478e+00	1.206213e-01	6.920470e-01	3.046082e+00	9.645141e-01	5.924090e-02	1.712543e-01	9.505452e-01	3.956926e+00	9.985411e-01	8.146995e+00	6.994483e-01	2.454995e-01	2.103513e+00	8.070756e-01	1.041299e+00	6.920330e+01	1.457998e+02	3.004609e-01	2.247361e-02	4.712488e-14	
9  104.021	2.239131e+00	1.246037e-01	6.978189e-01	3.050574e+00	9.689542e-01	6.461951e-02	3.645015e-01	7.671904e-01	3.555512e+00	9.979108e-01	8.804798e+00	6.967084e-01	2.453991e-01	2.112598e+00	8.189949e-01	1.041215e+00	6.976879e+01	1.441350e+02	3.032286e-01	4.656203e-02	1.131888e-14	
3  102.698	2.239131e+00	1.246037e-01	6.978189e-01	3.050574e+00	9.689542e-01	6.461951e-02	3.645015e-01	7.671904e-01	3.555512e+00	1.000143e+00	8.804798e+00	6.967084e-01	2.453991e-01	2.112598e+00	8.189949e-01	1.041215e+00	6.976879e+01	1.441350e+02	3.032286e-01	4.656203e-02	1.131888e-14	
3  105.425	2.276668e+00	1.277442e-01	6.886566e-01	3.063199e+00	9.601056e-01	7.254151e-02	2.977135e-01	7.954097e-01	3.448815e+00	9.930557e-01	9.531074e+00	6.812919e-01	2.455516e-01	2.139166e+00	8.332432e-01	1.042907e+00	6.886509e+01	1.432764e+02	3.186224e-01	3.862207e-02	4.750444e-15	
3  105.723	2.329543e+00	1.318672e-01	7.318108e-01	2.992009e+00	9.746684e-01	3.736677e-02	7.257066e-01	7.031821e-01	3.134654e+00	9.982509e-01	5.857416e+00	7.090153e-01	2.457696e-01	1.992431e+00	8.090804e-01	1.043826e+00	7.318789e+01	1.398439e+02	2.909775e-01	8.838762e-02	1.431576e-13	
1  106.591	2.332011e+00	1.382989e-01	7.489886e-01	3.020007e+00	9.738966e-01	4.005967e-02	1.116895e+00	2.018125e-01	4.093801e+00	1.012504e+00	6.266479e+00	7.106099e-01	2.457861e-01	2.049244e+00	8.279213e-01	1.042322e+00	7.490278e+01	1.367039e+02	2.893272e-01	1.303704e-01	4.810388e-14	
1  107.523	2.386926e+00	1.354170e-01	7.788930e-01	3.057587e+00	9.887096e-01	6.306074e-02	1.219188e+00	2.186300e-01	3.604785e+00	1.014352e+00	8.572117e+00	7.363929e-01	2.460066e-01	2.127938e+00	8.357195e-01	1.043094e+00	7.790598e+01	1.363770e+02	2.635442e-01	1.407412e-01	-6.277417e-14	
3  109.569	2.379339e+00	1.374246e-01	7.646991e-01	3.040659e+00	9.880208e-01	5.443041e-02	1.188162e+00	1.406112e-01	3.556650e+00	1.010404e+00	7.750287e+00	7.229331e-01	2.459777e-01	2.092327e+00	8.352613e-01	1.042301e+00	7.647910e+01	1.361453e+02	2.769666e-01	1.374138e-01	2.916749e-14	
1  106.849	2.378269e+00	1.470448e-01	7.743920e-01	3.025637e+00	9.714464e-01	5.406507e-02	1.566992e+00	5.212774e-01	4.203749e+00	1.003586e+00	7.851717e+00	7.139068e-01	2.459691e-01	2.060909e+00	8.412055e-01	1.042325e+00	7.745731e+01	1.327197e+02	2.860677e-01	1.732914e-01	3.106445e-13	
1  102.768	2.257962e+00	1.248784e-01	6.816263e-01	3.027915e+00	9.623271e-01	3.975881e-02	2.149159e-01	9.547812e-01	3.286846e+00	1.006145e+00	6.123573e+00	6.810877e-01	2.454755e-01	2.065276e+00	8.120265e-01	1.041273e+00	6.815633e+01	1.445576e+02	3.189246e-01	2.803358e-02	9.038071e-14	
1  104.607	2.278288e+00	1.243382e-01	7.093295e-01	3.052221e+00	9.736126e-01	7.163405e-02	4.063579e-01	7.023317e-01	3.603322e+00	9.995964e-01	9.371570e+00	7.062542e-01	2.455631e-01	2.116122e+00	8.181670e-01	1.041818e+00	7.092733e+01	1.435735e+02	2.936427e-01	5.174240e-02	6.604264e-14	
1  102.262	2.278288e+00	1.243382e-01	7.093295e-01	3.052221e+00	9.736126e-01	7.163405e-02	4.063579e-01	7.023317e-01	3.603322e+00	9.943752e-01	9.371570e+00	7.062542e-01	2.455631e-01	2.116122e+00	8.181670e-01	1.041818e+00	7.092733e+01	1.435735e+02	2.936427e-01	5.174240e-02	6.604264e-14	
3  103.545	2.277667e+00	1.280585e-01	7.077540e-01	2.975564e+00	9.720593e-01	3.248030e-02	5.073397e-01	3.951959e-01	3.082046e+00	9.938947e-01	5.295280e+00	6.976289e-01	2.455611e-01	1.959911e+00	7.959327e-01	1.041779e+00	7.077939e+01	1.422107e+02	3.023793e-01	6.365193e-02	4.144455e-14	
1  103.465	2.277667e+00	1.280585e-01	7.077540e-01	2.975564e+00	9.720593e-01	3.248030e-02	5.073397e-01	3.951959e-01	3.082046e+00	9.940352e-01	5.295280e+00	6.976289e-01	2.455611e-01	1.959911e+00	7.959327e-01	1.041779e+00	7.077939e+01	1.422107e+02	3.023793e-01	6.365193e-02	4.144455e-14	
2  108.747	2.336354e+00	1.359657e-01	7.478833e-01	3.094034e+00	9.596894e-01	9.106069e-02	1.061618e+00	7.628842e-01	4.308356e+00	9.993055e-01	1.117791e+01	7.136201e-01	2.458013e-01	2.206199e+00	8.471069e-01	1.041447e+00	7.480681e+01	1.374304e+02	2.862727e-01	1.243984e-01	-7.318151e-14	
8  108.413	2.347847e+00	1.411548e-01	7.591583e-01	3.080454e+00	9.609293e-01	8.642176e-02	1.299641e+00	7.720756e-01	4.139618e+00	9.982695e-01	1.085697e+01	7.128802e-01	2.458454e-01	2.176277e+00	8.509494e-01	1.041757e+00	7.593266e+01	1.352535e+02	2.870089e-01	1.481725e-01	-8.017239e-14	
2  106.879	2.325347e+00	1.426549e-01	7.590954e-01	3.059649e+00	9.595471e-01	7.577260e-02	1.335651e+00	5.460843e-01	4.100837e+00	9.980377e-01	9.990740e+00	7.107263e-01	2.457548e-01	2.131094e+00	8.466372e-01	1.042627e+00	7.591187e+01	1.350129e+02	2.891898e-01	1.518716e-01	-8.694721e-14	
3  102.539	2.299753e+00	1.302520e-01	7.348953e-01	3.051054e+00	9.770447e-01	7.243955e-02	7.668412e-01	4.856824e-01	4.497351e+00	9.963455e-01	9.524182e+00	7.150194e-01	2.456544e-01	2.113655e+00	8.278884e-01	1.042611e+00	7.348502e+01	1.403132e+02	2.848705e-01	9.336559e-02	5.628155e-14	
4  107.903	2.203765e+00	1.313475e-01	6.874815e-01	3.037590e+00	9.569259e-01	4.764484e-02	5.247656e-01	8.336070e-01	4.668203e+00	1.009708e+00	7.231658e+00	6.737397e-01	2.452480e-01	2.085845e+00	8.270870e-01	1.040588e+00	6.871798e+01	1.421637e+02	3.262703e-01	6.556733e-02	8.858694e-15	
3  108.069	2.209445e+00	1.305684e-01	6.888868e-01	3.069246e+00	9.504703e-01	5.608530e-02	4.792757e-01	7.746009e-01	4.637284e+00	1.014799e+00	8.123850e+00	6.764537e-01	2.452749e-01	2.152491e+00	8.377771e-01	1.041563e+00	6.887501e+01	1.424758e+02	3.236246e-01	6.008612e-02	1.287587e-13	
2  107.279	2.209445e+00	1.305684e-01	6.888868e-01	3.069246e+00	9.504703e-01	5.608530e-02	4.792757e-01	7.746009e-01	4.637284e+00	1.013058e+00	8.123850e+00	6.764537e-01	2.452749e-01	2.152491e+00	8.377771e-01	1.041563e+00	6.887501e+01	1.424758e+02	3.236246e-01	6.008612e-02	1.287587e-13	
1  105.127	2.204467e+00	1.240225e-01	6.763977e-01	3.064971e+00	9.583674e-01	5.945791e-02	1.267114e-01	7.986112e-01	4.261346e+00	1.005855e+00	8.374385e+00	6.789047e-01	2.452512e-01	2.143250e+00	8.294566e-01	1.043310e+00	6.765455e+01	1.457846e+02	3.209830e-01	1.672747e-02	-2.943680e-13	
5  105.14	2.204467e+00	1.240225e-01	6.763977e-01	3.064971e+00	9.583674e-01	5.945791e-02	1.267114e-01	7.986112e-01	4.261346e+00	1.005886e+00	8.374385e+00	6.789047e-01	2.452512e-01	2.143250e+00	8.294566e-01	1.043310e+00	6.765455e+01	1.457846e+02	3.209830e-01	1.672747e-02	-2.943680e-13	
6  105.114	2.243264e+00	1.272421e-01	7.108258e-01	3.056112e+00	9.704085e-01	5.675933e-02	4.896569e-01	8.424287e-01	4.125952e+00	1.011055e+00	8.076078e+00	7.023407e-01	2.454180e-01	2.124369e+00	8.286600e-01	1.043365e+00	7.108498e+01	1.428629e+02	2.976506e-01	6.181125e-02	-2.437145e-13	
3  104.736	2.332041e+00	1.296823e-01	7.475813e-01	3.067804e+00	9.768206e-01	6.737373e-02	7.989888e-01	5.168057e-01	4.411999e+00	1.010315e+00	8.965313e+00	7.251911e-01	2.457863e-01	2.149372e+00	8.316445e-01	1.043682e+00	7.476588e+01	1.399792e+02	2.747593e-01	9.699460e-02	-1.074164e-13	
4  105.28	2.287584e+00	1.302532e-01	6.919138e-01	3.032947e+00	9.704719e-01	5.808673e-02	4.399454e-01	8.855996e-01	3.384565e+00	9.939507e-01	8.146015e+00	6.788778e-01	2.455990e-01	2.075568e+00	8.263099e-01	1.041318e+00	6.920514e+01	1.419082e+02	3.211069e-01	5.568770e-02	9.712330e-14	
2  104.502	2.275045e+00	1.290077e-01	6.886294e-01	3.038059e+00	9.710267e-01	6.086699e-02	3.796435e-01	9.791408e-01	3.457120e+00	9.937346e-01	8.431780e+00	6.786699e-01	2.455465e-01	2.086242e+00	8.269729e-01	1.041478e+00	6.887499e+01	1.426065e+02	3.213009e-01	4.846679e-02	1.060690e-13	
6  104.315	2.258339e+00	1.227448e-01	6.666426e-01	3.038059e+00	9.647000e-01	5.869797e-02	2.971790e-02	8.531094e-01	3.714025e+00	9.925504e-01	8.124428e+00	6.717274e-01	2.454745e-01	2.085841e+00	8.147475e-01	1.040997e+00	6.667132e+01	1.460015e+02	3.281739e-01	4.347198e-03	-7.645046e-14	
2  104.344	2.258339e+00	1.227448e-01	6.666426e-01	3.038059e+00	9.647000e-01	5.869797e-02	2.971790e-02	8.531094e-01	3.714025e+00	9.926373e-01	8.124428e+00	6.717274e-01	2.454745e-01	2.085841e+00	8.147475e-01	1.040997e+00	6.667132e+01	1.460015e+02	3.281739e-01	4.347198e-03	-7.645046e-14	
2  105.628	2.355113e+00	1.253484e-01	7.336205e-01	3.127114e+00	9.801631e-01	1.042071e-01	5.843914e-01	2.483636e-01	3.452961e+00	1.002777e+00	1.202052e+01	7.219970e-01	2.458807e-01	2.281558e+00	8.466416e-01	1.041785e+00	7.336372e+01	1.417242e+02	2.779496e-01	7.293369e-02	-2.334104e-14	
1  104.597	2.392995e+00	1.310913e-01	7.711660e-01	3.084921e+00	9.840599e-01	9.041818e-02	1.024128e+00	3.663124e-01	3.447951e+00	1.001352e+00	1.090237e+01	7.380597e-01	2.460324e-01	2.187040e+00	8.361915e-01	1.042724e+00	7.712632e+01	1.380790e+02	2.618857e-01	1.209397e-01	5.371939e-14	
1  103.392	2.350987e+00	1.322225e-01	7.655681e-01	3.038754e+00	9.752886e-01	7.040851e-02	1.036647e+00	4.904187e-01	3.265773e+00	9.978164e-01	9.251144e+00	7.330009e-01	2.458627e-01	2.087707e+00	8.192443e-01	1.043055e+00	7.656132e+01	1.381930e+02	2.668431e-01	1.221670e-01	3.814842e-14	
8  103.235	2.291047e+00	1.216775e-01	7.231745e-01	3.045309e+00	9.721250e-01	5.841923e-02	3.897219e-01	6.781861e-01	3.045569e+00	1.006028e+00	8.038645e+00	7.222950e-01	2.456147e-01	2.101814e+00	8.069559e-01	1.043253e+00	7.231872e+01	1.441995e+02	2.775731e-01	4.964871e-02	1.363526e-14	
1  102.926	2.276300e+00	1.250808e-01	7.261109e-01	3.041209e+00	9.700850e-01	6.433962e-02	5.704761e-01	9.458492e-01	4.418794e+00	1.000770e+00	8.715750e+00	7.182754e-01	2.455571e-01	2.093081e+00	8.103699e-01	1.041976e+00	7.261621e+01	1.426623e+02	2.816252e-01	7.106835e-02	1.259766e-13	
6  104.354	2.276300e+00	1.250808e-01	7.261109e-01	3.041209e+00	9.700850e-01	6.433962e-02	5.704761e-01	9.458492e-01	4.418794e+00	1.003654e+00	8.715750e+00	7.182754e-01	2.455571e-01	2.093081e+00	8.103699e-01	1.041976e+00	7.261621e+01	1.426623e+02	2.816252e-01	7.106835e-02	1.259766e-13	
2  105.887	2.307625e+00	1.237859e-01	7.356283e-01	3.060553e+00	9.667595e-01	7.138324e-02	5.594081e-01	7.834070e-01	3.292876e+00	1.005635e+00	9.269463e+00	7.272456e-01	2.456875e-01	2.134091e+00	8.125260e-01	1.042856e+00	7.357010e+01	1.426950e+02	2.725814e-01	6.982678e-02	8.026580e-14	
1  101.695	2.306987e+00	1.273090e-01	7.136647e-01	3.058354e+00	9.702729e-01	6.457580e-02	5.047824e-01	9.871238e-01	4.989430e+00	1.003118e+00	8.692430e+00	7.033741e-01	2.456819e-01	2.129015e+00	8.256211e-01	1.042011e+00	7.136062e+01	1.420954e+02	2.965128e-01	6.343855e-02	4.890855e-14	
3  102.143	2.331639e+00	1.262380e-01	7.336463e-01	3.034738e+00	9.726123e-01	5.761796e-02	6.159528e-01	5.381855e-01	4.558140e+00	1.002269e+00	7.959736e+00	7.209005e-01	2.457833e-01	2.079628e+00	8.093438e-01	1.042285e+00	7.336915e+01	1.415947e+02	2.789841e-01	7.638291e-02	2.390794e-14	
2  102.321	2.252964e+00	1.211521e-01	6.779317e-01	3.033368e+00	9.571954e-01	4.054144e-02	6.127477e-02	9.843590e-01	4.176754e+00	1.007917e+00	6.187672e+00	6.858681e-01	2.454545e-01	2.077160e+00	8.055376e-01	1.041755e+00	6.780004e+01	1.463106e+02	3.141931e-01	8.268312e-03	1.312039e-13	
5  102.321	2.252964e+00	1.211521e-01	6.779317e-01	3.033368e+00	9.571954e-01	4.054144e-02	6.127477e-02	9.843590e-01	4.176754e+00	1.007927e+00	6.187672e+00	6.858681e-01	2.454545e-01	2.077160e+00	8.055376e-01	1.041755e+00	6.780004e+01	1.463106e+02	3.141931e-01	8.268312e-03	1.312039e-13	
9  101.098	2.255107e+00	1.227542e-01	6.856268e-01	3.054262e+00	9.674103e-01	6.515108e-02	1.772510e-01	8.315622e-01	3.193592e+00	9.984563e-01	8.773996e+00	6.894314e-01	2.454636e-01	2.120315e+00	8.189613e-01	1.041655e+00	6.855284e+01	1.453083e+02	3.104396e-01	2.329032e-02	2.971990e-15	
8  101.004	2.255107e+00	1.227542e-01	6.856268e-01	3.054262e+00	9.674103e-01	6.515108e-02	1.772510e-01	8.315622e-01	3.193592e+00	9.980304e-01	8.773996e+00	6.894314e-01	2.454636e-01	2.120315e+00	8.189613e-01	1.041655e+00	6.855284e+01	1.453083e+02	3.104396e-01	2.329032e-02	2.971990e-15	
2  112.561	2.426980e+00	1.373905e-01	8.148807e-01	3.246508e+00	1.002656e+00	1.709838e-01	1.579691e+00	9.993154e-01	3.862218e+00	1.010896e+00	1.739219e+01	7.560545e-01	2.461527e-01	2.566543e+00	9.166852e-01	1.042490e+00	8.150696e+01	1.342820e+02	2.425887e-01	1.752809e-01	1.166947e-12	
