1  103.648	2.232265e+00	1.222074e-01	6.812017e-01	3.097483e+00	9.645284e-01	7.202174e-02	1.206162e-01	4.625556e-02	4.893775e+00	1.008221e+00	9.468948e+00	6.870200e-01	2.453686e-01	2.214028e+00	8.371832e-01	1.042355e+00	6.812847e+01	1.459730e+02	3.130300e-01	1.591876e-02	2.928637e-14	
1  103.227	2.227037e+00	1.214754e-01	6.740554e-01	3.109702e+00	9.656093e-01	7.760291e-02	6.047620e-02	4.756825e-02	4.888723e+00	1.009692e+00	9.974581e+00	6.820784e-01	2.453465e-01	2.241252e+00	8.415250e-01	1.041684e+00	6.741594e+01	1.465237e+02	3.179091e-01	8.019455e-03	-3.395602e-14	
4  103.313	2.227037e+00	1.214754e-01	6.740554e-01	3.109702e+00	9.656093e-01	7.760291e-02	6.047620e-02	4.756825e-02	4.888723e+00	1.009201e+00	9.974581e+00	6.820784e-01	2.453465e-01	2.241252e+00	8.415250e-01	1.041684e+00	6.741594e+01	1.465237e+02	3.179091e-01	8.019455e-03	-3.395602e-14	
2  102.911	2.221642e+00	1.218019e-01	6.684071e-01	3.087682e+00	9.640021e-01	6.635537e-02	3.784262e-03	6.371657e-02	4.883804e+00	1.009093e+00	8.944032e+00	6.760434e-01	2.453219e-01	2.192322e+00	8.353248e-01	1.042458e+00	6.685198e+01	1.467707e+02	3.239318e-01	5.728751e-04	-2.206787e-14	
4  102.747	2.223963e+00	1.213595e-01	6.672261e-01	3.077738e+00	9.688921e-01	6.202893e-02	1.034441e-02	9.336016e-02	4.833269e+00	1.009339e+00	8.502384e+00	6.758604e-01	2.453322e-01	2.170597e+00	8.300837e-01	1.041347e+00	6.671518e+01	1.468362e+02	3.240643e-01	1.340553e-03	-2.503060e-14	
1  102.8	2.223963e+00	1.213595e-01	6.672261e-01	3.077738e+00	9.688921e-01	6.202893e-02	1.034441e-02	9.336016e-02	4.833269e+00	1.007892e+00	8.502384e+00	6.758604e-01	2.453322e-01	2.170597e+00	8.300837e-01	1.041347e+00	6.671518e+01	1.468362e+02	3.240643e-01	1.340553e-03	-2.503060e-14	
4  102.83	2.222587e+00	1.217569e-01	6.712445e-01	3.089372e+00	9.654553e-01	6.967135e-02	5.222455e-02	1.103464e-01	4.876098e+00	1.005545e+00	9.259058e+00	6.788657e-01	2.453270e-01	2.196020e+00	8.341934e-01	1.041547e+00	6.712841e+01	1.465392e+02	3.210583e-01	6.970160e-03	-7.501990e-14	
8  102.249	2.239248e+00	1.215351e-01	6.749597e-01	3.080587e+00	9.647770e-01	6.413623e-02	4.254903e-02	1.143998e-01	4.854959e+00	1.006352e+00	8.685385e+00	6.825330e-01	2.453965e-01	2.176914e+00	8.298842e-01	1.042317e+00	6.750033e+01	1.464518e+02	3.174556e-01	5.687639e-03	-3.346093e-14	
2  102.457	2.241854e+00	1.214767e-01	6.719767e-01	3.084879e+00	9.620504e-01	7.005682e-02	4.554693e-02	1.161329e-01	4.878841e+00	1.002685e+00	9.242566e+00	6.798105e-01	2.454077e-01	2.186171e+00	8.294319e-01	1.041188e+00	6.719856e+01	1.464285e+02	3.200959e-01	6.091900e-03	-1.229752e-13	
5  102.337	2.231075e+00	1.213912e-01	6.707296e-01	3.086007e+00	9.623076e-01	7.229993e-02	4.150712e-02	1.064807e-01	4.872628e+00	1.001543e+00	9.478621e+00	6.790426e-01	2.453624e-01	2.188587e+00	8.301963e-01	1.041157e+00	6.707615e+01	1.465920e+02	3.208431e-01	5.552165e-03	-1.421630e-13	
2  102.158	2.231075e+00	1.213912e-01	6.707296e-01	3.086007e+00	9.623076e-01	7.229993e-02	4.150712e-02	1.064807e-01	4.872628e+00	1.001856e+00	9.478621e+00	6.790426e-01	2.453624e-01	2.188587e+00	8.301963e-01	1.041157e+00	6.707615e+01	1.465920e+02	3.208431e-01	5.552165e-03	-1.421630e-13	
1  102.118	2.218983e+00	1.229020e-01	6.704879e-01	3.069599e+00	9.562334e-01	6.327395e-02	5.984507e-02	1.347442e-01	4.832829e+00	1.000806e+00	8.685551e+00	6.756750e-01	2.453107e-01	2.153075e+00	8.274899e-01	1.042339e+00	6.706097e+01	1.462367e+02	3.242673e-01	8.128956e-03	1.004934e-14	
2  101.931	2.229016e+00	1.219415e-01	6.716573e-01	3.069852e+00	9.579393e-01	6.531170e-02	6.130331e-02	1.348668e-01	4.794299e+00	9.999829e-01	8.841349e+00	6.787426e-01	2.453539e-01	2.153650e+00	8.237041e-01	1.041380e+00	6.717194e+01	1.463712e+02	3.211392e-01	8.218542e-03	-1.012266e-13	
5  102.314	2.222920e+00	1.220782e-01	6.699232e-01	3.070863e+00	9.555897e-01	6.484039e-02	1.924526e-02	1.282673e-01	4.756657e+00	1.000681e+00	8.811712e+00	6.768953e-01	2.453268e-01	2.155796e+00	8.263682e-01	1.042617e+00	6.700785e+01	1.466060e+02	3.230549e-01	2.789043e-03	2.612397e-14	
2  103.047	2.222920e+00	1.220782e-01	6.699232e-01	3.070863e+00	9.555897e-01	6.484039e-02	1.924526e-02	1.282673e-01	4.756657e+00	1.002867e+00	8.811712e+00	6.768953e-01	2.453268e-01	2.155796e+00	8.263682e-01	1.042617e+00	6.700785e+01	1.466060e+02	3.230549e-01	2.789043e-03	2.612397e-14	
8  101.867	2.236923e+00	1.216077e-01	6.732382e-01	3.082305e+00	9.606040e-01	7.007730e-02	6.548192e-02	1.647125e-01	4.753586e+00	1.003862e+00	9.264129e+00	6.808174e-01	2.453873e-01	2.180602e+00	8.279371e-01	1.041145e+00	6.732761e+01	1.463513e+02	3.190694e-01	8.720890e-03	-1.274925e-13	
4  101.957	2.236923e+00	1.216077e-01	6.732382e-01	3.082305e+00	9.606040e-01	7.007730e-02	6.548192e-02	1.647125e-01	4.753586e+00	1.004533e+00	9.264129e+00	6.808174e-01	2.453873e-01	2.180602e+00	8.279371e-01	1.041145e+00	6.732761e+01	1.463513e+02	3.190694e-01	8.720890e-03	-1.274925e-13	
1  101.752	2.248217e+00	1.206460e-01	6.853330e-01	3.073602e+00	9.611972e-01	6.683032e-02	9.448217e-02	1.667494e-01	4.738210e+00	1.004329e+00	8.916811e+00	6.938015e-01	2.454356e-01	2.161907e+00	8.211947e-01	1.042423e+00	6.854249e+01	1.463274e+02	3.061858e-01	1.257408e-02	2.504103e-14	
1  101.745	2.256009e+00	1.203231e-01	6.788432e-01	3.069094e+00	9.621402e-01	6.364802e-02	5.442121e-02	1.548655e-01	4.692475e+00	1.005404e+00	8.583000e+00	6.884445e-01	2.454673e-01	2.152140e+00	8.184212e-01	1.041342e+00	6.788661e+01	1.465260e+02	3.114534e-01	7.315062e-03	-6.062239e-14	
10  102.243	2.267455e+00	1.199790e-01	6.813939e-01	3.064816e+00	9.643209e-01	5.930775e-02	3.132326e-02	1.586397e-01	4.697217e+00	1.007669e+00	8.123402e+00	6.913056e-01	2.455143e-01	2.143014e+00	8.171959e-01	1.042239e+00	6.814364e+01	1.466031e+02	3.086673e-01	4.244007e-03	-3.194660e-14	
2  102.578	2.268659e+00	1.206313e-01	6.777668e-01	3.067663e+00	9.666882e-01	6.035669e-02	4.954413e-02	1.648372e-01	4.758043e+00	1.007478e+00	8.226848e+00	6.865256e-01	2.455191e-01	2.148890e+00	8.198117e-01	1.041170e+00	6.776443e+01	1.463293e+02	3.133985e-01	6.600864e-03	-5.968996e-14	
2  102.788	2.262283e+00	1.209825e-01	6.820865e-01	3.066387e+00	9.651393e-01	5.899984e-02	1.053144e-01	1.968872e-01	4.708826e+00	1.007789e+00	8.122533e+00	6.898448e-01	2.454935e-01	2.146307e+00	8.185482e-01	1.041058e+00	6.819910e+01	1.460355e+02	3.100798e-01	1.390167e-02	-1.935698e-14	
2  103.696	2.262283e+00	1.209825e-01	6.820865e-01	3.066387e+00	9.651393e-01	5.899984e-02	1.053144e-01	1.968872e-01	4.708826e+00	1.006054e+00	8.122533e+00	6.898448e-01	2.454935e-01	2.146307e+00	8.185482e-01	1.041058e+00	6.819910e+01	1.460355e+02	3.100798e-01	1.390167e-02	-1.935698e-14	
7  103.626	2.243429e+00	1.220110e-01	6.840105e-01	3.053819e+00	9.645597e-01	4.994378e-02	1.337449e-01	2.009935e-01	4.793948e+00	1.007916e+00	7.255605e+00	6.898173e-01	2.454149e-01	2.119698e+00	8.176420e-01	1.042239e+00	6.840070e+01	1.458370e+02	3.102719e-01	1.756305e-02	1.426600e-13	
1  102.006	2.241031e+00	1.216349e-01	6.807536e-01	3.047023e+00	9.639744e-01	5.291236e-02	1.169001e-01	2.021932e-01	4.779802e+00	1.002551e+00	7.567993e+00	6.876791e-01	2.454051e-01	2.105198e+00	8.133854e-01	1.041523e+00	6.807269e+01	1.460419e+02	3.122488e-01	1.545245e-02	1.810566e-14	
9  101.365	2.241031e+00	1.216349e-01	6.807536e-01	3.047023e+00	9.639744e-01	5.291236e-02	1.169001e-01	2.021932e-01	4.779802e+00	1.003439e+00	7.567993e+00	6.876791e-01	2.454051e-01	2.105198e+00	8.133854e-01	1.041523e+00	6.807269e+01	1.460419e+02	3.122488e-01	1.545245e-02	1.810566e-14	
1  100.618	2.240977e+00	1.213299e-01	6.805752e-01	3.042487e+00	9.680876e-01	5.230000e-02	9.188891e-02	2.218923e-01	4.859655e+00	1.002610e+00	7.494957e+00	6.881781e-01	2.454044e-01	2.095525e+00	8.129507e-01	1.042017e+00	6.805626e+01	1.462429e+02	3.117467e-01	1.223094e-02	9.155273e-15	
8  100.821	2.240977e+00	1.213299e-01	6.805752e-01	3.042487e+00	9.680876e-01	5.230000e-02	9.188891e-02	2.218923e-01	4.859655e+00	1.002014e+00	7.494957e+00	6.881781e-01	2.454044e-01	2.095525e+00	8.129507e-01	1.042017e+00	6.805626e+01	1.462429e+02	3.117467e-01	1.223094e-02	9.155273e-15	
2  101.074	2.236860e+00	1.222492e-01	6.749289e-01	3.044122e+00	9.607950e-01	5.055599e-02	8.853635e-02	2.201420e-01	4.909309e+00	1.002854e+00	7.336165e+00	6.810192e-01	2.453872e-01	2.099111e+00	8.141838e-01	1.041525e+00	6.749152e+01	1.460677e+02	3.189160e-01	1.177808e-02	3.419332e-14	
4  100.823	2.236860e+00	1.222492e-01	6.749289e-01	3.044122e+00	9.607950e-01	5.055599e-02	8.853635e-02	2.201420e-01	4.909309e+00	1.003643e+00	7.336165e+00	6.810192e-01	2.453872e-01	2.099111e+00	8.141838e-01	1.041525e+00	6.749152e+01	1.460677e+02	3.189160e-01	1.177808e-02	3.419332e-14	
5  101.621	2.223832e+00	1.229561e-01	6.747294e-01	3.040009e+00	9.553839e-01	4.992691e-02	9.119116e-02	2.020719e-01	4.904419e+00	1.001472e+00	7.317240e+00	6.795295e-01	2.453320e-01	2.090687e+00	8.144194e-01	1.042453e+00	6.748418e+01	1.460146e+02	3.204631e-01	1.217910e-02	1.498133e-13	
9  101.685	2.222604e+00	1.243489e-01	6.684093e-01	3.049878e+00	9.518576e-01	5.186523e-02	8.716480e-02	1.918622e-01	4.824678e+00	1.002434e+00	7.544691e+00	6.703731e-01	2.453256e-01	2.111371e+00	8.216362e-01	1.042167e+00	6.685231e+01	1.456937e+02	3.295948e-01	1.168596e-02	1.327351e-13	
2  101.704	2.234685e+00	1.233156e-01	6.697850e-01	3.042849e+00	9.529306e-01	5.140148e-02	5.624397e-02	1.823056e-01	4.828227e+00	1.000557e+00	7.452917e+00	6.737872e-01	2.453764e-01	2.096600e+00	8.163213e-01	1.042260e+00	6.699047e+01	1.459775e+02	3.261514e-01	7.676229e-03	1.095995e-13	
7  102.153	2.234685e+00	1.233156e-01	6.697850e-01	3.042849e+00	9.529306e-01	5.140148e-02	5.624397e-02	1.823056e-01	4.828227e+00	9.979706e-01	7.452917e+00	6.737872e-01	2.453764e-01	2.096600e+00	8.163213e-01	1.042260e+00	6.699047e+01	1.459775e+02	3.261514e-01	7.676229e-03	1.095995e-13	
3  101.164	2.244021e+00	1.221944e-01	6.672147e-01	3.037506e+00	9.597930e-01	5.245343e-02	1.314178e-02	1.746851e-01	4.848364e+00	9.961267e-01	7.513741e+00	6.736675e-01	2.454150e-01	2.085079e+00	8.128207e-01	1.041581e+00	6.672320e+01	1.463743e+02	3.262386e-01	1.961023e-03	2.788939e-14	
2  101.317	2.244021e+00	1.221944e-01	6.672147e-01	3.037506e+00	9.597930e-01	5.245343e-02	1.314178e-02	1.746851e-01	4.848364e+00	9.957008e-01	7.513741e+00	6.736675e-01	2.454150e-01	2.085079e+00	8.128207e-01	1.041581e+00	6.672320e+01	1.463743e+02	3.262386e-01	1.961023e-03	2.788939e-14	
8  101.625	2.242254e+00	1.224555e-01	6.719717e-01	3.044545e+00	9.604016e-01	5.413920e-02	5.623546e-02	1.698563e-01	4.770694e+00	9.971766e-01	7.702284e+00	6.776641e-01	2.454086e-01	2.099878e+00	8.158377e-01	1.041825e+00	6.719910e+01	1.461137e+02	3.222393e-01	7.636018e-03	-3.900379e-15	
5  100.662	2.242254e+00	1.224555e-01	6.719717e-01	3.044545e+00	9.604016e-01	5.413920e-02	5.623546e-02	1.698563e-01	4.770694e+00	1.000273e+00	7.702284e+00	6.776641e-01	2.454086e-01	2.099878e+00	8.158377e-01	1.041825e+00	6.719910e+01	1.461137e+02	3.222393e-01	7.636018e-03	-3.900379e-15	
5  101.933	2.244154e+00	1.218826e-01	6.710189e-01	3.024302e+00	9.653449e-01	4.694410e-02	2.055648e-02	1.597766e-01	4.759073e+00	9.986116e-01	6.917724e+00	6.780028e-01	2.454162e-01	2.057713e+00	8.084723e-01	1.042133e+00	6.710467e+01	1.464173e+02	3.219172e-01	2.959229e-03	4.015900e-14	
3  102.254	2.244154e+00	1.218826e-01	6.710189e-01	3.024302e+00	9.653449e-01	4.694410e-02	2.055648e-02	1.597766e-01	4.759073e+00	9.990360e-01	6.917724e+00	6.780028e-01	2.454162e-01	2.057713e+00	8.084723e-01	1.042133e+00	6.710467e+01	1.464173e+02	3.219172e-01	2.959229e-03	4.015900e-14	
1  104.293	2.243560e+00	1.222663e-01	6.774178e-01	3.002263e+00	9.639648e-01	3.784202e-02	5.791004e-02	1.723989e-01	4.689082e+00	9.968068e-01	5.906648e+00	6.831912e-01	2.454151e-01	2.013134e+00	8.004131e-01	1.043156e+00	6.775812e+01	1.461420e+02	3.167530e-01	7.921435e-03	5.224943e-14	
2  102.224	2.244135e+00	1.240286e-01	6.666448e-01	3.006360e+00	9.541730e-01	3.554178e-02	6.132962e-02	1.721297e-01	4.798019e+00	9.980405e-01	5.647143e+00	6.690210e-01	2.454168e-01	2.021461e+00	8.030965e-01	1.041630e+00	6.667322e+01	1.456634e+02	3.309109e-01	8.346789e-03	1.452632e-13	
3  102.54	2.264939e+00	1.229172e-01	6.723214e-01	3.010641e+00	9.557182e-01	3.623543e-02	6.657257e-02	1.723104e-01	4.841114e+00	1.000141e+00	5.677933e+00	6.765348e-01	2.455042e-01	2.030082e+00	8.007555e-01	1.041447e+00	6.723582e+01	1.456971e+02	3.233838e-01	9.044781e-03	7.564761e-14	
3  101.867	2.251608e+00	1.233786e-01	6.721069e-01	3.012732e+00	9.542679e-01	3.778320e-02	8.705529e-02	1.765518e-01	4.915597e+00	9.994054e-01	5.897556e+00	6.755865e-01	2.454491e-01	2.034484e+00	8.026229e-01	1.041510e+00	6.721609e+01	1.456250e+02	3.243378e-01	1.168638e-02	1.052611e-13	
2  102.213	2.274294e+00	1.231393e-01	6.771530e-01	3.024576e+00	9.580235e-01	4.057605e-02	9.160216e-02	1.680903e-01	4.911915e+00	1.002233e+00	6.171669e+00	6.803879e-01	2.455429e-01	2.058571e+00	8.072266e-01	1.041993e+00	6.771681e+01	1.454215e+02	3.195586e-01	1.229376e-02	2.788827e-14	
6  101.825	2.275371e+00	1.231952e-01	6.787821e-01	3.034469e+00	9.621371e-01	4.629713e-02	1.023665e-01	1.744829e-01	4.879859e+00	1.001775e+00	6.805960e+00	6.817530e-01	2.455470e-01	2.078885e+00	8.124384e-01	1.042129e+00	6.787350e+01	1.453416e+02	3.181826e-01	1.365983e-02	-3.120229e-14	
3  101.819	2.275371e+00	1.231952e-01	6.787821e-01	3.034469e+00	9.621371e-01	4.629713e-02	1.023665e-01	1.744829e-01	4.879859e+00	1.002034e+00	6.805960e+00	6.817530e-01	2.455470e-01	2.078885e+00	8.124384e-01	1.042129e+00	6.787350e+01	1.453416e+02	3.181826e-01	1.365983e-02	-3.120229e-14	
5  102.678	2.276418e+00	1.235661e-01	6.723463e-01	3.042661e+00	9.606754e-01	4.933642e-02	7.858596e-02	1.557813e-01	4.893237e+00	1.002441e+00	7.127750e+00	6.748390e-01	2.455505e-01	2.095771e+00	8.164321e-01	1.041386e+00	6.722207e+01	1.453479e+02	3.251018e-01	1.051961e-02	-3.332868e-14	
9  103.084	2.275537e+00	1.238586e-01	6.700103e-01	3.035661e+00	9.603287e-01	4.686388e-02	6.204578e-02	1.561406e-01	4.927427e+00	1.001196e+00	6.864384e+00	6.719574e-01	2.455461e-01	2.081115e+00	8.150422e-01	1.041582e+00	6.699106e+01	1.453646e+02	3.279843e-01	8.389443e-03	-1.007244e-14	
3  103.337	2.268889e+00	1.241173e-01	6.744199e-01	3.026425e+00	9.578618e-01	4.172928e-02	1.321034e-01	1.595104e-01	4.973405e+00	1.001361e+00	6.320623e+00	6.758123e-01	2.455209e-01	2.062160e+00	8.091668e-01	1.040935e+00	6.742877e+01	1.450278e+02	3.241193e-01	1.743729e-02	3.986210e-14	
9  103.059	2.268889e+00	1.241173e-01	6.744199e-01	3.026425e+00	9.578618e-01	4.172928e-02	1.321034e-01	1.595104e-01	4.973405e+00	1.002713e+00	6.320623e+00	6.758123e-01	2.455209e-01	2.062160e+00	8.091668e-01	1.040935e+00	6.742877e+01	1.450278e+02	3.241193e-01	1.743729e-02	3.986210e-14	
1  102.024	2.259065e+00	1.237760e-01	6.766836e-01	3.024470e+00	9.575978e-01	4.322064e-02	1.086472e-01	1.766120e-01	4.925147e+00	1.001061e+00	6.515167e+00	6.788756e-01	2.454794e-01	2.058417e+00	8.094869e-01	1.042325e+00	6.767316e+01	1.453406e+02	3.210638e-01	1.453217e-02	7.209331e-14	
1  103.99	2.259065e+00	1.237760e-01	6.766836e-01	3.024470e+00	9.575978e-01	4.322064e-02	1.086472e-01	1.766120e-01	4.925147e+00	1.003272e+00	6.515167e+00	6.788756e-01	2.454794e-01	2.058417e+00	8.094869e-01	1.042325e+00	6.767316e+01	1.453406e+02	3.210638e-01	1.453217e-02	7.209331e-14	
4  102.313	2.262046e+00	1.234434e-01	6.779598e-01	3.046040e+00	9.619496e-01	5.332435e-02	1.310353e-01	1.564779e-01	4.891949e+00	1.004511e+00	7.589286e+00	6.807407e-01	2.454922e-01	2.102999e+00	8.170468e-01	1.041511e+00	6.778717e+01	1.452803e+02	3.191778e-01	1.733711e-02	-2.684966e-14	
15  102.223	2.256172e+00	1.230732e-01	6.791131e-01	3.034165e+00	9.661299e-01	4.885901e-02	1.265014e-01	1.563456e-01	4.944587e+00	1.004079e+00	7.122360e+00	6.827522e-01	2.454680e-01	2.078133e+00	8.129221e-01	1.041786e+00	6.790164e+01	1.454598e+02	3.171776e-01	1.675443e-02	6.020814e-15	
3  104.469	2.256172e+00	1.230732e-01	6.791131e-01	3.034165e+00	9.661299e-01	4.885901e-02	1.265014e-01	1.563456e-01	4.944587e+00	1.005799e+00	7.122360e+00	6.827522e-01	2.454680e-01	2.078133e+00	8.129221e-01	1.041786e+00	6.790164e+01	1.454598e+02	3.171776e-01	1.675443e-02	6.020814e-15	
7  105.245	2.261623e+00	1.225264e-01	6.787398e-01	3.028079e+00	9.655452e-01	4.626572e-02	1.212368e-01	1.737569e-01	4.907772e+00	1.005793e+00	6.818921e+00	6.835173e-01	2.454906e-01	2.065502e+00	8.078837e-01	1.041147e+00	6.785907e+01	1.455625e+02	3.164180e-01	1.602967e-02	4.025698e-14	
9  103.44	2.261623e+00	1.225264e-01	6.787398e-01	3.028079e+00	9.655452e-01	4.626572e-02	1.212368e-01	1.737569e-01	4.907772e+00	1.004452e+00	6.818921e+00	6.835173e-01	2.454906e-01	2.065502e+00	8.078837e-01	1.041147e+00	6.785907e+01	1.455625e+02	3.164180e-01	1.602967e-02	4.025698e-14	
1  102.948	2.265708e+00	1.219224e-01	6.831986e-01	3.024716e+00	9.651146e-01	4.652878e-02	1.195962e-01	1.547822e-01	4.923432e+00	1.003194e+00	6.838792e+00	6.888103e-01	2.455081e-01	2.058734e+00	8.048914e-01	1.041789e+00	6.831543e+01	1.456845e+02	3.111123e-01	1.591315e-02	1.993179e-14	
3  101.763	2.265708e+00	1.219224e-01	6.831986e-01	3.024716e+00	9.651146e-01	4.652878e-02	1.195962e-01	1.547822e-01	4.923432e+00	1.002025e+00	6.838792e+00	6.888103e-01	2.455081e-01	2.058734e+00	8.048914e-01	1.041789e+00	6.831543e+01	1.456845e+02	3.111123e-01	1.591315e-02	1.993179e-14	
4  101.273	2.250101e+00	1.210150e-01	6.870324e-01	3.017238e+00	9.673332e-01	4.493815e-02	1.372211e-01	1.302365e-01	4.955590e+00	1.001629e+00	6.689041e+00	6.945112e-01	2.454442e-01	2.043467e+00	7.997049e-01	1.041788e+00	6.870139e+01	1.460012e+02	3.054241e-01	1.814112e-02	1.912341e-14	
2  102.505	2.264348e+00	1.199290e-01	6.898376e-01	3.003580e+00	9.714268e-01	3.840601e-02	1.129103e-01	1.315517e-01	4.958046e+00	1.002514e+00	5.901025e+00	6.990232e-01	2.455031e-01	2.015569e+00	7.921702e-01	1.041932e+00	6.898152e+01	1.462445e+02	3.009329e-01	1.502699e-02	-8.188933e-15	
1  101.891	2.258489e+00	1.206089e-01	6.945585e-01	3.002776e+00	9.734013e-01	3.697239e-02	1.654756e-01	1.496031e-01	4.950497e+00	1.003040e+00	5.759854e+00	7.018299e-01	2.454795e-01	2.013917e+00	7.938702e-01	1.042380e+00	6.945692e+01	1.458773e+02	2.981523e-01	2.174520e-02	3.384054e-15	
5  102.308	2.258489e+00	1.206089e-01	6.945585e-01	3.002776e+00	9.734013e-01	3.697239e-02	1.654756e-01	1.496031e-01	4.950497e+00	1.003855e+00	5.759854e+00	7.018299e-01	2.454795e-01	2.013917e+00	7.938702e-01	1.042380e+00	6.945692e+01	1.458773e+02	2.981523e-01	2.174520e-02	3.384054e-15	
5  102.973	2.287964e+00	1.201511e-01	6.983532e-01	2.996529e+00	9.725859e-01	3.439444e-02	1.858459e-01	1.523574e-01	4.947547e+00	1.003042e+00	5.394073e+00	7.053892e-01	2.456012e-01	2.001225e+00	7.871123e-01	1.041510e+00	6.982374e+01	1.455720e+02	2.945342e-01	2.445965e-02	-2.527312e-14	
7  102.834	2.287964e+00	1.201511e-01	6.983532e-01	2.996529e+00	9.725859e-01	3.439444e-02	1.858459e-01	1.523574e-01	4.947547e+00	1.002398e+00	5.394073e+00	7.053892e-01	2.456012e-01	2.001225e+00	7.871123e-01	1.041510e+00	6.982374e+01	1.455720e+02	2.945342e-01	2.445965e-02	-2.527312e-14	
3  101.667	2.281979e+00	1.208240e-01	7.030696e-01	3.019080e+00	9.742233e-01	4.460358e-02	2.159234e-01	1.634537e-01	4.912242e+00	1.002913e+00	6.590670e+00	7.081157e-01	2.455764e-01	2.047123e+00	7.992705e-01	1.042727e+00	7.030540e+01	1.453252e+02	2.918479e-01	2.812710e-02	5.069003e-15	
4  102.02	2.281979e+00	1.208240e-01	7.030696e-01	3.019080e+00	9.742233e-01	4.460358e-02	2.159234e-01	1.634537e-01	4.912242e+00	1.004538e+00	6.590670e+00	7.081157e-01	2.455764e-01	2.047123e+00	7.992705e-01	1.042727e+00	7.030540e+01	1.453252e+02	2.918479e-01	2.812710e-02	5.069003e-15	
11  101.856	2.267516e+00	1.218496e-01	7.001203e-01	3.003965e+00	9.745757e-01	3.703853e-02	2.461425e-01	1.479993e-01	4.848720e+00	1.003861e+00	5.772044e+00	7.038410e-01	2.455176e-01	2.016307e+00	7.961367e-01	1.042295e+00	7.000801e+01	1.450736e+02	2.961324e-01	3.198314e-02	2.080761e-14	
1  101.553	2.250053e+00	1.219971e-01	7.026623e-01	3.022802e+00	9.727376e-01	4.872815e-02	2.741840e-01	1.147876e-01	4.798416e+00	1.001908e+00	7.127771e+00	7.059787e-01	2.454452e-01	2.054782e+00	8.038064e-01	1.042701e+00	7.026795e+01	1.450896e+02	2.939909e-01	3.545938e-02	4.675090e-14	
3  101.328	2.277981e+00	1.213064e-01	7.066866e-01	3.025868e+00	9.765517e-01	5.146544e-02	2.630651e-01	1.305982e-01	4.756054e+00	1.001160e+00	7.343022e+00	7.101659e-01	2.455605e-01	2.061027e+00	8.031855e-01	1.042773e+00	7.066689e+01	1.450189e+02	2.897617e-01	3.407093e-02	6.213039e-15	
1  101.352	2.280005e+00	1.213027e-01	7.095052e-01	3.034590e+00	9.743263e-01	5.665827e-02	3.038223e-01	1.044946e-01	4.752641e+00	1.000162e+00	7.874263e+00	7.123884e-01	2.455696e-01	2.079148e+00	8.041240e-01	1.042138e+00	7.094693e+01	1.448019e+02	2.875096e-01	3.918925e-02	1.809001e-14	
8  101.032	2.280005e+00	1.213027e-01	7.095052e-01	3.034590e+00	9.743263e-01	5.665827e-02	3.038223e-01	1.044946e-01	4.752641e+00	1.001268e+00	7.874263e+00	7.123884e-01	2.455696e-01	2.079148e+00	8.041240e-01	1.042138e+00	7.094693e+01	1.448019e+02	2.875096e-01	3.918925e-02	1.809001e-14	
1  101.016	2.275615e+00	1.220109e-01	7.050326e-01	3.026892e+00	9.738905e-01	5.614211e-02	2.844066e-01	1.205364e-01	4.788252e+00	9.975654e-01	7.842485e+00	7.073683e-01	2.455516e-01	2.063206e+00	8.042540e-01	1.042359e+00	7.049930e+01	1.447645e+02	2.925405e-01	3.680756e-02	1.153611e-14	
7  101.246	2.278145e+00	1.213554e-01	7.048068e-01	3.029049e+00	9.756350e-01	5.711045e-02	2.622037e-01	1.386594e-01	4.751121e+00	9.984448e-01	7.920245e+00	7.084530e-01	2.455616e-01	2.067623e+00	8.039340e-01	1.042297e+00	7.047680e+01	1.450101e+02	2.914513e-01	3.403741e-02	1.524799e-14	
3  101.471	2.289651e+00	1.209543e-01	7.131938e-01	3.025853e+00	9.777522e-01	5.668507e-02	3.164805e-01	1.220412e-01	4.779969e+00	9.976971e-01	7.849163e+00	7.158387e-01	2.456095e-01	2.061049e+00	7.997596e-01	1.042146e+00	7.131567e+01	1.447285e+02	2.840612e-01	4.078303e-02	3.913045e-14	
1  101.979	2.292232e+00	1.209661e-01	7.171405e-01	3.038330e+00	9.759572e-01	6.246390e-02	3.223045e-01	1.389584e-01	4.769527e+00	9.978739e-01	8.410341e+00	7.189100e-01	2.456210e-01	2.086923e+00	8.047314e-01	1.043027e+00	7.170992e+01	1.446704e+02	2.810081e-01	4.143304e-02	1.155436e-14	
7  101.956	2.292232e+00	1.209661e-01	7.171405e-01	3.038330e+00	9.759572e-01	6.246390e-02	3.223045e-01	1.389584e-01	4.769527e+00	9.980330e-01	8.410341e+00	7.189100e-01	2.456210e-01	2.086923e+00	8.047314e-01	1.043027e+00	7.170992e+01	1.446704e+02	2.810081e-01	4.143304e-02	1.155436e-14	
3  101.243	2.292238e+00	1.215698e-01	7.116592e-01	3.032861e+00	9.764311e-01	5.723841e-02	3.035210e-01	1.340817e-01	4.774958e+00	9.996973e-01	7.907142e+00	7.133676e-01	2.456201e-01	2.075512e+00	8.050582e-01	1.042721e+00	7.116196e+01	1.446074e+02	2.865366e-01	3.914370e-02	1.576543e-15	
2  101.334	2.292238e+00	1.215698e-01	7.116592e-01	3.032861e+00	9.764311e-01	5.723841e-02	3.035210e-01	1.340817e-01	4.774958e+00	9.988689e-01	7.907142e+00	7.133676e-01	2.456201e-01	2.075512e+00	8.050582e-01	1.042721e+00	7.116196e+01	1.446074e+02	2.865366e-01	3.914370e-02	1.576543e-15	
5  102.311	2.291895e+00	1.219266e-01	7.058924e-01	3.011208e+00	9.775995e-01	4.611750e-02	2.968234e-01	1.430757e-01	4.727544e+00	9.988848e-01	6.750666e+00	7.079849e-01	2.456177e-01	2.030958e+00	7.972744e-01	1.041659e+00	7.057844e+01	1.445491e+02	2.919496e-01	3.836742e-02	7.311888e-14	
3  102.454	2.295878e+00	1.220575e-01	7.074819e-01	3.013717e+00	9.807378e-01	4.762680e-02	3.026455e-01	1.357713e-01	4.705862e+00	9.986726e-01	6.904799e+00	7.089487e-01	2.456340e-01	2.035993e+00	7.996527e-01	1.041950e+00	7.073759e+01	1.444492e+02	2.909920e-01	3.906362e-02	7.523112e-14	
4  102.554	2.295878e+00	1.220575e-01	7.074819e-01	3.013717e+00	9.807378e-01	4.762680e-02	3.026455e-01	1.357713e-01	4.705862e+00	9.984410e-01	6.904799e+00	7.089487e-01	2.456340e-01	2.035993e+00	7.996527e-01	1.041950e+00	7.073759e+01	1.444492e+02	2.909920e-01	3.906362e-02	7.523112e-14	
2  102.838	2.312836e+00	1.213331e-01	7.141020e-01	3.016216e+00	9.800899e-01	4.900546e-02	2.914232e-01	1.354342e-01	4.702355e+00	9.986116e-01	7.010881e+00	7.154187e-01	2.457038e-01	2.041202e+00	7.985705e-01	1.043040e+00	7.140653e+01	1.445121e+02	2.844871e-01	3.760738e-02	-3.594309e-14	
4  104.779	2.313631e+00	1.211585e-01	7.090831e-01	3.002685e+00	9.819243e-01	4.300573e-02	2.915802e-01	1.083089e-01	4.669620e+00	9.982493e-01	6.346904e+00	7.117127e-01	2.457055e-01	2.013441e+00	7.917014e-01	1.041367e+00	7.089081e+01	1.445337e+02	2.882538e-01	3.775163e-02	1.377553e-13	
2  105.059	2.313631e+00	1.211585e-01	7.090831e-01	3.002685e+00	9.819243e-01	4.300573e-02	2.915802e-01	1.083089e-01	4.669620e+00	9.977292e-01	6.346904e+00	7.117127e-01	2.457055e-01	2.013441e+00	7.917014e-01	1.041367e+00	7.089081e+01	1.445337e+02	2.882538e-01	3.775163e-02	1.377553e-13	
1  103.529	2.315308e+00	1.217937e-01	7.121716e-01	3.000084e+00	9.793082e-01	4.028141e-02	2.950400e-01	1.012642e-01	4.705042e+00	9.980871e-01	6.058966e+00	7.129403e-01	2.457139e-01	2.008440e+00	7.930545e-01	1.042775e+00	7.121340e+01	1.443515e+02	2.869811e-01	3.812216e-02	-4.911199e-14	
4  103.808	2.308496e+00	1.215977e-01	7.139057e-01	3.005004e+00	9.785418e-01	4.033870e-02	2.944170e-01	8.408652e-02	4.739341e+00	1.000583e+00	6.081142e+00	7.149090e-01	2.456860e-01	2.018418e+00	7.948285e-01	1.043284e+00	7.138939e+01	1.444757e+02	2.850356e-01	3.789116e-02	-7.126965e-14	
13  103.298	2.306866e+00	1.225161e-01	7.068729e-01	3.021627e+00	9.763761e-01	4.303400e-02	2.728089e-01	7.812750e-02	4.693510e+00	1.004549e+00	6.391098e+00	7.073358e-01	2.456789e-01	2.052262e+00	8.042864e-01	1.042983e+00	7.067794e+01	1.443618e+02	2.926075e-01	3.517198e-02	-1.096249e-13	
7  103.348	2.306866e+00	1.225161e-01	7.068729e-01	3.021627e+00	9.763761e-01	4.303400e-02	2.728089e-01	7.812750e-02	4.693510e+00	1.004343e+00	6.391098e+00	7.073358e-01	2.456789e-01	2.052262e+00	8.042864e-01	1.042983e+00	7.067794e+01	1.443618e+02	2.926075e-01	3.517198e-02	-1.096249e-13	
3  104.167	2.310630e+00	1.212961e-01	7.129312e-01	2.999837e+00	9.829154e-01	3.731756e-02	2.882936e-01	8.972512e-02	4.677117e+00	1.001414e+00	5.719083e+00	7.146698e-01	2.456941e-01	2.007728e+00	7.928320e-01	1.042836e+00	7.128709e+01	1.445569e+02	2.852575e-01	3.716162e-02	-7.696301e-14	
4  103.908	2.310630e+00	1.212961e-01	7.129312e-01	2.999837e+00	9.829154e-01	3.731756e-02	2.882936e-01	8.972512e-02	4.677117e+00	1.003276e+00	5.719083e+00	7.146698e-01	2.456941e-01	2.007728e+00	7.928320e-01	1.042836e+00	7.128709e+01	1.445569e+02	2.852575e-01	3.716162e-02	-7.696301e-14	
3  105.505	2.304100e+00	1.216002e-01	7.005473e-01	3.001003e+00	9.818329e-01	3.596751e-02	2.357663e-01	8.564795e-02	4.673348e+00	1.004781e+00	5.552199e+00	7.039502e-01	2.456665e-01	2.009775e+00	7.946213e-01	1.041511e+00	7.002746e+01	1.447895e+02	2.960201e-01	3.064920e-02	4.514791e-14	
1  103.489	2.307131e+00	1.219861e-01	7.063994e-01	3.014935e+00	9.798709e-01	4.095775e-02	2.666825e-01	6.411450e-02	4.637447e+00	1.005909e+00	6.144622e+00	7.080020e-01	2.456798e-01	2.038365e+00	8.006796e-01	1.042492e+00	7.062578e+01	1.445199e+02	2.919269e-01	3.447064e-02	-7.258728e-14	
2  104.774	2.298664e+00	1.219414e-01	7.006405e-01	3.014772e+00	9.816712e-01	4.042434e-02	2.499777e-01	6.658705e-02	4.634355e+00	1.006732e+00	6.085187e+00	7.034289e-01	2.456445e-01	2.037818e+00	8.010711e-01	1.041554e+00	7.003484e+01	1.446961e+02	2.965296e-01	3.239471e-02	4.883446e-14	
1  104.545	2.298664e+00	1.219414e-01	7.006405e-01	3.014772e+00	9.816712e-01	4.042434e-02	2.499777e-01	6.658705e-02	4.634355e+00	1.005236e+00	6.085187e+00	7.034289e-01	2.456445e-01	2.037818e+00	8.010711e-01	1.041554e+00	7.003484e+01	1.446961e+02	2.965296e-01	3.239471e-02	4.883446e-14	
3  103.756	2.299798e+00	1.231462e-01	7.008021e-01	3.026837e+00	9.791718e-01	4.329926e-02	2.682419e-01	7.607942e-02	4.630290e+00	1.006569e+00	6.429024e+00	7.010467e-01	2.456500e-01	2.062815e+00	8.091391e-01	1.042207e+00	7.005550e+01	1.442976e+02	2.989007e-01	3.461318e-02	-7.633046e-14	
6  104.002	2.287629e+00	1.240431e-01	6.965214e-01	3.020738e+00	9.794971e-01	4.174519e-02	2.578122e-01	9.353467e-02	4.602520e+00	1.004594e+00	6.288798e+00	6.957251e-01	2.456002e-01	2.050310e+00	8.107831e-01	1.042569e+00	6.963235e+01	1.442545e+02	3.042084e-01	3.329695e-02	-1.019508e-13	
5  104.014	2.287629e+00	1.240431e-01	6.965214e-01	3.020738e+00	9.794971e-01	4.174519e-02	2.578122e-01	9.353467e-02	4.602520e+00	1.004478e+00	6.288798e+00	6.957251e-01	2.456002e-01	2.050310e+00	8.107831e-01	1.042569e+00	6.963235e+01	1.442545e+02	3.042084e-01	3.329695e-02	-1.019508e-13	
5  106.11	2.283575e+00	1.233491e-01	7.039145e-01	3.028816e+00	9.820150e-01	4.537265e-02	2.704928e-01	7.030459e-02	4.640531e+00	1.005898e+00	6.701336e+00	7.035779e-01	2.455829e-01	2.067038e+00	8.133259e-01	1.043703e+00	7.038255e+01	1.444123e+02	2.963276e-01	3.467607e-02	-1.760524e-13	
2  106.25	2.283575e+00	1.233491e-01	7.039145e-01	3.028816e+00	9.820150e-01	4.537265e-02	2.704928e-01	7.030459e-02	4.640531e+00	1.005313e+00	6.701336e+00	7.035779e-01	2.455829e-01	2.067038e+00	8.133259e-01	1.043703e+00	7.038255e+01	1.444123e+02	2.963276e-01	3.467607e-02	-1.760524e-13	
2  104.606	2.276338e+00	1.227945e-01	6.975923e-01	3.021832e+00	9.806001e-01	4.171931e-02	2.677629e-01	7.230926e-02	4.633826e+00	1.006123e+00	6.289053e+00	6.995173e-01	2.455534e-01	2.052448e+00	8.067870e-01	1.041548e+00	6.973074e+01	1.446391e+02	3.004505e-01	3.461420e-02	7.680878e-14	
6  104.635	2.279828e+00	1.220165e-01	7.099942e-01	3.021835e+00	9.794012e-01	4.096815e-02	3.131184e-01	6.475367e-02	4.640579e+00	1.007449e+00	6.210060e+00	7.115207e-01	2.455675e-01	2.052627e+00	8.033248e-01	1.042728e+00	7.099199e+01	1.445820e+02	2.885054e-01	4.017581e-02	7.301085e-14	
4  103.797	2.279828e+00	1.220165e-01	7.099942e-01	3.021835e+00	9.794012e-01	4.096815e-02	3.131184e-01	6.475367e-02	4.640579e+00	1.008748e+00	6.210060e+00	7.115207e-01	2.455675e-01	2.052627e+00	8.033248e-01	1.042728e+00	7.099199e+01	1.445820e+02	2.885054e-01	4.017581e-02	7.301085e-14	
4  104.823	2.293778e+00	1.206989e-01	7.184254e-01	3.018638e+00	9.834944e-01	4.128295e-02	3.223842e-01	5.494735e-02	4.676669e+00	1.008408e+00	6.205662e+00	7.206368e-01	2.456239e-01	2.045926e+00	7.983008e-01	1.043094e+00	7.183958e+01	1.447214e+02	2.794006e-01	4.120093e-02	6.882921e-14	
2  104.151	2.287923e+00	1.209670e-01	7.127019e-01	3.025534e+00	9.820529e-01	4.281274e-02	3.033668e-01	5.196807e-02	4.742460e+00	1.009885e+00	6.384817e+00	7.156311e-01	2.456001e-01	2.060114e+00	8.018388e-01	1.042520e+00	7.125992e+01	1.448075e+02	2.843796e-01	3.896831e-02	8.829013e-14	
5  103.993	2.287923e+00	1.209670e-01	7.127019e-01	3.025534e+00	9.820529e-01	4.281274e-02	3.033668e-01	5.196807e-02	4.742460e+00	1.010733e+00	6.384817e+00	7.156311e-01	2.456001e-01	2.060114e+00	8.018388e-01	1.042520e+00	7.125992e+01	1.448075e+02	2.843796e-01	3.896831e-02	8.829013e-14	
7  104.691	2.279732e+00	1.219270e-01	7.120500e-01	3.025125e+00	9.808340e-01	4.284144e-02	3.092102e-01	3.226710e-02	4.697281e+00	1.009602e+00	6.420745e+00	7.133944e-01	2.455667e-01	2.059388e+00	8.054516e-01	1.043375e+00	7.120225e+01	1.446227e+02	2.866542e-01	3.954130e-02	4.742220e-14	
7  104.584	2.290230e+00	1.220098e-01	7.145315e-01	3.022076e+00	9.807969e-01	4.188543e-02	3.246698e-01	3.705152e-02	4.702286e+00	1.008732e+00	6.296773e+00	7.150270e-01	2.456101e-01	2.053121e+00	8.036363e-01	1.043368e+00	7.144879e+01	1.444170e+02	2.850113e-01	4.143943e-02	1.833811e-14	
10  104.923	2.301155e+00	1.214730e-01	7.174118e-01	3.049620e+00	9.880714e-01	5.656237e-02	3.274545e-01	3.883921e-02	4.702236e+00	1.008785e+00	7.810413e+00	7.180260e-01	2.456550e-01	2.110405e+00	8.146276e-01	1.043239e+00	7.173161e+01	1.444256e+02	2.818978e-01	4.174798e-02	-6.892234e-14	
1  105.46	2.283195e+00	1.217471e-01	7.087314e-01	3.042750e+00	9.907159e-01	5.496364e-02	2.837589e-01	2.933147e-02	4.648567e+00	1.007506e+00	7.685139e+00	7.107766e-01	2.455815e-01	2.095926e+00	8.154716e-01	1.042986e+00	7.086318e+01	1.447652e+02	2.890872e-01	3.642643e-02	-4.701987e-14	
2  105.954	2.283195e+00	1.217471e-01	7.087314e-01	3.042750e+00	9.907159e-01	5.496364e-02	2.837589e-01	2.933147e-02	4.648567e+00	1.008747e+00	7.685139e+00	7.107766e-01	2.455815e-01	2.095926e+00	8.154716e-01	1.042986e+00	7.086318e+01	1.447652e+02	2.890872e-01	3.642643e-02	-4.701987e-14	
6  105.735	2.283996e+00	1.212935e-01	7.069581e-01	3.039697e+00	9.907436e-01	5.371628e-02	2.862248e-01	7.506283e-03	4.683924e+00	1.008963e+00	7.542869e+00	7.102275e-01	2.455840e-01	2.089449e+00	8.116815e-01	1.041870e+00	7.067471e+01	1.448595e+02	2.896871e-01	3.684788e-02	1.262248e-13	
2  109.015	2.276712e+00	1.224082e-01	7.017296e-01	3.042992e+00	9.882965e-01	5.544999e-02	3.202458e-01	5.458202e-04	4.684192e+00	1.007671e+00	7.748281e+00	7.037733e-01	2.455534e-01	2.096354e+00	8.143014e-01	1.040534e+00	7.013267e+01	1.444917e+02	2.962171e-01	4.099203e-02	2.945267e-13	
4  109.009	2.276712e+00	1.224082e-01	7.017296e-01	3.042992e+00	9.882965e-01	5.544999e-02	3.202458e-01	5.458202e-04	4.684192e+00	1.007984e+00	7.748281e+00	7.037733e-01	2.455534e-01	2.096354e+00	8.143014e-01	1.040534e+00	7.013267e+01	1.444917e+02	2.962171e-01	4.099203e-02	2.945267e-13	
2  105.609	2.274102e+00	1.231136e-01	7.077652e-01	3.032841e+00	9.891024e-01	5.060989e-02	3.219302e-01	1.971339e-02	4.704076e+00	1.007161e+00	7.280428e+00	7.074170e-01	2.455450e-01	2.075292e+00	8.149043e-01	1.043076e+00	7.076812e+01	1.443376e+02	2.924560e-01	4.123503e-02	-4.300624e-14	
2  106.046	2.284346e+00	1.208715e-01	7.145607e-01	3.043004e+00	9.933348e-01	6.010895e-02	2.974522e-01	1.594196e-02	4.771108e+00	1.005624e+00	8.184976e+00	7.171743e-01	2.455863e-01	2.096359e+00	8.131583e-01	1.043255e+00	7.145501e+01	1.449118e+02	2.826595e-01	3.813895e-02	-2.330877e-14	
2  105.269	2.273480e+00	1.217391e-01	7.076530e-01	3.032772e+00	9.899703e-01	5.320952e-02	2.867959e-01	1.889033e-02	4.824766e+00	1.006322e+00	7.528798e+00	7.100986e-01	2.455418e-01	2.075040e+00	8.113032e-01	1.042819e+00	7.075943e+01	1.448582e+02	2.897756e-01	3.692268e-02	1.347288e-14	
2  104.827	2.273480e+00	1.217391e-01	7.076530e-01	3.032772e+00	9.899703e-01	5.320952e-02	2.867959e-01	1.889033e-02	4.824766e+00	1.005540e+00	7.528798e+00	7.100986e-01	2.455418e-01	2.075040e+00	8.113032e-01	1.042819e+00	7.075943e+01	1.448582e+02	2.897756e-01	3.692268e-02	1.347288e-14	
2  104.259	2.272100e+00	1.207301e-01	7.109408e-01	3.026138e+00	9.888913e-01	4.909752e-02	2.923972e-01	9.718700e-03	4.737788e+00	1.007291e+00	7.088960e+00	7.148879e-01	2.455352e-01	2.061251e+00	8.044591e-01	1.042557e+00	7.109064e+01	1.450985e+02	2.850265e-01	3.765632e-02	7.529817e-14	
1  104.051	2.269861e+00	1.206983e-01	7.145795e-01	3.026352e+00	9.851054e-01	4.661782e-02	3.220981e-01	7.861525e-03	4.766724e+00	1.009415e+00	6.835467e+00	7.179754e-01	2.455257e-01	2.061733e+00	8.024648e-01	1.042627e+00	7.145675e+01	1.449834e+02	2.820109e-01	4.132377e-02	1.263972e-13	
5  103.819	2.261800e+00	1.215606e-01	7.116825e-01	3.038603e+00	9.808822e-01	5.052139e-02	3.414655e-01	7.688188e-03	4.756597e+00	1.010352e+00	7.283203e+00	7.140697e-01	2.454928e-01	2.087302e+00	8.084447e-01	1.042251e+00	7.116392e+01	1.447600e+02	2.859221e-01	4.377673e-02	1.486525e-13	
10  103.789	2.261800e+00	1.215606e-01	7.116825e-01	3.038603e+00	9.808822e-01	5.052139e-02	3.414655e-01	7.688188e-03	4.756597e+00	1.010583e+00	7.283203e+00	7.140697e-01	2.454928e-01	2.087302e+00	8.084447e-01	1.042251e+00	7.116392e+01	1.447600e+02	2.859221e-01	4.377673e-02	1.486525e-13	
10  103.784	2.261800e+00	1.215606e-01	7.116825e-01	3.038603e+00	9.808822e-01	5.052139e-02	3.414655e-01	7.688188e-03	4.756597e+00	1.010643e+00	7.283203e+00	7.140697e-01	2.454928e-01	2.087302e+00	8.084447e-01	1.042251e+00	7.116392e+01	1.447600e+02	2.859221e-01	4.377673e-02	1.486525e-13	
10  104.237	2.261800e+00	1.215606e-01	7.116825e-01	3.038603e+00	9.808822e-01	5.052139e-02	3.414655e-01	7.688188e-03	4.756597e+00	1.009242e+00	7.283203e+00	7.140697e-01	2.454928e-01	2.087302e+00	8.084447e-01	1.042251e+00	7.116392e+01	1.447600e+02	2.859221e-01	4.377673e-02	1.486525e-13	
10  105.361	2.261800e+00	1.215606e-01	7.116825e-01	3.038603e+00	9.808822e-01	5.052139e-02	3.414655e-01	7.688188e-03	4.756597e+00	1.007880e+00	7.283203e+00	7.140697e-01	2.454928e-01	2.087302e+00	8.084447e-01	1.042251e+00	7.116392e+01	1.447600e+02	2.859221e-01	4.377673e-02	1.486525e-13	
10  103.821	2.261800e+00	1.215606e-01	7.116825e-01	3.038603e+00	9.808822e-01	5.052139e-02	3.414655e-01	7.688188e-03	4.756597e+00	1.010341e+00	7.283203e+00	7.140697e-01	2.454928e-01	2.087302e+00	8.084447e-01	1.042251e+00	7.116392e+01	1.447600e+02	2.859221e-01	4.377673e-02	1.486525e-13	
6  103.863	2.261800e+00	1.215606e-01	7.116825e-01	3.038603e+00	9.808822e-01	5.052139e-02	3.414655e-01	7.688188e-03	4.756597e+00	1.011521e+00	7.283203e+00	7.140697e-01	2.454928e-01	2.087302e+00	8.084447e-01	1.042251e+00	7.116392e+01	1.447600e+02	2.859221e-01	4.377673e-02	1.486525e-13	
3  104.622	2.257546e+00	1.212903e-01	7.058888e-01	3.039473e+00	9.850359e-01	5.400134e-02	2.777984e-01	1.423957e-03	4.713129e+00	1.009496e+00	7.642919e+00	7.099146e-01	2.454752e-01	2.089020e+00	8.115323e-01	1.042573e+00	7.058712e+01	1.451808e+02	2.899942e-01	3.587834e-02	5.116016e-14	
1  106.943	2.260845e+00	1.214836e-01	7.106378e-01	3.048925e+00	9.851869e-01	5.830444e-02	2.876133e-01	9.328914e-03	4.760100e+00	1.009593e+00	8.077024e+00	7.133797e-01	2.454887e-01	2.108783e+00	8.166277e-01	1.043743e+00	7.106735e+01	1.450404e+02	2.865462e-01	3.689810e-02	-1.493543e-14	
5  106.785	2.260845e+00	1.214836e-01	7.106378e-01	3.048925e+00	9.851869e-01	5.830444e-02	2.876133e-01	9.328914e-03	4.760100e+00	1.009423e+00	8.077024e+00	7.133797e-01	2.454887e-01	2.108783e+00	8.166277e-01	1.043743e+00	7.106735e+01	1.450404e+02	2.865462e-01	3.689810e-02	-1.493543e-14	
1  105.033	2.275539e+00	1.202191e-01	7.161165e-01	3.061371e+00	9.869593e-01	6.441970e-02	2.993209e-01	3.821506e-03	4.642770e+00	1.010635e+00	8.616080e+00	7.199925e-01	2.455492e-01	2.135225e+00	8.164369e-01	1.043191e+00	7.161479e+01	1.451484e+02	2.799434e-01	3.838708e-02	3.888868e-14	
2  108.774	2.277387e+00	1.192218e-01	7.214302e-01	3.067157e+00	9.871521e-01	6.923276e-02	3.769192e-01	9.344148e-03	4.668229e+00	1.009918e+00	9.046553e+00	7.257945e-01	2.455550e-01	2.147627e+00	8.108746e-01	1.040923e+00	7.214146e+01	1.450209e+02	2.740161e-01	4.815167e-02	2.186239e-13	
1  104.859	2.264801e+00	1.198976e-01	7.209884e-01	3.080817e+00	9.836094e-01	7.693651e-02	3.703148e-01	1.371884e-02	4.631194e+00	1.008410e+00	9.794685e+00	7.245237e-01	2.455054e-01	2.177173e+00	8.194661e-01	1.042104e+00	7.210685e+01	1.450110e+02	2.753789e-01	4.732109e-02	1.196079e-13	
1  106.412	2.269900e+00	1.207352e-01	7.228449e-01	3.074329e+00	9.792875e-01	7.236969e-02	3.531578e-01	3.229014e-02	4.665014e+00	1.008235e+00	9.382606e+00	7.244568e-01	2.455267e-01	2.162923e+00	8.203382e-01	1.043990e+00	7.228461e+01	1.448037e+02	2.756641e-01	4.489378e-02	1.586027e-13	
1  106.351	2.269900e+00	1.207352e-01	7.228449e-01	3.074329e+00	9.792875e-01	7.236969e-02	3.531578e-01	3.229014e-02	4.665014e+00	1.007996e+00	9.382606e+00	7.244568e-01	2.455267e-01	2.162923e+00	8.203382e-01	1.043990e+00	7.228461e+01	1.448037e+02	2.756641e-01	4.489378e-02	1.586027e-13	
3  107.075	2.267979e+00	1.218544e-01	7.192785e-01	3.076489e+00	9.759484e-01	7.408103e-02	3.508996e-01	1.824274e-02	4.653288e+00	1.005995e+00	9.564887e+00	7.195303e-01	2.455193e-01	2.167589e+00	8.245015e-01	1.044263e+00	7.192022e+01	1.445501e+02	2.805718e-01	4.463771e-02	1.114890e-13	
2  105.277	2.258182e+00	1.224141e-01	7.101308e-01	3.064128e+00	9.751453e-01	7.085066e-02	3.953626e-01	2.358569e-02	4.681694e+00	1.002910e+00	9.313951e+00	7.110013e-01	2.454792e-01	2.141355e+00	8.173057e-01	1.040963e+00	7.100670e+01	1.443319e+02	2.888148e-01	5.027654e-02	-6.086454e-14	
4  101.717	2.258238e+00	1.221231e-01	7.077646e-01	3.051282e+00	9.759112e-01	6.410018e-02	3.364030e-01	2.134647e-02	4.682269e+00	1.003594e+00	8.669340e+00	7.097216e-01	2.454796e-01	2.113972e+00	8.139478e-01	1.041970e+00	7.077312e+01	1.446766e+02	2.901601e-01	4.318314e-02	-2.131835e-14	
10  101.733	2.258238e+00	1.221231e-01	7.077646e-01	3.051282e+00	9.759112e-01	6.410018e-02	3.364030e-01	2.134647e-02	4.682269e+00	1.002590e+00	8.669340e+00	7.097216e-01	2.454796e-01	2.113972e+00	8.139478e-01	1.041970e+00	7.077312e+01	1.446766e+02	2.901601e-01	4.318314e-02	-2.131835e-14	
1  102.142	2.258238e+00	1.221231e-01	7.077646e-01	3.051282e+00	9.759112e-01	6.410018e-02	3.364030e-01	2.134647e-02	4.682269e+00	1.004744e+00	8.669340e+00	7.097216e-01	2.454796e-01	2.113972e+00	8.139478e-01	1.041970e+00	7.077312e+01	1.446766e+02	2.901601e-01	4.318314e-02	-2.131835e-14	
9  102.46	2.247576e+00	1.228945e-01	7.033771e-01	3.044500e+00	9.760889e-01	5.775098e-02	3.271474e-01	1.046862e-02	4.691423e+00	1.006900e+00	8.081884e+00	7.047477e-01	2.454350e-01	2.099688e+00	8.146891e-01	1.042105e+00	7.033388e+01	1.446429e+02	2.951602e-01	4.206844e-02	5.517155e-15	
10  101.852	2.247576e+00	1.228945e-01	7.033771e-01	3.044500e+00	9.760889e-01	5.775098e-02	3.271474e-01	1.046862e-02	4.691423e+00	1.004499e+00	8.081884e+00	7.047477e-01	2.454350e-01	2.099688e+00	8.146891e-01	1.042105e+00	7.033388e+01	1.446429e+02	2.951602e-01	4.206844e-02	5.517155e-15	
9  102.94	2.247576e+00	1.228945e-01	7.033771e-01	3.044500e+00	9.760889e-01	5.775098e-02	3.271474e-01	1.046862e-02	4.691423e+00	1.007505e+00	8.081884e+00	7.047477e-01	2.454350e-01	2.099688e+00	8.146891e-01	1.042105e+00	7.033388e+01	1.446429e+02	2.951602e-01	4.206844e-02	5.517155e-15	
1  103.408	2.236264e+00	1.233097e-01	7.066700e-01	3.061263e+00	9.755798e-01	6.549142e-02	3.726601e-01	3.281838e-02	4.648713e+00	1.007870e+00	8.878976e+00	7.068608e-01	2.453879e-01	2.135095e+00	8.220216e-01	1.042259e+00	7.066828e+01	1.444484e+02	2.930513e-01	4.767182e-02	-9.328499e-15	
1  103.244	2.236264e+00	1.233097e-01	7.066700e-01	3.061263e+00	9.755798e-01	6.549142e-02	3.726601e-01	3.281838e-02	4.648713e+00	1.007431e+00	8.878976e+00	7.068608e-01	2.453879e-01	2.135095e+00	8.220216e-01	1.042259e+00	7.066828e+01	1.444484e+02	2.930513e-01	4.767182e-02	-9.328499e-15	
6  103.295	2.248491e+00	1.226662e-01	7.042219e-01	3.056635e+00	9.774501e-01	6.549355e-02	3.455300e-01	3.537054e-02	4.606962e+00	1.005865e+00	8.835303e+00	7.058642e-01	2.454385e-01	2.125315e+00	8.181847e-01	1.041461e+00	7.041670e+01	1.446081e+02	2.939989e-01	4.428611e-02	-2.952889e-14	
9  103.455	2.236312e+00	1.232738e-01	7.033655e-01	3.069911e+00	9.761649e-01	6.962216e-02	3.511368e-01	3.175988e-02	4.608242e+00	1.007683e+00	9.269551e+00	7.041572e-01	2.453880e-01	2.153661e+00	8.260505e-01	1.041986e+00	7.033659e+01	1.445614e+02	2.957259e-01	4.504471e-02	-4.606918e-14	
2  107.193	2.230744e+00	1.236920e-01	6.959840e-01	3.079840e+00	9.699986e-01	7.203774e-02	3.495380e-01	4.544116e-02	4.554512e+00	1.009168e+00	9.516050e+00	6.970254e-01	2.453639e-01	2.175317e+00	8.284898e-01	1.040470e+00	6.958923e+01	1.445361e+02	3.027920e-01	4.459546e-02	-1.325157e-13	
2  104.615	2.215339e+00	1.240190e-01	6.994603e-01	3.064797e+00	9.680435e-01	6.460405e-02	3.599106e-01	6.932993e-02	4.647475e+00	1.008981e+00	8.856929e+00	6.996770e-01	2.452998e-01	2.142731e+00	8.242559e-01	1.041897e+00	6.994802e+01	1.445629e+02	3.002541e-01	4.609150e-02	-2.071485e-14	
1  104.675	2.215339e+00	1.240190e-01	6.994603e-01	3.064797e+00	9.680435e-01	6.460405e-02	3.599106e-01	6.932993e-02	4.647475e+00	1.006523e+00	8.856929e+00	6.996770e-01	2.452998e-01	2.142731e+00	8.242559e-01	1.041897e+00	6.994802e+01	1.445629e+02	3.002541e-01	4.609150e-02	-2.071485e-14	
7  105.536	2.230672e+00	1.234595e-01	7.063621e-01	3.047038e+00	9.667393e-01	5.451756e-02	3.895058e-01	7.518447e-02	4.629119e+00	1.007739e+00	7.805012e+00	7.064110e-01	2.453645e-01	2.105323e+00	8.132757e-01	1.041914e+00	7.063670e+01	1.443959e+02	2.936121e-01	4.960734e-02	1.416638e-13	
2  105.184	2.223450e+00	1.225155e-01	7.085837e-01	3.038078e+00	9.674415e-01	5.401183e-02	3.564822e-01	8.867496e-02	4.646612e+00	1.005386e+00	7.753718e+00	7.103411e-01	2.453339e-01	2.086411e+00	8.088390e-01	1.042888e+00	7.086340e+01	1.448539e+02	2.897809e-01	4.548280e-02	2.087601e-13	
4  105.389	2.223450e+00	1.225155e-01	7.085837e-01	3.038078e+00	9.674415e-01	5.401183e-02	3.564822e-01	8.867496e-02	4.646612e+00	1.004858e+00	7.753718e+00	7.103411e-01	2.453339e-01	2.086411e+00	8.088390e-01	1.042888e+00	7.086340e+01	1.448539e+02	2.897809e-01	4.548280e-02	2.087601e-13	
2  105.936	2.238691e+00	1.192076e-01	7.152373e-01	3.066555e+00	9.764817e-01	7.308072e-02	3.285008e-01	8.511205e-02	4.601585e+00	1.004339e+00	9.498055e+00	7.217878e-01	2.453972e-01	2.146408e+00	8.109414e-01	1.041840e+00	7.153107e+01	1.456733e+02	2.780923e-01	4.210203e-02	1.600683e-14	
8  106.228	2.224093e+00	1.202416e-01	7.131602e-01	3.053518e+00	9.705126e-01	6.654986e-02	3.361008e-01	8.215793e-02	4.523981e+00	1.003130e+00	8.948698e+00	7.184307e-01	2.453370e-01	2.118658e+00	8.083979e-01	1.042484e+00	7.132100e+01	1.455244e+02	2.815785e-01	4.293772e-02	4.851073e-14	
8  108.425	2.214051e+00	1.205445e-01	7.163773e-01	3.046332e+00	9.720126e-01	6.440546e-02	3.724552e-01	8.591402e-02	4.626463e+00	1.001877e+00	8.772989e+00	7.205421e-01	2.452949e-01	2.103328e+00	8.066043e-01	1.042771e+00	7.164363e+01	1.453823e+02	2.795162e-01	4.734197e-02	6.090664e-14	
1  107.029	2.224811e+00	1.205373e-01	7.165774e-01	3.038637e+00	9.707059e-01	5.992707e-02	3.658668e-01	8.935847e-02	4.568118e+00	1.002085e+00	8.313919e+00	7.205589e-01	2.453403e-01	2.087452e+00	8.028474e-01	1.042757e+00	7.166234e+01	1.452954e+02	2.795203e-01	4.651759e-02	1.059167e-13	
6  107.194	2.222406e+00	1.214845e-01	7.147215e-01	3.032675e+00	9.707742e-01	5.477716e-02	3.641530e-01	1.123611e-01	4.580844e+00	1.003118e+00	7.817272e+00	7.173905e-01	2.453295e-01	2.074996e+00	8.044538e-01	1.043349e+00	7.147864e+01	1.450834e+02	2.827824e-01	4.630842e-02	2.291910e-13	
1  105.619	2.222142e+00	1.206886e-01	7.114168e-01	3.062023e+00	9.765527e-01	6.919518e-02	3.281104e-01	1.007887e-01	4.569211e+00	1.004659e+00	9.210663e+00	7.162523e-01	2.453278e-01	2.136468e+00	8.159212e-01	1.042778e+00	7.115292e+01	1.454715e+02	2.837194e-01	4.210912e-02	5.297177e-14	
1  105.54	2.222142e+00	1.206886e-01	7.114168e-01	3.062023e+00	9.765527e-01	6.919518e-02	3.281104e-01	1.007887e-01	4.569211e+00	1.005197e+00	9.210663e+00	7.162523e-01	2.453278e-01	2.136468e+00	8.159212e-01	1.042778e+00	7.115292e+01	1.454715e+02	2.837194e-01	4.210912e-02	5.297177e-14	
2  104.7	2.238798e+00	1.201134e-01	7.142775e-01	3.065370e+00	9.763493e-01	6.950279e-02	3.237365e-01	1.059398e-01	4.569997e+00	1.006611e+00	9.185937e+00	7.193992e-01	2.453974e-01	2.143758e+00	8.145643e-01	1.042695e+00	7.143707e+01	1.454541e+02	2.805992e-01	4.152772e-02	1.145590e-13	
4  104.319	2.240217e+00	1.210360e-01	7.120561e-01	3.066230e+00	9.749022e-01	6.798586e-02	3.423531e-01	1.036140e-01	4.541258e+00	1.007238e+00	9.060657e+00	7.157609e-01	2.454035e-01	2.145718e+00	8.167894e-01	1.042358e+00	7.121320e+01	1.451183e+02	2.842127e-01	4.386665e-02	9.404607e-14	
3  106.08	2.251963e+00	1.199807e-01	7.201017e-01	3.068347e+00	9.752693e-01	6.697011e-02	3.569137e-01	7.250740e-02	4.497111e+00	1.009981e+00	8.915668e+00	7.240522e-01	2.454516e-01	2.150263e+00	8.134162e-01	1.042753e+00	7.202123e+01	1.451828e+02	2.760848e-01	4.552317e-02	2.926949e-13	
5  105.95	2.251963e+00	1.199807e-01	7.201017e-01	3.068347e+00	9.752693e-01	6.697011e-02	3.569137e-01	7.250740e-02	4.497111e+00	1.010447e+00	8.915668e+00	7.240522e-01	2.454516e-01	2.150263e+00	8.134162e-01	1.042753e+00	7.202123e+01	1.451828e+02	2.760848e-01	4.552317e-02	2.926949e-13	
2  105.787	2.258602e+00	1.196004e-01	7.169991e-01	3.081519e+00	9.761695e-01	7.431701e-02	3.415303e-01	6.569928e-02	4.503670e+00	1.010055e+00	9.569321e+00	7.221228e-01	2.454797e-01	2.178843e+00	8.170732e-01	1.041786e+00	7.170867e+01	1.452908e+02	2.778186e-01	4.376855e-02	1.643643e-13	
3  106.66	2.265528e+00	1.186291e-01	7.260141e-01	3.078546e+00	9.768368e-01	7.319977e-02	3.529818e-01	6.302023e-02	4.480570e+00	1.010640e+00	9.428684e+00	7.309141e-01	2.455080e-01	2.172231e+00	8.127086e-01	1.042773e+00	7.261323e+01	1.453968e+02	2.692401e-01	4.501072e-02	3.486388e-13	
5  106.623	2.265528e+00	1.186291e-01	7.260141e-01	3.078546e+00	9.768368e-01	7.319977e-02	3.529818e-01	6.302023e-02	4.480570e+00	1.011134e+00	9.428684e+00	7.309141e-01	2.455080e-01	2.172231e+00	8.127086e-01	1.042773e+00	7.261323e+01	1.453968e+02	2.692401e-01	4.501072e-02	3.486388e-13	
1  107.864	2.274863e+00	1.191694e-01	7.248573e-01	3.089591e+00	9.767880e-01	7.710761e-02	3.835093e-01	7.241913e-02	4.498334e+00	1.011774e+00	9.771096e+00	7.286777e-01	2.455471e-01	2.196499e+00	8.169063e-01	1.041715e+00	7.249744e+01	1.450230e+02	2.713012e-01	4.891659e-02	2.802730e-13	
4  105.841	2.279912e+00	1.201180e-01	7.252777e-01	3.090718e+00	9.743033e-01	7.755800e-02	3.877946e-01	6.185344e-02	4.548520e+00	1.010528e+00	9.817407e+00	7.272234e-01	2.455693e-01	2.198977e+00	8.204594e-01	1.042577e+00	7.253572e+01	1.446995e+02	2.728913e-01	4.935317e-02	2.812594e-13	
4  106.06	2.279912e+00	1.201180e-01	7.252777e-01	3.090718e+00	9.743033e-01	7.755800e-02	3.877946e-01	6.185344e-02	4.548520e+00	1.010041e+00	9.817407e+00	7.272234e-01	2.455693e-01	2.198977e+00	8.204594e-01	1.042577e+00	7.253572e+01	1.446995e+02	2.728913e-01	4.935317e-02	2.812594e-13	
9  104.48	2.272094e+00	1.211142e-01	7.203591e-01	3.070210e+00	9.733086e-01	6.827766e-02	3.886824e-01	9.663860e-02	4.595532e+00	1.008228e+00	9.014950e+00	7.216011e-01	2.455368e-01	2.154448e+00	8.154930e-01	1.042403e+00	7.204041e+01	1.445301e+02	2.784314e-01	4.948787e-02	1.725096e-13	
1  108.23	2.262704e+00	1.225477e-01	7.108679e-01	3.083470e+00	9.672273e-01	7.211837e-02	4.025593e-01	7.174137e-02	4.561382e+00	1.008948e+00	9.423343e+00	7.112436e-01	2.454988e-01	2.183358e+00	8.226673e-01	1.040949e+00	7.108759e+01	1.442213e+02	2.886250e-01	5.117646e-02	3.969371e-14	
6  104.782	2.264713e+00	1.240935e-01	7.070777e-01	3.075709e+00	9.588240e-01	6.700959e-02	3.541071e-01	6.380725e-02	4.456501e+00	1.007670e+00	8.969541e+00	7.051847e-01	2.455066e-01	2.166637e+00	8.253227e-01	1.043042e+00	7.070840e+01	1.440260e+02	2.949937e-01	4.520620e-02	2.381139e-13	
6  104.81	2.264713e+00	1.240935e-01	7.070777e-01	3.075709e+00	9.588240e-01	6.700959e-02	3.541071e-01	6.380725e-02	4.456501e+00	1.008268e+00	8.969541e+00	7.051847e-01	2.455066e-01	2.166637e+00	8.253227e-01	1.043042e+00	7.070840e+01	1.440260e+02	2.949937e-01	4.520620e-02	2.381139e-13	
7  103.079	2.280434e+00	1.236852e-01	7.031332e-01	3.082447e+00	9.602918e-01	7.219149e-02	3.228292e-01	5.522325e-02	4.451225e+00	1.006775e+00	9.407708e+00	7.022801e-01	2.455730e-01	2.181206e+00	8.266315e-01	1.042108e+00	7.031586e+01	1.441129e+02	2.976857e-01	4.154515e-02	3.854185e-15	
7  102.108	2.275202e+00	1.247909e-01	6.995426e-01	3.069438e+00	9.601499e-01	6.676985e-02	3.239751e-01	4.700297e-02	4.475040e+00	1.004745e+00	8.935181e+00	6.970528e-01	2.455504e-01	2.152974e+00	8.252690e-01	1.042300e+00	6.995263e+01	1.438858e+02	3.028929e-01	4.168564e-02	-2.910606e-14	
10  101.927	2.275202e+00	1.247909e-01	6.995426e-01	3.069438e+00	9.601499e-01	6.676985e-02	3.239751e-01	4.700297e-02	4.475040e+00	1.003792e+00	8.935181e+00	6.970528e-01	2.455504e-01	2.152974e+00	8.252690e-01	1.042300e+00	6.995263e+01	1.438858e+02	3.028929e-01	4.168564e-02	-2.910606e-14	
1  102.427	2.275202e+00	1.247909e-01	6.995426e-01	3.069438e+00	9.601499e-01	6.676985e-02	3.239751e-01	4.700297e-02	4.475040e+00	1.002084e+00	8.935181e+00	6.970528e-01	2.455504e-01	2.152974e+00	8.252690e-01	1.042300e+00	6.995263e+01	1.438858e+02	3.028929e-01	4.168564e-02	-2.910606e-14	
3  102.043	2.262053e+00	1.254487e-01	6.940438e-01	3.060082e+00	9.586828e-01	6.203877e-02	3.185811e-01	3.464902e-02	4.480266e+00	1.001650e+00	8.522802e+00	6.911315e-01	2.454952e-01	2.132940e+00	8.234059e-01	1.041909e+00	6.940127e+01	1.438883e+02	3.087843e-01	4.099666e-02	-4.358813e-14	
4  101.808	2.272834e+00	1.253328e-01	6.913955e-01	3.063695e+00	9.598116e-01	6.289962e-02	2.903401e-01	2.105777e-02	4.415018e+00	1.002451e+00	8.575597e+00	6.887948e-01	2.455395e-01	2.140585e+00	8.250436e-01	1.041677e+00	6.913481e+01	1.439340e+02	3.111131e-01	3.751075e-02	-8.665100e-14	
1  101.733	2.270047e+00	1.254605e-01	6.941152e-01	3.066432e+00	9.629754e-01	6.916260e-02	2.929240e-01	1.605051e-02	4.390489e+00	9.981984e-01	9.183605e+00	6.910082e-01	2.455276e-01	2.146271e+00	8.284420e-01	1.042579e+00	6.940556e+01	1.439185e+02	3.088920e-01	3.791129e-02	-9.690859e-14	
1  101.973	2.261896e+00	1.248492e-01	6.834856e-01	3.055131e+00	9.628672e-01	6.624800e-02	2.187916e-01	1.318714e-02	4.303000e+00	9.965736e-01	8.913635e+00	6.829118e-01	2.454920e-01	2.122088e+00	8.232220e-01	1.041584e+00	6.834239e+01	1.445092e+02	3.170069e-01	2.856220e-02	-6.576776e-14	
8  101.76	2.261896e+00	1.248492e-01	6.834856e-01	3.055131e+00	9.628672e-01	6.624800e-02	2.187916e-01	1.318714e-02	4.303000e+00	9.956811e-01	8.913635e+00	6.829118e-01	2.454920e-01	2.122088e+00	8.232220e-01	1.041584e+00	6.834239e+01	1.445092e+02	3.170069e-01	2.856220e-02	-6.576776e-14	
1  101.796	2.272920e+00	1.248319e-01	6.880658e-01	3.056295e+00	9.611973e-01	6.442094e-02	2.514891e-01	2.399079e-02	4.211471e+00	9.974694e-01	8.713002e+00	6.868843e-01	2.455388e-01	2.124689e+00	8.217337e-01	1.041507e+00	6.880175e+01	1.442400e+02	3.130047e-01	3.267681e-02	-7.680469e-14	
1  102.028	2.253827e+00	1.251704e-01	6.897125e-01	3.065796e+00	9.639143e-01	7.212110e-02	2.603771e-01	4.441756e-02	4.216397e+00	9.951271e-01	9.496483e+00	6.880118e-01	2.454594e-01	2.144798e+00	8.290167e-01	1.042535e+00	6.896572e+01	1.443189e+02	3.118722e-01	3.389682e-02	-1.094472e-13	
1  101.977	2.253827e+00	1.251704e-01	6.897125e-01	3.065796e+00	9.639143e-01	7.212110e-02	2.603771e-01	4.441756e-02	4.216397e+00	9.962007e-01	9.496483e+00	6.880118e-01	2.454594e-01	2.144798e+00	8.290167e-01	1.042535e+00	6.896572e+01	1.443189e+02	3.118722e-01	3.389682e-02	-1.094472e-13	
3  102.191	2.264527e+00	1.250790e-01	6.889944e-01	3.065813e+00	9.620816e-01	7.183639e-02	2.772940e-01	4.878589e-02	4.185202e+00	9.961411e-01	9.442359e+00	6.873870e-01	2.455041e-01	2.144936e+00	8.262151e-01	1.041384e+00	6.889400e+01	1.441469e+02	3.125091e-01	3.585567e-02	-1.105696e-13	
6  101.558	2.264334e+00	1.247496e-01	6.978597e-01	3.063290e+00	9.672793e-01	7.082529e-02	3.227523e-01	4.851686e-02	4.132968e+00	9.967073e-01	9.343131e+00	6.959144e-01	2.455046e-01	2.139542e+00	8.251681e-01	1.042101e+00	6.977979e+01	1.440161e+02	3.039726e-01	4.155461e-02	-9.769797e-14	
5  101.104	2.264334e+00	1.247496e-01	6.978597e-01	3.063290e+00	9.672793e-01	7.082529e-02	3.227523e-01	4.851686e-02	4.132968e+00	9.981320e-01	9.343131e+00	6.959144e-01	2.455046e-01	2.139542e+00	8.251681e-01	1.042101e+00	6.977979e+01	1.440161e+02	3.039726e-01	4.155461e-02	-9.769797e-14	
5  101.064	2.264377e+00	1.241267e-01	6.981042e-01	3.063776e+00	9.694523e-01	7.062087e-02	3.011196e-01	6.159364e-02	4.192554e+00	9.993833e-01	9.309514e+00	6.974024e-01	2.455046e-01	2.140565e+00	8.247736e-01	1.042264e+00	6.980457e+01	1.442726e+02	3.024844e-01	3.889014e-02	-9.292513e-14	
1  101.22	2.264377e+00	1.241267e-01	6.981042e-01	3.063776e+00	9.694523e-01	7.062087e-02	3.011196e-01	6.159364e-02	4.192554e+00	9.999298e-01	9.309514e+00	6.974024e-01	2.455046e-01	2.140565e+00	8.247736e-01	1.042264e+00	6.980457e+01	1.442726e+02	3.024844e-01	3.889014e-02	-9.292513e-14	
6  101.23	2.270555e+00	1.239949e-01	6.981173e-01	3.066670e+00	9.709718e-01	7.047300e-02	2.958308e-01	5.812023e-02	4.145192e+00	1.001488e+00	9.275578e+00	6.975662e-01	2.455301e-01	2.146787e+00	8.258314e-01	1.042146e+00	6.980509e+01	1.442642e+02	3.023258e-01	3.821199e-02	-9.105355e-14	
2  101.877	2.261667e+00	1.249450e-01	7.042093e-01	3.072505e+00	9.671789e-01	7.151700e-02	3.651535e-01	4.253807e-02	4.094390e+00	1.002078e+00	9.417540e+00	7.010438e-01	2.454939e-01	2.159340e+00	8.290960e-01	1.042788e+00	7.041587e+01	1.437935e+02	2.988890e-01	4.673354e-02	-5.565845e-14	
1  101.681	2.259318e+00	1.240972e-01	7.062878e-01	3.053216e+00	9.671784e-01	6.593564e-02	3.798914e-01	2.731238e-02	4.078251e+00	9.993695e-01	8.886225e+00	7.045206e-01	2.454849e-01	2.118227e+00	8.173976e-01	1.042094e+00	7.062449e+01	1.439644e+02	2.953607e-01	4.848032e-02	-6.897971e-14	
3  101.469	2.259318e+00	1.240972e-01	7.062878e-01	3.053216e+00	9.671784e-01	6.593564e-02	3.798914e-01	2.731238e-02	4.078251e+00	1.000018e+00	8.886225e+00	7.045206e-01	2.454849e-01	2.118227e+00	8.173976e-01	1.042094e+00	7.062449e+01	1.439644e+02	2.953607e-01	4.848032e-02	-6.897971e-14	
7  101.302	2.264360e+00	1.235751e-01	7.063784e-01	3.062215e+00	9.687132e-01	6.980321e-02	3.540777e-01	2.120067e-02	4.052532e+00	1.001140e+00	9.226019e+00	7.055613e-01	2.455056e-01	2.137303e+00	8.205662e-01	1.042313e+00	7.063371e+01	1.441606e+02	2.943307e-01	4.536413e-02	-6.379299e-14	
1  101.872	2.264360e+00	1.235751e-01	7.063784e-01	3.062215e+00	9.687132e-01	6.980321e-02	3.540777e-01	2.120067e-02	4.052532e+00	9.991424e-01	9.226019e+00	7.055613e-01	2.455056e-01	2.137303e+00	8.205662e-01	1.042313e+00	7.063371e+01	1.441606e+02	2.943307e-01	4.536413e-02	-6.379299e-14	
1  102.102	2.255998e+00	1.231682e-01	7.059921e-01	3.071749e+00	9.706519e-01	7.442535e-02	3.436835e-01	2.826543e-02	4.043836e+00	1.000072e+00	9.663970e+00	7.062249e-01	2.454706e-01	2.157687e+00	8.244032e-01	1.042356e+00	7.059611e+01	1.444016e+02	2.936678e-01	4.409913e-02	-7.434599e-14	
4  102.757	2.251138e+00	1.232117e-01	7.006028e-01	3.075751e+00	9.704330e-01	7.358463e-02	2.789256e-01	4.627444e-02	4.116020e+00	1.002708e+00	9.595896e+00	7.017157e-01	2.454492e-01	2.166230e+00	8.289104e-01	1.043160e+00	7.005788e+01	1.447440e+02	2.982103e-01	3.609687e-02	-5.442240e-14	
4  102.375	2.260339e+00	1.219245e-01	7.014450e-01	3.074443e+00	9.743409e-01	7.267983e-02	2.467611e-01	2.533211e-02	4.089184e+00	1.004405e+00	9.461018e+00	7.048859e-01	2.454873e-01	2.163459e+00	8.256148e-01	1.042921e+00	7.014354e+01	1.451269e+02	2.950215e-01	3.203290e-02	-6.287694e-14	
7  102.425	2.260339e+00	1.219245e-01	7.014450e-01	3.074443e+00	9.743409e-01	7.267983e-02	2.467611e-01	2.533211e-02	4.089184e+00	1.004502e+00	9.461018e+00	7.048859e-01	2.454873e-01	2.163459e+00	8.256148e-01	1.042921e+00	7.014354e+01	1.451269e+02	2.950215e-01	3.203290e-02	-6.287694e-14	
3  102.099	2.270699e+00	1.205433e-01	7.081748e-01	3.068646e+00	9.779051e-01	6.846061e-02	2.658588e-01	3.160280e-02	4.025124e+00	1.007219e+00	9.018039e+00	7.130706e-01	2.455298e-01	2.151026e+00	8.182329e-01	1.042500e+00	7.081870e+01	1.452764e+02	2.868505e-01	3.437698e-02	1.608059e-14	
1  102.232	2.270699e+00	1.205433e-01	7.081748e-01	3.068646e+00	9.779051e-01	6.846061e-02	2.658588e-01	3.160280e-02	4.025124e+00	1.007591e+00	9.018039e+00	7.130706e-01	2.455298e-01	2.151026e+00	8.182329e-01	1.042500e+00	7.081870e+01	1.452764e+02	2.868505e-01	3.437698e-02	1.608059e-14	
2  102.995	2.287090e+00	1.195889e-01	7.125052e-01	3.077660e+00	9.825306e-01	7.295634e-02	2.589288e-01	6.658472e-02	3.996033e+00	1.008583e+00	9.368999e+00	7.181396e-01	2.455971e-01	2.170495e+00	8.196096e-01	1.042540e+00	7.125133e+01	1.453778e+02	2.817663e-01	3.346661e-02	3.134161e-14	
7  103.28	2.295199e+00	1.199173e-01	7.097284e-01	3.074584e+00	9.809462e-01	7.237267e-02	2.311564e-01	7.027044e-02	4.007284e+00	1.007031e+00	9.299833e+00	7.150865e-01	2.456309e-01	2.163850e+00	8.197640e-01	1.042821e+00	7.097013e+01	1.453410e+02	2.848085e-01	2.997066e-02	-4.370213e-14	
4  102.357	2.295199e+00	1.199173e-01	7.097284e-01	3.074584e+00	9.809462e-01	7.237267e-02	2.311564e-01	7.027044e-02	4.007284e+00	1.004531e+00	9.299833e+00	7.150865e-01	2.456309e-01	2.163850e+00	8.197640e-01	1.042821e+00	7.097013e+01	1.453410e+02	2.848085e-01	2.997066e-02	-4.370213e-14	
6  103.711	2.291088e+00	1.190118e-01	7.195948e-01	3.070689e+00	9.864291e-01	7.383635e-02	2.868756e-01	5.674065e-02	3.969329e+00	1.002963e+00	9.426644e+00	7.247223e-01	2.456136e-01	2.155317e+00	8.152304e-01	1.042909e+00	7.196251e+01	1.453495e+02	2.751640e-01	3.692851e-02	3.998205e-14	
2  103.385	2.291088e+00	1.190118e-01	7.195948e-01	3.070689e+00	9.864291e-01	7.383635e-02	2.868756e-01	5.674065e-02	3.969329e+00	1.003517e+00	9.426644e+00	7.247223e-01	2.456136e-01	2.155317e+00	8.152304e-01	1.042909e+00	7.196251e+01	1.453495e+02	2.751640e-01	3.692851e-02	3.998205e-14	
3  103.326	2.298170e+00	1.194028e-01	7.099849e-01	3.072853e+00	9.851683e-01	7.382474e-02	2.098398e-01	4.149456e-02	3.973402e+00	1.003807e+00	9.408872e+00	7.162286e-01	2.456428e-01	2.160060e+00	8.192765e-01	1.043004e+00	7.099467e+01	1.455495e+02	2.836310e-01	2.722995e-02	-5.740225e-14	
3  102.896	2.293943e+00	1.195316e-01	7.073045e-01	3.069745e+00	9.846326e-01	7.311045e-02	2.287885e-01	4.130828e-02	3.992568e+00	1.002972e+00	9.358450e+00	7.138513e-01	2.456248e-01	2.153399e+00	8.168994e-01	1.041812e+00	7.072318e+01	1.454697e+02	2.860185e-01	2.972689e-02	6.475337e-14	
9  102.305	2.297190e+00	1.203921e-01	7.108160e-01	3.068513e+00	9.823717e-01	7.181315e-02	2.712901e-01	6.404058e-02	4.010931e+00	1.002403e+00	9.254856e+00	7.149218e-01	2.456392e-01	2.150758e+00	8.176264e-01	1.042201e+00	7.107651e+01	1.450073e+02	2.849491e-01	3.508747e-02	5.253777e-15	
2  102.443	2.306148e+00	1.200429e-01	7.139308e-01	3.053863e+00	9.821689e-01	6.611839e-02	2.559066e-01	4.379198e-02	4.029412e+00	1.001066e+00	8.699177e+00	7.179412e-01	2.456761e-01	2.119459e+00	8.111511e-01	1.043026e+00	7.138900e+01	1.450768e+02	2.819338e-01	3.310374e-02	-4.920177e-14	
1  102.384	2.298229e+00	1.198921e-01	7.131668e-01	3.055293e+00	9.847480e-01	6.555601e-02	2.608384e-01	5.397418e-02	4.078605e+00	1.002803e+00	8.661529e+00	7.177917e-01	2.456429e-01	2.122444e+00	8.119189e-01	1.042689e+00	7.131319e+01	1.451756e+02	2.820791e-01	3.371256e-02	-8.427352e-15	
1  102.315	2.298229e+00	1.198921e-01	7.131668e-01	3.055293e+00	9.847480e-01	6.555601e-02	2.608384e-01	5.397418e-02	4.078605e+00	1.003529e+00	8.661529e+00	7.177917e-01	2.456429e-01	2.122444e+00	8.119189e-01	1.042689e+00	7.131319e+01	1.451756e+02	2.820791e-01	3.371256e-02	-8.427352e-15	
8  101.626	2.302723e+00	1.207757e-01	7.108503e-01	3.055415e+00	9.788629e-01	6.502511e-02	2.673570e-01	7.138751e-02	4.015550e+00	1.002518e+00	8.620650e+00	7.140940e-01	2.456622e-01	2.122809e+00	8.127336e-01	1.042606e+00	7.108028e+01	1.448690e+02	2.857878e-01	3.460103e-02	-3.882051e-14	
1  101.592	2.301446e+00	1.208499e-01	7.093048e-01	3.059729e+00	9.784280e-01	6.709596e-02	2.606179e-01	7.043966e-02	4.037917e+00	1.002509e+00	8.818999e+00	7.127114e-01	2.456570e-01	2.131982e+00	8.147685e-01	1.042499e+00	7.092522e+01	1.448959e+02	2.871679e-01	3.377449e-02	-4.197173e-14	
2  101.593	2.301446e+00	1.208499e-01	7.093048e-01	3.059729e+00	9.784280e-01	6.709596e-02	2.606179e-01	7.043966e-02	4.037917e+00	1.002228e+00	8.818999e+00	7.127114e-01	2.456570e-01	2.131982e+00	8.147685e-01	1.042499e+00	7.092522e+01	1.448959e+02	2.871679e-01	3.377449e-02	-4.197173e-14	
2  101.942	2.311017e+00	1.195696e-01	7.140366e-01	3.054341e+00	9.791363e-01	6.741297e-02	2.502649e-01	4.404303e-02	4.021711e+00	1.000682e+00	8.801583e+00	7.188343e-01	2.456965e-01	2.120569e+00	8.082988e-01	1.042615e+00	7.140040e+01	1.451727e+02	2.810383e-01	3.252561e-02	-1.189597e-14	
7  103.088	2.311755e+00	1.189230e-01	7.122279e-01	3.032459e+00	9.824572e-01	6.036210e-02	2.416131e-01	3.256906e-02	3.993511e+00	9.981181e-01	8.116521e+00	7.186234e-01	2.456976e-01	2.074630e+00	7.976883e-01	1.041676e+00	7.121620e+01	1.453712e+02	2.812634e-01	3.150612e-02	1.184955e-13	
5  103.25	2.313035e+00	1.185514e-01	7.155449e-01	3.024971e+00	9.860409e-01	5.923230e-02	2.434098e-01	4.097872e-02	4.088843e+00	9.964142e-01	7.995379e+00	7.219368e-01	2.457028e-01	2.059135e+00	7.948209e-01	1.042144e+00	7.155079e+01	1.454508e+02	2.779787e-01	3.170845e-02	1.278855e-13	
6  102.906	2.313080e+00	1.188224e-01	7.192094e-01	3.034379e+00	9.856386e-01	6.300075e-02	2.806554e-01	4.637407e-02	4.062507e+00	9.969305e-01	8.367295e+00	7.242371e-01	2.457037e-01	2.078604e+00	7.983300e-01	1.042210e+00	7.191823e+01	1.451984e+02	2.756494e-01	3.635170e-02	9.932593e-14	
3  103.456	2.313740e+00	1.176729e-01	7.254564e-01	3.043776e+00	9.868285e-01	7.053611e-02	2.854745e-01	3.388256e-02	4.027244e+00	9.956521e-01	9.043084e+00	7.311301e-01	2.457073e-01	2.098274e+00	7.984130e-01	1.042590e+00	7.254360e+01	1.454664e+02	2.687589e-01	3.694119e-02	8.315072e-14	
5  104.635	2.315931e+00	1.176930e-01	7.261804e-01	3.029811e+00	9.876320e-01	6.462102e-02	2.667298e-01	3.728547e-02	3.943671e+00	9.946871e-01	8.490341e+00	7.316438e-01	2.457163e-01	2.069169e+00	7.944069e-01	1.043410e+00	7.261571e+01	1.455358e+02	2.682745e-01	3.446983e-02	2.880283e-14	
7  105.209	2.315931e+00	1.176930e-01	7.261804e-01	3.029811e+00	9.876320e-01	6.462102e-02	2.667298e-01	3.728547e-02	3.943671e+00	9.930058e-01	8.490341e+00	7.316438e-01	2.457163e-01	2.069169e+00	7.944069e-01	1.043410e+00	7.261571e+01	1.455358e+02	2.682745e-01	3.446983e-02	2.880283e-14	
2  105.118	2.319702e+00	1.175184e-01	7.261137e-01	3.029657e+00	9.900811e-01	6.436640e-02	2.636449e-01	1.653462e-02	3.905936e+00	9.934633e-01	8.452480e+00	7.318367e-01	2.457309e-01	2.068793e+00	7.942402e-01	1.043208e+00	7.261038e+01	1.455574e+02	2.680705e-01	3.409988e-02	5.614571e-14	
11  105.135	2.306226e+00	1.173496e-01	7.238570e-01	3.043510e+00	9.917585e-01	7.233272e-02	2.688377e-01	1.740204e-02	3.898159e+00	9.931644e-01	9.213281e+00	7.306789e-01	2.456754e-01	2.097677e+00	7.995139e-01	1.042553e+00	7.238528e+01	1.457182e+02	2.692248e-01	3.480760e-02	1.393199e-13	
6  104.882	2.306226e+00	1.173496e-01	7.238570e-01	3.043510e+00	9.917585e-01	7.233272e-02	2.688377e-01	1.740204e-02	3.898159e+00	9.935098e-01	9.213281e+00	7.306789e-01	2.456754e-01	2.097677e+00	7.995139e-01	1.042553e+00	7.238528e+01	1.457182e+02	2.692248e-01	3.480760e-02	1.393199e-13	
1  106.405	2.309316e+00	1.167908e-01	7.233565e-01	3.046815e+00	9.944013e-01	7.536287e-02	2.622426e-01	2.103095e-02	3.896689e+00	9.929938e-01	9.461377e+00	7.312622e-01	2.456866e-01	2.104703e+00	7.991751e-01	1.041942e+00	7.233393e+01	1.458638e+02	2.686749e-01	3.399626e-02	2.759002e-13	
3  105.045	2.314599e+00	1.173741e-01	7.161919e-01	3.037251e+00	9.882881e-01	6.809076e-02	1.844883e-01	3.089263e-02	3.900055e+00	9.939995e-01	8.800174e+00	7.246739e-01	2.457099e-01	2.084638e+00	7.986922e-01	1.043061e+00	7.161534e+01	1.460406e+02	2.752296e-01	2.418817e-02	7.443242e-14	
10  104.913	2.314599e+00	1.173741e-01	7.161919e-01	3.037251e+00	9.882881e-01	6.809076e-02	1.844883e-01	3.089263e-02	3.900055e+00	9.928398e-01	8.800174e+00	7.246739e-01	2.457099e-01	2.084638e+00	7.986922e-01	1.043061e+00	7.161534e+01	1.460406e+02	2.752296e-01	2.418817e-02	7.443242e-14	
5  104.924	2.314599e+00	1.173741e-01	7.161919e-01	3.037251e+00	9.882881e-01	6.809076e-02	1.844883e-01	3.089263e-02	3.900055e+00	9.927473e-01	8.800174e+00	7.246739e-01	2.457099e-01	2.084638e+00	7.986922e-01	1.043061e+00	7.161534e+01	1.460406e+02	2.752296e-01	2.418817e-02	7.443242e-14	
5  104.217	2.307568e+00	1.180898e-01	7.162712e-01	3.046418e+00	9.847779e-01	7.236530e-02	2.155451e-01	2.157881e-02	3.851865e+00	9.921391e-01	9.226702e+00	7.234793e-01	2.456823e-01	2.103881e+00	8.031046e-01	1.042965e+00	7.162119e+01	1.457723e+02	2.764200e-01	2.817453e-02	4.504621e-14	
14  106.09	2.307568e+00	1.180898e-01	7.162712e-01	3.046418e+00	9.847779e-01	7.236530e-02	2.155451e-01	2.157881e-02	3.851865e+00	9.899953e-01	9.226702e+00	7.234793e-01	2.456823e-01	2.103881e+00	8.031046e-01	1.042965e+00	7.162119e+01	1.457723e+02	2.764200e-01	2.817453e-02	4.504621e-14	
6  105.841	2.305001e+00	1.186138e-01	7.058472e-01	3.041348e+00	9.835251e-01	6.722753e-02	1.877794e-01	1.462653e-02	3.827343e+00	9.917666e-01	8.770604e+00	7.142476e-01	2.456691e-01	2.093194e+00	8.022590e-01	1.041529e+00	7.057589e+01	1.457904e+02	2.856982e-01	2.464049e-02	1.873717e-13	
1  106.058	2.305001e+00	1.186138e-01	7.058472e-01	3.041348e+00	9.835251e-01	6.722753e-02	1.877794e-01	1.462653e-02	3.827343e+00	9.915846e-01	8.770604e+00	7.142476e-01	2.456691e-01	2.093194e+00	8.022590e-01	1.041529e+00	7.057589e+01	1.457904e+02	2.856982e-01	2.464049e-02	1.873717e-13	
5  104.956	2.316529e+00	1.175128e-01	7.065882e-01	3.037554e+00	9.871554e-01	6.528545e-02	1.256788e-01	9.951392e-03	3.939713e+00	9.928167e-01	8.530300e+00	7.168076e-01	2.457160e-01	2.085191e+00	8.001053e-01	1.042412e+00	7.065215e+01	1.462701e+02	2.831182e-01	1.667855e-02	1.355518e-13	
2  104.598	2.300513e+00	1.170451e-01	7.122486e-01	3.046595e+00	9.852798e-01	7.146621e-02	1.540303e-01	9.758008e-03	3.955803e+00	9.920457e-01	9.137103e+00	7.225613e-01	2.456526e-01	2.104211e+00	8.017405e-01	1.042997e+00	7.122079e+01	1.464225e+02	2.773318e-01	2.030133e-02	3.591627e-14	
1  104.134	2.307729e+00	1.181911e-01	7.022766e-01	3.024271e+00	9.812080e-01	5.897273e-02	1.139964e-01	1.287708e-02	3.977770e+00	9.915333e-01	7.965505e+00	7.121501e-01	2.456807e-01	2.057803e+00	7.961603e-01	1.042524e+00	7.022485e+01	1.462431e+02	2.877840e-01	1.525701e-02	7.907227e-14	
1  103.871	2.300618e+00	1.193845e-01	6.993835e-01	3.025635e+00	9.820766e-01	5.636526e-02	1.453757e-01	6.427685e-04	3.989123e+00	9.934995e-01	7.743062e+00	7.075033e-01	2.456510e-01	2.060428e+00	8.001144e-01	1.042050e+00	6.993027e+01	1.458468e+02	2.924410e-01	1.920896e-02	1.057997e-13	
18  104.609	2.300618e+00	1.193845e-01	6.993835e-01	3.025635e+00	9.820766e-01	5.636526e-02	1.453757e-01	6.427685e-04	3.989123e+00	9.926267e-01	7.743062e+00	7.075033e-01	2.456510e-01	2.060428e+00	8.001144e-01	1.042050e+00	6.993027e+01	1.458468e+02	2.924410e-01	1.920896e-02	1.057997e-13	
2  105.218	2.296041e+00	1.197252e-01	6.979047e-01	3.011787e+00	9.835812e-01	4.953918e-02	1.436222e-01	1.271936e-02	3.980101e+00	9.924301e-01	7.054999e+00	7.056850e-01	2.456321e-01	2.032026e+00	7.965776e-01	1.042163e+00	6.978352e+01	1.458176e+02	2.942879e-01	1.895824e-02	1.102440e-13	
1  105.33	2.296041e+00	1.197252e-01	6.979047e-01	3.011787e+00	9.835812e-01	4.953918e-02	1.436222e-01	1.271936e-02	3.980101e+00	9.923180e-01	7.054999e+00	7.056850e-01	2.456321e-01	2.032026e+00	7.965776e-01	1.042163e+00	6.978352e+01	1.458176e+02	2.942879e-01	1.895824e-02	1.102440e-13	
2  104.988	2.293985e+00	1.186204e-01	7.024601e-01	3.025865e+00	9.852783e-01	5.961482e-02	1.402857e-01	3.348666e-02	3.930727e+00	9.909167e-01	8.067105e+00	7.117180e-01	2.456241e-01	2.060964e+00	7.993441e-01	1.042492e+00	7.024332e+01	1.461494e+02	2.882187e-01	1.852402e-02	9.915717e-14	
7  105.441	2.279726e+00	1.200401e-01	7.002631e-01	3.030636e+00	9.805889e-01	6.260797e-02	1.811348e-01	2.442922e-02	3.916136e+00	9.888125e-01	8.425879e+00	7.072983e-01	2.455665e-01	2.070889e+00	8.039448e-01	1.042326e+00	7.002328e+01	1.457314e+02	2.926452e-01	2.379197e-02	7.043332e-14	
17  106.407	2.279726e+00	1.200401e-01	7.002631e-01	3.030636e+00	9.805889e-01	6.260797e-02	1.811348e-01	2.442922e-02	3.916136e+00	9.881788e-01	8.425879e+00	7.072983e-01	2.455665e-01	2.070889e+00	8.039448e-01	1.042326e+00	7.002328e+01	1.457314e+02	2.926452e-01	2.379197e-02	7.043332e-14	
1  105.269	2.274641e+00	1.208186e-01	6.982516e-01	3.036703e+00	9.755762e-01	6.177210e-02	1.740212e-01	2.342841e-02	3.921960e+00	9.905674e-01	8.373477e+00	7.041194e-01	2.455459e-01	2.083461e+00	8.084193e-01	1.042938e+00	6.982330e+01	1.456165e+02	2.957678e-01	2.288726e-02	-3.332198e-14	
2  105.305	2.266567e+00	1.222322e-01	6.921016e-01	3.033057e+00	9.744595e-01	5.812134e-02	1.846642e-01	3.405507e-02	3.943677e+00	9.908342e-01	8.056975e+00	6.960714e-01	2.455119e-01	2.075838e+00	8.109365e-01	1.042466e+00	6.920708e+01	1.452883e+02	3.038341e-01	2.425105e-02	-6.299838e-15	
3  104.972	2.266567e+00	1.222322e-01	6.921016e-01	3.033057e+00	9.744595e-01	5.812134e-02	1.846642e-01	3.405507e-02	3.943677e+00	9.910401e-01	8.056975e+00	6.960714e-01	2.455119e-01	2.075838e+00	8.109365e-01	1.042466e+00	6.920708e+01	1.452883e+02	3.038341e-01	2.425105e-02	-6.299838e-15	
2  104.611	2.267597e+00	1.219913e-01	6.918319e-01	3.037855e+00	9.764346e-01	5.910287e-02	1.713676e-01	4.548909e-02	4.006062e+00	9.927193e-01	8.144428e+00	6.963017e-01	2.455160e-01	2.085761e+00	8.131257e-01	1.042566e+00	6.917929e+01	1.454037e+02	3.035890e-01	2.252256e-02	-2.747066e-14	
