10  105.81	2.379547e+00	1.241500e-01	7.407309e-01	3.050596e+00	9.809389e-01	6.867023e-02	5.912155e-01	5.341637e-01	4.229065e+00	1.001022e+00	8.859663e+00	7.289211e-01	2.459765e-01	2.112597e+00	8.095983e-01	1.041658e+00	7.407963e+01	1.417234e+02	2.709030e-01	7.382348e-02	1.126260e-13	
1  106.514	2.357051e+00	1.188964e-01	7.383815e-01	3.058308e+00	9.795518e-01	7.037467e-02	4.285831e-01	6.306696e-01	4.287609e+00	1.004297e+00	8.968253e+00	7.372886e-01	2.458843e-01	2.129114e+00	7.991027e-01	1.041546e+00	7.384615e+01	1.440013e+02	2.624586e-01	5.476631e-02	1.378402e-13	
9  104.816	2.373988e+00	1.217170e-01	7.407016e-01	3.080641e+00	9.829453e-01	7.941062e-02	4.902499e-01	7.827157e-01	4.014801e+00	1.004628e+00	9.777609e+00	7.335640e-01	2.459540e-01	2.177138e+00	8.180100e-01	1.042650e+00	7.407428e+01	1.428390e+02	2.662845e-01	6.188051e-02	1.375079e-14	
4  105.581	2.396773e+00	1.260184e-01	7.540786e-01	3.010952e+00	9.860533e-01	4.888742e-02	7.124122e-01	5.541075e-01	3.190608e+00	1.002023e+00	6.936687e+00	7.349622e-01	2.460430e-01	2.030515e+00	7.986026e-01	1.042851e+00	7.540809e+01	1.405702e+02	2.648876e-01	8.734176e-02	-3.751703e-14	
3  105.921	2.379020e+00	1.248807e-01	7.450666e-01	2.982378e+00	9.749655e-01	3.819688e-02	6.223062e-01	5.995521e-01	2.993691e+00	9.969203e-01	5.796245e+00	7.309314e-01	2.459733e-01	1.973704e+00	7.830325e-01	1.042626e+00	7.451136e+01	1.414295e+02	2.689026e-01	7.745744e-02	1.765676e-14	
2  106.092	2.391434e+00	1.313166e-01	7.522022e-01	2.986480e+00	9.737000e-01	3.547487e-02	8.750267e-01	4.636449e-01	2.574874e+00	1.001101e+00	5.545287e+00	7.243904e-01	2.460236e-01	1.981446e+00	7.973602e-01	1.042495e+00	7.522727e+01	1.386944e+02	2.754409e-01	1.053158e-01	-6.162823e-14	
1  105.214	2.358077e+00	1.251171e-01	7.261476e-01	3.005542e+00	9.728429e-01	3.726364e-02	5.006824e-01	4.195499e-01	2.758833e+00	1.005016e+00	5.707512e+00	7.167016e-01	2.458878e-01	2.019587e+00	7.961726e-01	1.042117e+00	7.260747e+01	1.421283e+02	2.831382e-01	6.312407e-02	-8.988902e-14	
3  103.106	2.319920e+00	1.257248e-01	7.104455e-01	3.036655e+00	9.732639e-01	4.943298e-02	4.229853e-01	6.077526e-01	3.324108e+00	1.006443e+00	7.111722e+00	7.035778e-01	2.457324e-01	2.083501e+00	8.143052e-01	1.041865e+00	7.102875e+01	1.427228e+02	2.963338e-01	5.370776e-02	-7.846952e-14	
1  102.574	2.340668e+00	1.314639e-01	7.592137e-01	3.029651e+00	9.830030e-01	5.856951e-02	9.773369e-01	5.199139e-01	3.082553e+00	1.004423e+00	8.131531e+00	7.301517e-01	2.458194e-01	2.068987e+00	8.175682e-01	1.042712e+00	7.592650e+01	1.387208e+02	2.697523e-01	1.160452e-01	3.593937e-14	
5  102.846	2.266782e+00	1.287366e-01	7.053995e-01	3.067554e+00	9.726688e-01	7.191245e-02	4.780619e-01	6.721480e-01	3.277673e+00	9.992540e-01	9.522507e+00	6.942593e-01	2.455134e-01	2.148745e+00	8.380406e-01	1.043036e+00	7.053596e+01	1.422964e+02	3.055916e-01	6.039315e-02	-1.435876e-13	
4  103.887	2.248705e+00	1.315775e-01	6.995214e-01	3.092777e+00	9.628224e-01	8.248033e-02	5.348414e-01	6.550538e-01	3.090689e+00	9.992065e-01	1.060242e+01	6.836587e-01	2.454364e-01	2.203549e+00	8.531120e-01	1.042747e+00	6.995059e+01	1.415512e+02	3.162045e-01	6.716590e-02	-1.412302e-13	
1  103.906	2.287917e+00	1.347186e-01	7.282443e-01	3.083588e+00	9.674243e-01	7.662130e-02	8.410713e-01	1.768666e-01	2.234923e+00	1.004713e+00	1.003058e+01	7.014860e-01	2.456025e-01	2.183451e+00	8.509947e-01	1.043011e+00	7.281377e+01	1.390961e+02	2.984556e-01	1.014597e-01	-7.498935e-14	
6  104.235	2.303064e+00	1.345365e-01	7.430603e-01	3.100085e+00	9.708412e-01	8.997615e-02	9.667803e-01	4.368819e-01	2.987674e+00	1.004026e+00	1.118044e+01	7.134007e-01	2.456672e-01	2.219756e+00	8.542188e-01	1.042588e+00	7.430388e+01	1.384578e+02	2.865163e-01	1.149714e-01	4.902296e-14	
2  105.324	2.279483e+00	1.290557e-01	7.305688e-01	3.101930e+00	9.685833e-01	9.964712e-02	7.017647e-01	2.333503e-01	2.132782e+00	9.945046e-01	1.193597e+01	7.141489e-01	2.455683e-01	2.223710e+00	8.451170e-01	1.042837e+00	7.302533e+01	1.411001e+02	2.857510e-01	8.611682e-02	-8.292757e-14	
4  105.215	2.279483e+00	1.290557e-01	7.305688e-01	3.101930e+00	9.685833e-01	9.964712e-02	7.017647e-01	2.333503e-01	2.132782e+00	9.953479e-01	1.193597e+01	7.141489e-01	2.455683e-01	2.223710e+00	8.451170e-01	1.042837e+00	7.302533e+01	1.411001e+02	2.857510e-01	8.611682e-02	-8.292757e-14	
2  106.717	2.221215e+00	1.269874e-01	6.990560e-01	3.089065e+00	9.552491e-01	8.761795e-02	4.242698e-01	2.601467e-01	2.079195e+00	9.951271e-01	1.102465e+01	6.930928e-01	2.453223e-01	2.195085e+00	8.383832e-01	1.042464e+00	6.988122e+01	1.434667e+02	3.067739e-01	5.378333e-02	-1.816243e-13	
1  106.09	2.261740e+00	1.288671e-01	7.127792e-01	3.084284e+00	9.599192e-01	7.926352e-02	5.297445e-01	7.938957e-01	2.530787e+00	1.000867e+00	1.020488e+01	7.004091e-01	2.454912e-01	2.184672e+00	8.405824e-01	1.043695e+00	7.126159e+01	1.420755e+02	2.995513e-01	6.639883e-02	7.493496e-14	
8  106.151	2.223137e+00	1.248685e-01	6.893025e-01	3.041142e+00	9.546641e-01	6.229853e-02	2.488942e-01	7.474841e-01	2.235192e+00	9.936378e-01	8.634561e+00	6.888127e-01	2.453280e-01	2.092813e+00	8.173143e-01	1.043305e+00	6.892277e+01	1.447760e+02	3.111007e-01	3.232770e-02	6.333664e-14	
9  109.672	2.241436e+00	1.277956e-01	6.943493e-01	3.027567e+00	9.543070e-01	6.265729e-02	3.549165e-01	5.055256e-01	2.204067e+00	9.864263e-01	8.685901e+00	6.868935e-01	2.454048e-01	2.064559e+00	8.175958e-01	1.043637e+00	6.941499e+01	1.433693e+02	3.129848e-01	4.552422e-02	1.288183e-13	
3  105.372	2.248174e+00	1.284804e-01	6.869217e-01	2.989762e+00	9.552705e-01	3.549906e-02	3.206132e-01	5.914049e-01	2.076972e+00	9.924297e-01	5.727047e+00	6.786250e-01	2.454330e-01	1.988634e+00	8.048271e-01	1.043150e+00	6.870366e+01	1.432863e+02	3.212858e-01	4.138759e-02	1.992248e-13	
2  105.486	2.232375e+00	1.267355e-01	6.895238e-01	3.028229e+00	9.590429e-01	5.999627e-02	3.038491e-01	6.929961e-01	2.134108e+00	9.897143e-01	8.423671e+00	6.849508e-01	2.453666e-01	2.065878e+00	8.172509e-01	1.043151e+00	6.894644e+01	1.439573e+02	3.149139e-01	3.928745e-02	8.885190e-15	
1  108.289	2.264550e+00	1.311117e-01	7.112940e-01	2.986747e+00	9.608913e-01	4.614456e-02	5.854256e-01	8.879250e-01	2.741853e+00	9.862075e-01	6.978925e+00	6.947240e-01	2.455043e-01	1.982504e+00	8.061801e-01	1.043570e+00	7.112846e+01	1.412852e+02	3.052264e-01	7.287993e-02	2.504122e-13	
14  109.257	2.264550e+00	1.311117e-01	7.112940e-01	2.986747e+00	9.608913e-01	4.614456e-02	5.854256e-01	8.879250e-01	2.741853e+00	9.880626e-01	6.978925e+00	6.947240e-01	2.455043e-01	1.982504e+00	8.061801e-01	1.043570e+00	7.112846e+01	1.412852e+02	3.052264e-01	7.287993e-02	2.504122e-13	
5  108.407	2.221209e+00	1.343259e-01	6.774351e-01	3.003599e+00	9.525075e-01	4.640002e-02	4.495745e-01	8.201260e-01	2.608657e+00	9.888337e-01	7.144328e+00	6.577930e-01	2.453149e-01	2.015839e+00	8.233122e-01	1.042500e+00	6.776066e+01	1.415753e+02	3.421482e-01	5.706877e-02	1.381844e-13	
5  108.298	2.260612e+00	1.342205e-01	6.902596e-01	3.026574e+00	9.545659e-01	6.116786e-02	5.343260e-01	8.744503e-01	3.373597e+00	9.877643e-01	8.616799e+00	6.697345e-01	2.454809e-01	2.062277e+00	8.295758e-01	1.042298e+00	6.903462e+01	1.408167e+02	3.302648e-01	6.690197e-02	1.364715e-13	
5  107.499	2.290078e+00	1.398272e-01	7.091902e-01	2.998891e+00	9.554456e-01	4.420336e-02	8.394410e-01	4.821542e-01	2.878156e+00	9.923818e-01	6.835690e+00	6.754074e-01	2.456064e-01	2.006316e+00	8.256531e-01	1.042405e+00	7.093945e+01	1.379413e+02	3.246304e-01	1.010857e-01	8.274466e-14	
1  107.875	2.342495e+00	1.369189e-01	7.467881e-01	2.994728e+00	9.717672e-01	5.303102e-02	1.006866e+00	4.745425e-01	2.245299e+00	9.900685e-01	7.648667e+00	7.112912e-01	2.458258e-01	1.997920e+00	8.162505e-01	1.043518e+00	7.468514e+01	1.373846e+02	2.887291e-01	1.188765e-01	2.373271e-13	
3  107.447	2.342495e+00	1.369189e-01	7.467881e-01	2.994728e+00	9.717672e-01	5.303102e-02	1.006866e+00	4.745425e-01	2.245299e+00	9.894447e-01	7.648667e+00	7.112912e-01	2.458258e-01	1.997920e+00	8.162505e-01	1.043518e+00	7.468514e+01	1.373846e+02	2.887291e-01	1.188765e-01	2.373271e-13	
1  108.923	2.349115e+00	1.376190e-01	7.474606e-01	2.956970e+00	9.686287e-01	3.509500e-02	1.037205e+00	4.118053e-01	2.178060e+00	9.883667e-01	5.646385e+00	7.105266e-01	2.458531e-01	1.924152e+00	8.006868e-01	1.043243e+00	7.476785e+01	1.370455e+02	2.895572e-01	1.221666e-01	2.571363e-13	
11  106.476	2.346319e+00	1.310831e-01	7.534282e-01	2.957634e+00	9.840106e-01	3.307121e-02	8.814058e-01	1.540489e-01	2.100731e+00	9.942616e-01	5.332476e+00	7.266538e-01	2.458422e-01	1.925265e+00	7.911245e-01	1.043639e+00	7.534953e+01	1.391725e+02	2.733556e-01	1.057261e-01	1.048029e-13	
1  107.319	2.362939e+00	1.420393e-01	7.710255e-01	2.959724e+00	9.788705e-01	3.474269e-02	1.361410e+00	2.421634e-02	2.099630e+00	9.947597e-01	5.650480e+00	7.203242e-01	2.459094e-01	1.929108e+00	8.092572e-01	1.043456e+00	7.711974e+01	1.346639e+02	2.797599e-01	1.544149e-01	-3.703386e-14	
1  106.909	2.354134e+00	1.413186e-01	7.578144e-01	2.958751e+00	9.770417e-01	2.855443e-02	1.239138e+00	5.467115e-02	2.359212e+00	9.974622e-01	4.886183e+00	7.118742e-01	2.458749e-01	1.927203e+00	8.093445e-01	1.043169e+00	7.580466e+01	1.353758e+02	2.881739e-01	1.425608e-01	-1.533493e-13	
1  107.226	2.363329e+00	1.401031e-01	7.478136e-01	2.969244e+00	9.746209e-01	2.543611e-02	1.123624e+00	3.335916e-01	2.224991e+00	1.002904e+00	4.445775e+00	7.060054e-01	2.459118e-01	1.947265e+00	8.114495e-01	1.042593e+00	7.479639e+01	1.359977e+02	2.939795e-01	1.309733e-01	-3.363177e-13	
2  104.245	2.351184e+00	1.354263e-01	7.381949e-01	3.025798e+00	9.671808e-01	4.897860e-02	9.044568e-01	3.238907e-01	2.279406e+00	1.005413e+00	7.171447e+00	7.069953e-01	2.458617e-01	2.061058e+00	8.246644e-01	1.042724e+00	7.381811e+01	1.380473e+02	2.929263e-01	1.081385e-01	-1.675386e-13	
5  104.617	2.351184e+00	1.354263e-01	7.381949e-01	3.025798e+00	9.671808e-01	4.897860e-02	9.044568e-01	3.238907e-01	2.279406e+00	1.006010e+00	7.171447e+00	7.069953e-01	2.458617e-01	2.061058e+00	8.246644e-01	1.042724e+00	7.381811e+01	1.380473e+02	2.929263e-01	1.081385e-01	-1.675386e-13	
2  104.896	2.339543e+00	1.344210e-01	7.292862e-01	3.041055e+00	9.669605e-01	5.914158e-02	7.912430e-01	2.964519e-01	3.123240e+00	1.001818e+00	8.225088e+00	7.018749e-01	2.458142e-01	2.092669e+00	8.317270e-01	1.043186e+00	7.292637e+01	1.388641e+02	2.980261e-01	9.585250e-02	-1.492783e-13	
3  103.383	2.328219e+00	1.265198e-01	7.320271e-01	3.051964e+00	9.755135e-01	6.097859e-02	5.845706e-01	1.715610e-01	2.435243e+00	1.008465e+00	8.297593e+00	7.192070e-01	2.457673e-01	2.115712e+00	8.201200e-01	1.043238e+00	7.319362e+01	1.417135e+02	2.807420e-01	7.254481e-02	-6.858148e-14	
1  102.781	2.328219e+00	1.265198e-01	7.320271e-01	3.051964e+00	9.755135e-01	6.097859e-02	5.845706e-01	1.715610e-01	2.435243e+00	1.007079e+00	8.297593e+00	7.192070e-01	2.457673e-01	2.115712e+00	8.201200e-01	1.043238e+00	7.319362e+01	1.417135e+02	2.807420e-01	7.254481e-02	-6.858148e-14	
8  104.186	2.340038e+00	1.247145e-01	7.383661e-01	3.044942e+00	9.751110e-01	5.621329e-02	5.683937e-01	2.358262e-01	2.774841e+00	1.009316e+00	7.777282e+00	7.272176e-01	2.458149e-01	2.101062e+00	8.111652e-01	1.043414e+00	7.383148e+01	1.421003e+02	2.728208e-01	7.059885e-02	3.953986e-14	
1  103.973	2.350992e+00	1.202683e-01	7.356506e-01	3.055397e+00	9.773414e-01	6.920148e-02	4.118576e-01	1.146603e-01	3.502764e+00	1.002684e+00	8.899547e+00	7.330869e-01	2.458615e-01	2.123010e+00	8.043314e-01	1.042963e+00	7.356458e+01	1.438092e+02	2.668074e-01	5.245089e-02	1.305267e-14	
4  104.346	2.350992e+00	1.202683e-01	7.356506e-01	3.055397e+00	9.773414e-01	6.920148e-02	4.118576e-01	1.146603e-01	3.502764e+00	1.003561e+00	8.899547e+00	7.330869e-01	2.458615e-01	2.123010e+00	8.043314e-01	1.042963e+00	7.356458e+01	1.438092e+02	2.668074e-01	5.245089e-02	1.305267e-14	
2  105.195	2.329588e+00	1.234461e-01	7.229347e-01	3.037735e+00	9.672804e-01	4.899060e-02	4.144193e-01	3.113381e-01	4.011330e+00	1.010345e+00	7.033220e+00	7.180696e-01	2.457731e-01	2.086264e+00	8.061972e-01	1.043164e+00	7.229511e+01	1.432322e+02	2.820075e-01	5.252057e-02	8.117482e-14	
1  105.529	2.297846e+00	1.223902e-01	7.043611e-01	3.070744e+00	9.639827e-01	5.741488e-02	2.619186e-01	4.755348e-01	4.469485e+00	1.015203e+00	7.929333e+00	7.057244e-01	2.456418e-01	2.156241e+00	8.202729e-01	1.042741e+00	7.043913e+01	1.445399e+02	2.944764e-01	3.376007e-02	1.216501e-13	
1  104.988	2.294550e+00	1.252065e-01	7.051297e-01	3.064593e+00	9.609494e-01	5.468592e-02	3.649225e-01	2.451448e-01	4.271661e+00	1.014591e+00	7.711583e+00	7.006730e-01	2.456296e-01	2.143036e+00	8.231367e-01	1.042450e+00	7.051045e+01	1.433931e+02	2.994800e-01	4.656129e-02	8.433088e-14	
2  103.783	2.301801e+00	1.275544e-01	7.225343e-01	3.050250e+00	9.652456e-01	5.424425e-02	5.722186e-01	9.422617e-02	3.455920e+00	1.011777e+00	7.700406e+00	7.103229e-01	2.456604e-01	2.112366e+00	8.203731e-01	1.042719e+00	7.224795e+01	1.417983e+02	2.897459e-01	7.121019e-02	8.426309e-14	
1  103.371	2.301801e+00	1.275544e-01	7.225343e-01	3.050250e+00	9.652456e-01	5.424425e-02	5.722186e-01	9.422617e-02	3.455920e+00	1.010191e+00	7.700406e+00	7.103229e-01	2.456604e-01	2.112366e+00	8.203731e-01	1.042719e+00	7.224795e+01	1.417983e+02	2.897459e-01	7.121019e-02	8.426309e-14	
2  101.847	2.263244e+00	1.221027e-01	6.881106e-01	3.039244e+00	9.571242e-01	4.958499e-02	1.667519e-01	1.128498e-01	2.834339e+00	1.004252e+00	7.196909e+00	6.928977e-01	2.454979e-01	2.089469e+00	8.077506e-01	1.041870e+00	6.881507e+01	1.454451e+02	3.070491e-01	2.186810e-02	7.308349e-14	
2  104.61	2.255278e+00	1.225059e-01	6.903226e-01	2.994628e+00	9.508168e-01	2.695718e-02	1.931680e-01	1.192682e-01	3.779725e+00	1.004495e+00	4.588581e+00	6.941810e-01	2.454682e-01	1.998729e+00	7.894191e-01	1.042266e+00	6.904738e+01	1.453088e+02	3.058949e-01	2.516698e-02	2.408307e-13	
2  105.097	2.240775e+00	1.231847e-01	6.838478e-01	2.988038e+00	9.485132e-01	2.105561e-02	1.894158e-01	3.600374e-01	3.632525e+00	1.006455e+00	3.830842e+00	6.870918e-01	2.454085e-01	1.985327e+00	7.882690e-01	1.041584e+00	6.839562e+01	1.453096e+02	3.128952e-01	2.456706e-02	1.637254e-13	
6  102.712	2.313108e+00	1.268336e-01	7.195484e-01	3.016077e+00	9.638130e-01	4.367904e-02	5.363115e-01	2.490524e-01	3.575634e+00	1.003998e+00	6.542749e+00	7.090545e-01	2.457076e-01	2.041485e+00	8.037195e-01	1.042024e+00	7.195473e+01	1.420176e+02	2.908323e-01	6.721523e-02	3.485829e-14	
2  102.686	2.352943e+00	1.332698e-01	7.630051e-01	3.008609e+00	9.827932e-01	5.088250e-02	1.046066e+00	2.972640e-01	3.760218e+00	1.002111e+00	7.352093e+00	7.295445e-01	2.458704e-01	2.025924e+00	8.125991e-01	1.043014e+00	7.630450e+01	1.379072e+02	2.703889e-01	1.231290e-01	3.731847e-14	
1  102.888	2.337890e+00	1.332415e-01	7.546972e-01	3.051665e+00	9.728574e-01	6.884584e-02	1.003406e+00	4.412426e-01	2.945996e+00	1.003645e+00	9.158066e+00	7.237854e-01	2.458099e-01	2.114833e+00	8.279243e-01	1.042453e+00	7.547295e+01	1.382441e+02	2.760938e-01	1.187044e-01	-4.334748e-15	
1  102.618	2.297145e+00	1.314221e-01	7.384543e-01	3.054480e+00	9.725947e-01	6.583065e-02	8.422928e-01	1.742124e-01	2.290428e+00	1.005846e+00	8.932437e+00	7.156078e-01	2.456416e-01	2.120842e+00	8.292657e-01	1.042401e+00	7.383951e+01	1.397518e+02	2.842997e-01	1.015889e-01	-4.346110e-14	
3  103.543	2.336450e+00	1.302577e-01	7.354249e-01	3.048520e+00	9.780741e-01	5.969647e-02	7.622049e-01	5.055864e-01	2.161908e+00	1.007591e+00	8.217619e+00	7.146297e-01	2.458013e-01	2.108385e+00	8.253580e-01	1.041894e+00	7.353276e+01	1.399611e+02	2.852806e-01	9.281464e-02	-4.717112e-14	
7  104.11	2.336450e+00	1.302577e-01	7.354249e-01	3.048520e+00	9.780741e-01	5.969647e-02	7.622049e-01	5.055864e-01	2.161908e+00	1.006019e+00	8.217619e+00	7.146297e-01	2.458013e-01	2.108385e+00	8.253580e-01	1.041894e+00	7.353276e+01	1.399611e+02	2.852806e-01	9.281464e-02	-4.717112e-14	
6  102.658	2.308146e+00	1.283584e-01	7.242366e-01	3.049257e+00	9.730062e-01	5.761750e-02	6.219729e-01	5.647486e-01	3.017629e+00	1.006544e+00	8.038859e+00	7.099628e-01	2.456858e-01	2.110050e+00	8.230582e-01	1.042193e+00	7.241645e+01	1.413118e+02	2.899585e-01	7.707150e-02	-4.308298e-14	
1  104.959	2.358562e+00	1.253646e-01	7.416654e-01	3.074977e+00	9.814928e-01	7.047293e-02	6.214925e-01	7.833047e-01	2.960440e+00	1.009087e+00	9.103333e+00	7.279578e-01	2.458907e-01	2.164982e+00	8.249001e-01	1.042737e+00	7.416620e+01	1.415078e+02	2.719680e-01	7.691760e-02	-4.524887e-14	
1  104.807	2.387565e+00	1.262402e-01	7.586337e-01	3.066648e+00	9.861425e-01	7.582746e-02	7.671525e-01	6.661299e-01	3.157466e+00	1.003294e+00	9.536657e+00	7.378570e-01	2.460087e-01	2.146909e+00	8.205645e-01	1.042797e+00	7.587108e+01	1.403605e+02	2.620034e-01	9.344333e-02	-5.058945e-16	
3  105.062	2.387654e+00	1.291239e-01	7.718559e-01	3.056891e+00	9.824221e-01	7.263855e-02	9.813601e-01	3.407069e-01	2.734266e+00	1.004274e+00	9.318979e+00	7.418989e-01	2.460096e-01	2.125968e+00	8.183923e-01	1.042436e+00	7.719731e+01	1.387675e+02	2.579648e-01	1.165610e-01	3.276356e-14	
4  103.91	2.343116e+00	1.281317e-01	7.503321e-01	3.095093e+00	9.818840e-01	8.822075e-02	7.899291e-01	1.773174e-01	2.802747e+00	1.003987e+00	1.077088e+01	7.296355e-01	2.458309e-01	2.208835e+00	8.386428e-01	1.042871e+00	7.503519e+01	1.402649e+02	2.702977e-01	9.590864e-02	-3.155693e-15	
11  104.599	2.309946e+00	1.255020e-01	7.174606e-01	3.112205e+00	9.784283e-01	8.715282e-02	4.770009e-01	1.102091e-02	3.572187e+00	1.007543e+00	1.070319e+01	7.100242e-01	2.456950e-01	2.247224e+00	8.456851e-01	1.042114e+00	7.174219e+01	1.426317e+02	2.899610e-01	6.006245e-02	-2.299287e-14	
2  108.622	2.338793e+00	1.209398e-01	7.415990e-01	3.107927e+00	1.001552e+00	9.361798e-02	5.091063e-01	1.870046e-01	3.377115e+00	1.006770e+00	1.106347e+01	7.364267e-01	2.458085e-01	2.237782e+00	8.336342e-01	1.042393e+00	7.416998e+01	1.433117e+02	2.634527e-01	6.375486e-02	2.228830e-13	
1  108.357	2.320285e+00	1.218967e-01	7.461267e-01	3.069951e+00	9.995076e-01	7.310606e-02	5.941900e-01	1.800848e-01	3.284140e+00	1.009783e+00	9.364732e+00	7.381899e-01	2.457310e-01	2.153889e+00	8.186828e-01	1.042333e+00	7.462768e+01	1.428808e+02	2.616775e-01	7.384162e-02	1.907505e-13	
4  108.399	2.319765e+00	1.310153e-01	7.543687e-01	3.077428e+00	9.931415e-01	7.546975e-02	9.553249e-01	8.587070e-02	3.072292e+00	1.011017e+00	9.778830e+00	7.278045e-01	2.457348e-01	2.170689e+00	8.406172e-01	1.042197e+00	7.544727e+01	1.391463e+02	2.721277e-01	1.139068e-01	8.629337e-14	
1  107.861	2.319765e+00	1.310153e-01	7.543687e-01	3.077428e+00	9.931415e-01	7.546975e-02	9.553249e-01	8.587070e-02	3.072292e+00	1.012036e+00	9.778830e+00	7.278045e-01	2.457348e-01	2.170689e+00	8.406172e-01	1.042197e+00	7.544727e+01	1.391463e+02	2.721277e-01	1.139068e-01	8.629337e-14	
1  106.436	2.290479e+00	1.309537e-01	7.398829e-01	3.046871e+00	9.833268e-01	5.391989e-02	8.345727e-01	2.844794e-01	3.127533e+00	1.014136e+00	7.748894e+00	7.177077e-01	2.456138e-01	2.105238e+00	8.291846e-01	1.042779e+00	7.398192e+01	1.399686e+02	2.823026e-01	1.009563e-01	8.301884e-14	
1  105.241	2.240923e+00	1.290454e-01	7.061892e-01	3.034724e+00	9.759797e-01	4.598905e-02	5.481814e-01	3.849241e-01	3.246866e+00	1.010688e+00	6.955256e+00	6.948420e-01	2.454085e-01	2.079796e+00	8.246807e-01	1.041978e+00	7.060631e+01	1.421965e+02	3.051217e-01	6.879320e-02	6.051399e-14	
1  104.86	2.206812e+00	1.278500e-01	6.908078e-01	3.045234e+00	9.732661e-01	5.918415e-02	4.240979e-01	4.271474e-01	2.842387e+00	1.001989e+00	8.418718e+00	6.843106e-01	2.452630e-01	2.101412e+00	8.283790e-01	1.041360e+00	6.908061e+01	1.434176e+02	3.155437e-01	5.395536e-02	-1.463175e-13	
3  105.573	2.194818e+00	1.330803e-01	6.832007e-01	3.025875e+00	9.654865e-01	4.538065e-02	5.136944e-01	6.670612e-01	3.033950e+00	1.002342e+00	7.051620e+00	6.663291e-01	2.452128e-01	2.061489e+00	8.318026e-01	1.041657e+00	6.832090e+01	1.418745e+02	3.335572e-01	6.486447e-02	-1.286872e-13	
8  106.333	2.208561e+00	1.351153e-01	6.841683e-01	3.024811e+00	9.638496e-01	3.981945e-02	5.723377e-01	4.481818e-01	2.663139e+00	1.005809e+00	6.399325e+00	6.626320e-01	2.452718e-01	2.059558e+00	8.346667e-01	1.041601e+00	6.840543e+01	1.409918e+02	3.373195e-01	7.164777e-02	-1.229875e-13	
3  110.88	2.157805e+00	1.329753e-01	6.438855e-01	3.063226e+00	9.484560e-01	4.458859e-02	2.302324e-01	6.364210e-01	2.632448e+00	1.011715e+00	6.997284e+00	6.258901e-01	2.450485e-01	2.140152e+00	8.483475e-01	1.040238e+00	6.438210e+01	1.436076e+02	3.740009e-01	3.003176e-02	-1.448475e-13	
2  108.571	2.147477e+00	1.277877e-01	6.419789e-01	3.109951e+00	9.489035e-01	6.764441e-02	3.811974e-02	4.759181e-01	2.884744e+00	1.011950e+00	9.377491e+00	6.362188e-01	2.450010e-01	2.242024e+00	8.594706e-01	1.041366e+00	6.424799e+01	1.459309e+02	3.636597e-01	5.500525e-03	-8.658544e-14	
4  108.564	2.147477e+00	1.277877e-01	6.419789e-01	3.109951e+00	9.489035e-01	6.764441e-02	3.811974e-02	4.759181e-01	2.884744e+00	1.012642e+00	9.377491e+00	6.362188e-01	2.450010e-01	2.242024e+00	8.594706e-01	1.041366e+00	6.424799e+01	1.459309e+02	3.636597e-01	5.500525e-03	-8.658544e-14	
7  107.185	2.182945e+00	1.288723e-01	6.533655e-01	3.087632e+00	9.570084e-01	5.661243e-02	1.336198e-01	2.522512e-01	2.837251e+00	1.013873e+00	8.192210e+00	6.452563e-01	2.451564e-01	2.192951e+00	8.524936e-01	1.041674e+00	6.534041e+01	1.447914e+02	3.547028e-01	1.781599e-02	-5.923733e-14	
2  108.55	2.181135e+00	1.264836e-01	6.579656e-01	3.112532e+00	9.557379e-01	7.091623e-02	6.943541e-02	3.757121e-01	3.688996e+00	1.012570e+00	9.580828e+00	6.556816e-01	2.451464e-01	2.247873e+00	8.582233e-01	1.042919e+00	6.583524e+01	1.457018e+02	3.443512e-01	9.553246e-03	1.102097e-13	
17  106.843	2.158085e+00	1.268774e-01	6.488008e-01	3.069921e+00	9.503953e-01	4.967684e-02	3.380405e-02	1.350364e-01	2.793585e+00	1.011144e+00	7.480977e+00	6.455877e-01	2.450472e-01	2.154224e+00	8.409770e-01	1.042400e+00	6.491491e+01	1.460332e+02	3.544466e-01	4.880823e-03	4.239790e-13	
2  107.141	2.158085e+00	1.268774e-01	6.488008e-01	3.069921e+00	9.503953e-01	4.967684e-02	3.380405e-02	1.350364e-01	2.793585e+00	1.009501e+00	7.480977e+00	6.455877e-01	2.450472e-01	2.154224e+00	8.409770e-01	1.042400e+00	6.491491e+01	1.460332e+02	3.544466e-01	4.880823e-03	4.239790e-13	
2  105.336	2.171790e+00	1.299704e-01	6.528716e-01	3.028211e+00	9.511547e-01	3.517079e-02	1.608945e-01	4.256421e-01	3.128806e+00	1.004136e+00	5.819149e+00	6.426085e-01	2.451091e-01	2.066407e+00	8.288898e-01	1.041989e+00	6.530721e+01	1.444879e+02	3.573205e-01	2.145178e-02	2.651349e-13	
3  105.354	2.220276e+00	1.268432e-01	6.822904e-01	3.028312e+00	9.711967e-01	4.350309e-02	2.540676e-01	4.766509e-01	2.412860e+00	1.002853e+00	6.677821e+00	6.781960e-01	2.453173e-01	2.066250e+00	8.231469e-01	1.043186e+00	6.823443e+01	1.442943e+02	3.216769e-01	3.312489e-02	-1.418665e-14	
3  106.704	2.178529e+00	1.272728e-01	6.460813e-01	3.081985e+00	9.625692e-01	6.201393e-02	1.304627e-02	3.366597e-01	3.054529e+00	1.003710e+00	8.728317e+00	6.413655e-01	2.451353e-01	2.179912e+00	8.506001e-01	1.042129e+00	6.462911e+01	1.458286e+02	3.583503e-01	2.115577e-03	-2.446093e-13	
1  107.339	2.178529e+00	1.272728e-01	6.460813e-01	3.081985e+00	9.625692e-01	6.201393e-02	1.304627e-02	3.366597e-01	3.054529e+00	1.002619e+00	8.728317e+00	6.413655e-01	2.451353e-01	2.179912e+00	8.506001e-01	1.042129e+00	6.462911e+01	1.458286e+02	3.583503e-01	2.115577e-03	-2.446093e-13	
1  105.891	2.198244e+00	1.275501e-01	6.680477e-01	3.091634e+00	9.632037e-01	6.972543e-02	1.922649e-01	2.302848e-01	2.312738e+00	1.004035e+00	9.456995e+00	6.632539e-01	2.452216e-01	2.201162e+00	8.507887e-01	1.042353e+00	6.681586e+01	1.446634e+02	3.365834e-01	2.535932e-02	-1.918904e-13	
5  105.488	2.272926e+00	1.310495e-01	7.075282e-01	3.046564e+00	9.777840e-01	5.559026e-02	5.729680e-01	1.420421e-01	2.275960e+00	1.002921e+00	7.948578e+00	6.913154e-01	2.455405e-01	2.104489e+00	8.351814e-01	1.042651e+00	7.073524e+01	1.412670e+02	3.085985e-01	7.139602e-02	-1.639947e-13	
2  104.724	2.233709e+00	1.287282e-01	6.873111e-01	3.077803e+00	9.693557e-01	6.956543e-02	3.612444e-01	1.398097e-01	2.637182e+00	1.001099e+00	9.382442e+00	6.786407e-01	2.453742e-01	2.170964e+00	8.451430e-01	1.042565e+00	6.872707e+01	1.431910e+02	3.212178e-01	4.633819e-02	-2.052851e-13	
2  104.874	2.242783e+00	1.270447e-01	6.888023e-01	3.060058e+00	9.720593e-01	5.826996e-02	3.056302e-01	1.054863e-01	2.773440e+00	1.003476e+00	8.213500e+00	6.833693e-01	2.454123e-01	2.132871e+00	8.348075e-01	1.042949e+00	6.887200e+01	1.437619e+02	3.165111e-01	3.940074e-02	-1.481421e-13	
10  104.479	2.194600e+00	1.235250e-01	6.655330e-01	3.081554e+00	9.699106e-01	7.153837e-02	6.252168e-02	2.973617e-01	2.945348e+00	9.993878e-01	9.553622e+00	6.699531e-01	2.452069e-01	2.178769e+00	8.393578e-01	1.042068e+00	6.657168e+01	1.463566e+02	3.298186e-01	8.501925e-03	-1.739703e-13	
9  104.631	2.237823e+00	1.239723e-01	6.976291e-01	3.028679e+00	9.823494e-01	5.385853e-02	3.186999e-01	1.453052e-01	2.423901e+00	9.981754e-01	7.725614e+00	6.978441e-01	2.453927e-01	2.066835e+00	8.145183e-01	1.042099e+00	6.976344e+01	1.445296e+02	3.020416e-01	4.103062e-02	2.279468e-14	
9  106.395	2.237823e+00	1.239723e-01	6.976291e-01	3.028679e+00	9.823494e-01	5.385853e-02	3.186999e-01	1.453052e-01	2.423901e+00	9.967679e-01	7.725614e+00	6.978441e-01	2.453927e-01	2.066835e+00	8.145183e-01	1.042099e+00	6.976344e+01	1.445296e+02	3.020416e-01	4.103062e-02	2.279468e-14	
10  106.346	2.245996e+00	1.198379e-01	7.018248e-01	3.033749e+00	9.816078e-01	6.048494e-02	2.392270e-01	2.263906e-01	2.284519e+00	9.950388e-01	8.303741e+00	7.096558e-01	2.454243e-01	2.077380e+00	8.037370e-01	1.041476e+00	7.018188e+01	1.458681e+02	2.901998e-01	3.095585e-02	-4.358590e-15	
1  105.327	2.216868e+00	1.206990e-01	6.869512e-01	3.000080e+00	9.661206e-01	4.153295e-02	1.585044e-01	1.343241e-01	3.199190e+00	9.931548e-01	6.383688e+00	6.957602e-01	2.453059e-01	2.009110e+00	7.920082e-01	1.041598e+00	6.870139e+01	1.463454e+02	3.041875e-01	2.072126e-02	-1.135886e-13	
3  102.627	2.216868e+00	1.206990e-01	6.869512e-01	3.000080e+00	9.661206e-01	4.153295e-02	1.585044e-01	1.343241e-01	3.199190e+00	9.973439e-01	6.383688e+00	6.957602e-01	2.453059e-01	2.009110e+00	7.920082e-01	1.041598e+00	6.870139e+01	1.463454e+02	3.041875e-01	2.072126e-02	-1.135886e-13	
5  101.091	2.271319e+00	1.264831e-01	7.034841e-01	3.013995e+00	9.655008e-01	4.679083e-02	4.083801e-01	1.109660e-01	2.979014e+00	9.981610e-01	6.953561e+00	6.971837e-01	2.455334e-01	2.037086e+00	8.078017e-01	1.042435e+00	7.034621e+01	1.431177e+02	3.027324e-01	5.196638e-02	2.837181e-14	
3  101.846	2.269682e+00	1.277859e-01	6.954712e-01	3.016415e+00	9.578901e-01	4.515483e-02	3.795844e-01	4.782477e-01	2.852855e+00	9.980237e-01	6.793312e+00	6.874827e-01	2.455247e-01	2.042162e+00	8.112836e-01	1.042419e+00	6.954952e+01	1.429511e+02	3.124156e-01	4.852397e-02	6.367043e-14	
4  104.086	2.268554e+00	1.291637e-01	6.736792e-01	3.023600e+00	9.479554e-01	4.136720e-02	2.495152e-01	5.077095e-01	3.198138e+00	9.990171e-01	6.368398e+00	6.640640e-01	2.455156e-01	2.056754e+00	8.180725e-01	1.041784e+00	6.737917e+01	1.432326e+02	3.358302e-01	3.248700e-02	9.177811e-14	
3  102.636	2.212927e+00	1.295727e-01	6.794730e-01	3.003296e+00	9.557647e-01	3.736241e-02	3.547042e-01	3.273536e-01	3.926587e+00	9.979800e-01	6.025550e+00	6.699931e-01	2.452887e-01	2.015597e+00	8.128107e-01	1.041897e+00	6.795399e+01	1.432299e+02	3.299396e-01	4.550228e-02	7.291027e-14	
6  101.381	2.243647e+00	1.266105e-01	6.950742e-01	3.045888e+00	9.598870e-01	5.766339e-02	3.715515e-01	3.170163e-01	3.684484e+00	1.001925e+00	8.154819e+00	6.900314e-01	2.454175e-01	2.102932e+00	8.211064e-01	1.042106e+00	6.950587e+01	1.435482e+02	3.098672e-01	4.749401e-02	-3.356412e-14	
9  101.569	2.273483e+00	1.271178e-01	7.039291e-01	3.050585e+00	9.618031e-01	6.164517e-02	4.497054e-01	3.332970e-01	4.892914e+00	1.001835e+00	8.491187e+00	6.961323e-01	2.455437e-01	2.112709e+00	8.216565e-01	1.041769e+00	7.038629e+01	1.427493e+02	3.037423e-01	5.690216e-02	-5.816408e-14	
5  102.996	2.238830e+00	1.295802e-01	6.905273e-01	3.035237e+00	9.513494e-01	4.882775e-02	4.401873e-01	6.962118e-01	4.749074e+00	1.003663e+00	7.283234e+00	6.797763e-01	2.453973e-01	2.080911e+00	8.210837e-01	1.041601e+00	6.905132e+01	1.425689e+02	3.201183e-01	5.571118e-02	2.054386e-14	
4  103.502	2.259949e+00	1.248861e-01	6.992349e-01	3.061568e+00	9.584071e-01	5.659386e-02	3.446644e-01	8.824144e-01	4.849754e+00	1.010860e+00	7.973371e+00	6.968996e-01	2.454852e-01	2.136427e+00	8.215513e-01	1.042034e+00	6.992679e+01	1.439339e+02	3.031562e-01	4.416004e-02	1.543757e-13	
3  103.711	2.294871e+00	1.243162e-01	7.072678e-01	3.080291e+00	9.644228e-01	6.581439e-02	3.472724e-01	8.940888e-01	4.324219e+00	1.011104e+00	8.787095e+00	7.042648e-01	2.456298e-01	2.176699e+00	8.284913e-01	1.042745e+00	7.072948e+01	1.436839e+02	2.958136e-01	4.443810e-02	3.060847e-14	
3  103.307	2.268798e+00	1.242163e-01	6.968335e-01	3.083027e+00	9.623626e-01	6.628887e-02	2.763545e-01	7.630155e-01	4.834487e+00	1.010506e+00	8.886804e+00	6.960428e-01	2.455212e-01	2.182539e+00	8.316540e-01	1.042714e+00	6.968613e+01	1.443179e+02	3.040442e-01	3.569628e-02	4.572906e-14	
4  103.393	2.255131e+00	1.229479e-01	7.019137e-01	3.101919e+00	9.649353e-01	8.140459e-02	3.064223e-01	7.016783e-01	4.290291e+00	1.008076e+00	1.028500e+01	7.033049e-01	2.454657e-01	2.223941e+00	8.353134e-01	1.042231e+00	7.019966e+01	1.446434e+02	2.966824e-01	3.950961e-02	6.897077e-14	
5  101.223	2.266049e+00	1.214394e-01	6.930693e-01	3.072078e+00	9.697511e-01	6.735489e-02	1.830610e-01	6.701394e-01	4.487709e+00	1.005827e+00	8.937346e+00	6.985766e-01	2.455093e-01	2.158550e+00	8.223215e-01	1.041996e+00	6.930759e+01	1.454984e+02	3.013214e-01	2.399091e-02	-4.107058e-14	
3  102.553	2.275562e+00	1.225153e-01	7.049177e-01	3.043656e+00	9.627227e-01	5.321085e-02	2.863969e-01	3.060051e-01	4.677445e+00	1.006267e+00	7.558023e+00	7.063428e-01	2.455509e-01	2.098536e+00	8.095474e-01	1.042795e+00	7.049487e+01	1.446278e+02	2.937190e-01	3.691806e-02	1.543172e-13	
14  102.599	2.275562e+00	1.225153e-01	7.049177e-01	3.043656e+00	9.627227e-01	5.321085e-02	2.863969e-01	3.060051e-01	4.677445e+00	1.006471e+00	7.558023e+00	7.063428e-01	2.455509e-01	2.098536e+00	8.095474e-01	1.042795e+00	7.049487e+01	1.446278e+02	2.937190e-01	3.691806e-02	1.543172e-13	
3  101.613	2.279303e+00	1.193388e-01	6.933964e-01	3.055250e+00	9.683803e-01	6.209333e-02	9.314645e-02	3.148513e-01	4.225204e+00	1.002105e+00	8.364378e+00	7.029998e-01	2.455642e-01	2.122691e+00	8.104790e-01	1.042637e+00	6.934466e+01	1.463371e+02	2.969144e-01	1.242892e-02	-2.879724e-14	
5  103.105	2.223560e+00	1.223127e-01	6.866854e-01	3.068711e+00	9.582155e-01	6.273550e-02	1.799403e-01	1.383141e-01	4.802090e+00	1.007323e+00	8.618229e+00	6.919262e-01	2.453327e-01	2.151408e+00	8.222515e-01	1.042283e+00	6.867773e+01	1.457530e+02	3.081279e-01	2.353070e-02	1.306698e-13	
9  103.836	2.203177e+00	1.223193e-01	6.760427e-01	3.063032e+00	9.604199e-01	5.634038e-02	1.353866e-01	4.265578e-01	4.482412e+00	1.010398e+00	8.019539e+00	6.825268e-01	2.452454e-01	2.139258e+00	8.217173e-01	1.041220e+00	6.761256e+01	1.462049e+02	3.174306e-01	1.779442e-02	6.389096e-14	
8  104.019	2.196313e+00	1.208004e-01	6.747362e-01	3.078898e+00	9.585704e-01	6.456185e-02	6.634814e-02	4.510094e-01	4.254386e+00	1.009552e+00	8.828090e+00	6.848051e-01	2.452152e-01	2.173355e+00	8.253517e-01	1.041812e+00	6.749950e+01	1.470089e+02	3.152199e-01	8.814014e-03	1.211513e-13	
1  103.38	2.243474e+00	1.215076e-01	7.029925e-01	3.040078e+00	9.675995e-01	4.960137e-02	2.720056e-01	6.083476e-02	3.845061e+00	1.009844e+00	7.231485e+00	7.074644e-01	2.454161e-01	2.090853e+00	8.076560e-01	1.042542e+00	7.030533e+01	1.452966e+02	2.926607e-01	3.507285e-02	2.327934e-13	
4  103.381	2.243474e+00	1.215076e-01	7.029925e-01	3.040078e+00	9.675995e-01	4.960137e-02	2.720056e-01	6.083476e-02	3.845061e+00	1.009853e+00	7.231485e+00	7.074644e-01	2.454161e-01	2.090853e+00	8.076560e-01	1.042542e+00	7.030533e+01	1.452966e+02	2.926607e-01	3.507285e-02	2.327934e-13	
2  104.442	2.234269e+00	1.191815e-01	6.903323e-01	3.068542e+00	9.711755e-01	5.688627e-02	1.022732e-01	1.801966e-01	3.800924e+00	1.014467e+00	7.950264e+00	7.017295e-01	2.453745e-01	2.151047e+00	8.175499e-01	1.042467e+00	6.904658e+01	1.468240e+02	2.984317e-01	1.336052e-02	2.748512e-13	
1  109.484	2.231173e+00	1.183361e-01	7.108302e-01	2.995864e+00	9.716481e-01	2.630117e-02	2.381133e-01	1.157222e-01	4.013517e+00	1.013871e+00	4.502080e+00	7.207090e-01	2.453634e-01	1.999887e+00	7.823867e-01	1.042970e+00	7.109948e+01	1.464083e+02	2.797862e-01	3.049707e-02	5.293682e-13	
1  109.417	2.243480e+00	1.144025e-01	7.071161e-01	2.995574e+00	9.643097e-01	3.104899e-02	8.140987e-02	4.001921e-01	2.735486e+00	1.008173e+00	5.041435e+00	7.253686e-01	2.454145e-01	2.000294e+00	7.703451e-01	1.042717e+00	7.072334e+01	1.480811e+02	2.751239e-01	1.035386e-02	2.314448e-13	
1  109.619	2.286435e+00	1.130395e-01	7.230880e-01	3.001769e+00	9.720449e-01	4.035454e-02	1.605596e-01	3.650410e-01	2.904504e+00	1.006061e+00	6.042701e+00	7.390304e-01	2.455924e-01	2.012532e+00	7.648243e-01	1.041913e+00	7.230418e+01	1.475725e+02	2.611061e-01	2.105309e-02	-2.504662e-14	
5  106.472	2.227065e+00	1.156374e-01	6.947616e-01	3.054388e+00	9.632887e-01	5.857370e-02	5.838719e-02	4.941638e-01	3.308610e+00	1.008634e+00	8.086589e+00	7.128629e-01	2.453454e-01	2.121350e+00	7.977597e-01	1.041668e+00	6.949728e+01	1.480620e+02	2.871948e-01	7.531084e-03	2.256796e-13	
1  105.578	2.228827e+00	1.182922e-01	6.830011e-01	3.056838e+00	9.534123e-01	5.355213e-02	3.999006e-02	6.161032e-01	2.972719e+00	1.010110e+00	7.625079e+00	6.971550e-01	2.453527e-01	2.126915e+00	8.056886e-01	1.041663e+00	6.832532e+01	1.474366e+02	3.029846e-01	5.155802e-03	3.116719e-13	
3  105.966	2.240713e+00	1.214046e-01	6.854628e-01	3.065249e+00	9.473164e-01	5.931932e-02	1.362845e-01	7.223910e-01	3.829984e+00	1.007314e+00	8.235823e+00	6.923956e-01	2.454043e-01	2.144886e+00	8.148800e-01	1.042024e+00	6.857190e+01	1.460227e+02	3.077098e-01	1.785682e-02	3.031455e-13	
4  104.518	2.264276e+00	1.168557e-01	6.915579e-01	3.067382e+00	9.580729e-01	6.366408e-02	2.998183e-02	6.664794e-01	3.747679e+00	1.006547e+00	8.517058e+00	7.069309e-01	2.455024e-01	2.149326e+00	8.054802e-01	1.042058e+00	6.917995e+01	1.474722e+02	2.930985e-01	4.052885e-03	1.947056e-13	
4  102.663	2.264518e+00	1.188244e-01	6.825246e-01	3.075422e+00	9.606111e-01	6.846156e-02	3.558454e-02	4.063851e-01	2.779731e+00	1.004250e+00	8.998957e+00	6.948113e-01	2.455018e-01	2.166128e+00	8.155380e-01	1.041278e+00	6.826212e+01	1.469244e+02	3.050328e-01	4.815094e-03	-6.231331e-14	
9  101.593	2.290220e+00	1.243415e-01	7.096416e-01	3.048309e+00	9.680434e-01	6.226042e-02	4.040234e-01	1.059421e-01	2.936202e+00	1.001965e+00	8.465727e+00	7.062308e-01	2.456117e-01	2.108006e+00	8.142135e-01	1.041666e+00	7.095895e+01	1.434642e+02	2.936185e-01	5.140705e-02	-4.180260e-14	
4  101.178	2.288874e+00	1.240879e-01	7.039689e-01	3.056807e+00	9.717017e-01	6.358388e-02	3.405812e-01	1.225332e-01	4.216768e+00	1.003608e+00	8.581090e+00	7.020237e-01	2.456062e-01	2.125806e+00	8.201584e-01	1.041936e+00	7.038815e+01	1.438340e+02	2.978720e-01	4.371594e-02	-5.810000e-14	
1  102.186	2.280451e+00	1.232220e-01	7.093057e-01	3.007316e+00	9.778620e-01	4.569915e-02	3.373011e-01	1.246132e-01	4.410636e+00	9.987731e-01	6.756949e+00	7.084476e-01	2.455717e-01	2.023207e+00	8.005508e-01	1.042934e+00	7.093082e+01	1.441602e+02	2.914866e-01	4.331009e-02	1.220703e-14	
1  102.581	2.280451e+00	1.232220e-01	7.093057e-01	3.007316e+00	9.778620e-01	4.569915e-02	3.373011e-01	1.246132e-01	4.410636e+00	9.997252e-01	6.756949e+00	7.084476e-01	2.455717e-01	2.023207e+00	8.005508e-01	1.042934e+00	7.093082e+01	1.441602e+02	2.914866e-01	4.331009e-02	1.220703e-14	
3  103.221	2.259932e+00	1.219919e-01	7.011205e-01	2.975852e+00	9.723748e-01	2.696089e-02	2.525267e-01	2.532082e-01	4.246015e+00	1.001470e+00	4.561958e+00	7.045605e-01	2.454876e-01	1.960487e+00	7.853325e-01	1.042729e+00	7.012209e+01	1.450861e+02	2.954305e-01	3.278719e-02	-4.915856e-14	
4  102.872	2.278775e+00	1.252356e-01	7.333060e-01	3.019085e+00	9.802684e-01	5.710160e-02	6.065352e-01	1.170931e-02	3.706690e+00	1.000131e+00	8.006934e+00	7.234951e-01	2.455667e-01	2.047109e+00	8.050523e-01	1.042917e+00	7.333197e+01	1.424363e+02	2.764418e-01	7.521983e-02	1.465529e-14	
17  102.861	2.279105e+00	1.295611e-01	7.345890e-01	3.037908e+00	9.781140e-01	5.937336e-02	7.534489e-01	8.157336e-03	3.534604e+00	1.005961e+00	8.308558e+00	7.164297e-01	2.455682e-01	2.086002e+00	8.219293e-01	1.042840e+00	7.345670e+01	1.407511e+02	2.834945e-01	9.191361e-02	-7.832423e-15	
2  103.473	2.268024e+00	1.305979e-01	7.331514e-01	3.021461e+00	9.775890e-01	5.763510e-02	7.763307e-01	1.057771e-01	4.132563e+00	9.999465e-01	8.179999e+00	7.135565e-01	2.455237e-01	2.051928e+00	8.182865e-01	1.043024e+00	7.331324e+01	1.405239e+02	2.863616e-01	9.443714e-02	-1.358390e-14	
1  103.082	2.318325e+00	1.297840e-01	7.427046e-01	3.050560e+00	9.789209e-01	6.816628e-02	7.755589e-01	2.670292e-01	3.758213e+00	1.003141e+00	9.070322e+00	7.214687e-01	2.457297e-01	2.112529e+00	8.266308e-01	1.043539e+00	7.426460e+01	1.401947e+02	2.784396e-01	9.420495e-02	-4.343093e-14	
2  103.627	2.224581e+00	1.241824e-01	6.793273e-01	3.110375e+00	9.661166e-01	8.168359e-02	1.761939e-01	3.376174e-01	3.455279e+00	1.008590e+00	1.041931e+01	6.811703e-01	2.453354e-01	2.242863e+00	8.482610e-01	1.042132e+00	6.794606e+01	1.452919e+02	3.187509e-01	2.314581e-02	-8.653253e-14	
2  103.26	2.224581e+00	1.241824e-01	6.793273e-01	3.110375e+00	9.661166e-01	8.168359e-02	1.761939e-01	3.376174e-01	3.455279e+00	1.007659e+00	1.041931e+01	6.811703e-01	2.453354e-01	2.242863e+00	8.482610e-01	1.042132e+00	6.794606e+01	1.452919e+02	3.187509e-01	2.314581e-02	-8.653253e-14	
1  107.608	2.172221e+00	1.306218e-01	6.530868e-01	3.121445e+00	9.521212e-01	8.155896e-02	1.984884e-01	3.255898e-01	3.955531e+00	1.006814e+00	1.070813e+01	6.413395e-01	2.451082e-01	2.267911e+00	8.691343e-01	1.041399e+00	6.534296e+01	1.441779e+02	3.584652e-01	2.622809e-02	-4.114725e-13	
4  108.213	2.182282e+00	1.303394e-01	6.546675e-01	3.138124e+00	9.520482e-01	8.987572e-02	1.747378e-01	2.617803e-01	3.212423e+00	1.005868e+00	1.142485e+01	6.434350e-01	2.451491e-01	2.306311e+00	8.764030e-01	1.042111e+00	6.551339e+01	1.442467e+02	3.563833e-01	2.325895e-02	-2.594121e-13	
1  107.488	2.203411e+00	1.290390e-01	6.494971e-01	3.129443e+00	9.564898e-01	8.291608e-02	1.049919e-01	9.434499e-02	2.633105e+00	1.007825e+00	1.069218e+01	6.405748e-01	2.452409e-01	2.286463e+00	8.702897e-01	1.041083e+00	6.497125e+01	1.446760e+02	3.593500e-01	1.369882e-02	-4.272662e-13	
1  107.75	2.218838e+00	1.309737e-01	6.552204e-01	3.118859e+00	9.541234e-01	7.663261e-02	2.048291e-01	1.515356e-01	3.212418e+00	1.009044e+00	1.011467e+01	6.419212e-01	2.453071e-01	2.262345e+00	8.675241e-01	1.040899e+00	6.552740e+01	1.435449e+02	3.580773e-01	2.650778e-02	-4.841902e-13	
9  104.891	2.253977e+00	1.266845e-01	6.747868e-01	3.108997e+00	9.685073e-01	7.902001e-02	2.076279e-01	2.266175e-01	2.847201e+00	1.007387e+00	1.014601e+01	6.707720e-01	2.454582e-01	2.240047e+00	8.540669e-01	1.041453e+00	6.746979e+01	1.441988e+02	3.292149e-01	2.682697e-02	-2.153345e-13	
1  107.629	2.262955e+00	1.318842e-01	6.909733e-01	3.165828e+00	9.667780e-01	1.129173e-01	4.923458e-01	2.919357e-01	2.876511e+00	1.004384e+00	1.320180e+01	6.747639e-01	2.454948e-01	2.372495e+00	8.868485e-01	1.041574e+00	6.911768e+01	1.415317e+02	3.252887e-01	6.147528e-02	2.803244e-13	
4  104.187	2.264647e+00	1.330371e-01	7.027139e-01	3.096670e+00	9.684949e-01	8.211180e-02	6.241230e-01	2.516027e-01	2.705641e+00	1.003551e+00	1.056167e+01	6.833239e-01	2.455051e-01	2.212589e+00	8.574264e-01	1.041751e+00	7.026685e+01	1.406568e+02	3.166476e-01	7.721246e-02	-1.209825e-13	
4  103.445	2.235803e+00	1.299557e-01	6.915274e-01	3.065259e+00	9.672841e-01	7.036960e-02	4.722700e-01	9.372082e-02	3.132999e+00	9.997228e-01	9.486774e+00	6.801240e-01	2.453840e-01	2.143776e+00	8.388341e-01	1.041279e+00	6.914416e+01	1.423649e+02	3.198082e-01	5.947673e-02	-1.821689e-13	
3  102.426	2.207076e+00	1.250156e-01	6.665307e-01	3.087076e+00	9.594544e-01	7.343305e-02	1.080860e-01	1.900945e-01	3.958319e+00	1.001711e+00	9.730472e+00	6.673787e-01	2.452595e-01	2.190840e+00	8.413107e-01	1.041978e+00	6.666609e+01	1.456010e+02	3.324683e-01	1.449834e-02	-1.844071e-13	
3  102.373	2.207076e+00	1.250156e-01	6.665307e-01	3.087076e+00	9.594544e-01	7.343305e-02	1.080860e-01	1.900945e-01	3.958319e+00	1.000267e+00	9.730472e+00	6.673787e-01	2.452595e-01	2.190840e+00	8.413107e-01	1.041978e+00	6.666609e+01	1.456010e+02	3.324683e-01	1.449834e-02	-1.844071e-13	
1  102.641	2.260872e+00	1.269588e-01	6.855984e-01	3.094483e+00	9.649525e-01	7.979369e-02	2.805138e-01	3.130517e-02	4.641459e+00	9.998238e-01	1.021147e+01	6.802825e-01	2.454886e-01	2.207318e+00	8.460201e-01	1.042259e+00	6.855349e+01	1.437036e+02	3.196461e-01	3.634103e-02	-1.788236e-13	
4  104.552	2.270119e+00	1.288231e-01	6.842969e-01	3.111115e+00	9.574113e-01	9.003757e-02	3.337695e-01	4.059513e-01	4.032536e+00	9.968733e-01	1.113875e+01	6.749651e-01	2.455247e-01	2.244470e+00	8.541881e-01	1.041694e+00	6.843724e+01	1.429028e+02	3.249966e-01	4.291679e-02	-1.182884e-13	
6  102.718	2.258519e+00	1.213492e-01	6.764463e-01	3.101426e+00	9.682552e-01	8.029927e-02	6.558608e-02	2.554070e-01	3.786139e+00	1.003053e+00	1.012909e+01	6.839963e-01	2.454768e-01	2.222792e+00	8.367393e-01	1.041242e+00	6.764494e+01	1.461829e+02	3.159254e-01	8.647725e-03	-1.192853e-13	
2  102.855	2.263014e+00	1.234562e-01	6.879493e-01	3.074880e+00	9.778555e-01	7.200424e-02	2.064356e-01	2.781953e-01	4.289727e+00	1.000985e+00	9.413511e+00	6.898474e-01	2.454971e-01	2.164509e+00	8.322961e-01	1.041859e+00	6.878387e+01	1.449130e+02	3.100671e-01	2.687470e-02	-6.171912e-14	
2  102.882	2.252255e+00	1.272387e-01	6.885764e-01	3.094416e+00	9.648739e-01	7.934462e-02	3.478097e-01	2.718766e-01	4.154436e+00	1.002239e+00	1.020602e+01	6.826807e-01	2.454531e-01	2.207284e+00	8.446125e-01	1.041396e+00	6.885336e+01	1.434152e+02	3.172442e-01	4.453570e-02	-1.556404e-13	
1  103.257	2.308857e+00	1.283195e-01	7.284515e-01	3.102141e+00	9.788114e-01	9.102745e-02	6.328368e-01	4.858744e-01	4.543212e+00	1.001512e+00	1.110551e+01	7.133783e-01	2.456914e-01	2.224627e+00	8.473133e-01	1.042964e+00	7.283943e+01	1.412597e+02	2.865418e-01	7.836308e-02	-2.488308e-14	
9  103.32	2.355793e+00	1.270559e-01	7.479340e-01	3.070271e+00	9.841123e-01	8.209737e-02	7.192484e-01	5.848088e-01	4.843601e+00	9.983284e-01	1.017453e+01	7.294574e-01	2.458832e-01	2.154670e+00	8.271597e-01	1.043070e+00	7.479044e+01	1.407028e+02	2.704397e-01	8.811679e-02	1.243986e-14	
1  102.65	2.294514e+00	1.322357e-01	7.229528e-01	3.042327e+00	9.743532e-01	6.185296e-02	7.113220e-01	6.813551e-01	4.396405e+00	9.989820e-01	8.560142e+00	7.017173e-01	2.456308e-01	2.095323e+00	8.317915e-01	1.043107e+00	7.228883e+01	1.401521e+02	2.981723e-01	8.719622e-02	-8.786284e-14	
3  103.071	2.290198e+00	1.370538e-01	7.333538e-01	3.032755e+00	9.721152e-01	5.787840e-02	9.567035e-01	8.500405e-01	4.164022e+00	1.000006e+00	8.261965e+00	7.012756e-01	2.456134e-01	2.075388e+00	8.350894e-01	1.042952e+00	7.333270e+01	1.380660e+02	2.986251e-01	1.139241e-01	-8.897297e-14	
1  104.134	2.222084e+00	1.341459e-01	6.969751e-01	3.021733e+00	9.605124e-01	5.328117e-02	6.321483e-01	5.113702e-01	3.471435e+00	9.937767e-01	7.893176e+00	6.767669e-01	2.453267e-01	2.052621e+00	8.280026e-01	1.042082e+00	6.969790e+01	1.408004e+02	3.231327e-01	7.827218e-02	-1.391690e-13	
1  104.066	2.227262e+00	1.306949e-01	6.814470e-01	3.065555e+00	9.583092e-01	7.227213e-02	4.118612e-01	5.430638e-01	4.287269e+00	9.938978e-01	9.705101e+00	6.692781e-01	2.453451e-01	2.144174e+00	8.400807e-01	1.041288e+00	6.814196e+01	1.425467e+02	3.306421e-01	5.226921e-02	-2.322607e-13	
3  104.196	2.209606e+00	1.302741e-01	6.681071e-01	3.062115e+00	9.603445e-01	6.501327e-02	3.001419e-01	4.969389e-01	4.186792e+00	9.968921e-01	9.033316e+00	6.573604e-01	2.452695e-01	2.136866e+00	8.413906e-01	1.041134e+00	6.680829e+01	1.433546e+02	3.425599e-01	3.868628e-02	-2.425894e-13	
1  103.7	2.213642e+00	1.284805e-01	6.698484e-01	3.028051e+00	9.611014e-01	5.522066e-02	2.454935e-01	6.670129e-01	3.398909e+00	9.905460e-01	8.003454e+00	6.630898e-01	2.452859e-01	2.065420e+00	8.237880e-01	1.041603e+00	6.699180e+01	1.440002e+02	3.368676e-01	3.196541e-02	-1.026280e-14	
4  105.607	2.269541e+00	1.310331e-01	6.906755e-01	2.987636e+00	9.686891e-01	3.343631e-02	4.265070e-01	6.970240e-01	3.325953e+00	9.934927e-01	5.454903e+00	6.764055e-01	2.455243e-01	1.983969e+00	8.116990e-01	1.042662e+00	6.907766e+01	1.419562e+02	3.235950e-01	5.424017e-02	2.236627e-14	
5  106.773	2.331285e+00	1.314553e-01	7.303927e-01	2.959519e+00	9.756059e-01	1.769538e-02	7.047726e-01	8.228271e-01	3.817207e+00	1.001290e+00	3.374258e+00	7.085866e-01	2.457816e-01	1.928447e+00	7.954760e-01	1.043675e+00	7.305204e+01	1.399933e+02	2.912281e-01	8.616023e-02	-1.184981e-13	
3  105.776	2.316022e+00	1.328291e-01	7.346372e-01	2.969188e+00	9.765204e-01	2.305655e-02	7.967831e-01	9.686978e-01	3.958640e+00	1.002427e+00	4.127542e+00	7.097539e-01	2.457198e-01	1.947580e+00	8.019009e-01	1.043657e+00	7.347423e+01	1.394348e+02	2.901488e-01	9.651164e-02	-3.277324e-14	
2  105.68	2.316022e+00	1.328291e-01	7.346372e-01	2.969188e+00	9.765204e-01	2.305655e-02	7.967831e-01	9.686978e-01	3.958640e+00	1.003229e+00	4.127542e+00	7.097539e-01	2.457198e-01	1.947580e+00	8.019009e-01	1.043657e+00	7.347423e+01	1.394348e+02	2.901488e-01	9.651164e-02	-3.277324e-14	
3  103.917	2.303010e+00	1.293930e-01	7.290658e-01	2.966646e+00	9.776484e-01	2.445486e-02	6.704057e-01	7.138816e-01	3.473839e+00	1.001298e+00	4.283583e+00	7.120619e-01	2.456667e-01	1.942555e+00	7.942121e-01	1.043164e+00	7.291566e+01	1.409075e+02	2.878656e-01	8.256615e-02	2.601631e-14	
2  102.898	2.303558e+00	1.221345e-01	7.148012e-01	3.010099e+00	9.747370e-01	3.814548e-02	3.369495e-01	7.125984e-01	3.767329e+00	1.006675e+00	5.857208e+00	7.147325e-01	2.456642e-01	2.028983e+00	7.960243e-01	1.042791e+00	7.148014e+01	1.441863e+02	2.852483e-01	4.319442e-02	3.279559e-14	
1  105.645	2.300064e+00	1.252471e-01	7.195508e-01	2.979595e+00	9.728926e-01	1.716736e-02	4.871059e-01	8.523024e-01	3.672607e+00	1.012885e+00	3.268159e+00	7.124472e-01	2.456522e-01	1.967215e+00	7.891422e-01	1.042409e+00	7.194359e+01	1.427506e+02	2.875018e-01	6.115941e-02	1.839459e-13	
8  106.541	2.284700e+00	1.183309e-01	7.029997e-01	3.021267e+00	9.873244e-01	3.823110e-02	1.555898e-01	8.662395e-01	3.472952e+00	1.012467e+00	5.812985e+00	7.131533e-01	2.455813e-01	2.051082e+00	7.967164e-01	1.042059e+00	7.028275e+01	1.462384e+02	2.868063e-01	2.023605e-02	1.280643e-13	
13  106.862	2.272240e+00	1.192908e-01	6.921910e-01	2.986997e+00	9.842087e-01	2.102745e-02	8.736527e-02	9.923282e-01	4.276943e+00	1.009727e+00	3.699997e+00	7.022941e-01	2.455326e-01	1.981205e+00	7.883173e-01	1.042635e+00	6.921512e+01	1.464495e+02	2.976368e-01	1.120118e-02	-1.066752e-13	
3  106.628	2.288710e+00	1.270627e-01	7.070244e-01	2.977583e+00	9.776997e-01	1.484257e-02	4.422415e-01	8.464461e-01	4.973979e+00	1.011894e+00	2.944596e+00	6.985700e-01	2.456081e-01	1.962868e+00	7.972544e-01	1.042446e+00	7.068208e+01	1.426332e+02	3.013338e-01	5.561748e-02	-1.553185e-14	
5  110.219	2.307730e+00	1.227022e-01	7.207746e-01	3.001854e+00	9.855073e-01	2.447182e-02	4.253814e-01	8.793045e-01	4.837840e+00	1.018563e+00	4.177704e+00	7.182498e-01	2.456803e-01	2.011189e+00	7.946679e-01	1.041974e+00	7.204172e+01	1.435913e+02	2.817753e-01	5.377097e-02	2.741002e-13	
8  111.283	2.317557e+00	1.273104e-01	7.322794e-01	2.980377e+00	9.866229e-01	1.562578e-02	6.567506e-01	9.281321e-01	4.220034e+00	1.018307e+00	3.050334e+00	7.180969e-01	2.457239e-01	1.968118e+00	7.948628e-01	1.042015e+00	7.319024e+01	1.413071e+02	2.817952e-01	8.077209e-02	3.089286e-13	
1  111.263	2.362544e+00	1.323383e-01	7.764403e-01	3.001201e+00	9.961548e-01	3.474929e-02	1.135257e+00	8.494962e-01	3.699049e+00	1.017901e+00	5.536622e+00	7.402272e-01	2.459032e-01	2.011025e+00	8.081601e-01	1.042703e+00	7.763465e+01	1.376501e+02	2.597151e-01	1.324979e-01	3.045980e-13	
1  110.972	2.390894e+00	1.333090e-01	7.884410e-01	2.986886e+00	9.956605e-01	3.154622e-02	1.253569e+00	7.736529e-01	2.557801e+00	1.015789e+00	5.136468e+00	7.459989e-01	2.460144e-01	1.982107e+00	8.006595e-01	1.042419e+00	7.882822e+01	1.366541e+02	2.538593e-01	1.444288e-01	2.704851e-13	
1  108.746	2.404109e+00	1.380477e-01	8.092730e-01	2.990930e+00	9.991794e-01	4.060779e-02	1.545509e+00	8.421443e-01	3.199623e+00	1.012460e+00	6.243434e+00	7.514100e-01	2.460673e-01	1.990732e+00	8.105915e-01	1.043267e+00	8.091937e+01	1.343589e+02	2.484542e-01	1.720872e-01	1.227818e-13	
1  111.601	2.382038e+00	1.439061e-01	8.305650e-01	2.932027e+00	9.944707e-01	1.850132e-02	1.921169e+00	5.976025e-01	3.273047e+00	1.010094e+00	3.634704e+00	7.558932e-01	2.459755e-01	1.876366e+00	7.938197e-01	1.043838e+00	8.298898e+01	1.319372e+02	2.439016e-01	2.054614e-01	5.118333e-13	
5  110.762	2.338837e+00	1.437347e-01	8.083436e-01	2.959523e+00	9.920755e-01	3.001176e-02	1.757771e+00	8.467683e-01	3.750438e+00	1.008692e+00	5.149027e+00	7.432187e-01	2.458084e-01	1.929125e+00	8.094805e-01	1.043860e+00	8.081597e+01	1.330214e+02	2.566606e-01	1.914216e-01	2.568804e-13	
11  109.904	2.383142e+00	1.483281e-01	8.236457e-01	2.985461e+00	9.905520e-01	4.442191e-02	1.973865e+00	8.057756e-01	4.091072e+00	1.007207e+00	6.833438e+00	7.450898e-01	2.459848e-01	1.979746e+00	8.260960e-01	1.044474e+00	8.231911e+01	1.309097e+02	2.547775e-01	2.094741e-01	-4.002564e-14	
3  110.362	2.414903e+00	1.449871e-01	8.433344e-01	2.966245e+00	9.980053e-01	4.102585e-02	2.009999e+00	2.559005e-01	3.828373e+00	1.005706e+00	6.376448e+00	7.611951e-01	2.461064e-01	1.942127e+00	8.092071e-01	1.044616e+00	8.425545e+01	1.311129e+02	2.387684e-01	2.122565e-01	7.441975e-14	
2  109.971	2.418700e+00	1.429641e-01	8.445502e-01	2.971970e+00	9.991869e-01	4.295930e-02	1.957408e+00	7.226108e-02	4.291471e+00	1.007208e+00	6.561975e+00	7.646690e-01	2.461212e-01	1.953290e+00	8.069902e-01	1.044486e+00	8.437440e+01	1.316665e+02	2.353321e-01	2.078038e-01	1.554206e-13	
2  109.327	2.418700e+00	1.429641e-01	8.445502e-01	2.971970e+00	9.991869e-01	4.295930e-02	1.957408e+00	7.226108e-02	4.291471e+00	1.005469e+00	6.561975e+00	7.646690e-01	2.461212e-01	1.953290e+00	8.069902e-01	1.044486e+00	8.437440e+01	1.316665e+02	2.353321e-01	2.078038e-01	1.554206e-13	
2  109.194	2.387148e+00	1.371493e-01	8.105401e-01	3.029932e+00	1.001183e+00	5.955903e-02	1.548207e+00	2.006011e-01	4.749772e+00	1.012765e+00	8.249626e+00	7.537076e-01	2.460026e-01	2.069958e+00	8.247602e-01	1.043134e+00	8.105377e+01	1.347228e+02	2.462012e-01	1.723403e-01	1.509480e-13	
1  109.005	2.373183e+00	1.371672e-01	8.012531e-01	2.993411e+00	9.905713e-01	3.805489e-02	1.483059e+00	4.090825e-01	4.368393e+00	1.013308e+00	5.981716e+00	7.483813e-01	2.459463e-01	1.995584e+00	8.083442e-01	1.043057e+00	8.010876e+01	1.350975e+02	2.515852e-01	1.663331e-01	3.701925e-13	
1  108.799	2.411070e+00	1.403688e-01	8.279868e-01	3.002898e+00	9.960459e-01	4.979121e-02	1.785487e+00	7.375414e-02	4.133845e+00	1.011509e+00	7.264267e+00	7.589330e-01	2.460946e-01	2.014619e+00	8.141381e-01	1.043020e+00	8.276691e+01	1.329099e+02	2.409655e-01	1.936709e-01	1.902942e-13	
4  109.284	2.407442e+00	1.343939e-01	8.179284e-01	2.990885e+00	9.987311e-01	4.504345e-02	1.519423e+00	2.323034e-02	3.801156e+00	1.009509e+00	6.688023e+00	7.620529e-01	2.460786e-01	1.990279e+00	7.985778e-01	1.042727e+00	8.177410e+01	1.351954e+02	2.378887e-01	1.697847e-01	1.996793e-13	
9  109.367	2.407442e+00	1.343939e-01	8.179284e-01	2.990885e+00	9.987311e-01	4.504345e-02	1.519423e+00	2.323034e-02	3.801156e+00	1.009335e+00	6.688023e+00	7.620529e-01	2.460786e-01	1.990279e+00	7.985778e-01	1.042727e+00	8.177410e+01	1.351954e+02	2.378887e-01	1.697847e-01	1.996793e-13	
1  108.688	2.367704e+00	1.311410e-01	7.900542e-01	3.045558e+00	9.955102e-01	6.735344e-02	1.226076e+00	1.884308e-01	3.400771e+00	1.009872e+00	8.928124e+00	7.507655e-01	2.459246e-01	2.102117e+00	8.184872e-01	1.042216e+00	7.902437e+01	1.374915e+02	2.491288e-01	1.416877e-01	1.277216e-13	
1  108.206	2.367704e+00	1.311410e-01	7.900542e-01	3.045558e+00	9.955102e-01	6.735344e-02	1.226076e+00	1.884308e-01	3.400771e+00	1.013067e+00	8.928124e+00	7.507655e-01	2.459246e-01	2.102117e+00	8.184872e-01	1.042216e+00	7.902437e+01	1.374915e+02	2.491288e-01	1.416877e-01	1.277216e-13	
1  107.789	2.337728e+00	1.285901e-01	7.817393e-01	3.055457e+00	9.959623e-01	7.314800e-02	1.088181e+00	3.499740e-01	4.524728e+00	1.011932e+00	9.476684e+00	7.501793e-01	2.458044e-01	2.122829e+00	8.195308e-01	1.042574e+00	7.819644e+01	1.389425e+02	2.497468e-01	1.277316e-01	1.052987e-13	
1  107.801	2.332027e+00	1.276508e-01	7.697807e-01	2.970083e+00	9.986896e-01	3.292343e-02	9.522694e-01	2.325692e-01	3.941271e+00	1.007275e+00	5.308443e+00	7.442653e-01	2.457807e-01	1.948791e+00	7.876687e-01	1.042857e+00	7.698547e+01	1.397902e+02	2.557211e-01	1.134849e-01	2.345909e-13	
2  104.52	2.278643e+00	1.293112e-01	7.366659e-01	2.987043e+00	9.764554e-01	3.449146e-02	7.855073e-01	4.966089e-01	4.080114e+00	1.006706e+00	5.580720e+00	7.185529e-01	2.455672e-01	1.982851e+00	7.985293e-01	1.042159e+00	7.366636e+01	1.406785e+02	2.814057e-01	9.554791e-02	1.245886e-13	
10  104.455	2.272512e+00	1.274183e-01	7.296210e-01	3.034870e+00	9.752691e-01	5.433756e-02	6.831450e-01	5.332528e-01	4.526463e+00	1.009667e+00	7.769725e+00	7.166482e-01	2.455400e-01	2.079832e+00	8.140236e-01	1.041752e+00	7.295956e+01	1.416430e+02	2.832484e-01	8.410159e-02	6.373972e-14	
4  105.622	2.284502e+00	1.303344e-01	7.343188e-01	3.039249e+00	9.712576e-01	5.102320e-02	7.990690e-01	5.255727e-01	3.603255e+00	1.013996e+00	7.446059e+00	7.146510e-01	2.455896e-01	2.089186e+00	8.203272e-01	1.041908e+00	7.342583e+01	1.403269e+02	2.853230e-01	9.703968e-02	1.198165e-13	
5  104.505	2.320541e+00	1.306336e-01	7.496888e-01	2.992580e+00	9.719409e-01	3.478577e-02	8.854878e-01	5.504109e-01	4.346700e+00	1.008767e+00	5.574840e+00	7.252063e-01	2.457387e-01	1.993985e+00	7.996049e-01	1.042754e+00	7.496668e+01	1.395124e+02	2.747847e-01	1.062789e-01	2.083197e-13	
2  104.117	2.329237e+00	1.308374e-01	7.504734e-01	2.988940e+00	9.719792e-01	3.535272e-02	8.787132e-01	6.213027e-01	3.891275e+00	1.005854e+00	5.632535e+00	7.252765e-01	2.457737e-01	1.986793e+00	7.990547e-01	1.043148e+00	7.504783e+01	1.394053e+02	2.747052e-01	1.054903e-01	1.765333e-13	
5  104.061	2.322889e+00	1.328226e-01	7.248348e-01	3.051140e+00	9.621191e-01	5.527964e-02	7.383851e-01	7.283848e-01	4.549177e+00	1.009492e+00	7.842381e+00	7.015653e-01	2.457477e-01	2.114120e+00	8.308592e-01	1.042567e+00	7.247931e+01	1.396201e+02	2.984051e-01	9.012499e-02	-1.147434e-13	
2  104.004	2.333521e+00	1.283811e-01	7.352787e-01	3.062483e+00	9.649168e-01	6.795368e-02	6.753531e-01	8.534413e-01	3.737797e+00	1.005815e+00	8.986234e+00	7.180606e-01	2.457917e-01	2.138145e+00	8.239503e-01	1.042901e+00	7.353101e+01	1.408155e+02	2.818614e-01	8.310983e-02	4.434325e-14	
7  102.468	2.339399e+00	1.267364e-01	7.393457e-01	3.027550e+00	9.750214e-01	5.787910e-02	6.572474e-01	9.512967e-01	4.394039e+00	1.001355e+00	7.974564e+00	7.240881e-01	2.458145e-01	2.064757e+00	8.078450e-01	1.042830e+00	7.393672e+01	1.412242e+02	2.757825e-01	8.110762e-02	5.717017e-14	
10  102.762	2.339399e+00	1.267364e-01	7.393457e-01	3.027550e+00	9.750214e-01	5.787910e-02	6.572474e-01	9.512967e-01	4.394039e+00	1.001826e+00	7.974564e+00	7.240881e-01	2.458145e-01	2.064757e+00	8.078450e-01	1.042830e+00	7.393672e+01	1.412242e+02	2.757825e-01	8.110762e-02	5.717017e-14	
9  102.642	2.339399e+00	1.267364e-01	7.393457e-01	3.027550e+00	9.750214e-01	5.787910e-02	6.572474e-01	9.512967e-01	4.394039e+00	1.001648e+00	7.974564e+00	7.240881e-01	2.458145e-01	2.064757e+00	8.078450e-01	1.042830e+00	7.393672e+01	1.412242e+02	2.757825e-01	8.110762e-02	5.717017e-14	
4  102.752	2.337187e+00	1.261266e-01	7.354805e-01	3.034867e+00	9.744846e-01	5.725920e-02	6.030510e-01	9.579936e-01	4.278511e+00	1.004594e+00	7.905146e+00	7.223772e-01	2.458047e-01	2.079931e+00	8.103765e-01	1.042967e+00	7.354884e+01	1.416341e+02	2.775114e-01	7.487284e-02	2.200939e-14	
2  103.51	2.287857e+00	1.224435e-01	7.281516e-01	3.038729e+00	9.776363e-01	6.832857e-02	4.609715e-01	9.538374e-01	3.928208e+00	9.975204e-01	9.009867e+00	7.246149e-01	2.456024e-01	2.087804e+00	8.067158e-01	1.043156e+00	7.281156e+01	1.436952e+02	2.752833e-01	5.819643e-02	2.618358e-14	
2  104.68	2.222366e+00	1.175834e-01	6.882138e-01	3.068073e+00	9.689860e-01	7.449407e-02	2.987442e-02	9.095089e-01	4.532681e+00	9.991917e-01	9.624124e+00	7.033241e-01	2.453256e-01	2.149668e+00	8.141846e-01	1.042956e+00	6.883293e+01	1.477449e+02	2.965874e-01	4.048169e-03	-3.507734e-14	
2  105.355	2.179209e+00	1.214850e-01	6.705612e-01	3.025639e+00	9.623623e-01	5.571010e-02	4.557489e-02	7.725780e-01	4.545223e+00	9.939558e-01	8.008949e+00	6.796663e-01	2.451430e-01	2.060412e+00	8.089069e-01	1.042449e+00	6.707724e+01	1.471245e+02	3.202188e-01	6.273888e-03	-1.416858e-13	
3  105.759	2.191043e+00	1.260034e-01	6.658954e-01	3.033275e+00	9.483257e-01	5.847338e-02	1.472364e-01	7.714332e-01	4.412154e+00	9.915547e-01	8.352727e+00	6.649444e-01	2.451904e-01	2.076374e+00	8.181726e-01	1.041883e+00	6.660008e+01	1.453357e+02	3.348952e-01	1.946203e-02	-9.113290e-14	
1  106.622	2.156160e+00	1.256625e-01	6.461075e-01	3.005517e+00	9.403306e-01	3.793046e-02	1.042530e-02	9.481324e-01	4.508700e+00	9.945158e-01	6.139189e+00	6.459878e-01	2.450406e-01	2.020240e+00	8.075944e-01	1.041231e+00	6.464670e+01	1.464735e+02	3.538695e-01	1.395017e-03	1.686875e-13	
1  106.904	2.163998e+00	1.273032e-01	6.563277e-01	3.009828e+00	9.409474e-01	3.922877e-02	1.523271e-01	8.581269e-01	4.183314e+00	9.973919e-01	6.308083e+00	6.527648e-01	2.450767e-01	2.029115e+00	8.101904e-01	1.040915e+00	6.565490e+01	1.452832e+02	3.470661e-01	1.973974e-02	7.373095e-15	
5  105.635	2.198302e+00	1.284702e-01	6.849872e-01	3.000481e+00	9.522959e-01	4.321672e-02	3.935033e-01	4.806334e-01	3.679530e+00	9.949205e-01	6.739254e+00	6.778288e-01	2.452281e-01	2.010185e+00	8.065546e-01	1.041541e+00	6.850184e+01	1.434813e+02	3.220581e-01	4.989733e-02	-1.148056e-13	
1  106.063	2.225139e+00	1.320137e-01	7.153955e-01	3.020965e+00	9.596151e-01	5.589152e-02	7.134069e-01	4.498897e-01	3.788661e+00	9.975875e-01	8.121035e+00	6.971059e-01	2.453430e-01	2.050991e+00	8.193825e-01	1.042592e+00	7.152776e+01	1.409133e+02	3.027702e-01	8.726375e-02	-1.176219e-13	
1  106.335	2.225139e+00	1.320137e-01	7.153955e-01	3.020965e+00	9.596151e-01	5.589152e-02	7.134069e-01	4.498897e-01	3.788661e+00	9.939449e-01	8.121035e+00	6.971059e-01	2.453430e-01	2.050991e+00	8.193825e-01	1.042592e+00	7.152776e+01	1.409133e+02	3.027702e-01	8.726375e-02	-1.176219e-13	
2  105.024	2.212201e+00	1.309607e-01	6.999540e-01	3.026090e+00	9.588151e-01	5.524903e-02	5.745440e-01	6.055558e-01	4.238757e+00	9.946309e-01	8.064402e+00	6.860299e-01	2.452869e-01	2.061580e+00	8.216386e-01	1.042001e+00	6.999055e+01	1.419120e+02	3.138207e-01	7.153869e-02	-1.798857e-13	
17  103.214	2.196873e+00	1.259110e-01	6.723955e-01	3.050028e+00	9.566361e-01	6.199125e-02	2.094483e-01	7.121568e-01	4.723468e+00	9.949136e-01	8.683943e+00	6.713600e-01	2.452173e-01	2.111243e+00	8.250510e-01	1.041463e+00	6.724498e+01	1.449980e+02	3.284678e-01	2.735034e-02	-2.034560e-13	
1  103.195	2.196873e+00	1.259110e-01	6.723955e-01	3.050028e+00	9.566361e-01	6.199125e-02	2.094483e-01	7.121568e-01	4.723468e+00	9.949434e-01	8.683943e+00	6.713600e-01	2.452173e-01	2.111243e+00	8.250510e-01	1.041463e+00	6.724498e+01	1.449980e+02	3.284678e-01	2.735034e-02	-2.034560e-13	
4  102.224	2.213030e+00	1.222938e-01	6.690798e-01	3.010609e+00	9.616693e-01	4.201479e-02	7.100386e-02	6.028182e-01	4.808759e+00	9.953973e-01	6.446133e+00	6.759269e-01	2.452868e-01	2.030022e+00	8.020277e-01	1.041080e+00	6.691161e+01	1.464031e+02	3.240081e-01	9.427495e-03	2.683215e-14	
2  102.058	2.248034e+00	1.244153e-01	7.022067e-01	3.014526e+00	9.663931e-01	4.910543e-02	3.645668e-01	6.336198e-01	4.676729e+00	9.959312e-01	7.218261e+00	7.006721e-01	2.454374e-01	2.038164e+00	8.034212e-01	1.042067e+00	7.022115e+01	1.440784e+02	2.992385e-01	4.662933e-02	7.317588e-15	
2  101.938	2.297028e+00	1.238326e-01	7.075963e-01	3.024348e+00	9.687131e-01	4.795490e-02	3.560397e-01	7.429786e-01	4.620500e+00	1.000922e+00	6.978158e+00	7.054587e-01	2.456391e-01	2.058184e+00	8.044813e-01	1.041991e+00	7.075682e+01	1.437420e+02	2.944325e-01	4.568421e-02	2.556779e-14	
1  105.038	2.354301e+00	1.241060e-01	7.507519e-01	3.026121e+00	9.752220e-01	5.983486e-02	6.770088e-01	3.827434e-01	3.280681e+00	9.983113e-01	8.102300e+00	7.367384e-01	2.458756e-01	2.061969e+00	7.966631e-01	1.042284e+00	7.507926e+01	1.416098e+02	2.630940e-01	8.345340e-02	4.756302e-14	
2  108.857	2.354301e+00	1.241060e-01	7.507519e-01	3.026121e+00	9.752220e-01	5.983486e-02	6.770088e-01	3.827434e-01	3.280681e+00	9.954802e-01	8.102300e+00	7.367384e-01	2.458756e-01	2.061969e+00	7.966631e-01	1.042284e+00	7.507926e+01	1.416098e+02	2.630940e-01	8.345340e-02	4.756302e-14	
5  107.37	2.349264e+00	1.279345e-01	7.497352e-01	3.010278e+00	9.786815e-01	5.234953e-02	7.954844e-01	5.578064e-01	3.447877e+00	9.950441e-01	7.425269e+00	7.293893e-01	2.458544e-01	2.029384e+00	8.011114e-01	1.042172e+00	7.497964e+01	1.402247e+02	2.704865e-01	9.660827e-02	8.394942e-14	
3  107.816	2.329951e+00	1.293659e-01	7.378843e-01	3.045744e+00	9.761115e-01	7.076517e-02	7.692703e-01	5.476701e-01	3.815422e+00	9.926141e-01	9.279346e+00	7.183232e-01	2.457769e-01	2.102458e+00	8.203933e-01	1.041668e+00	7.379369e+01	1.402010e+02	2.815885e-01	9.360261e-02	7.778071e-14	
1  103.327	2.329951e+00	1.293659e-01	7.378843e-01	3.045744e+00	9.761115e-01	7.076517e-02	7.692703e-01	5.476701e-01	3.815422e+00	9.970591e-01	9.279346e+00	7.183232e-01	2.457769e-01	2.102458e+00	8.203933e-01	1.041668e+00	7.379369e+01	1.402010e+02	2.815885e-01	9.360261e-02	7.778071e-14	
2  104.747	2.330207e+00	1.256081e-01	7.182073e-01	3.009398e+00	9.757641e-01	5.090685e-02	4.968084e-01	5.581309e-01	4.556408e+00	9.952381e-01	7.248881e+00	7.100215e-01	2.457750e-01	2.027380e+00	8.006366e-01	1.041241e+00	7.181664e+01	1.423009e+02	2.899643e-01	6.259760e-02	2.230946e-13	
6  104.36	2.330442e+00	1.260340e-01	7.213681e-01	2.985667e+00	9.764626e-01	3.962371e-02	5.230620e-01	5.665118e-01	3.354290e+00	9.947873e-01	6.028172e+00	7.117910e-01	2.457759e-01	1.979923e+00	7.924719e-01	1.041698e+00	7.213761e+01	1.420779e+02	2.881899e-01	6.576388e-02	1.512244e-13	
4  102.975	2.339189e+00	1.246535e-01	7.372469e-01	3.015721e+00	9.824153e-01	5.689366e-02	5.958547e-01	1.920060e-01	2.258003e+00	9.960385e-01	7.842072e+00	7.263365e-01	2.458113e-01	2.040357e+00	7.997066e-01	1.042136e+00	7.372280e+01	1.419997e+02	2.735700e-01	7.409075e-02	1.114130e-13	
4  103.78	2.356505e+00	1.251913e-01	7.464020e-01	3.029250e+00	9.841418e-01	5.989612e-02	6.826343e-01	2.138482e-01	2.178962e+00	1.001064e+00	8.113419e+00	7.316853e-01	2.458810e-01	2.068023e+00	8.040878e-01	1.041924e+00	7.463919e+01	1.412986e+02	2.681675e-01	8.402812e-02	8.291528e-14	
1  105.437	2.395732e+00	1.261672e-01	7.653329e-01	3.041732e+00	9.863872e-01	6.681319e-02	8.343622e-01	3.694793e-02	2.036112e+00	1.002708e+00	8.709483e+00	7.423313e-01	2.460393e-01	2.093883e+00	8.072486e-01	1.042157e+00	7.653783e+01	1.400044e+02	2.575061e-01	1.008999e-01	4.176796e-14	
3  104.775	2.371684e+00	1.273728e-01	7.550812e-01	3.008307e+00	9.796494e-01	5.281160e-02	8.143873e-01	6.565826e-02	2.156180e+00	9.985874e-01	7.422924e+00	7.337157e-01	2.459436e-01	2.025246e+00	7.970296e-01	1.041859e+00	7.550980e+01	1.400503e+02	2.661389e-01	9.871216e-02	6.941184e-14	
1  105.083	2.350703e+00	1.264828e-01	7.443959e-01	2.963438e+00	9.774935e-01	3.232172e-02	7.076901e-01	2.584489e-01	2.757074e+00	9.952713e-01	5.173913e+00	7.281445e-01	2.458597e-01	1.936422e+00	7.798150e-01	1.042035e+00	7.443930e+01	1.409368e+02	2.717711e-01	8.702520e-02	3.275499e-14	
2  105.447	2.317810e+00	1.227057e-01	7.207091e-01	2.955547e+00	9.817100e-01	2.307719e-02	4.278405e-01	5.048961e-01	2.963193e+00	9.977209e-01	3.982824e+00	7.178876e-01	2.457235e-01	1.920348e+00	7.744890e-01	1.041612e+00	7.205930e+01	1.434494e+02	2.820262e-01	5.445049e-02	-6.040335e-14	
4  103.82	2.279543e+00	1.182984e-01	6.932974e-01	2.968296e+00	9.766942e-01	2.431246e-02	8.665142e-02	5.732556e-01	3.088730e+00	9.979606e-01	4.119458e+00	7.051120e-01	2.455639e-01	1.945154e+00	7.743989e-01	1.041723e+00	6.932637e+01	1.466214e+02	2.948122e-01	1.163598e-02	-2.105966e-13	
3  102.209	2.298459e+00	1.186799e-01	7.050696e-01	3.006128e+00	9.751002e-01	4.294871e-02	1.694555e-01	7.127738e-01	3.088868e+00	9.993219e-01	6.348673e+00	7.137620e-01	2.456415e-01	2.021026e+00	7.873023e-01	1.042197e+00	7.050854e+01	1.459262e+02	2.861323e-01	2.237093e-02	-7.692352e-15	
1  101.979	2.279280e+00	1.299932e-01	7.045197e-01	3.022757e+00	9.655654e-01	5.182275e-02	5.425465e-01	5.929553e-01	2.769540e+00	9.970382e-01	7.529527e+00	6.908863e-01	2.455653e-01	2.054791e+00	8.175991e-01	1.041576e+00	7.044776e+01	1.415717e+02	3.090484e-01	6.781856e-02	3.528968e-15	
1  103.313	2.292068e+00	1.317476e-01	7.096452e-01	3.002147e+00	9.569959e-01	3.474585e-02	6.204764e-01	7.319021e-01	2.429259e+00	1.002310e+00	5.603870e+00	6.915128e-01	2.456194e-01	2.013230e+00	8.095025e-01	1.041868e+00	7.096550e+01	1.406939e+02	3.083822e-01	7.689255e-02	-1.697242e-15	
7  103.038	2.263677e+00	1.227561e-01	6.850046e-01	3.000979e+00	9.550534e-01	2.942355e-02	1.687188e-01	7.502229e-01	2.690495e+00	1.004083e+00	4.871882e+00	6.886940e-01	2.454999e-01	2.010975e+00	7.936276e-01	1.041560e+00	6.850521e+01	1.452598e+02	3.112303e-01	2.217048e-02	6.550737e-14	
8  103.108	2.263677e+00	1.227561e-01	6.850046e-01	3.000979e+00	9.550534e-01	2.942355e-02	1.687188e-01	7.502229e-01	2.690495e+00	1.005004e+00	4.871882e+00	6.886940e-01	2.454999e-01	2.010975e+00	7.936276e-01	1.041560e+00	6.850521e+01	1.452598e+02	3.112303e-01	2.217048e-02	6.550737e-14	
2  102.957	2.247865e+00	1.239905e-01	6.900224e-01	3.022143e+00	9.532377e-01	4.546150e-02	2.638632e-01	9.309946e-01	2.409320e+00	1.001597e+00	6.817062e+00	6.908477e-01	2.454338e-01	2.054249e+00	8.033486e-01	1.041485e+00	6.900597e+01	1.446655e+02	3.090123e-01	3.410906e-02	4.670434e-14	
5  102.957	2.247865e+00	1.239905e-01	6.900224e-01	3.022143e+00	9.532377e-01	4.546150e-02	2.638632e-01	9.309946e-01	2.409320e+00	1.000528e+00	6.817062e+00	6.908477e-01	2.454338e-01	2.054249e+00	8.033486e-01	1.041485e+00	6.900597e+01	1.446655e+02	3.090123e-01	3.410906e-02	4.670434e-14	
3  102.17	2.312418e+00	1.213233e-01	7.098352e-01	3.038617e+00	9.678184e-01	5.537423e-02	2.781254e-01	8.471850e-01	2.203091e+00	1.001729e+00	7.681558e+00	7.119283e-01	2.457002e-01	2.087973e+00	8.033636e-01	1.042254e+00	7.098164e+01	1.445804e+02	2.879186e-01	3.605286e-02	1.743212e-14	
3  102.566	2.279701e+00	1.186288e-01	7.032297e-01	3.074558e+00	9.677078e-01	7.072618e-02	1.629290e-01	3.543066e-01	2.211670e+00	1.004184e+00	9.171616e+00	7.126770e-01	2.455657e-01	2.164231e+00	8.131980e-01	1.042323e+00	7.032551e+01	1.461772e+02	2.872556e-01	2.131774e-02	6.739349e-14	
2  102.836	2.344096e+00	1.273088e-01	7.495785e-01	3.066141e+00	9.793893e-01	7.456007e-02	7.610046e-01	4.897414e-02	2.501777e+00	1.003811e+00	9.552090e+00	7.304822e-01	2.458339e-01	2.145696e+00	8.235993e-01	1.042745e+00	7.495724e+01	1.405786e+02	2.694223e-01	9.266451e-02	-1.637489e-14	
3  103.235	2.359221e+00	1.281140e-01	7.458016e-01	3.033214e+00	9.767183e-01	5.702990e-02	7.563219e-01	3.665516e-01	2.520447e+00	1.003557e+00	7.877594e+00	7.259688e-01	2.458942e-01	2.076371e+00	8.111198e-01	1.042243e+00	7.458092e+01	1.402575e+02	2.738867e-01	9.223840e-02	3.112107e-15	
4  103.729	2.351388e+00	1.248094e-01	7.297719e-01	3.016068e+00	9.762657e-01	4.988373e-02	5.339859e-01	4.619107e-01	2.084879e+00	9.998236e-01	7.100618e+00	7.201527e-01	2.458600e-01	2.041058e+00	7.995194e-01	1.041899e+00	7.297112e+01	1.421161e+02	2.796844e-01	6.701437e-02	3.983453e-14	
3  104.089	2.351388e+00	1.248094e-01	7.297719e-01	3.016068e+00	9.762657e-01	4.988373e-02	5.339859e-01	4.619107e-01	2.084879e+00	9.990428e-01	7.100618e+00	7.201527e-01	2.458600e-01	2.041058e+00	7.995194e-01	1.041899e+00	7.297112e+01	1.421161e+02	2.796844e-01	6.701437e-02	3.983453e-14	
9  102.838	2.317248e+00	1.262144e-01	7.166174e-01	3.019560e+00	9.715647e-01	5.179350e-02	4.998088e-01	5.319782e-01	2.230476e+00	9.969896e-01	7.386409e+00	7.077681e-01	2.457213e-01	2.048258e+00	8.061283e-01	1.041646e+00	7.165567e+01	1.422797e+02	2.921119e-01	6.289275e-02	5.481988e-14	
1  102.746	2.291594e+00	1.205827e-01	7.003445e-01	2.999482e+00	9.663621e-01	3.743151e-02	2.048922e-01	5.735078e-01	2.394852e+00	9.987153e-01	5.771021e+00	7.060819e-01	2.456148e-01	2.007873e+00	7.874336e-01	1.041795e+00	7.003247e+01	1.453367e+02	2.937898e-01	2.691059e-02	-2.153330e-14	
1  104.064	2.303844e+00	1.280813e-01	7.275276e-01	3.043778e+00	9.727349e-01	5.818617e-02	6.702092e-01	6.905898e-01	2.688198e+00	1.005495e+00	8.103990e+00	7.131555e-01	2.456678e-01	2.098462e+00	8.178680e-01	1.041386e+00	7.274770e+01	1.412080e+02	2.866907e-01	8.258639e-02	1.942366e-15	
2  103.859	2.273972e+00	1.328807e-01	7.180539e-01	3.017699e+00	9.684941e-01	4.811813e-02	7.619676e-01	5.368340e-01	3.779515e+00	1.000851e+00	7.191736e+00	6.969161e-01	2.455468e-01	2.044520e+00	8.193941e-01	1.041301e+00	7.179827e+01	1.399935e+02	3.030153e-01	9.277996e-02	-4.402511e-14	
1  103.762	2.274737e+00	1.317572e-01	7.126439e-01	3.021128e+00	9.679512e-01	5.231147e-02	6.846708e-01	6.237859e-01	3.940460e+00	9.976689e-01	7.622643e+00	6.945311e-01	2.455488e-01	2.051439e+00	8.190851e-01	1.041138e+00	7.125870e+01	1.405766e+02	3.054231e-01	8.404768e-02	-1.230575e-14	
7  103.536	2.315709e+00	1.293574e-01	7.468646e-01	3.009143e+00	9.866238e-01	5.440124e-02	8.411303e-01	6.399141e-01	2.724673e+00	9.974597e-01	7.726626e+00	7.254027e-01	2.457167e-01	2.027025e+00	8.080871e-01	1.042239e+00	7.469580e+01	1.400390e+02	2.745495e-01	1.015389e-01	1.230113e-13	
3  102.777	2.265505e+00	1.274669e-01	7.183373e-01	3.000720e+00	9.752668e-01	4.229377e-02	5.847709e-01	5.895957e-01	2.814264e+00	9.996687e-01	6.483413e+00	7.077994e-01	2.455104e-01	2.010168e+00	8.037073e-01	1.042010e+00	7.183428e+01	1.421357e+02	2.921333e-01	7.286572e-02	3.932715e-14	
3  102.735	2.290527e+00	1.274039e-01	7.162155e-01	3.009550e+00	9.736307e-01	3.876118e-02	5.382516e-01	8.513890e-01	2.630262e+00	1.004914e+00	6.022449e+00	7.057043e-01	2.456122e-01	2.027914e+00	8.070451e-01	1.042187e+00	7.161315e+01	1.420978e+02	2.942328e-01	6.744882e-02	2.531409e-14	
9  104.111	2.290527e+00	1.274039e-01	7.162155e-01	3.009550e+00	9.736307e-01	3.876118e-02	5.382516e-01	8.513890e-01	2.630262e+00	1.009570e+00	6.022449e+00	7.057043e-01	2.456122e-01	2.027914e+00	8.070451e-01	1.042187e+00	7.161315e+01	1.420978e+02	2.942328e-01	6.744882e-02	2.531409e-14	
1  104.922	2.327185e+00	1.290284e-01	7.381240e-01	2.985840e+00	9.762248e-01	3.258246e-02	7.309234e-01	7.789321e-01	2.827283e+00	1.007306e+00	5.268564e+00	7.193255e-01	2.457636e-01	1.980356e+00	7.973137e-01	1.042719e+00	7.381255e+01	1.404784e+02	2.805922e-01	8.942824e-02	4.153066e-14	
2  104.655	2.327185e+00	1.290284e-01	7.381240e-01	2.985840e+00	9.762248e-01	3.258246e-02	7.309234e-01	7.789321e-01	2.827283e+00	1.007066e+00	5.268564e+00	7.193255e-01	2.457636e-01	1.980356e+00	7.973137e-01	1.042719e+00	7.381255e+01	1.404784e+02	2.805922e-01	8.942824e-02	4.153066e-14	
1  103.89	2.259851e+00	1.257073e-01	6.967742e-01	3.021444e+00	9.692807e-01	4.535313e-02	3.717737e-01	7.565243e-01	3.811800e+00	1.006624e+00	6.790907e+00	6.931629e-01	2.454848e-01	2.052129e+00	8.099118e-01	1.041241e+00	6.966692e+01	1.435957e+02	3.067524e-01	4.752443e-02	3.010780e-14	
2  103.728	2.268610e+00	1.238696e-01	6.977422e-01	3.013697e+00	9.738094e-01	4.395962e-02	3.129401e-01	4.739781e-01	3.160138e+00	1.004670e+00	6.589252e+00	6.976412e-01	2.455204e-01	2.036205e+00	8.037387e-01	1.041386e+00	6.976309e+01	1.442322e+02	3.022891e-01	4.029880e-02	5.783178e-14	
