0.106	0.15	0.38	0.51	0.61
13831.266165837793	13652.259252648217	12779.496540246992	12332.69434449502	12010.960917152068
13819.751947084967	13638.189522834218	12755.088330205168	12304.340403840271	11980.304686540294
13797.281170539034	13614.883247045798	12728.621495006995	12276.829793707986	11952.269876839811
13788.820796591546	13605.774150945139	12716.971460095863	12264.268307548313	11939.205477882038
13766.611628426981	13583.2644218096	12693.486848740691	12240.590612492766	11915.508850303106
13846.698718975866	13665.769552582151	12784.971025583834	12334.905663533415	12011.163797071622
13821.0501216551	13639.32488800774	12755.546531223943	12304.52547837537	11980.322290567821
13738.34427269284	13552.525859849855	12653.10944479859	12196.76913526673	11869.787014616426
13726.352863178165	13542.854562617787	12652.909629387306	12200.281650784398	11875.531464458689
13725.726340307501	13541.912695266741	12650.70218745087	12197.594984199652	11872.565523098649
13778.683793684373	13596.679618877311	12712.217099118776	12261.270845600646	11937.289825354208
13768.652598621135	13586.38333082129	12700.951878709484	12249.712456729476	11925.600395866128
13773.399782407178	13592.622785153617	12713.212119650072	12264.265836388502	11941.492579385333
13709.660496289463	13527.803998106787	12644.684459504091	12194.815870595183	11871.764628535586
13701.921533556733	13519.811734902865	12635.749811208485	12185.581540706336	11862.386337371763
13694.29978879249	13511.491909958007	12624.689568152584	12173.53138552104	11849.78520080461
13676.668202217536	13492.840765507559	12602.123014579665	12149.61437756844	11825.150583354782
13752.950650362054	13572.59231665926	12695.104231614861	12247.067247323204	11924.918940563015
13792.679888365452	13610.356035273302	12724.444562774837	12272.825366228517	11948.386971495835
13788.188274339214	13604.783106319574	12714.534996224123	12261.28077546895	11935.895336247966
13742.530622270939	13559.578888836584	12671.665124994499	12219.682883680012	11895.243497307172
13725.275756389705	13541.694452633279	12651.42638817294	12198.683603166965	11873.870505263749
13797.43305816871	13616.548183311548	12736.44496215732	12287.038927099866	11963.892768797781
13751.288141543388	13570.876896336295	12693.19043875002	12245.089545297616	11922.91019442966
13711.53179681203	13529.507062544923	12645.685257291085	12195.53089390893	11872.302877527725
13758.906118678773	13579.812222333625	12707.430971008238	12261.337718132125	11940.321229819741
13741.295683857954	13561.734002127916	12687.620837122418	12240.989380500441	11919.724725134629
13693.114613553043	13511.945839433576	12631.795267141244	12183.206155980824	11860.981497402801
13690.068487741475	13510.134498796382	12635.038778718694	12188.430607941065	11867.39224189319
13727.301896550707	13547.112409192543	12670.582618885977	12223.121497802325	11901.421763212651
13705.804857088331	13524.52273620724	12643.775450288156	12194.853249689311	11872.377858254145
13671.408111667599	13488.30895133711	12600.584282667636	12149.262843781795	11825.519661741879
13684.507107949055	13501.690397499107	12614.960454453883	12163.911049142982	11840.271208954795
13779.656310794462	13598.80478868258	12719.02437981807	12269.884780575452	11946.970720969312
13822.507316824123	13641.177176848296	12758.994112293462	12308.580888529177	11984.73239047885
13810.159586094514	13628.96745076251	12747.477079302376	12297.43099346214	11973.851839781479
13806.044523717788	13625.096864099742	12744.647135406829	12295.038183630924	11971.735750298096
13741.917342940316	13557.70250693083	12664.69397210383	12210.76424725447	11885.180699168348
13821.0501216551	13639.32488800774	12755.546531223943	12304.52547837537	11980.322290567821
13814.980071360496	13632.411900377912	12745.268614346362	12292.99335443212	11968.072507782952
13738.34427269284	13552.525859849855	12653.10944479859	12196.76913526673	11869.787014616426
13735.82439635877	13552.949145926334	12665.41826180806	12213.638233666783	11889.346880518071
13725.726340307501	13541.912695266741	12650.70218745087	12197.594984199652	11872.565523098649
13778.683793684373	13596.679618877311	12712.217099118776	12261.270845600646	11937.289825354208
13760.874933830972	13579.300047582465	12696.773082171192	12246.71879868173	11923.340951650864
13699.583975327087	13515.79087062978	12624.954620374694	12172.208669413958	11847.505364876974
13730.321289582429	13549.687570111952	12671.315593470601	12223.115505609467	11900.964712854742
13747.76588330578	13567.8800262352	12692.374904190587	12245.150305472387	11923.50620827577
13706.175221087049	13524.275610498087	12641.019083120667	12191.12611918521	11868.075320370934
13747.93163145483	13567.280451957884	12688.651129500002	12240.210767979495	11917.843893001482
13786.90838646007	13606.843438444905	12730.199074420761	12282.2226996485	11959.969998910266
13800.58165118553	13620.230444242163	12742.2737964312	12293.678486949088	11971.001225575803
13751.740207761572	13567.633646740724	12674.95240079705	12221.065956095566	11895.46516386873
13750.604742154697	13567.705202356989	12679.914452359631	12227.913247684635	11903.428074091376
13740.964293217889	13557.681765058776	12668.447294060878	12215.970810566441	11891.246774397603
13794.509719675616	13613.46015925727	12732.715859478156	12283.083867351203	11959.815673495654
13747.526750775334	13567.450177342611	12691.168790035717	12243.643969266952	11921.82241980867
13708.381805617631	13526.300938615335	12642.285901920228	12192.082859041477	11868.839534817278
13765.94441749572	13587.563806674203	12718.035590840047	12273.00483847541	11952.59353718125
13750.751234012381	13571.760799297654	12699.887178360475	12254.055830636298	11933.228746577286
13658.780012816387	13476.695303852486	12593.206808591118	12143.61312848525	11820.941820392865
13712.402571433233	13532.071643578634	12655.122648252782	12207.617438948619	11885.953674470948
13690.891687652886	13509.531372646587	12628.627325773276	12179.765467369147	11857.388948051883
13683.14414888745	13500.434347810628	12614.151284990874	12163.28444687742	11839.758009040595
13671.408111667599	13488.30895133711	12600.584282667636	12149.262843781795	11825.519661741879
13691.506065170528	13509.236839242587	12624.643210383103	12174.355876769378	11851.135016081027
13765.82016162901	13583.73992122798	12699.106411490908	12248.197979613957	11924.293683686232
13819.751947084967	13638.189522834218	12755.088330205168	12304.340403840271	11980.304686540294
13823.178486497534	13642.245496570315	12761.676393156742	12311.8855935664	11988.404117763856
13806.044523717788	13625.096864099742	12744.647135406829	12295.038183630924	11971.735750298096
13741.917342940316	13557.70250693083	12664.69397210383	12210.76424725447	11885.180699168348
13790.950617296136	13608.204294980622	12720.596351387536	12268.336302611195	11943.526216877015
13824.45947223358	13642.700168648904	12758.74695398046	12307.630874116241	11983.35707361297
13759.543207273073	13573.99579246494	12675.426063725616	12219.227430087247	11892.234586969078
13733.583013300447	13548.329296562946	12651.233852783109	12195.815894191182	11869.395175097237
13738.739886868161	13555.532366929261	12666.62558576866	12214.293198380916	11889.663659000156
13759.625472163923	13576.917035492997	12689.80209849222	12237.987143289643	11913.573359645019
13766.142390783094	13583.669061473984	12697.43668405939	12245.908682877365	11921.636672710176
13707.240916114237	13523.762738134355	12634.110917196966	12181.753917262618	11857.246014527358
13682.424074976043	13498.7866892089	12608.769690797086	12156.480214076299	11832.119994931112
13708.326384713955	13527.407167730556	12648.107432524077	12199.724358547148	11877.557420652527
13693.681563176951	13511.373664634693	12626.599742271299	12176.225261056576	11852.943669564524
13678.823758477043	13495.277021947266	12605.66548291647	12153.560977185698	11829.32515441846
13786.90838646007	13606.843438444905	12730.199074420761	12282.2226996485	11959.969998910266
13804.72678170089	13622.65976557516	12737.663431534133	12286.301081546284	11961.963981833616
13801.798963513189	13618.730450009916	12729.698360980152	12276.801048891402	11951.56824116805
13742.893879540758	13559.906228696907	12671.843151978028	12219.800553305167	11895.32401022998
13771.004219475579	13589.829806649663	12708.824838400758	12259.27887844677	11936.159788143972
13771.004219475579	13589.829806649663	12708.824838400758	12259.27887844677	11936.159788143972
13737.940798895599	13555.978785053301	12672.125470016033	12221.744063534457	11898.26956619108
13687.253246655455	13505.247551894605	12621.767100288711	12171.94258691593	11849.012990814976
13781.321327911664	13602.554566198618	12731.285011962103	12285.453039696928	11964.501107047414
13750.751234012381	13571.760799297654	12699.887178360475	12254.055830636298	11933.228746577286
13680.123794920608	13499.012845202773	12619.236888279922	12170.897603573867	11848.875718583033
13680.123794920608	13499.012845202773	12619.236888279922	12170.897603573867	11848.875718583033
13727.301896550707	13547.112409192543	12670.582618885977	12223.121497802325	11901.421763212651
13684.737431617095	13502.145424627008	12616.32076307096	12165.616544162296	11842.179030602669
13635.770755807893	13450.85772964149	12556.246339253823	12102.604922745073	11777.658058439927
13704.705503325533	13522.636669417774	12638.710371226764	12188.57152495353	11865.381797732505
13694.975393072915	13512.60877254952	12627.583088134907	12177.101245806816	11853.75078558568
