135.7664846786344
140.1524060107145
138.2080919578239
145.3807689260931
137.88551253419283
133.79993307368235
134.5957009546907
129.62809751795848
127.84136594364315
135.7182820146158
139.2383728259879
137.47915652398538
139.7153139932697
141.2456979305064
142.67867092880022
135.90593046526988
129.24721655136702
137.7460947274242
141.61125294514858
135.2366016871827
134.84104935515404
138.44617498119024
133.51070663570158
136.26783199525008
135.92946625527463
136.50902340669657
129.46403100863304
132.51218931651624
129.6126844433961
132.96024640115317
137.8078968727435
133.5356189311582
137.79301917121327
137.22754324732637
130.3487933052329
132.3352915739126
140.91291545152816
143.6372510340686
134.4780962616535
132.27733037907655
128.5531727088009
137.737770035808
136.3173730326153
138.8099420750623
139.64623925054465
134.72404766822174
132.31021121134822
140.20954450854913
144.8499394114555
128.65596190174185
140.76013484035715
139.84801061995756
135.26184642777875
130.63584231612816
141.67796623152574
134.61962766373463
138.7709621109687
140.66805157976913
139.3280784831028
134.28572841353278
137.88760057814474
130.63483366707783
132.61206740489686
134.20080398172303
131.6869284391365
137.22085800484737
128.89424378612978
134.236072266354
138.55758007424203
140.8002145347639
141.67596939015147
143.72358543909877
133.2800394890248
137.5901603427657
135.76358288945602
137.09497970096493
135.02384302951018
135.6415028504028
145.53123627005522
128.28524964976532
139.7279323369575
134.46098132175808
128.87402102646135
126.96285342107683
137.9803610435473
135.3423232117808
136.81672114074826
135.31430184128928
136.94806587203013
138.3958752670757
135.39801975036377
132.50432672091767
131.5794243866347
132.37383141023463
137.71090964980843
139.1508930734727
137.9378218886702
140.74134446234092
129.09439260104125
142.080157085107
133.52836775271496
136.75657176912455
131.5269677885404
141.12947829590078
135.74859847478342
135.64077031569266
135.52586818716213
133.1143186443435
135.954108481339
132.99612357756607
131.30972859892898
133.33431726502508
133.27887685671033
129.5703474067566
141.9555606987283
132.0310391948797
138.65398549794855
142.9809519581096
137.70577873201722
142.92443315347137
137.56813673152945
134.56577426937446
135.41000641518454
141.6046672159956
133.88900025937716
129.37000656261
136.930914681909
138.39219549297792
131.2726742161551
143.87269730703704
136.6933638699264
136.2923499796149
130.54513094148712
132.77128954946477
131.8997760623273
129.52980834773308
134.37373911460287
147.45158161578115
130.00589385258354
139.7867946204079
138.77387880702554
132.1926048125312
136.2632127596132
133.1894783906407
137.90327648689794
133.77378120324897
135.0083156014854
137.82736172446783
133.87407337403369
131.1903679448119
136.74703539038364
130.29421655839104
138.42076987983364
130.44148891653757
133.643902248754
135.0755394108344
134.7549442988299
139.7707897433601
139.75338195291323
137.54139906174694
133.08491356705647
144.8157396465495
139.17515376753582
134.31054735819586
139.3499782667547
140.37099249596383
137.63097860909636
135.85606024767768
131.0576176129327
129.91119153916281
137.33866918106094
133.79771864920895
126.0568574186467
136.13067822772018
137.1091169445754
135.0321604532005
135.92274794779766
129.03847212943705
140.04929917958685
137.32469210240274
134.08249651114113
131.7596923933168
131.73628189688316
131.22445407339487
137.13328371393064
134.88214051985568
140.87866823536234
143.68880177216204
140.3316781350505
135.7758789205029
140.379436204338
139.0982090760947
141.55126073490246
131.0871292224816
135.5607684749136
140.5577696793599
137.97772147423774
130.13977059507184
142.26555218067915
137.44397708118393
133.57163276286977
132.301409154474
128.68570644057414
129.11409537135552
138.5785784061884
130.85262804480917
130.99489615668222
134.7779519659985
129.14188288852998
131.55208272327565
132.14556622733102
139.88857188362365
136.4476440358048
135.65996751539515
138.51402610588937
134.0149377051457
131.5781461101847
140.74681429856562
134.94465592810778
132.00511728175488
136.67978246445983
138.42228728218245
138.26442558645218
140.51670678309796
130.44904360054312
137.74574527473646
133.17825313152227
134.16162945224252
139.31975965408176
129.6996678764533
139.93895192512494
139.0890100646446
143.53318826641606
133.47983270073252
141.75504268577214
135.209224313897
138.1825017390478
131.81419027216606
126.93983615547619
144.42154072003234
133.18499689387315
134.83125989697706
135.9686839004092
130.07645807172935
132.15709479015715
133.77747615288456
130.0517259077768
142.83513648475105
133.0164281049124
133.02241103132928
134.9011754261216
142.72955223668384
136.22400550400354
133.27778910405755
132.8912868476412
135.13147275648194
130.98888918186657
130.64457231869795
132.00903627602554
132.22048093704456
135.38609493528162
129.35667456662875
140.20052700658607
146.04715841033888
135.49974865972592
134.75392309102602
131.93329081994656
132.7048523507689
136.0694888036253
135.6719751743191
133.1819429010594
136.1760337442182
139.93798300544685
132.61751990964524
132.18347602847143
137.3481958013408
148.57133520435167
133.72115073574435
136.8414617421234
137.8144481722655
142.9574332258133
145.48690872920645
137.913005372703
138.81372331470118
131.12605325436095
140.7817270186304
130.77771376433262
133.05061865359315
142.22516062553444
139.73272678394093
136.01601728188757
135.18628669775072
127.8512433595952
137.73380490762565
134.39882171574757
140.2594710616632
138.0970302962913
137.1813700152395
134.98065349973712
133.53194956847273
136.41768703124
133.09480546927915
134.22543402778663
131.19269272657928
132.47674106022143
141.5707108011905
132.70096779558244
136.67213137669762
136.25576526147816
131.25155794105726
129.53882553259422
137.72112274134952
141.34723965115597
143.98055524568787
140.55526085648287
142.2172522216936
137.28334874430433
137.13295231289175
135.15058321672564
133.38536247771643
133.33379899446498
144.76946752252198
134.9926594481651
136.05126587651807
129.69463344467238
132.8583835132871
139.71965165427554
135.9058104113994
139.6719060542637
133.64051378800372
133.4436775332305
127.86574801223117
143.8393606325663
133.16247746293274
136.78102305747288
132.33000844054865
138.07722422883703
133.61623485890107
134.9541011837468
133.29944351660856
139.40390959151847
137.0132848753157
139.24952212372958
135.5366508322807
135.05955443453254
133.66709739042804
134.27982946940787
143.03375736436942
141.66713082132995
139.31058058348952
132.32046654731107
137.4169535525458
128.047199533575
135.75779802911958
129.81726493220577
134.1570084644163
134.1796828773653
139.22913435190412
130.50835429307355
138.50183091878375
129.12059105946386
131.63327862890586
133.44445537146274
135.22086537982378
134.75851622270727
141.04529197192483
140.45461882836483
129.56530997390837
131.033872713038
135.0577174482329
140.13976041684919
134.4587144975788
141.600952218963
134.98316519592782
128.80507949061857
132.04593230071305
138.93408262110032
136.37812324293458
141.61280980518214
137.27799318552732
131.16807171700503
133.431385079258
139.62564848960395
129.1261611341612
129.6002051806293
134.15508014350038
136.19754745455108
129.9485976188952
130.33482585324006
136.84114355053353
140.52411561140164
135.7201737809426
129.53136868593256
137.66606236335392
138.01730585249348
128.0110715469789
144.60934998322864
134.6197415462185
134.9531642900263
134.32571951809425
134.91895118662978
139.1700864695193
134.405126765278
129.18759069446315
137.1226558784458
128.9381196359277
147.7630321733128
130.94363586311226
145.95013168133482
132.87301235266398
141.1020172101115
136.27247602551833
136.73421115792812
141.18474297964872
128.10605131144806
139.28954855731496
140.5768604008311
137.4529042887483
136.0452009653332
141.30037207196108
137.2264040714315
144.0947972970874
133.10871623719285
139.2224917063849
137.56575420394603
147.77513744912574
134.77332884637931
137.6247181185646
131.68883096868507
137.54508501473518
138.75981446058543
136.47159330295023
140.05710214357939
129.90396415488314
143.56370340189528
138.81836236515917
133.01670059901704
139.31210543430544
141.05846741303984
136.71547868504462
136.37473380165702
132.61947053292224
137.39035394140424
138.67084285633533
135.4859449716129
138.56862562018324
143.27071416315354
142.82407792982136
139.16590758400656
134.90955425958825
126.70266964749577
132.59547258946515
137.7117107469484
131.0992338959119
138.40321378066267
129.03661814151224
134.1691871955936
135.80721633587126
137.92807328685933
145.11934887933077
136.55230574016673
134.44782967129075
131.71363249458298
131.56061696211717
133.89481868495204
137.2042649377611
126.50743243498037
144.16488489117202
140.01963375338337
141.34670942269625
137.2955229268319
133.7904620985002
133.47174434170526
135.1341262610992
130.5866399828649
135.3459975095956
128.35512932502627
135.46741948258625
141.28401187345284
139.98282463944182
128.52423556431785
128.5124285423643
142.55945612357752
136.91691489444463
129.46226278581875
133.68475575997948
134.9765568504387
130.61117834662056
136.14213511336135
140.14631003484362
135.86536297230273
140.19649513939012
127.71926199557869
138.98858128382756
127.88328002727053
134.5033279667613
137.86605188140112
139.76836489625055
138.7458105343738
140.59453901651145
133.4512283377972
132.75833229045853
130.44277722765275
129.24901855697226
136.42289398199364
131.60839059253044
138.08516854242973
136.12966149735925
131.21996753852451
141.5437758673283
133.6196671307226
136.6161010541413
145.74946415209303
131.95513982153977
139.3680236779164
135.04864826724994
136.95802187743706
131.83211893223665
131.20232491629034
143.34679485580457
129.97773487540297
133.8403619074725
131.88494210309204
143.04699038834022
136.23628025697778
131.77014573190394
131.5735943498626
131.60459349547915
130.0904620670902
139.29061565287748
131.80399462675322
134.8997697149733
148.4062363303597
136.64425498568056
135.02140790901635
142.89541123080033
132.20568260557732
136.7277723699409
135.60845125429694
137.27430517029524
132.19109385192343
135.9048380785304
126.03132936952704
140.76325800033038
144.83527812681066
131.84248874014216
134.53905479036854
138.37763519811674
138.53301399725854
130.8195303072381
138.42214209155418
130.43681301343696
137.4129943285061
139.21822745434275
131.87168214535427
135.35124543279653
135.7867749500079
133.77966231475594
132.29827809410796
135.81830933532962
138.48430982774934
143.03449067393228
135.9375320808682
145.6727584793223
134.94427357670455
139.1774290577198
134.72286881755488
140.82663394307806
141.36686662667262
134.3526983279813
132.41369861282837
140.23578983741623
140.74640383206696
132.22090859507384
137.03899758779795
134.48311166395348
139.8428004827844
134.7360203728862
131.76098491967102
141.6986166094542
128.74520987126542
136.99536597417372
134.18432029642983
135.4278703213017
136.8884269162508
140.9832710227706
132.778373877726
139.12851242232037
137.65792691259264
135.80986012505505
134.68505498689834
130.2847563436265
139.0369259395325
129.94563235972578
134.95890120211436
133.7965397748691
147.0251688460969
149.1772234091683
134.83680530119497
135.8120407261941
135.76206026751495
128.8809126564009
132.50097631719956
132.69965643460074
141.2120105864053
130.45480710061827
130.27652269307325
146.9051801800452
138.63617638192127
127.32675060304271
133.30767716510064
133.82512601053108
148.37626366021718
139.36471200785334
130.94774225359654
131.89424993235517
139.05028007060463
136.48550752908443
132.75924394111607
132.79058602242577
133.61062194049794
131.26703911150796
140.9590301182182
144.11722713000626
130.71018310007142
129.1053364657219
137.85690254863377
134.67673286486544
136.08662578919842
134.43568324311624
130.58364596196765
133.6888624383455
131.58670568182205
136.72605452203751
140.75819693976925
133.98325222808552
135.7331855250725
127.71890257493456
134.12524268337046
132.26732654940972
134.6985782120996
133.47036486866287
129.06143860302126
142.17410892233795
136.54966887141538
142.08716616925108
136.55224284217945
141.3930029099992
136.01188955778994
133.05141380523088
134.18409388901324
133.762440066687
128.17578635404885
136.86340087967235
136.8352033856497
142.5087921270753
134.27732663519282
135.95747650143338
131.34699936057734
134.98676911566446
133.57174932216287
130.19694057456766
135.96048383171
132.1345675663699
142.36431207151637
136.38852899997408
133.11852126953303
130.3216660854968
138.80602322193337
133.82330923283635
143.12951678501187
131.46676500592966
129.9915925854938
131.82406328024615
136.57653508168633
143.89194918166592
135.6885217882594
133.94868671480043
143.1408267640094
140.8937204254473
134.64795565098416
131.54733399990843
135.30866470145278
130.39346462028567
142.03377923041774
141.26790450111926
143.96379531959968
128.6124124846213
139.98647159298542
133.15556121350278
142.35872873269645
128.64299495849053
136.43992549750277
136.77366407297072
132.29766270209737
138.50324280689787
141.2285799368425
139.56627616100656
129.34711255842126
135.54308607876035
140.17801817816658
137.2100666336533
128.59890770098207
137.024045705317
145.40500010837653
135.3448327650867
132.55207043411082
129.3081368543504
135.1817600238478
136.04598379853826
130.89545980896753
126.59595321521465
134.53443402278893
133.40091485540833
144.46377803459157
132.85120122053982
143.51079199891734
139.33556723583243
134.508604064734
135.60684670156078
127.81971478475813
133.53077744758784
132.08613378685047
136.01769126929793
138.0168430029922
136.44069153157824
136.26958806993176
132.11041998091912
135.62515779393343
136.10428686949788
141.50820486957997
129.7020816316984
133.44903582166307
142.1731652411835
136.73663501884215
130.4165794772902
141.3798769531919
138.59646750772112
134.4586199273816
142.2930860903634
138.4156804525543
136.28851712673028
139.20179558691353
146.62938129582517
144.45762919247423
138.39021002032175
133.53652148831637
133.09973116757823
137.48265344172358
138.33883026315422
131.74637247678262
134.14644031363582
131.60448092779288
131.02953931150546
145.35273145506534
139.8684915804745
136.29116326770603
138.5783942498917
136.0693119061059
134.07258307124354
133.2974326272019
133.88474996143546
144.9099243437659
132.96770604045676
136.80188501682395
140.85963781806421
130.60688337723045
140.96332509118503
137.2921210324933
132.4308536442371
141.40959334109525
139.49413986235663
136.6595058859741
133.4321340958082
144.71744626730617
138.49894913236432
141.61718701808772
140.35472512578235
132.75663799888892
130.3289349055272
138.52633402087537
136.92266350930356
139.1365954843939
132.57508356408397
136.03452495765353
131.18491906908054
136.670937213265
129.68462038353226
143.83801333725668
139.97927703349495
129.46539585302645
140.2561045795019
138.17506215634413
142.55415373587576
133.63959261300266
134.1165330199647
138.8686765968996
139.08675769628155
132.3848353716474
139.00502936962388
133.70422794217794
135.8492474683601
142.99630727555103
132.70186713263504
132.0897592490018
140.01549783006325
141.8258645989003
135.94236471284958
144.83161133369808
138.91798982669383
127.19310033494187
132.92367360220453
135.51472909134938
134.51844059477028
133.9622497379284
128.05391747736718
132.11936715701427
131.6561518854226
137.5860754668838
146.96253588246606
138.2275725071279
134.99444192799905
139.1724138715456
133.30214755738666
136.09902999875428
137.8693331221957
134.1299614631342
140.71688936574736
133.91934430037065
136.18550392554798
131.64960700257703
139.41021109846648
132.75706829139654
128.79269379151032
139.8672156741424
139.6384723397983
141.47120395803702
135.1997324419071
135.2470904135544
133.57318146938348
138.8520398956914
130.3520559794388
141.3695501255258
142.33273731830914
134.91396006066128
134.05875097143652
130.89958285365591
130.41483414027206
144.1808672809064
135.94159893142296
129.83553838186165
132.3975660310531
139.9462095672497
131.21143684653214
136.26982704357437
142.6125165790645
135.43207325493174
142.16772100782381
132.44015574335683
140.26876275760736
132.44987984996004
132.23576229308412
136.53115942097548
133.98570484996227
138.83517357828407
138.183288955856
131.15492794348415
134.6613765763534
138.0762482741365
133.90818307160447
139.95392931027678
142.50496962791507
137.89881022265055
140.20274247244456
143.28639009849698
133.16273817214156
138.83847431769976
142.27679325842905
135.17470963841413
133.7268592610995
138.3968408777295
134.42888537009833
132.44124678162794
135.67566266937462
141.52811565103326
134.47444511868804
135.94332085839167
139.7840706365646
137.4431359790482
144.2930134191304
130.8911261172508
132.96880028416112
135.8071803928666
134.94999385000574
137.40951493461506
137.508271242749
135.31632789611504
136.22787399754404
133.471336125485
134.7850230600971
133.75843980309253
135.81767112446002
143.24190628536144
134.63858687402742
139.39473619146503
133.0779515489867
128.20364816497207
135.2999500607757
137.23361083503482
138.72029467002295
136.6205995137794
129.6928573054565
140.18828777357808
131.92728193916616
133.3660960063667
132.71625548658037
138.8234185035435
140.58021029709127
134.23812216810222
133.22691036045393
131.22400279357126
140.00280990942457
134.08485206087167
135.9720788464661
136.95050996048124
137.61023945158712
129.38788956947855
143.18016260934186
128.85081864131504
130.56309282492575
127.13817635946359
130.18906831787336
142.0693569505968
128.11264105607424
131.14550185008218
131.4764443218887
139.31077161270716
140.75971174446283
138.14099909325665
140.26361152664217
136.10966840941182
138.89104649375534
138.39779852572005
133.5416083611646
126.85761129061267
132.88907062820965
136.48480971314848
134.39783971963672
133.94725762922153
139.07080301356925
137.99757706851125
136.1586163206799
143.2777879309862
143.93875427453384
134.41574603022
136.2978720748171
138.74818121525485
129.49994510277423
133.20456568459568
137.48679665481774
140.0033676202007
134.88390808380362
131.69195166291837
135.14960914577077
136.2698111083604
138.4507885133667
135.73247542115953
141.03889152138115
132.4880057106076
135.2381526832191
132.53647436871825
139.08349769955967
149.47353065922948
145.80116410197843
141.16658880975177
138.67028899328858
142.93234782047213
135.87444348810345
134.41665107922105
130.73547685823942
134.15350963388315
137.59607316869068
139.49709279363628
139.85008234168532
131.4238584226942
137.24806030564687
132.0979295583555
137.2805612393854
140.93210199195778
134.53520078608415
129.61607964723387
131.69371148740333
132.40997728011968
133.48021320456516
133.04138915209955
141.13229327776918
145.57533730245697
133.4024596274441
132.97297916898378
133.21282532916442
