111.76744425870835
122.22220364606221
141.80438581337577
159.88292378642015
149.04701023950267
180.08536470125648
124.40170204714524
176.09874684557133
165.78338024452117
131.36012576749638
127.53977988003297
132.82523590460846
163.1824559443897
136.39351917431642
141.836104838838
151.6882073288398
154.55138495906394
128.63521478279475
153.12653446151523
115.69127109283608
117.58731608326619
194.36506051484497
132.01431424599326
139.27865362548943
140.28005631048367
148.28021810810895
171.87750810617763
132.04857072384718
149.6004489702708
117.97578853405498
121.16037912876199
154.79488486214706
114.57627484023186
126.53047202423345
129.08419854414055
136.384380216434
151.19497223369163
171.38847659538328
133.64586753546067
136.39803065689463
137.38789757441202
117.15627380231896
138.08436942775072
165.63244913381132
125.68514794844974
124.0750053859493
132.0408343800414
110.91342053415146
116.74678720794873
120.89056444440735
155.2895834432529
120.96460372095709
111.54038374742055
119.85053100678681
121.28102084380546
122.06981202664186
143.87819792611174
170.34001673186216
153.99161272298844
111.11383498747226
193.9440757775706
131.86395724373867
118.80775133523792
158.24578725185998
152.42102322920763
130.7083307354068
120.93382197051251
131.39959355122213
138.9016190207489
128.62210894417052
126.61217855180938
122.19246247903662
136.0836529858471
113.79963825667197
115.90407631645381
151.58118725632056
142.13551552311796
166.50341754917665
134.26109245103578
174.12932924650048
132.74217593427892
124.69773336630745
128.41996225433738
157.59709238669336
130.21193453594412
116.18535124076259
129.77579579098492
142.15967442401768
157.45451680029905
126.27283000536475
122.99853796326221
144.30407988662353
146.2553762346759
143.88658014207707
140.8692741285992
162.00582777693188
148.61058844709302
151.54061599689823
