2  202.679	2.466946e+00	1.260618e-01	8.273824e-01	2.998645e+00	1.052124e+00	7.668677e-02	1.091216e+00	2.033214e-01	4.892894e+00	1.305225e+01	9.731249e-01	9.003244e+00	7.889094e-01	2.464521e-01	2.004696e+00	6.189738e-01	1.048686e+00	8.313986e+01	1.378012e+02	2.147066e-01	1.279881e-01	1.776000e+03	
11  202.66	2.466946e+00	1.260618e-01	8.273824e-01	2.998645e+00	1.052124e+00	7.668677e-02	1.091216e+00	2.033214e-01	4.892894e+00	1.305225e+01	9.698147e-01	9.003244e+00	7.889094e-01	2.464521e-01	2.004696e+00	6.189738e-01	1.048686e+00	8.313986e+01	1.378012e+02	2.147066e-01	1.279881e-01	1.776000e+03	
11  202.546	2.466946e+00	1.260618e-01	8.273824e-01	2.998645e+00	1.052124e+00	7.668677e-02	1.091216e+00	2.033214e-01	4.892894e+00	1.305225e+01	9.700116e-01	9.003244e+00	7.889094e-01	2.464521e-01	2.004696e+00	6.189738e-01	1.048686e+00	8.313986e+01	1.378012e+02	2.147066e-01	1.279881e-01	1.776000e+03	
22  202.234	2.466946e+00	1.260618e-01	8.273824e-01	2.998645e+00	1.052124e+00	7.668677e-02	1.091216e+00	2.033214e-01	4.892894e+00	1.305225e+01	9.721125e-01	9.003244e+00	7.889094e-01	2.464521e-01	2.004696e+00	6.189738e-01	1.048686e+00	8.313986e+01	1.378012e+02	2.147066e-01	1.279881e-01	1.776000e+03	
11  202.247	2.466946e+00	1.260618e-01	8.273824e-01	2.998645e+00	1.052124e+00	7.668677e-02	1.091216e+00	2.033214e-01	4.892894e+00	1.305225e+01	9.721623e-01	9.003244e+00	7.889094e-01	2.464521e-01	2.004696e+00	6.189738e-01	1.048686e+00	8.313986e+01	1.378012e+02	2.147066e-01	1.279881e-01	1.776000e+03	
11  202.152	2.466946e+00	1.260618e-01	8.273824e-01	2.998645e+00	1.052124e+00	7.668677e-02	1.091216e+00	2.033214e-01	4.892894e+00	1.305225e+01	9.714742e-01	9.003244e+00	7.889094e-01	2.464521e-01	2.004696e+00	6.189738e-01	1.048686e+00	8.313986e+01	1.378012e+02	2.147066e-01	1.279881e-01	1.776000e+03	
11  202.156	2.466946e+00	1.260618e-01	8.273824e-01	2.998645e+00	1.052124e+00	7.668677e-02	1.091216e+00	2.033214e-01	4.892894e+00	1.305225e+01	9.713141e-01	9.003244e+00	7.889094e-01	2.464521e-01	2.004696e+00	6.189738e-01	1.048686e+00	8.313986e+01	1.378012e+02	2.147066e-01	1.279881e-01	1.776000e+03	
22  202.16	2.466946e+00	1.260618e-01	8.273824e-01	2.998645e+00	1.052124e+00	7.668677e-02	1.091216e+00	2.033214e-01	4.892894e+00	1.305225e+01	9.716510e-01	9.003244e+00	7.889094e-01	2.464521e-01	2.004696e+00	6.189738e-01	1.048686e+00	8.313986e+01	1.378012e+02	2.147066e-01	1.279881e-01	1.776000e+03	
11  202.199	2.466946e+00	1.260618e-01	8.273824e-01	2.998645e+00	1.052124e+00	7.668677e-02	1.091216e+00	2.033214e-01	4.892894e+00	1.305225e+01	9.719519e-01	9.003244e+00	7.889094e-01	2.464521e-01	2.004696e+00	6.189738e-01	1.048686e+00	8.313986e+01	1.378012e+02	2.147066e-01	1.279881e-01	1.776000e+03	
11  202.364	2.466946e+00	1.260618e-01	8.273824e-01	2.998645e+00	1.052124e+00	7.668677e-02	1.091216e+00	2.033214e-01	4.892894e+00	1.305225e+01	9.703963e-01	9.003244e+00	7.889094e-01	2.464521e-01	2.004696e+00	6.189738e-01	1.048686e+00	8.313986e+01	1.378012e+02	2.147066e-01	1.279881e-01	1.776000e+03	
11  202.56	2.466946e+00	1.260618e-01	8.273824e-01	2.998645e+00	1.052124e+00	7.668677e-02	1.091216e+00	2.033214e-01	4.892894e+00	1.305225e+01	9.699851e-01	9.003244e+00	7.889094e-01	2.464521e-01	2.004696e+00	6.189738e-01	1.048686e+00	8.313986e+01	1.378012e+02	2.147066e-01	1.279881e-01	1.776000e+03	
11  202.28	2.466946e+00	1.260618e-01	8.273824e-01	2.998645e+00	1.052124e+00	7.668677e-02	1.091216e+00	2.033214e-01	4.892894e+00	1.305225e+01	9.706356e-01	9.003244e+00	7.889094e-01	2.464521e-01	2.004696e+00	6.189738e-01	1.048686e+00	8.313986e+01	1.378012e+02	2.147066e-01	1.279881e-01	1.776000e+03	
33  202.203	2.466946e+00	1.260618e-01	8.273824e-01	2.998645e+00	1.052124e+00	7.668677e-02	1.091216e+00	2.033214e-01	4.892894e+00	1.305225e+01	9.709371e-01	9.003244e+00	7.889094e-01	2.464521e-01	2.004696e+00	6.189738e-01	1.048686e+00	8.313986e+01	1.378012e+02	2.147066e-01	1.279881e-01	1.776000e+03	
11  202.49	2.466946e+00	1.260618e-01	8.273824e-01	2.998645e+00	1.052124e+00	7.668677e-02	1.091216e+00	2.033214e-01	4.892894e+00	1.305225e+01	9.727898e-01	9.003244e+00	7.889094e-01	2.464521e-01	2.004696e+00	6.189738e-01	1.048686e+00	8.313986e+01	1.378012e+02	2.147066e-01	1.279881e-01	1.776000e+03	
22  202.164	2.466946e+00	1.260618e-01	8.273824e-01	2.998645e+00	1.052124e+00	7.668677e-02	1.091216e+00	2.033214e-01	4.892894e+00	1.305225e+01	9.712051e-01	9.003244e+00	7.889094e-01	2.464521e-01	2.004696e+00	6.189738e-01	1.048686e+00	8.313986e+01	1.378012e+02	2.147066e-01	1.279881e-01	1.776000e+03	
11  202.29	2.466946e+00	1.260618e-01	8.273824e-01	2.998645e+00	1.052124e+00	7.668677e-02	1.091216e+00	2.033214e-01	4.892894e+00	1.305225e+01	9.706029e-01	9.003244e+00	7.889094e-01	2.464521e-01	2.004696e+00	6.189738e-01	1.048686e+00	8.313986e+01	1.378012e+02	2.147066e-01	1.279881e-01	1.776000e+03	
11  202.154	2.466946e+00	1.260618e-01	8.273824e-01	2.998645e+00	1.052124e+00	7.668677e-02	1.091216e+00	2.033214e-01	4.892894e+00	1.305225e+01	9.715364e-01	9.003244e+00	7.889094e-01	2.464521e-01	2.004696e+00	6.189738e-01	1.048686e+00	8.313986e+01	1.378012e+02	2.147066e-01	1.279881e-01	1.776000e+03	
22  202.821	2.466946e+00	1.260618e-01	8.273824e-01	2.998645e+00	1.052124e+00	7.668677e-02	1.091216e+00	2.033214e-01	4.892894e+00	1.305225e+01	9.695720e-01	9.003244e+00	7.889094e-01	2.464521e-01	2.004696e+00	6.189738e-01	1.048686e+00	8.313986e+01	1.378012e+02	2.147066e-01	1.279881e-01	1.776000e+03	
11  202.663	2.466946e+00	1.260618e-01	8.273824e-01	2.998645e+00	1.052124e+00	7.668677e-02	1.091216e+00	2.033214e-01	4.892894e+00	1.305225e+01	9.698098e-01	9.003244e+00	7.889094e-01	2.464521e-01	2.004696e+00	6.189738e-01	1.048686e+00	8.313986e+01	1.378012e+02	2.147066e-01	1.279881e-01	1.776000e+03	
11  202.364	2.466946e+00	1.260618e-01	8.273824e-01	2.998645e+00	1.052124e+00	7.668677e-02	1.091216e+00	2.033214e-01	4.892894e+00	1.305225e+01	9.703960e-01	9.003244e+00	7.889094e-01	2.464521e-01	2.004696e+00	6.189738e-01	1.048686e+00	8.313986e+01	1.378012e+02	2.147066e-01	1.279881e-01	1.776000e+03	
11  202.204	2.466946e+00	1.260618e-01	8.273824e-01	2.998645e+00	1.052124e+00	7.668677e-02	1.091216e+00	2.033214e-01	4.892894e+00	1.305225e+01	9.709329e-01	9.003244e+00	7.889094e-01	2.464521e-01	2.004696e+00	6.189738e-01	1.048686e+00	8.313986e+01	1.378012e+02	2.147066e-01	1.279881e-01	1.776000e+03	
11  202.211	2.466946e+00	1.260618e-01	8.273824e-01	2.998645e+00	1.052124e+00	7.668677e-02	1.091216e+00	2.033214e-01	4.892894e+00	1.305225e+01	9.708994e-01	9.003244e+00	7.889094e-01	2.464521e-01	2.004696e+00	6.189738e-01	1.048686e+00	8.313986e+01	1.378012e+02	2.147066e-01	1.279881e-01	1.776000e+03	
11  202.39	2.466946e+00	1.260618e-01	8.273824e-01	2.998645e+00	1.052124e+00	7.668677e-02	1.091216e+00	2.033214e-01	4.892894e+00	1.305225e+01	9.703326e-01	9.003244e+00	7.889094e-01	2.464521e-01	2.004696e+00	6.189738e-01	1.048686e+00	8.313986e+01	1.378012e+02	2.147066e-01	1.279881e-01	1.776000e+03	
11  202.154	2.466946e+00	1.260618e-01	8.273824e-01	2.998645e+00	1.052124e+00	7.668677e-02	1.091216e+00	2.033214e-01	4.892894e+00	1.305225e+01	9.713597e-01	9.003244e+00	7.889094e-01	2.464521e-01	2.004696e+00	6.189738e-01	1.048686e+00	8.313986e+01	1.378012e+02	2.147066e-01	1.279881e-01	1.776000e+03	
11  202.247	2.466946e+00	1.260618e-01	8.273824e-01	2.998645e+00	1.052124e+00	7.668677e-02	1.091216e+00	2.033214e-01	4.892894e+00	1.305225e+01	9.707471e-01	9.003244e+00	7.889094e-01	2.464521e-01	2.004696e+00	6.189738e-01	1.048686e+00	8.313986e+01	1.378012e+02	2.147066e-01	1.279881e-01	1.776000e+03	
11  202.786	2.466946e+00	1.260618e-01	8.273824e-01	2.998645e+00	1.052124e+00	7.668677e-02	1.091216e+00	2.033214e-01	4.892894e+00	1.305225e+01	9.696218e-01	9.003244e+00	7.889094e-01	2.464521e-01	2.004696e+00	6.189738e-01	1.048686e+00	8.313986e+01	1.378012e+02	2.147066e-01	1.279881e-01	1.776000e+03	
11  202.484	2.466946e+00	1.260618e-01	8.273824e-01	2.998645e+00	1.052124e+00	7.668677e-02	1.091216e+00	2.033214e-01	4.892894e+00	1.305225e+01	9.701303e-01	9.003244e+00	7.889094e-01	2.464521e-01	2.004696e+00	6.189738e-01	1.048686e+00	8.313986e+01	1.378012e+02	2.147066e-01	1.279881e-01	1.776000e+03	
11  202.332	2.466946e+00	1.260618e-01	8.273824e-01	2.998645e+00	1.052124e+00	7.668677e-02	1.091216e+00	2.033214e-01	4.892894e+00	1.305225e+01	9.704803e-01	9.003244e+00	7.889094e-01	2.464521e-01	2.004696e+00	6.189738e-01	1.048686e+00	8.313986e+01	1.378012e+02	2.147066e-01	1.279881e-01	1.776000e+03	
11  202.593	2.466946e+00	1.260618e-01	8.273824e-01	2.998645e+00	1.052124e+00	7.668677e-02	1.091216e+00	2.033214e-01	4.892894e+00	1.305225e+01	9.729820e-01	9.003244e+00	7.889094e-01	2.464521e-01	2.004696e+00	6.189738e-01	1.048686e+00	8.313986e+01	1.378012e+02	2.147066e-01	1.279881e-01	1.776000e+03	
11  202.408	2.466946e+00	1.260618e-01	8.273824e-01	2.998645e+00	1.052124e+00	7.668677e-02	1.091216e+00	2.033214e-01	4.892894e+00	1.305225e+01	9.726150e-01	9.003244e+00	7.889094e-01	2.464521e-01	2.004696e+00	6.189738e-01	1.048686e+00	8.313986e+01	1.378012e+02	2.147066e-01	1.279881e-01	1.776000e+03	
11  202.292	2.466946e+00	1.260618e-01	8.273824e-01	2.998645e+00	1.052124e+00	7.668677e-02	1.091216e+00	2.033214e-01	4.892894e+00	1.305225e+01	9.723124e-01	9.003244e+00	7.889094e-01	2.464521e-01	2.004696e+00	6.189738e-01	1.048686e+00	8.313986e+01	1.378012e+02	2.147066e-01	1.279881e-01	1.776000e+03	
11  202.32	2.466946e+00	1.260618e-01	8.273824e-01	2.998645e+00	1.052124e+00	7.668677e-02	1.091216e+00	2.033214e-01	4.892894e+00	1.305225e+01	9.705139e-01	9.003244e+00	7.889094e-01	2.464521e-01	2.004696e+00	6.189738e-01	1.048686e+00	8.313986e+01	1.378012e+02	2.147066e-01	1.279881e-01	1.776000e+03	
11  202.153	2.466946e+00	1.260618e-01	8.273824e-01	2.998645e+00	1.052124e+00	7.668677e-02	1.091216e+00	2.033214e-01	4.892894e+00	1.305225e+01	9.715077e-01	9.003244e+00	7.889094e-01	2.464521e-01	2.004696e+00	6.189738e-01	1.048686e+00	8.313986e+01	1.378012e+02	2.147066e-01	1.279881e-01	1.776000e+03	
44  202.153	2.466946e+00	1.260618e-01	8.273824e-01	2.998645e+00	1.052124e+00	7.668677e-02	1.091216e+00	2.033214e-01	4.892894e+00	1.305225e+01	9.714037e-01	9.003244e+00	7.889094e-01	2.464521e-01	2.004696e+00	6.189738e-01	1.048686e+00	8.313986e+01	1.378012e+02	2.147066e-01	1.279881e-01	1.776000e+03	
11  202.159	2.466946e+00	1.260618e-01	8.273824e-01	2.998645e+00	1.052124e+00	7.668677e-02	1.091216e+00	2.033214e-01	4.892894e+00	1.305225e+01	9.716366e-01	9.003244e+00	7.889094e-01	2.464521e-01	2.004696e+00	6.189738e-01	1.048686e+00	8.313986e+01	1.378012e+02	2.147066e-01	1.279881e-01	1.776000e+03	
11  202.17	2.466946e+00	1.260618e-01	8.273824e-01	2.998645e+00	1.052124e+00	7.668677e-02	1.091216e+00	2.033214e-01	4.892894e+00	1.305225e+01	9.717574e-01	9.003244e+00	7.889094e-01	2.464521e-01	2.004696e+00	6.189738e-01	1.048686e+00	8.313986e+01	1.378012e+02	2.147066e-01	1.279881e-01	1.776000e+03	
33  202.153	2.466946e+00	1.260618e-01	8.273824e-01	2.998645e+00	1.052124e+00	7.668677e-02	1.091216e+00	2.033214e-01	4.892894e+00	1.305225e+01	9.713892e-01	9.003244e+00	7.889094e-01	2.464521e-01	2.004696e+00	6.189738e-01	1.048686e+00	8.313986e+01	1.378012e+02	2.147066e-01	1.279881e-01	1.776000e+03	
11  202.293	2.466946e+00	1.260618e-01	8.273824e-01	2.998645e+00	1.052124e+00	7.668677e-02	1.091216e+00	2.033214e-01	4.892894e+00	1.305225e+01	9.723167e-01	9.003244e+00	7.889094e-01	2.464521e-01	2.004696e+00	6.189738e-01	1.048686e+00	8.313986e+01	1.378012e+02	2.147066e-01	1.279881e-01	1.776000e+03	
33  202.424	2.466946e+00	1.260618e-01	8.273824e-01	2.998645e+00	1.052124e+00	7.668677e-02	1.091216e+00	2.033214e-01	4.892894e+00	1.305225e+01	9.726522e-01	9.003244e+00	7.889094e-01	2.464521e-01	2.004696e+00	6.189738e-01	1.048686e+00	8.313986e+01	1.378012e+02	2.147066e-01	1.279881e-01	1.776000e+03	
22  202.165	2.466946e+00	1.260618e-01	8.273824e-01	2.998645e+00	1.052124e+00	7.668677e-02	1.091216e+00	2.033214e-01	4.892894e+00	1.305225e+01	9.717127e-01	9.003244e+00	7.889094e-01	2.464521e-01	2.004696e+00	6.189738e-01	1.048686e+00	8.313986e+01	1.378012e+02	2.147066e-01	1.279881e-01	1.776000e+03	
11  202.165	2.466946e+00	1.260618e-01	8.273824e-01	2.998645e+00	1.052124e+00	7.668677e-02	1.091216e+00	2.033214e-01	4.892894e+00	1.305225e+01	9.717129e-01	9.003244e+00	7.889094e-01	2.464521e-01	2.004696e+00	6.189738e-01	1.048686e+00	8.313986e+01	1.378012e+02	2.147066e-01	1.279881e-01	1.776000e+03	
22  202.155	2.466946e+00	1.260618e-01	8.273824e-01	2.998645e+00	1.052124e+00	7.668677e-02	1.091216e+00	2.033214e-01	4.892894e+00	1.305225e+01	9.715679e-01	9.003244e+00	7.889094e-01	2.464521e-01	2.004696e+00	6.189738e-01	1.048686e+00	8.313986e+01	1.378012e+02	2.147066e-01	1.279881e-01	1.776000e+03	
11  202.811	2.466946e+00	1.260618e-01	8.273824e-01	2.998645e+00	1.052124e+00	7.668677e-02	1.091216e+00	2.033214e-01	4.892894e+00	1.305225e+01	9.695868e-01	9.003244e+00	7.889094e-01	2.464521e-01	2.004696e+00	6.189738e-01	1.048686e+00	8.313986e+01	1.378012e+02	2.147066e-01	1.279881e-01	1.776000e+03	
33  202.385	2.466946e+00	1.260618e-01	8.273824e-01	2.998645e+00	1.052124e+00	7.668677e-02	1.091216e+00	2.033214e-01	4.892894e+00	1.305225e+01	9.725627e-01	9.003244e+00	7.889094e-01	2.464521e-01	2.004696e+00	6.189738e-01	1.048686e+00	8.313986e+01	1.378012e+02	2.147066e-01	1.279881e-01	1.776000e+03	
11  203.717	2.466946e+00	1.260618e-01	8.273824e-01	2.998645e+00	1.052124e+00	7.668677e-02	1.091216e+00	2.033214e-01	4.892894e+00	1.305225e+01	9.743422e-01	9.003244e+00	7.889094e-01	2.464521e-01	2.004696e+00	6.189738e-01	1.048686e+00	8.313986e+01	1.378012e+02	2.147066e-01	1.279881e-01	1.776000e+03	
11  203.492	2.466946e+00	1.260618e-01	8.273824e-01	2.998645e+00	1.052124e+00	7.668677e-02	1.091216e+00	2.033214e-01	4.892894e+00	1.305225e+01	9.741230e-01	9.003244e+00	7.889094e-01	2.464521e-01	2.004696e+00	6.189738e-01	1.048686e+00	8.313986e+01	1.378012e+02	2.147066e-01	1.279881e-01	1.776000e+03	
11  202.449	2.466946e+00	1.260618e-01	8.273824e-01	2.998645e+00	1.052124e+00	7.668677e-02	1.091216e+00	2.033214e-01	4.892894e+00	1.305225e+01	9.727068e-01	9.003244e+00	7.889094e-01	2.464521e-01	2.004696e+00	6.189738e-01	1.048686e+00	8.313986e+01	1.378012e+02	2.147066e-01	1.279881e-01	1.776000e+03	
22  202.194	2.466946e+00	1.260618e-01	8.273824e-01	2.998645e+00	1.052124e+00	7.668677e-02	1.091216e+00	2.033214e-01	4.892894e+00	1.305225e+01	9.719248e-01	9.003244e+00	7.889094e-01	2.464521e-01	2.004696e+00	6.189738e-01	1.048686e+00	8.313986e+01	1.378012e+02	2.147066e-01	1.279881e-01	1.776000e+03	
11  202.161	2.466946e+00	1.260618e-01	8.273824e-01	2.998645e+00	1.052124e+00	7.668677e-02	1.091216e+00	2.033214e-01	4.892894e+00	1.305225e+01	9.716686e-01	9.003244e+00	7.889094e-01	2.464521e-01	2.004696e+00	6.189738e-01	1.048686e+00	8.313986e+01	1.378012e+02	2.147066e-01	1.279881e-01	1.776000e+03	
11  202.171	2.466946e+00	1.260618e-01	8.273824e-01	2.998645e+00	1.052124e+00	7.668677e-02	1.091216e+00	2.033214e-01	4.892894e+00	1.305225e+01	9.711401e-01	9.003244e+00	7.889094e-01	2.464521e-01	2.004696e+00	6.189738e-01	1.048686e+00	8.313986e+01	1.378012e+02	2.147066e-01	1.279881e-01	1.776000e+03	
11  202.154	2.466946e+00	1.260618e-01	8.273824e-01	2.998645e+00	1.052124e+00	7.668677e-02	1.091216e+00	2.033214e-01	4.892894e+00	1.305225e+01	9.713637e-01	9.003244e+00	7.889094e-01	2.464521e-01	2.004696e+00	6.189738e-01	1.048686e+00	8.313986e+01	1.378012e+02	2.147066e-01	1.279881e-01	1.776000e+03	
11  202.232	2.466946e+00	1.260618e-01	8.273824e-01	2.998645e+00	1.052124e+00	7.668677e-02	1.091216e+00	2.033214e-01	4.892894e+00	1.305225e+01	9.708088e-01	9.003244e+00	7.889094e-01	2.464521e-01	2.004696e+00	6.189738e-01	1.048686e+00	8.313986e+01	1.378012e+02	2.147066e-01	1.279881e-01	1.776000e+03	
22  202.893	2.466946e+00	1.260618e-01	8.273824e-01	2.998645e+00	1.052124e+00	7.668677e-02	1.091216e+00	2.033214e-01	4.892894e+00	1.305225e+01	9.694740e-01	9.003244e+00	7.889094e-01	2.464521e-01	2.004696e+00	6.189738e-01	1.048686e+00	8.313986e+01	1.378012e+02	2.147066e-01	1.279881e-01	1.776000e+03	
11  203.01	2.466946e+00	1.260618e-01	8.273824e-01	2.998645e+00	1.052124e+00	7.668677e-02	1.091216e+00	2.033214e-01	4.892894e+00	1.305225e+01	9.693257e-01	9.003244e+00	7.889094e-01	2.464521e-01	2.004696e+00	6.189738e-01	1.048686e+00	8.313986e+01	1.378012e+02	2.147066e-01	1.279881e-01	1.776000e+03	
11  203.368	2.466946e+00	1.260618e-01	8.273824e-01	2.998645e+00	1.052124e+00	7.668677e-02	1.091216e+00	2.033214e-01	4.892894e+00	1.305225e+01	9.689266e-01	9.003244e+00	7.889094e-01	2.464521e-01	2.004696e+00	6.189738e-01	1.048686e+00	8.313986e+01	1.378012e+02	2.147066e-01	1.279881e-01	1.776000e+03	
11  202.317	2.466946e+00	1.260618e-01	8.273824e-01	2.998645e+00	1.052124e+00	7.668677e-02	1.091216e+00	2.033214e-01	4.892894e+00	1.305225e+01	9.705231e-01	9.003244e+00	7.889094e-01	2.464521e-01	2.004696e+00	6.189738e-01	1.048686e+00	8.313986e+01	1.378012e+02	2.147066e-01	1.279881e-01	1.776000e+03	
11  202.217	2.466946e+00	1.260618e-01	8.273824e-01	2.998645e+00	1.052124e+00	7.668677e-02	1.091216e+00	2.033214e-01	4.892894e+00	1.305225e+01	9.708718e-01	9.003244e+00	7.889094e-01	2.464521e-01	2.004696e+00	6.189738e-01	1.048686e+00	8.313986e+01	1.378012e+02	2.147066e-01	1.279881e-01	1.776000e+03	
11  202.526	2.466946e+00	1.260618e-01	8.273824e-01	2.998645e+00	1.052124e+00	7.668677e-02	1.091216e+00	2.033214e-01	4.892894e+00	1.305225e+01	9.700487e-01	9.003244e+00	7.889094e-01	2.464521e-01	2.004696e+00	6.189738e-01	1.048686e+00	8.313986e+01	1.378012e+02	2.147066e-01	1.279881e-01	1.776000e+03	
22  202.192	2.466946e+00	1.260618e-01	8.273824e-01	2.998645e+00	1.052124e+00	7.668677e-02	1.091216e+00	2.033214e-01	4.892894e+00	1.305225e+01	9.719125e-01	9.003244e+00	7.889094e-01	2.464521e-01	2.004696e+00	6.189738e-01	1.048686e+00	8.313986e+01	1.378012e+02	2.147066e-01	1.279881e-01	1.776000e+03	
11  202.639	2.466946e+00	1.260618e-01	8.273824e-01	2.998645e+00	1.052124e+00	7.668677e-02	1.091216e+00	2.033214e-01	4.892894e+00	1.305225e+01	9.730599e-01	9.003244e+00	7.889094e-01	2.464521e-01	2.004696e+00	6.189738e-01	1.048686e+00	8.313986e+01	1.378012e+02	2.147066e-01	1.279881e-01	1.776000e+03	
11  202.397	2.466946e+00	1.260618e-01	8.273824e-01	2.998645e+00	1.052124e+00	7.668677e-02	1.091216e+00	2.033214e-01	4.892894e+00	1.305225e+01	9.725906e-01	9.003244e+00	7.889094e-01	2.464521e-01	2.004696e+00	6.189738e-01	1.048686e+00	8.313986e+01	1.378012e+02	2.147066e-01	1.279881e-01	1.776000e+03	
22  202.848	2.466946e+00	1.260618e-01	8.273824e-01	2.998645e+00	1.052124e+00	7.668677e-02	1.091216e+00	2.033214e-01	4.892894e+00	1.305225e+01	9.733772e-01	9.003244e+00	7.889094e-01	2.464521e-01	2.004696e+00	6.189738e-01	1.048686e+00	8.313986e+01	1.378012e+02	2.147066e-01	1.279881e-01	1.776000e+03	
11  202.52	2.466946e+00	1.260618e-01	8.273824e-01	2.998645e+00	1.052124e+00	7.668677e-02	1.091216e+00	2.033214e-01	4.892894e+00	1.305225e+01	9.728486e-01	9.003244e+00	7.889094e-01	2.464521e-01	2.004696e+00	6.189738e-01	1.048686e+00	8.313986e+01	1.378012e+02	2.147066e-01	1.279881e-01	1.776000e+03	
11  202.163	2.466946e+00	1.260618e-01	8.273824e-01	2.998645e+00	1.052124e+00	7.668677e-02	1.091216e+00	2.033214e-01	4.892894e+00	1.305225e+01	9.716881e-01	9.003244e+00	7.889094e-01	2.464521e-01	2.004696e+00	6.189738e-01	1.048686e+00	8.313986e+01	1.378012e+02	2.147066e-01	1.279881e-01	1.776000e+03	
33  202.54	2.466946e+00	1.260618e-01	8.273824e-01	2.998645e+00	1.052124e+00	7.668677e-02	1.091216e+00	2.033214e-01	4.892894e+00	1.305225e+01	9.728853e-01	9.003244e+00	7.889094e-01	2.464521e-01	2.004696e+00	6.189738e-01	1.048686e+00	8.313986e+01	1.378012e+02	2.147066e-01	1.279881e-01	1.776000e+03	
11  202.917	2.466946e+00	1.260618e-01	8.273824e-01	2.998645e+00	1.052124e+00	7.668677e-02	1.091216e+00	2.033214e-01	4.892894e+00	1.305225e+01	9.734687e-01	9.003244e+00	7.889094e-01	2.464521e-01	2.004696e+00	6.189738e-01	1.048686e+00	8.313986e+01	1.378012e+02	2.147066e-01	1.279881e-01	1.776000e+03	
11  202.32	2.466946e+00	1.260618e-01	8.273824e-01	2.998645e+00	1.052124e+00	7.668677e-02	1.091216e+00	2.033214e-01	4.892894e+00	1.305225e+01	9.705127e-01	9.003244e+00	7.889094e-01	2.464521e-01	2.004696e+00	6.189738e-01	1.048686e+00	8.313986e+01	1.378012e+02	2.147066e-01	1.279881e-01	1.776000e+03	
11  202.233	2.466946e+00	1.260618e-01	8.273824e-01	2.998645e+00	1.052124e+00	7.668677e-02	1.091216e+00	2.033214e-01	4.892894e+00	1.305225e+01	9.708024e-01	9.003244e+00	7.889094e-01	2.464521e-01	2.004696e+00	6.189738e-01	1.048686e+00	8.313986e+01	1.378012e+02	2.147066e-01	1.279881e-01	1.776000e+03	
11  202.153	2.466946e+00	1.260618e-01	8.273824e-01	2.998645e+00	1.052124e+00	7.668677e-02	1.091216e+00	2.033214e-01	4.892894e+00	1.305225e+01	9.713818e-01	9.003244e+00	7.889094e-01	2.464521e-01	2.004696e+00	6.189738e-01	1.048686e+00	8.313986e+01	1.378012e+02	2.147066e-01	1.279881e-01	1.776000e+03	
11  202.329	2.466946e+00	1.260618e-01	8.273824e-01	2.998645e+00	1.052124e+00	7.668677e-02	1.091216e+00	2.033214e-01	4.892894e+00	1.305225e+01	9.724209e-01	9.003244e+00	7.889094e-01	2.464521e-01	2.004696e+00	6.189738e-01	1.048686e+00	8.313986e+01	1.378012e+02	2.147066e-01	1.279881e-01	1.776000e+03	
33  202.155	2.466946e+00	1.260618e-01	8.273824e-01	2.998645e+00	1.052124e+00	7.668677e-02	1.091216e+00	2.033214e-01	4.892894e+00	1.305225e+01	9.715710e-01	9.003244e+00	7.889094e-01	2.464521e-01	2.004696e+00	6.189738e-01	1.048686e+00	8.313986e+01	1.378012e+02	2.147066e-01	1.279881e-01	1.776000e+03	
11  202.163	2.466946e+00	1.260618e-01	8.273824e-01	2.998645e+00	1.052124e+00	7.668677e-02	1.091216e+00	2.033214e-01	4.892894e+00	1.305225e+01	9.716889e-01	9.003244e+00	7.889094e-01	2.464521e-01	2.004696e+00	6.189738e-01	1.048686e+00	8.313986e+01	1.378012e+02	2.147066e-01	1.279881e-01	1.776000e+03	
11  202.152	2.466946e+00	1.260618e-01	8.273824e-01	2.998645e+00	1.052124e+00	7.668677e-02	1.091216e+00	2.033214e-01	4.892894e+00	1.305225e+01	9.714054e-01	9.003244e+00	7.889094e-01	2.464521e-01	2.004696e+00	6.189738e-01	1.048686e+00	8.313986e+01	1.378012e+02	2.147066e-01	1.279881e-01	1.776000e+03	
11  203.196	2.466946e+00	1.260618e-01	8.273824e-01	2.998645e+00	1.052124e+00	7.668677e-02	1.091216e+00	2.033214e-01	4.892894e+00	1.305225e+01	9.691093e-01	9.003244e+00	7.889094e-01	2.464521e-01	2.004696e+00	6.189738e-01	1.048686e+00	8.313986e+01	1.378012e+02	2.147066e-01	1.279881e-01	1.776000e+03	
11  202.877	2.466946e+00	1.260618e-01	8.273824e-01	2.998645e+00	1.052124e+00	7.668677e-02	1.091216e+00	2.033214e-01	4.892894e+00	1.305225e+01	9.694962e-01	9.003244e+00	7.889094e-01	2.464521e-01	2.004696e+00	6.189738e-01	1.048686e+00	8.313986e+01	1.378012e+02	2.147066e-01	1.279881e-01	1.776000e+03	
11  202.156	2.466946e+00	1.260618e-01	8.273824e-01	2.998645e+00	1.052124e+00	7.668677e-02	1.091216e+00	2.033214e-01	4.892894e+00	1.305225e+01	9.716016e-01	9.003244e+00	7.889094e-01	2.464521e-01	2.004696e+00	6.189738e-01	1.048686e+00	8.313986e+01	1.378012e+02	2.147066e-01	1.279881e-01	1.776000e+03	
33  202.154	2.466946e+00	1.260618e-01	8.273824e-01	2.998645e+00	1.052124e+00	7.668677e-02	1.091216e+00	2.033214e-01	4.892894e+00	1.305225e+01	9.715619e-01	9.003244e+00	7.889094e-01	2.464521e-01	2.004696e+00	6.189738e-01	1.048686e+00	8.313986e+01	1.378012e+02	2.147066e-01	1.279881e-01	1.776000e+03	
11  202.164	2.466946e+00	1.260618e-01	8.273824e-01	2.998645e+00	1.052124e+00	7.668677e-02	1.091216e+00	2.033214e-01	4.892894e+00	1.305225e+01	9.717040e-01	9.003244e+00	7.889094e-01	2.464521e-01	2.004696e+00	6.189738e-01	1.048686e+00	8.313986e+01	1.378012e+02	2.147066e-01	1.279881e-01	1.776000e+03	
11  202.253	2.466946e+00	1.260618e-01	8.273824e-01	2.998645e+00	1.052124e+00	7.668677e-02	1.091216e+00	2.033214e-01	4.892894e+00	1.305225e+01	9.721845e-01	9.003244e+00	7.889094e-01	2.464521e-01	2.004696e+00	6.189738e-01	1.048686e+00	8.313986e+01	1.378012e+02	2.147066e-01	1.279881e-01	1.776000e+03	
11  202.818	2.466946e+00	1.260618e-01	8.273824e-01	2.998645e+00	1.052124e+00	7.668677e-02	1.091216e+00	2.033214e-01	4.892894e+00	1.305225e+01	9.733345e-01	9.003244e+00	7.889094e-01	2.464521e-01	2.004696e+00	6.189738e-01	1.048686e+00	8.313986e+01	1.378012e+02	2.147066e-01	1.279881e-01	1.776000e+03	
11  202.534	2.466946e+00	1.260618e-01	8.273824e-01	2.998645e+00	1.052124e+00	7.668677e-02	1.091216e+00	2.033214e-01	4.892894e+00	1.305225e+01	9.728742e-01	9.003244e+00	7.889094e-01	2.464521e-01	2.004696e+00	6.189738e-01	1.048686e+00	8.313986e+01	1.378012e+02	2.147066e-01	1.279881e-01	1.776000e+03	
11  202.447	2.466946e+00	1.260618e-01	8.273824e-01	2.998645e+00	1.052124e+00	7.668677e-02	1.091216e+00	2.033214e-01	4.892894e+00	1.305225e+01	9.727006e-01	9.003244e+00	7.889094e-01	2.464521e-01	2.004696e+00	6.189738e-01	1.048686e+00	8.313986e+01	1.378012e+02	2.147066e-01	1.279881e-01	1.776000e+03	
11  202.229	2.466946e+00	1.260618e-01	8.273824e-01	2.998645e+00	1.052124e+00	7.668677e-02	1.091216e+00	2.033214e-01	4.892894e+00	1.305225e+01	9.720912e-01	9.003244e+00	7.889094e-01	2.464521e-01	2.004696e+00	6.189738e-01	1.048686e+00	8.313986e+01	1.378012e+02	2.147066e-01	1.279881e-01	1.776000e+03	
11  202.312	2.466946e+00	1.260618e-01	8.273824e-01	2.998645e+00	1.052124e+00	7.668677e-02	1.091216e+00	2.033214e-01	4.892894e+00	1.305225e+01	9.705362e-01	9.003244e+00	7.889094e-01	2.464521e-01	2.004696e+00	6.189738e-01	1.048686e+00	8.313986e+01	1.378012e+02	2.147066e-01	1.279881e-01	1.776000e+03	
11  202.464	2.466946e+00	1.260618e-01	8.273824e-01	2.998645e+00	1.052124e+00	7.668677e-02	1.091216e+00	2.033214e-01	4.892894e+00	1.305225e+01	9.727366e-01	9.003244e+00	7.889094e-01	2.464521e-01	2.004696e+00	6.189738e-01	1.048686e+00	8.313986e+01	1.378012e+02	2.147066e-01	1.279881e-01	1.776000e+03	
11  202.218	2.466946e+00	1.260618e-01	8.273824e-01	2.998645e+00	1.052124e+00	7.668677e-02	1.091216e+00	2.033214e-01	4.892894e+00	1.305225e+01	9.708661e-01	9.003244e+00	7.889094e-01	2.464521e-01	2.004696e+00	6.189738e-01	1.048686e+00	8.313986e+01	1.378012e+02	2.147066e-01	1.279881e-01	1.776000e+03	
11  202.412	2.466946e+00	1.260618e-01	8.273824e-01	2.998645e+00	1.052124e+00	7.668677e-02	1.091216e+00	2.033214e-01	4.892894e+00	1.305225e+01	9.702824e-01	9.003244e+00	7.889094e-01	2.464521e-01	2.004696e+00	6.189738e-01	1.048686e+00	8.313986e+01	1.378012e+02	2.147066e-01	1.279881e-01	1.776000e+03	
33  202.487	2.466946e+00	1.260618e-01	8.273824e-01	2.998645e+00	1.052124e+00	7.668677e-02	1.091216e+00	2.033214e-01	4.892894e+00	1.305225e+01	9.701249e-01	9.003244e+00	7.889094e-01	2.464521e-01	2.004696e+00	6.189738e-01	1.048686e+00	8.313986e+01	1.378012e+02	2.147066e-01	1.279881e-01	1.776000e+03	
11  202.718	2.466946e+00	1.260618e-01	8.273824e-01	2.998645e+00	1.052124e+00	7.668677e-02	1.091216e+00	2.033214e-01	4.892894e+00	1.305225e+01	9.697226e-01	9.003244e+00	7.889094e-01	2.464521e-01	2.004696e+00	6.189738e-01	1.048686e+00	8.313986e+01	1.378012e+02	2.147066e-01	1.279881e-01	1.776000e+03	
22  202.573	2.466946e+00	1.260618e-01	8.273824e-01	2.998645e+00	1.052124e+00	7.668677e-02	1.091216e+00	2.033214e-01	4.892894e+00	1.305225e+01	9.699623e-01	9.003244e+00	7.889094e-01	2.464521e-01	2.004696e+00	6.189738e-01	1.048686e+00	8.313986e+01	1.378012e+02	2.147066e-01	1.279881e-01	1.776000e+03	
11  202.237	2.466946e+00	1.260618e-01	8.273824e-01	2.998645e+00	1.052124e+00	7.668677e-02	1.091216e+00	2.033214e-01	4.892894e+00	1.305225e+01	9.707858e-01	9.003244e+00	7.889094e-01	2.464521e-01	2.004696e+00	6.189738e-01	1.048686e+00	8.313986e+01	1.378012e+02	2.147066e-01	1.279881e-01	1.776000e+03	
11  202.225	2.466946e+00	1.260618e-01	8.273824e-01	2.998645e+00	1.052124e+00	7.668677e-02	1.091216e+00	2.033214e-01	4.892894e+00	1.305225e+01	9.708359e-01	9.003244e+00	7.889094e-01	2.464521e-01	2.004696e+00	6.189738e-01	1.048686e+00	8.313986e+01	1.378012e+02	2.147066e-01	1.279881e-01	1.776000e+03	
33  202.552	2.466946e+00	1.260618e-01	8.273824e-01	2.998645e+00	1.052124e+00	7.668677e-02	1.091216e+00	2.033214e-01	4.892894e+00	1.305225e+01	9.729078e-01	9.003244e+00	7.889094e-01	2.464521e-01	2.004696e+00	6.189738e-01	1.048686e+00	8.313986e+01	1.378012e+02	2.147066e-01	1.279881e-01	1.776000e+03	
55  202.564	2.466946e+00	1.260618e-01	8.273824e-01	2.998645e+00	1.052124e+00	7.668677e-02	1.091216e+00	2.033214e-01	4.892894e+00	1.305225e+01	9.729295e-01	9.003244e+00	7.889094e-01	2.464521e-01	2.004696e+00	6.189738e-01	1.048686e+00	8.313986e+01	1.378012e+02	2.147066e-01	1.279881e-01	1.776000e+03	
11  202.247	2.466946e+00	1.260618e-01	8.273824e-01	2.998645e+00	1.052124e+00	7.668677e-02	1.091216e+00	2.033214e-01	4.892894e+00	1.305225e+01	9.707471e-01	9.003244e+00	7.889094e-01	2.464521e-01	2.004696e+00	6.189738e-01	1.048686e+00	8.313986e+01	1.378012e+02	2.147066e-01	1.279881e-01	1.776000e+03	
11  202.722	2.466946e+00	1.260618e-01	8.273824e-01	2.998645e+00	1.052124e+00	7.668677e-02	1.091216e+00	2.033214e-01	4.892894e+00	1.305225e+01	9.697165e-01	9.003244e+00	7.889094e-01	2.464521e-01	2.004696e+00	6.189738e-01	1.048686e+00	8.313986e+01	1.378012e+02	2.147066e-01	1.279881e-01	1.776000e+03	
11  202.196	2.466946e+00	1.260618e-01	8.273824e-01	2.998645e+00	1.052124e+00	7.668677e-02	1.091216e+00	2.033214e-01	4.892894e+00	1.305225e+01	9.709776e-01	9.003244e+00	7.889094e-01	2.464521e-01	2.004696e+00	6.189738e-01	1.048686e+00	8.313986e+01	1.378012e+02	2.147066e-01	1.279881e-01	1.776000e+03	
22  202.53	2.466946e+00	1.260618e-01	8.273824e-01	2.998645e+00	1.052124e+00	7.668677e-02	1.091216e+00	2.033214e-01	4.892894e+00	1.305225e+01	9.700417e-01	9.003244e+00	7.889094e-01	2.464521e-01	2.004696e+00	6.189738e-01	1.048686e+00	8.313986e+01	1.378012e+02	2.147066e-01	1.279881e-01	1.776000e+03	
11  202.265	2.466946e+00	1.260618e-01	8.273824e-01	2.998645e+00	1.052124e+00	7.668677e-02	1.091216e+00	2.033214e-01	4.892894e+00	1.305225e+01	9.722263e-01	9.003244e+00	7.889094e-01	2.464521e-01	2.004696e+00	6.189738e-01	1.048686e+00	8.313986e+01	1.378012e+02	2.147066e-01	1.279881e-01	1.776000e+03	
11  203.033	2.466946e+00	1.260618e-01	8.273824e-01	2.998645e+00	1.052124e+00	7.668677e-02	1.091216e+00	2.033214e-01	4.892894e+00	1.305225e+01	9.736169e-01	9.003244e+00	7.889094e-01	2.464521e-01	2.004696e+00	6.189738e-01	1.048686e+00	8.313986e+01	1.378012e+02	2.147066e-01	1.279881e-01	1.776000e+03	
11  202.894	2.466946e+00	1.260618e-01	8.273824e-01	2.998645e+00	1.052124e+00	7.668677e-02	1.091216e+00	2.033214e-01	4.892894e+00	1.305225e+01	9.734393e-01	9.003244e+00	7.889094e-01	2.464521e-01	2.004696e+00	6.189738e-01	1.048686e+00	8.313986e+01	1.378012e+02	2.147066e-01	1.279881e-01	1.776000e+03	
22  203.351	2.466946e+00	1.260618e-01	8.273824e-01	2.998645e+00	1.052124e+00	7.668677e-02	1.091216e+00	2.033214e-01	4.892894e+00	1.305225e+01	9.739769e-01	9.003244e+00	7.889094e-01	2.464521e-01	2.004696e+00	6.189738e-01	1.048686e+00	8.313986e+01	1.378012e+02	2.147066e-01	1.279881e-01	1.776000e+03	
11  202.488	2.466946e+00	1.260618e-01	8.273824e-01	2.998645e+00	1.052124e+00	7.668677e-02	1.091216e+00	2.033214e-01	4.892894e+00	1.305225e+01	9.727859e-01	9.003244e+00	7.889094e-01	2.464521e-01	2.004696e+00	6.189738e-01	1.048686e+00	8.313986e+01	1.378012e+02	2.147066e-01	1.279881e-01	1.776000e+03	
11  202.315	2.466946e+00	1.260618e-01	8.273824e-01	2.998645e+00	1.052124e+00	7.668677e-02	1.091216e+00	2.033214e-01	4.892894e+00	1.305225e+01	9.705281e-01	9.003244e+00	7.889094e-01	2.464521e-01	2.004696e+00	6.189738e-01	1.048686e+00	8.313986e+01	1.378012e+02	2.147066e-01	1.279881e-01	1.776000e+03	
11  202.162	2.466946e+00	1.260618e-01	8.273824e-01	2.998645e+00	1.052124e+00	7.668677e-02	1.091216e+00	2.033214e-01	4.892894e+00	1.305225e+01	9.712287e-01	9.003244e+00	7.889094e-01	2.464521e-01	2.004696e+00	6.189738e-01	1.048686e+00	8.313986e+01	1.378012e+02	2.147066e-01	1.279881e-01	1.776000e+03	
11  202.183	2.466946e+00	1.260618e-01	8.273824e-01	2.998645e+00	1.052124e+00	7.668677e-02	1.091216e+00	2.033214e-01	4.892894e+00	1.305225e+01	9.718582e-01	9.003244e+00	7.889094e-01	2.464521e-01	2.004696e+00	6.189738e-01	1.048686e+00	8.313986e+01	1.378012e+02	2.147066e-01	1.279881e-01	1.776000e+03	
22  202.632	2.466946e+00	1.260618e-01	8.273824e-01	2.998645e+00	1.052124e+00	7.668677e-02	1.091216e+00	2.033214e-01	4.892894e+00	1.305225e+01	9.730496e-01	9.003244e+00	7.889094e-01	2.464521e-01	2.004696e+00	6.189738e-01	1.048686e+00	8.313986e+01	1.378012e+02	2.147066e-01	1.279881e-01	1.776000e+03	
11  202.923	2.466946e+00	1.260618e-01	8.273824e-01	2.998645e+00	1.052124e+00	7.668677e-02	1.091216e+00	2.033214e-01	4.892894e+00	1.305225e+01	9.734775e-01	9.003244e+00	7.889094e-01	2.464521e-01	2.004696e+00	6.189738e-01	1.048686e+00	8.313986e+01	1.378012e+02	2.147066e-01	1.279881e-01	1.776000e+03	
11  202.518	2.466946e+00	1.260618e-01	8.273824e-01	2.998645e+00	1.052124e+00	7.668677e-02	1.091216e+00	2.033214e-01	4.892894e+00	1.305225e+01	9.728441e-01	9.003244e+00	7.889094e-01	2.464521e-01	2.004696e+00	6.189738e-01	1.048686e+00	8.313986e+01	1.378012e+02	2.147066e-01	1.279881e-01	1.776000e+03	
22  202.213	2.466946e+00	1.260618e-01	8.273824e-01	2.998645e+00	1.052124e+00	7.668677e-02	1.091216e+00	2.033214e-01	4.892894e+00	1.305225e+01	9.720210e-01	9.003244e+00	7.889094e-01	2.464521e-01	2.004696e+00	6.189738e-01	1.048686e+00	8.313986e+01	1.378012e+02	2.147066e-01	1.279881e-01	1.776000e+03	
11  202.825	2.466946e+00	1.260618e-01	8.273824e-01	2.998645e+00	1.052124e+00	7.668677e-02	1.091216e+00	2.033214e-01	4.892894e+00	1.305225e+01	9.733451e-01	9.003244e+00	7.889094e-01	2.464521e-01	2.004696e+00	6.189738e-01	1.048686e+00	8.313986e+01	1.378012e+02	2.147066e-01	1.279881e-01	1.776000e+03	
11  202.266	2.466946e+00	1.260618e-01	8.273824e-01	2.998645e+00	1.052124e+00	7.668677e-02	1.091216e+00	2.033214e-01	4.892894e+00	1.305225e+01	9.722298e-01	9.003244e+00	7.889094e-01	2.464521e-01	2.004696e+00	6.189738e-01	1.048686e+00	8.313986e+01	1.378012e+02	2.147066e-01	1.279881e-01	1.776000e+03	
33  202.225	2.466946e+00	1.260618e-01	8.273824e-01	2.998645e+00	1.052124e+00	7.668677e-02	1.091216e+00	2.033214e-01	4.892894e+00	1.305225e+01	9.720750e-01	9.003244e+00	7.889094e-01	2.464521e-01	2.004696e+00	6.189738e-01	1.048686e+00	8.313986e+01	1.378012e+02	2.147066e-01	1.279881e-01	1.776000e+03	
11  202.173	2.466946e+00	1.260618e-01	8.273824e-01	2.998645e+00	1.052124e+00	7.668677e-02	1.091216e+00	2.033214e-01	4.892894e+00	1.305225e+01	9.711250e-01	9.003244e+00	7.889094e-01	2.464521e-01	2.004696e+00	6.189738e-01	1.048686e+00	8.313986e+01	1.378012e+02	2.147066e-01	1.279881e-01	1.776000e+03	
11  202.155	2.466946e+00	1.260618e-01	8.273824e-01	2.998645e+00	1.052124e+00	7.668677e-02	1.091216e+00	2.033214e-01	4.892894e+00	1.305225e+01	9.715798e-01	9.003244e+00	7.889094e-01	2.464521e-01	2.004696e+00	6.189738e-01	1.048686e+00	8.313986e+01	1.378012e+02	2.147066e-01	1.279881e-01	1.776000e+03	
11  202.341	2.466946e+00	1.260618e-01	8.273824e-01	2.998645e+00	1.052124e+00	7.668677e-02	1.091216e+00	2.033214e-01	4.892894e+00	1.305225e+01	9.704564e-01	9.003244e+00	7.889094e-01	2.464521e-01	2.004696e+00	6.189738e-01	1.048686e+00	8.313986e+01	1.378012e+02	2.147066e-01	1.279881e-01	1.776000e+03	
11  202.17	2.466946e+00	1.260618e-01	8.273824e-01	2.998645e+00	1.052124e+00	7.668677e-02	1.091216e+00	2.033214e-01	4.892894e+00	1.305225e+01	9.711499e-01	9.003244e+00	7.889094e-01	2.464521e-01	2.004696e+00	6.189738e-01	1.048686e+00	8.313986e+01	1.378012e+02	2.147066e-01	1.279881e-01	1.776000e+03	
44  202.157	2.466946e+00	1.260618e-01	8.273824e-01	2.998645e+00	1.052124e+00	7.668677e-02	1.091216e+00	2.033214e-01	4.892894e+00	1.305225e+01	9.712957e-01	9.003244e+00	7.889094e-01	2.464521e-01	2.004696e+00	6.189738e-01	1.048686e+00	8.313986e+01	1.378012e+02	2.147066e-01	1.279881e-01	1.776000e+03	
11  202.163	2.466946e+00	1.260618e-01	8.273824e-01	2.998645e+00	1.052124e+00	7.668677e-02	1.091216e+00	2.033214e-01	4.892894e+00	1.305225e+01	9.712244e-01	9.003244e+00	7.889094e-01	2.464521e-01	2.004696e+00	6.189738e-01	1.048686e+00	8.313986e+01	1.378012e+02	2.147066e-01	1.279881e-01	1.776000e+03	
9  202.902	2.466946e+00	1.260618e-01	8.273824e-01	2.998645e+00	1.052124e+00	7.668677e-02	1.091216e+00	2.033214e-01	4.892894e+00	1.305225e+01	9.734507e-01	9.003244e+00	7.889094e-01	2.464521e-01	2.004696e+00	6.189738e-01	1.048686e+00	8.313986e+01	1.378012e+02	2.147066e-01	1.279881e-01	1.776000e+03	
13  200.575	2.470606e+00	1.259389e-01	8.294306e-01	3.016868e+00	1.053469e+00	8.647207e-02	1.118906e+00	2.143615e-01	4.906228e+00	1.308212e+01	9.729707e-01	9.893592e+00	7.901291e-01	2.464732e-01	2.042317e+00	6.141409e-01	1.048020e+00	8.326520e+01	1.376771e+02	2.133649e-01	1.308691e-01	1.784299e+03	
11  200.332	2.470606e+00	1.259389e-01	8.294306e-01	3.016868e+00	1.053469e+00	8.647207e-02	1.118906e+00	2.143615e-01	4.906228e+00	1.308212e+01	9.724119e-01	9.893592e+00	7.901291e-01	2.464732e-01	2.042317e+00	6.141409e-01	1.048020e+00	8.326520e+01	1.376771e+02	2.133649e-01	1.308691e-01	1.784299e+03	
11  200.186	2.470606e+00	1.259389e-01	8.294306e-01	3.016868e+00	1.053469e+00	8.647207e-02	1.118906e+00	2.143615e-01	4.906228e+00	1.308212e+01	9.716321e-01	9.893592e+00	7.901291e-01	2.464732e-01	2.042317e+00	6.141409e-01	1.048020e+00	8.326520e+01	1.376771e+02	2.133649e-01	1.308691e-01	1.784299e+03	
11  200.366	2.470606e+00	1.259389e-01	8.294306e-01	3.016868e+00	1.053469e+00	8.647207e-02	1.118906e+00	2.143615e-01	4.906228e+00	1.308212e+01	9.705462e-01	9.893592e+00	7.901291e-01	2.464732e-01	2.042317e+00	6.141409e-01	1.048020e+00	8.326520e+01	1.376771e+02	2.133649e-01	1.308691e-01	1.784299e+03	
22  200.184	2.470606e+00	1.259389e-01	8.294306e-01	3.016868e+00	1.053469e+00	8.647207e-02	1.118906e+00	2.143615e-01	4.906228e+00	1.308212e+01	9.714795e-01	9.893592e+00	7.901291e-01	2.464732e-01	2.042317e+00	6.141409e-01	1.048020e+00	8.326520e+01	1.376771e+02	2.133649e-01	1.308691e-01	1.784299e+03	
11  200.278	2.470606e+00	1.259389e-01	8.294306e-01	3.016868e+00	1.053469e+00	8.647207e-02	1.118906e+00	2.143615e-01	4.906228e+00	1.308212e+01	9.722323e-01	9.893592e+00	7.901291e-01	2.464732e-01	2.042317e+00	6.141409e-01	1.048020e+00	8.326520e+01	1.376771e+02	2.133649e-01	1.308691e-01	1.784299e+03	
11  200.256	2.470606e+00	1.259389e-01	8.294306e-01	3.016868e+00	1.053469e+00	8.647207e-02	1.118906e+00	2.143615e-01	4.906228e+00	1.308212e+01	9.709103e-01	9.893592e+00	7.901291e-01	2.464732e-01	2.042317e+00	6.141409e-01	1.048020e+00	8.326520e+01	1.376771e+02	2.133649e-01	1.308691e-01	1.784299e+03	
11  200.326	2.470606e+00	1.259389e-01	8.294306e-01	3.016868e+00	1.053469e+00	8.647207e-02	1.118906e+00	2.143615e-01	4.906228e+00	1.308212e+01	9.706617e-01	9.893592e+00	7.901291e-01	2.464732e-01	2.042317e+00	6.141409e-01	1.048020e+00	8.326520e+01	1.376771e+02	2.133649e-01	1.308691e-01	1.784299e+03	
11  200.349	2.470606e+00	1.259389e-01	8.294306e-01	3.016868e+00	1.053469e+00	8.647207e-02	1.118906e+00	2.143615e-01	4.906228e+00	1.308212e+01	9.705945e-01	9.893592e+00	7.901291e-01	2.464732e-01	2.042317e+00	6.141409e-01	1.048020e+00	8.326520e+01	1.376771e+02	2.133649e-01	1.308691e-01	1.784299e+03	
11  200.576	2.470606e+00	1.259389e-01	8.294306e-01	3.016868e+00	1.053469e+00	8.647207e-02	1.118906e+00	2.143615e-01	4.906228e+00	1.308212e+01	9.700914e-01	9.893592e+00	7.901291e-01	2.464732e-01	2.042317e+00	6.141409e-01	1.048020e+00	8.326520e+01	1.376771e+02	2.133649e-01	1.308691e-01	1.784299e+03	
11  200.401	2.470606e+00	1.259389e-01	8.294306e-01	3.016868e+00	1.053469e+00	8.647207e-02	1.118906e+00	2.143615e-01	4.906228e+00	1.308212e+01	9.725995e-01	9.893592e+00	7.901291e-01	2.464732e-01	2.042317e+00	6.141409e-01	1.048020e+00	8.326520e+01	1.376771e+02	2.133649e-01	1.308691e-01	1.784299e+03	
55  200.345	2.470606e+00	1.259389e-01	8.294306e-01	3.016868e+00	1.053469e+00	8.647207e-02	1.118906e+00	2.143615e-01	4.906228e+00	1.308212e+01	9.724512e-01	9.893592e+00	7.901291e-01	2.464732e-01	2.042317e+00	6.141409e-01	1.048020e+00	8.326520e+01	1.376771e+02	2.133649e-01	1.308691e-01	1.784299e+03	
11  200.184	2.470606e+00	1.259389e-01	8.294306e-01	3.016868e+00	1.053469e+00	8.647207e-02	1.118906e+00	2.143615e-01	4.906228e+00	1.308212e+01	9.714647e-01	9.893592e+00	7.901291e-01	2.464732e-01	2.042317e+00	6.141409e-01	1.048020e+00	8.326520e+01	1.376771e+02	2.133649e-01	1.308691e-01	1.784299e+03	
11  200.267	2.470606e+00	1.259389e-01	8.294306e-01	3.016868e+00	1.053469e+00	8.647207e-02	1.118906e+00	2.143615e-01	4.906228e+00	1.308212e+01	9.708656e-01	9.893592e+00	7.901291e-01	2.464732e-01	2.042317e+00	6.141409e-01	1.048020e+00	8.326520e+01	1.376771e+02	2.133649e-01	1.308691e-01	1.784299e+03	
11  200.446	2.470606e+00	1.259389e-01	8.294306e-01	3.016868e+00	1.053469e+00	8.647207e-02	1.118906e+00	2.143615e-01	4.906228e+00	1.308212e+01	9.727064e-01	9.893592e+00	7.901291e-01	2.464732e-01	2.042317e+00	6.141409e-01	1.048020e+00	8.326520e+01	1.376771e+02	2.133649e-01	1.308691e-01	1.784299e+03	
22  200.311	2.470606e+00	1.259389e-01	8.294306e-01	3.016868e+00	1.053469e+00	8.647207e-02	1.118906e+00	2.143615e-01	4.906228e+00	1.308212e+01	9.707080e-01	9.893592e+00	7.901291e-01	2.464732e-01	2.042317e+00	6.141409e-01	1.048020e+00	8.326520e+01	1.376771e+02	2.133649e-01	1.308691e-01	1.784299e+03	
11  200.347	2.470606e+00	1.259389e-01	8.294306e-01	3.016868e+00	1.053469e+00	8.647207e-02	1.118906e+00	2.143615e-01	4.906228e+00	1.308212e+01	9.705981e-01	9.893592e+00	7.901291e-01	2.464732e-01	2.042317e+00	6.141409e-01	1.048020e+00	8.326520e+01	1.376771e+02	2.133649e-01	1.308691e-01	1.784299e+03	
22  200.187	2.470606e+00	1.259389e-01	8.294306e-01	3.016868e+00	1.053469e+00	8.647207e-02	1.118906e+00	2.143615e-01	4.906228e+00	1.308212e+01	9.716573e-01	9.893592e+00	7.901291e-01	2.464732e-01	2.042317e+00	6.141409e-01	1.048020e+00	8.326520e+01	1.376771e+02	2.133649e-01	1.308691e-01	1.784299e+03	
22  200.184	2.470606e+00	1.259389e-01	8.294306e-01	3.016868e+00	1.053469e+00	8.647207e-02	1.118906e+00	2.143615e-01	4.906228e+00	1.308212e+01	9.714656e-01	9.893592e+00	7.901291e-01	2.464732e-01	2.042317e+00	6.141409e-01	1.048020e+00	8.326520e+01	1.376771e+02	2.133649e-01	1.308691e-01	1.784299e+03	
33  201.773	2.470606e+00	1.259389e-01	8.294306e-01	3.016868e+00	1.053469e+00	8.647207e-02	1.118906e+00	2.143615e-01	4.906228e+00	1.308212e+01	9.686382e-01	9.893592e+00	7.901291e-01	2.464732e-01	2.042317e+00	6.141409e-01	1.048020e+00	8.326520e+01	1.376771e+02	2.133649e-01	1.308691e-01	1.784299e+03	
44  201.242	2.470606e+00	1.259389e-01	8.294306e-01	3.016868e+00	1.053469e+00	8.647207e-02	1.118906e+00	2.143615e-01	4.906228e+00	1.308212e+01	9.691708e-01	9.893592e+00	7.901291e-01	2.464732e-01	2.042317e+00	6.141409e-01	1.048020e+00	8.326520e+01	1.376771e+02	2.133649e-01	1.308691e-01	1.784299e+03	
22  200.602	2.470606e+00	1.259389e-01	8.294306e-01	3.016868e+00	1.053469e+00	8.647207e-02	1.118906e+00	2.143615e-01	4.906228e+00	1.308212e+01	9.700449e-01	9.893592e+00	7.901291e-01	2.464732e-01	2.042317e+00	6.141409e-01	1.048020e+00	8.326520e+01	1.376771e+02	2.133649e-01	1.308691e-01	1.784299e+03	
22  202.236	2.470606e+00	1.259389e-01	8.294306e-01	3.016868e+00	1.053469e+00	8.647207e-02	1.118906e+00	2.143615e-01	4.906228e+00	1.308212e+01	9.682472e-01	9.893592e+00	7.901291e-01	2.464732e-01	2.042317e+00	6.141409e-01	1.048020e+00	8.326520e+01	1.376771e+02	2.133649e-01	1.308691e-01	1.784299e+03	
22  200.893	2.470606e+00	1.259389e-01	8.294306e-01	3.016868e+00	1.053469e+00	8.647207e-02	1.118906e+00	2.143615e-01	4.906228e+00	1.308212e+01	9.695969e-01	9.893592e+00	7.901291e-01	2.464732e-01	2.042317e+00	6.141409e-01	1.048020e+00	8.326520e+01	1.376771e+02	2.133649e-01	1.308691e-01	1.784299e+03	
11  200.754	2.470606e+00	1.259389e-01	8.294306e-01	3.016868e+00	1.053469e+00	8.647207e-02	1.118906e+00	2.143615e-01	4.906228e+00	1.308212e+01	9.732706e-01	9.893592e+00	7.901291e-01	2.464732e-01	2.042317e+00	6.141409e-01	1.048020e+00	8.326520e+01	1.376771e+02	2.133649e-01	1.308691e-01	1.784299e+03	
11  200.211	2.470606e+00	1.259389e-01	8.294306e-01	3.016868e+00	1.053469e+00	8.647207e-02	1.118906e+00	2.143615e-01	4.906228e+00	1.308212e+01	9.718959e-01	9.893592e+00	7.901291e-01	2.464732e-01	2.042317e+00	6.141409e-01	1.048020e+00	8.326520e+01	1.376771e+02	2.133649e-01	1.308691e-01	1.784299e+03	
11  200.277	2.470606e+00	1.259389e-01	8.294306e-01	3.016868e+00	1.053469e+00	8.647207e-02	1.118906e+00	2.143615e-01	4.906228e+00	1.308212e+01	9.722273e-01	9.893592e+00	7.901291e-01	2.464732e-01	2.042317e+00	6.141409e-01	1.048020e+00	8.326520e+01	1.376771e+02	2.133649e-01	1.308691e-01	1.784299e+03	
22  200.213	2.470606e+00	1.259389e-01	8.294306e-01	3.016868e+00	1.053469e+00	8.647207e-02	1.118906e+00	2.143615e-01	4.906228e+00	1.308212e+01	9.719148e-01	9.893592e+00	7.901291e-01	2.464732e-01	2.042317e+00	6.141409e-01	1.048020e+00	8.326520e+01	1.376771e+02	2.133649e-01	1.308691e-01	1.784299e+03	
22  200.307	2.470606e+00	1.259389e-01	8.294306e-01	3.016868e+00	1.053469e+00	8.647207e-02	1.118906e+00	2.143615e-01	4.906228e+00	1.308212e+01	9.707195e-01	9.893592e+00	7.901291e-01	2.464732e-01	2.042317e+00	6.141409e-01	1.048020e+00	8.326520e+01	1.376771e+02	2.133649e-01	1.308691e-01	1.784299e+03	
22  200.184	2.470606e+00	1.259389e-01	8.294306e-01	3.016868e+00	1.053469e+00	8.647207e-02	1.118906e+00	2.143615e-01	4.906228e+00	1.308212e+01	9.715471e-01	9.893592e+00	7.901291e-01	2.464732e-01	2.042317e+00	6.141409e-01	1.048020e+00	8.326520e+01	1.376771e+02	2.133649e-01	1.308691e-01	1.784299e+03	
11  200.199	2.470606e+00	1.259389e-01	8.294306e-01	3.016868e+00	1.053469e+00	8.647207e-02	1.118906e+00	2.143615e-01	4.906228e+00	1.308212e+01	9.712367e-01	9.893592e+00	7.901291e-01	2.464732e-01	2.042317e+00	6.141409e-01	1.048020e+00	8.326520e+01	1.376771e+02	2.133649e-01	1.308691e-01	1.784299e+03	
11  200.222	2.470606e+00	1.259389e-01	8.294306e-01	3.016868e+00	1.053469e+00	8.647207e-02	1.118906e+00	2.143615e-01	4.906228e+00	1.308212e+01	9.710775e-01	9.893592e+00	7.901291e-01	2.464732e-01	2.042317e+00	6.141409e-01	1.048020e+00	8.326520e+01	1.376771e+02	2.133649e-01	1.308691e-01	1.784299e+03	
22  200.186	2.470606e+00	1.259389e-01	8.294306e-01	3.016868e+00	1.053469e+00	8.647207e-02	1.118906e+00	2.143615e-01	4.906228e+00	1.308212e+01	9.714261e-01	9.893592e+00	7.901291e-01	2.464732e-01	2.042317e+00	6.141409e-01	1.048020e+00	8.326520e+01	1.376771e+02	2.133649e-01	1.308691e-01	1.784299e+03	
11  200.231	2.470606e+00	1.259389e-01	8.294306e-01	3.016868e+00	1.053469e+00	8.647207e-02	1.118906e+00	2.143615e-01	4.906228e+00	1.308212e+01	9.720263e-01	9.893592e+00	7.901291e-01	2.464732e-01	2.042317e+00	6.141409e-01	1.048020e+00	8.326520e+01	1.376771e+02	2.133649e-01	1.308691e-01	1.784299e+03	
11  200.473	2.470606e+00	1.259389e-01	8.294306e-01	3.016868e+00	1.053469e+00	8.647207e-02	1.118906e+00	2.143615e-01	4.906228e+00	1.308212e+01	9.727653e-01	9.893592e+00	7.901291e-01	2.464732e-01	2.042317e+00	6.141409e-01	1.048020e+00	8.326520e+01	1.376771e+02	2.133649e-01	1.308691e-01	1.784299e+03	
11  200.34	2.470606e+00	1.259389e-01	8.294306e-01	3.016868e+00	1.053469e+00	8.647207e-02	1.118906e+00	2.143615e-01	4.906228e+00	1.308212e+01	9.706179e-01	9.893592e+00	7.901291e-01	2.464732e-01	2.042317e+00	6.141409e-01	1.048020e+00	8.326520e+01	1.376771e+02	2.133649e-01	1.308691e-01	1.784299e+03	
11  200.286	2.470606e+00	1.259389e-01	8.294306e-01	3.016868e+00	1.053469e+00	8.647207e-02	1.118906e+00	2.143615e-01	4.906228e+00	1.308212e+01	9.707940e-01	9.893592e+00	7.901291e-01	2.464732e-01	2.042317e+00	6.141409e-01	1.048020e+00	8.326520e+01	1.376771e+02	2.133649e-01	1.308691e-01	1.784299e+03	
11  200.269	2.470606e+00	1.259389e-01	8.294306e-01	3.016868e+00	1.053469e+00	8.647207e-02	1.118906e+00	2.143615e-01	4.906228e+00	1.308212e+01	9.708554e-01	9.893592e+00	7.901291e-01	2.464732e-01	2.042317e+00	6.141409e-01	1.048020e+00	8.326520e+01	1.376771e+02	2.133649e-01	1.308691e-01	1.784299e+03	
11  201.056	2.470606e+00	1.259389e-01	8.294306e-01	3.016868e+00	1.053469e+00	8.647207e-02	1.118906e+00	2.143615e-01	4.906228e+00	1.308212e+01	9.693883e-01	9.893592e+00	7.901291e-01	2.464732e-01	2.042317e+00	6.141409e-01	1.048020e+00	8.326520e+01	1.376771e+02	2.133649e-01	1.308691e-01	1.784299e+03	
22  201.505	2.470606e+00	1.259389e-01	8.294306e-01	3.016868e+00	1.053469e+00	8.647207e-02	1.118906e+00	2.143615e-01	4.906228e+00	1.308212e+01	9.688926e-01	9.893592e+00	7.901291e-01	2.464732e-01	2.042317e+00	6.141409e-01	1.048020e+00	8.326520e+01	1.376771e+02	2.133649e-01	1.308691e-01	1.784299e+03	
22  201.718	2.470606e+00	1.259389e-01	8.294306e-01	3.016868e+00	1.053469e+00	8.647207e-02	1.118906e+00	2.143615e-01	4.906228e+00	1.308212e+01	9.686886e-01	9.893592e+00	7.901291e-01	2.464732e-01	2.042317e+00	6.141409e-01	1.048020e+00	8.326520e+01	1.376771e+02	2.133649e-01	1.308691e-01	1.784299e+03	
22  201.987	2.470606e+00	1.259389e-01	8.294306e-01	3.016868e+00	1.053469e+00	8.647207e-02	1.118906e+00	2.143615e-01	4.906228e+00	1.308212e+01	9.684507e-01	9.893592e+00	7.901291e-01	2.464732e-01	2.042317e+00	6.141409e-01	1.048020e+00	8.326520e+01	1.376771e+02	2.133649e-01	1.308691e-01	1.784299e+03	
11  200.254	2.470606e+00	1.259389e-01	8.294306e-01	3.016868e+00	1.053469e+00	8.647207e-02	1.118906e+00	2.143615e-01	4.906228e+00	1.308212e+01	9.709185e-01	9.893592e+00	7.901291e-01	2.464732e-01	2.042317e+00	6.141409e-01	1.048020e+00	8.326520e+01	1.376771e+02	2.133649e-01	1.308691e-01	1.784299e+03	
11  200.254	2.470606e+00	1.259389e-01	8.294306e-01	3.016868e+00	1.053469e+00	8.647207e-02	1.118906e+00	2.143615e-01	4.906228e+00	1.308212e+01	9.721379e-01	9.893592e+00	7.901291e-01	2.464732e-01	2.042317e+00	6.141409e-01	1.048020e+00	8.326520e+01	1.376771e+02	2.133649e-01	1.308691e-01	1.784299e+03	
22  200.184	2.470606e+00	1.259389e-01	8.294306e-01	3.016868e+00	1.053469e+00	8.647207e-02	1.118906e+00	2.143615e-01	4.906228e+00	1.308212e+01	9.715603e-01	9.893592e+00	7.901291e-01	2.464732e-01	2.042317e+00	6.141409e-01	1.048020e+00	8.326520e+01	1.376771e+02	2.133649e-01	1.308691e-01	1.784299e+03	
22  200.633	2.470606e+00	1.259389e-01	8.294306e-01	3.016868e+00	1.053469e+00	8.647207e-02	1.118906e+00	2.143615e-01	4.906228e+00	1.308212e+01	9.699907e-01	9.893592e+00	7.901291e-01	2.464732e-01	2.042317e+00	6.141409e-01	1.048020e+00	8.326520e+01	1.376771e+02	2.133649e-01	1.308691e-01	1.784299e+03	
22  200.874	2.470606e+00	1.259389e-01	8.294306e-01	3.016868e+00	1.053469e+00	8.647207e-02	1.118906e+00	2.143615e-01	4.906228e+00	1.308212e+01	9.696228e-01	9.893592e+00	7.901291e-01	2.464732e-01	2.042317e+00	6.141409e-01	1.048020e+00	8.326520e+01	1.376771e+02	2.133649e-01	1.308691e-01	1.784299e+03	
11  201.271	2.470606e+00	1.259389e-01	8.294306e-01	3.016868e+00	1.053469e+00	8.647207e-02	1.118906e+00	2.143615e-01	4.906228e+00	1.308212e+01	9.691389e-01	9.893592e+00	7.901291e-01	2.464732e-01	2.042317e+00	6.141409e-01	1.048020e+00	8.326520e+01	1.376771e+02	2.133649e-01	1.308691e-01	1.784299e+03	
11  201.739	2.470606e+00	1.259389e-01	8.294306e-01	3.016868e+00	1.053469e+00	8.647207e-02	1.118906e+00	2.143615e-01	4.906228e+00	1.308212e+01	9.686693e-01	9.893592e+00	7.901291e-01	2.464732e-01	2.042317e+00	6.141409e-01	1.048020e+00	8.326520e+01	1.376771e+02	2.133649e-01	1.308691e-01	1.784299e+03	
22  202.154	2.470606e+00	1.259389e-01	8.294306e-01	3.016868e+00	1.053469e+00	8.647207e-02	1.118906e+00	2.143615e-01	4.906228e+00	1.308212e+01	9.683134e-01	9.893592e+00	7.901291e-01	2.464732e-01	2.042317e+00	6.141409e-01	1.048020e+00	8.326520e+01	1.376771e+02	2.133649e-01	1.308691e-01	1.784299e+03	
11  201.147	2.470606e+00	1.259389e-01	8.294306e-01	3.016868e+00	1.053469e+00	8.647207e-02	1.118906e+00	2.143615e-01	4.906228e+00	1.308212e+01	9.692791e-01	9.893592e+00	7.901291e-01	2.464732e-01	2.042317e+00	6.141409e-01	1.048020e+00	8.326520e+01	1.376771e+02	2.133649e-01	1.308691e-01	1.784299e+03	
22  201.022	2.470606e+00	1.259389e-01	8.294306e-01	3.016868e+00	1.053469e+00	8.647207e-02	1.118906e+00	2.143615e-01	4.906228e+00	1.308212e+01	9.694312e-01	9.893592e+00	7.901291e-01	2.464732e-01	2.042317e+00	6.141409e-01	1.048020e+00	8.326520e+01	1.376771e+02	2.133649e-01	1.308691e-01	1.784299e+03	
11  201.991	2.470606e+00	1.259389e-01	8.294306e-01	3.016868e+00	1.053469e+00	8.647207e-02	1.118906e+00	2.143615e-01	4.906228e+00	1.308212e+01	9.684469e-01	9.893592e+00	7.901291e-01	2.464732e-01	2.042317e+00	6.141409e-01	1.048020e+00	8.326520e+01	1.376771e+02	2.133649e-01	1.308691e-01	1.784299e+03	
11  200.777	2.470606e+00	1.259389e-01	8.294306e-01	3.016868e+00	1.053469e+00	8.647207e-02	1.118906e+00	2.143615e-01	4.906228e+00	1.308212e+01	9.697620e-01	9.893592e+00	7.901291e-01	2.464732e-01	2.042317e+00	6.141409e-01	1.048020e+00	8.326520e+01	1.376771e+02	2.133649e-01	1.308691e-01	1.784299e+03	
11  200.613	2.470606e+00	1.259389e-01	8.294306e-01	3.016868e+00	1.053469e+00	8.647207e-02	1.118906e+00	2.143615e-01	4.906228e+00	1.308212e+01	9.700261e-01	9.893592e+00	7.901291e-01	2.464732e-01	2.042317e+00	6.141409e-01	1.048020e+00	8.326520e+01	1.376771e+02	2.133649e-01	1.308691e-01	1.784299e+03	
22  200.237	2.470606e+00	1.259389e-01	8.294306e-01	3.016868e+00	1.053469e+00	8.647207e-02	1.118906e+00	2.143615e-01	4.906228e+00	1.308212e+01	9.709979e-01	9.893592e+00	7.901291e-01	2.464732e-01	2.042317e+00	6.141409e-01	1.048020e+00	8.326520e+01	1.376771e+02	2.133649e-01	1.308691e-01	1.784299e+03	
11  200.272	2.470606e+00	1.259389e-01	8.294306e-01	3.016868e+00	1.053469e+00	8.647207e-02	1.118906e+00	2.143615e-01	4.906228e+00	1.308212e+01	9.708464e-01	9.893592e+00	7.901291e-01	2.464732e-01	2.042317e+00	6.141409e-01	1.048020e+00	8.326520e+01	1.376771e+02	2.133649e-01	1.308691e-01	1.784299e+03	
11  200.805	2.470606e+00	1.259389e-01	8.294306e-01	3.016868e+00	1.053469e+00	8.647207e-02	1.118906e+00	2.143615e-01	4.906228e+00	1.308212e+01	9.697214e-01	9.893592e+00	7.901291e-01	2.464732e-01	2.042317e+00	6.141409e-01	1.048020e+00	8.326520e+01	1.376771e+02	2.133649e-01	1.308691e-01	1.784299e+03	
22  200.184	2.470606e+00	1.259389e-01	8.294306e-01	3.016868e+00	1.053469e+00	8.647207e-02	1.118906e+00	2.143615e-01	4.906228e+00	1.308212e+01	9.715338e-01	9.893592e+00	7.901291e-01	2.464732e-01	2.042317e+00	6.141409e-01	1.048020e+00	8.326520e+01	1.376771e+02	2.133649e-01	1.308691e-01	1.784299e+03	
22  200.2	2.470606e+00	1.259389e-01	8.294306e-01	3.016868e+00	1.053469e+00	8.647207e-02	1.118906e+00	2.143615e-01	4.906228e+00	1.308212e+01	9.718101e-01	9.893592e+00	7.901291e-01	2.464732e-01	2.042317e+00	6.141409e-01	1.048020e+00	8.326520e+01	1.376771e+02	2.133649e-01	1.308691e-01	1.784299e+03	
11  200.429	2.470606e+00	1.259389e-01	8.294306e-01	3.016868e+00	1.053469e+00	8.647207e-02	1.118906e+00	2.143615e-01	4.906228e+00	1.308212e+01	9.726681e-01	9.893592e+00	7.901291e-01	2.464732e-01	2.042317e+00	6.141409e-01	1.048020e+00	8.326520e+01	1.376771e+02	2.133649e-01	1.308691e-01	1.784299e+03	
11  200.592	2.470606e+00	1.259389e-01	8.294306e-01	3.016868e+00	1.053469e+00	8.647207e-02	1.118906e+00	2.143615e-01	4.906228e+00	1.308212e+01	9.730012e-01	9.893592e+00	7.901291e-01	2.464732e-01	2.042317e+00	6.141409e-01	1.048020e+00	8.326520e+01	1.376771e+02	2.133649e-01	1.308691e-01	1.784299e+03	
22  200.221	2.470606e+00	1.259389e-01	8.294306e-01	3.016868e+00	1.053469e+00	8.647207e-02	1.118906e+00	2.143615e-01	4.906228e+00	1.308212e+01	9.719668e-01	9.893592e+00	7.901291e-01	2.464732e-01	2.042317e+00	6.141409e-01	1.048020e+00	8.326520e+01	1.376771e+02	2.133649e-01	1.308691e-01	1.784299e+03	
22  200.521	2.470606e+00	1.259389e-01	8.294306e-01	3.016868e+00	1.053469e+00	8.647207e-02	1.118906e+00	2.143615e-01	4.906228e+00	1.308212e+01	9.728679e-01	9.893592e+00	7.901291e-01	2.464732e-01	2.042317e+00	6.141409e-01	1.048020e+00	8.326520e+01	1.376771e+02	2.133649e-01	1.308691e-01	1.784299e+03	
33  200.231	2.470606e+00	1.259389e-01	8.294306e-01	3.016868e+00	1.053469e+00	8.647207e-02	1.118906e+00	2.143615e-01	4.906228e+00	1.308212e+01	9.710264e-01	9.893592e+00	7.901291e-01	2.464732e-01	2.042317e+00	6.141409e-01	1.048020e+00	8.326520e+01	1.376771e+02	2.133649e-01	1.308691e-01	1.784299e+03	
11  200.19	2.470606e+00	1.259389e-01	8.294306e-01	3.016868e+00	1.053469e+00	8.647207e-02	1.118906e+00	2.143615e-01	4.906228e+00	1.308212e+01	9.716873e-01	9.893592e+00	7.901291e-01	2.464732e-01	2.042317e+00	6.141409e-01	1.048020e+00	8.326520e+01	1.376771e+02	2.133649e-01	1.308691e-01	1.784299e+03	
11  200.385	2.470606e+00	1.259389e-01	8.294306e-01	3.016868e+00	1.053469e+00	8.647207e-02	1.118906e+00	2.143615e-01	4.906228e+00	1.308212e+01	9.725600e-01	9.893592e+00	7.901291e-01	2.464732e-01	2.042317e+00	6.141409e-01	1.048020e+00	8.326520e+01	1.376771e+02	2.133649e-01	1.308691e-01	1.784299e+03	
11  200.42	2.470606e+00	1.259389e-01	8.294306e-01	3.016868e+00	1.053469e+00	8.647207e-02	1.118906e+00	2.143615e-01	4.906228e+00	1.308212e+01	9.704134e-01	9.893592e+00	7.901291e-01	2.464732e-01	2.042317e+00	6.141409e-01	1.048020e+00	8.326520e+01	1.376771e+02	2.133649e-01	1.308691e-01	1.784299e+03	
11  200.387	2.470606e+00	1.259389e-01	8.294306e-01	3.016868e+00	1.053469e+00	8.647207e-02	1.118906e+00	2.143615e-01	4.906228e+00	1.308212e+01	9.725638e-01	9.893592e+00	7.901291e-01	2.464732e-01	2.042317e+00	6.141409e-01	1.048020e+00	8.326520e+01	1.376771e+02	2.133649e-01	1.308691e-01	1.784299e+03	
11  200.188	2.470606e+00	1.259389e-01	8.294306e-01	3.016868e+00	1.053469e+00	8.647207e-02	1.118906e+00	2.143615e-01	4.906228e+00	1.308212e+01	9.716698e-01	9.893592e+00	7.901291e-01	2.464732e-01	2.042317e+00	6.141409e-01	1.048020e+00	8.326520e+01	1.376771e+02	2.133649e-01	1.308691e-01	1.784299e+03	
11  200.249	2.470606e+00	1.259389e-01	8.294306e-01	3.016868e+00	1.053469e+00	8.647207e-02	1.118906e+00	2.143615e-01	4.906228e+00	1.308212e+01	9.721130e-01	9.893592e+00	7.901291e-01	2.464732e-01	2.042317e+00	6.141409e-01	1.048020e+00	8.326520e+01	1.376771e+02	2.133649e-01	1.308691e-01	1.784299e+03	
11  200.232	2.470606e+00	1.259389e-01	8.294306e-01	3.016868e+00	1.053469e+00	8.647207e-02	1.118906e+00	2.143615e-01	4.906228e+00	1.308212e+01	9.720309e-01	9.893592e+00	7.901291e-01	2.464732e-01	2.042317e+00	6.141409e-01	1.048020e+00	8.326520e+01	1.376771e+02	2.133649e-01	1.308691e-01	1.784299e+03	
11  201.034	2.470606e+00	1.259389e-01	8.294306e-01	3.016868e+00	1.053469e+00	8.647207e-02	1.118906e+00	2.143615e-01	4.906228e+00	1.308212e+01	9.736592e-01	9.893592e+00	7.901291e-01	2.464732e-01	2.042317e+00	6.141409e-01	1.048020e+00	8.326520e+01	1.376771e+02	2.133649e-01	1.308691e-01	1.784299e+03	
11  201.423	2.470606e+00	1.259389e-01	8.294306e-01	3.016868e+00	1.053469e+00	8.647207e-02	1.118906e+00	2.143615e-01	4.906228e+00	1.308212e+01	9.741007e-01	9.893592e+00	7.901291e-01	2.464732e-01	2.042317e+00	6.141409e-01	1.048020e+00	8.326520e+01	1.376771e+02	2.133649e-01	1.308691e-01	1.784299e+03	
11  200.302	2.470606e+00	1.259389e-01	8.294306e-01	3.016868e+00	1.053469e+00	8.647207e-02	1.118906e+00	2.143615e-01	4.906228e+00	1.308212e+01	9.723180e-01	9.893592e+00	7.901291e-01	2.464732e-01	2.042317e+00	6.141409e-01	1.048020e+00	8.326520e+01	1.376771e+02	2.133649e-01	1.308691e-01	1.784299e+03	
11  200.402	2.470606e+00	1.259389e-01	8.294306e-01	3.016868e+00	1.053469e+00	8.647207e-02	1.118906e+00	2.143615e-01	4.906228e+00	1.308212e+01	9.704573e-01	9.893592e+00	7.901291e-01	2.464732e-01	2.042317e+00	6.141409e-01	1.048020e+00	8.326520e+01	1.376771e+02	2.133649e-01	1.308691e-01	1.784299e+03	
11  200.247	2.470606e+00	1.259389e-01	8.294306e-01	3.016868e+00	1.053469e+00	8.647207e-02	1.118906e+00	2.143615e-01	4.906228e+00	1.308212e+01	9.709507e-01	9.893592e+00	7.901291e-01	2.464732e-01	2.042317e+00	6.141409e-01	1.048020e+00	8.326520e+01	1.376771e+02	2.133649e-01	1.308691e-01	1.784299e+03	
11  200.274	2.470606e+00	1.259389e-01	8.294306e-01	3.016868e+00	1.053469e+00	8.647207e-02	1.118906e+00	2.143615e-01	4.906228e+00	1.308212e+01	9.708351e-01	9.893592e+00	7.901291e-01	2.464732e-01	2.042317e+00	6.141409e-01	1.048020e+00	8.326520e+01	1.376771e+02	2.133649e-01	1.308691e-01	1.784299e+03	
11  200.186	2.470606e+00	1.259389e-01	8.294306e-01	3.016868e+00	1.053469e+00	8.647207e-02	1.118906e+00	2.143615e-01	4.906228e+00	1.308212e+01	9.714273e-01	9.893592e+00	7.901291e-01	2.464732e-01	2.042317e+00	6.141409e-01	1.048020e+00	8.326520e+01	1.376771e+02	2.133649e-01	1.308691e-01	1.784299e+03	
11  200.262	2.470606e+00	1.259389e-01	8.294306e-01	3.016868e+00	1.053469e+00	8.647207e-02	1.118906e+00	2.143615e-01	4.906228e+00	1.308212e+01	9.708833e-01	9.893592e+00	7.901291e-01	2.464732e-01	2.042317e+00	6.141409e-01	1.048020e+00	8.326520e+01	1.376771e+02	2.133649e-01	1.308691e-01	1.784299e+03	
11  200.475	2.470606e+00	1.259389e-01	8.294306e-01	3.016868e+00	1.053469e+00	8.647207e-02	1.118906e+00	2.143615e-01	4.906228e+00	1.308212e+01	9.702933e-01	9.893592e+00	7.901291e-01	2.464732e-01	2.042317e+00	6.141409e-01	1.048020e+00	8.326520e+01	1.376771e+02	2.133649e-01	1.308691e-01	1.784299e+03	
11  200.409	2.470606e+00	1.259389e-01	8.294306e-01	3.016868e+00	1.053469e+00	8.647207e-02	1.118906e+00	2.143615e-01	4.906228e+00	1.308212e+01	9.726201e-01	9.893592e+00	7.901291e-01	2.464732e-01	2.042317e+00	6.141409e-01	1.048020e+00	8.326520e+01	1.376771e+02	2.133649e-01	1.308691e-01	1.784299e+03	
33  200.352	2.470606e+00	1.259389e-01	8.294306e-01	3.016868e+00	1.053469e+00	8.647207e-02	1.118906e+00	2.143615e-01	4.906228e+00	1.308212e+01	9.724714e-01	9.893592e+00	7.901291e-01	2.464732e-01	2.042317e+00	6.141409e-01	1.048020e+00	8.326520e+01	1.376771e+02	2.133649e-01	1.308691e-01	1.784299e+03	
22  200.223	2.470606e+00	1.259389e-01	8.294306e-01	3.016868e+00	1.053469e+00	8.647207e-02	1.118906e+00	2.143615e-01	4.906228e+00	1.308212e+01	9.719809e-01	9.893592e+00	7.901291e-01	2.464732e-01	2.042317e+00	6.141409e-01	1.048020e+00	8.326520e+01	1.376771e+02	2.133649e-01	1.308691e-01	1.784299e+03	
11  201.09	2.470606e+00	1.259389e-01	8.294306e-01	3.016868e+00	1.053469e+00	8.647207e-02	1.118906e+00	2.143615e-01	4.906228e+00	1.308212e+01	9.737283e-01	9.893592e+00	7.901291e-01	2.464732e-01	2.042317e+00	6.141409e-01	1.048020e+00	8.326520e+01	1.376771e+02	2.133649e-01	1.308691e-01	1.784299e+03	
44  202.989	2.470606e+00	1.259389e-01	8.294306e-01	3.016868e+00	1.053469e+00	8.647207e-02	1.118906e+00	2.143615e-01	4.906228e+00	1.308212e+01	9.754046e-01	9.893592e+00	7.901291e-01	2.464732e-01	2.042317e+00	6.141409e-01	1.048020e+00	8.326520e+01	1.376771e+02	2.133649e-01	1.308691e-01	1.784299e+03	
11  200.533	2.470606e+00	1.259389e-01	8.294306e-01	3.016868e+00	1.053469e+00	8.647207e-02	1.118906e+00	2.143615e-01	4.906228e+00	1.308212e+01	9.728919e-01	9.893592e+00	7.901291e-01	2.464732e-01	2.042317e+00	6.141409e-01	1.048020e+00	8.326520e+01	1.376771e+02	2.133649e-01	1.308691e-01	1.784299e+03	
11  200.195	2.470606e+00	1.259389e-01	8.294306e-01	3.016868e+00	1.053469e+00	8.647207e-02	1.118906e+00	2.143615e-01	4.906228e+00	1.308212e+01	9.717541e-01	9.893592e+00	7.901291e-01	2.464732e-01	2.042317e+00	6.141409e-01	1.048020e+00	8.326520e+01	1.376771e+02	2.133649e-01	1.308691e-01	1.784299e+03	
22  201.853	2.470606e+00	1.259389e-01	8.294306e-01	3.016868e+00	1.053469e+00	8.647207e-02	1.118906e+00	2.143615e-01	4.906228e+00	1.308212e+01	9.745153e-01	9.893592e+00	7.901291e-01	2.464732e-01	2.042317e+00	6.141409e-01	1.048020e+00	8.326520e+01	1.376771e+02	2.133649e-01	1.308691e-01	1.784299e+03	
22  201.527	2.470606e+00	1.259389e-01	8.294306e-01	3.016868e+00	1.053469e+00	8.647207e-02	1.118906e+00	2.143615e-01	4.906228e+00	1.308212e+01	9.742062e-01	9.893592e+00	7.901291e-01	2.464732e-01	2.042317e+00	6.141409e-01	1.048020e+00	8.326520e+01	1.376771e+02	2.133649e-01	1.308691e-01	1.784299e+03	
22  200.712	2.470606e+00	1.259389e-01	8.294306e-01	3.016868e+00	1.053469e+00	8.647207e-02	1.118906e+00	2.143615e-01	4.906228e+00	1.308212e+01	9.732042e-01	9.893592e+00	7.901291e-01	2.464732e-01	2.042317e+00	6.141409e-01	1.048020e+00	8.326520e+01	1.376771e+02	2.133649e-01	1.308691e-01	1.784299e+03	
11  200.735	2.470606e+00	1.259389e-01	8.294306e-01	3.016868e+00	1.053469e+00	8.647207e-02	1.118906e+00	2.143615e-01	4.906228e+00	1.308212e+01	9.732401e-01	9.893592e+00	7.901291e-01	2.464732e-01	2.042317e+00	6.141409e-01	1.048020e+00	8.326520e+01	1.376771e+02	2.133649e-01	1.308691e-01	1.784299e+03	
11  200.688	2.470606e+00	1.259389e-01	8.294306e-01	3.016868e+00	1.053469e+00	8.647207e-02	1.118906e+00	2.143615e-01	4.906228e+00	1.308212e+01	9.731663e-01	9.893592e+00	7.901291e-01	2.464732e-01	2.042317e+00	6.141409e-01	1.048020e+00	8.326520e+01	1.376771e+02	2.133649e-01	1.308691e-01	1.784299e+03	
11  200.185	2.470606e+00	1.259389e-01	8.294306e-01	3.016868e+00	1.053469e+00	8.647207e-02	1.118906e+00	2.143615e-01	4.906228e+00	1.308212e+01	9.716169e-01	9.893592e+00	7.901291e-01	2.464732e-01	2.042317e+00	6.141409e-01	1.048020e+00	8.326520e+01	1.376771e+02	2.133649e-01	1.308691e-01	1.784299e+03	
22  200.264	2.470606e+00	1.259389e-01	8.294306e-01	3.016868e+00	1.053469e+00	8.647207e-02	1.118906e+00	2.143615e-01	4.906228e+00	1.308212e+01	9.708758e-01	9.893592e+00	7.901291e-01	2.464732e-01	2.042317e+00	6.141409e-01	1.048020e+00	8.326520e+01	1.376771e+02	2.133649e-01	1.308691e-01	1.784299e+03	
11  200.288	2.470606e+00	1.259389e-01	8.294306e-01	3.016868e+00	1.053469e+00	8.647207e-02	1.118906e+00	2.143615e-01	4.906228e+00	1.308212e+01	9.722676e-01	9.893592e+00	7.901291e-01	2.464732e-01	2.042317e+00	6.141409e-01	1.048020e+00	8.326520e+01	1.376771e+02	2.133649e-01	1.308691e-01	1.784299e+03	
11  200.186	2.470606e+00	1.259389e-01	8.294306e-01	3.016868e+00	1.053469e+00	8.647207e-02	1.118906e+00	2.143615e-01	4.906228e+00	1.308212e+01	9.714101e-01	9.893592e+00	7.901291e-01	2.464732e-01	2.042317e+00	6.141409e-01	1.048020e+00	8.326520e+01	1.376771e+02	2.133649e-01	1.308691e-01	1.784299e+03	
11  200.187	2.470606e+00	1.259389e-01	8.294306e-01	3.016868e+00	1.053469e+00	8.647207e-02	1.118906e+00	2.143615e-01	4.906228e+00	1.308212e+01	9.716547e-01	9.893592e+00	7.901291e-01	2.464732e-01	2.042317e+00	6.141409e-01	1.048020e+00	8.326520e+01	1.376771e+02	2.133649e-01	1.308691e-01	1.784299e+03	
11  200.388	2.470606e+00	1.259389e-01	8.294306e-01	3.016868e+00	1.053469e+00	8.647207e-02	1.118906e+00	2.143615e-01	4.906228e+00	1.308212e+01	9.704858e-01	9.893592e+00	7.901291e-01	2.464732e-01	2.042317e+00	6.141409e-01	1.048020e+00	8.326520e+01	1.376771e+02	2.133649e-01	1.308691e-01	1.784299e+03	
11  200.199	2.470606e+00	1.259389e-01	8.294306e-01	3.016868e+00	1.053469e+00	8.647207e-02	1.118906e+00	2.143615e-01	4.906228e+00	1.308212e+01	9.717941e-01	9.893592e+00	7.901291e-01	2.464732e-01	2.042317e+00	6.141409e-01	1.048020e+00	8.326520e+01	1.376771e+02	2.133649e-01	1.308691e-01	1.784299e+03	
22  200.256	2.470606e+00	1.259389e-01	8.294306e-01	3.016868e+00	1.053469e+00	8.647207e-02	1.118906e+00	2.143615e-01	4.906228e+00	1.308212e+01	9.709106e-01	9.893592e+00	7.901291e-01	2.464732e-01	2.042317e+00	6.141409e-01	1.048020e+00	8.326520e+01	1.376771e+02	2.133649e-01	1.308691e-01	1.784299e+03	
11  200.193	2.470606e+00	1.259389e-01	8.294306e-01	3.016868e+00	1.053469e+00	8.647207e-02	1.118906e+00	2.143615e-01	4.906228e+00	1.308212e+01	9.717247e-01	9.893592e+00	7.901291e-01	2.464732e-01	2.042317e+00	6.141409e-01	1.048020e+00	8.326520e+01	1.376771e+02	2.133649e-01	1.308691e-01	1.784299e+03	
33  200.186	2.470606e+00	1.259389e-01	8.294306e-01	3.016868e+00	1.053469e+00	8.647207e-02	1.118906e+00	2.143615e-01	4.906228e+00	1.308212e+01	9.714255e-01	9.893592e+00	7.901291e-01	2.464732e-01	2.042317e+00	6.141409e-01	1.048020e+00	8.326520e+01	1.376771e+02	2.133649e-01	1.308691e-01	1.784299e+03	
11  200.188	2.470606e+00	1.259389e-01	8.294306e-01	3.016868e+00	1.053469e+00	8.647207e-02	1.118906e+00	2.143615e-01	4.906228e+00	1.308212e+01	9.713807e-01	9.893592e+00	7.901291e-01	2.464732e-01	2.042317e+00	6.141409e-01	1.048020e+00	8.326520e+01	1.376771e+02	2.133649e-01	1.308691e-01	1.784299e+03	
11  200.184	2.470606e+00	1.259389e-01	8.294306e-01	3.016868e+00	1.053469e+00	8.647207e-02	1.118906e+00	2.143615e-01	4.906228e+00	1.308212e+01	9.715023e-01	9.893592e+00	7.901291e-01	2.464732e-01	2.042317e+00	6.141409e-01	1.048020e+00	8.326520e+01	1.376771e+02	2.133649e-01	1.308691e-01	1.784299e+03	
11  200.184	2.470606e+00	1.259389e-01	8.294306e-01	3.016868e+00	1.053469e+00	8.647207e-02	1.118906e+00	2.143615e-01	4.906228e+00	1.308212e+01	9.715410e-01	9.893592e+00	7.901291e-01	2.464732e-01	2.042317e+00	6.141409e-01	1.048020e+00	8.326520e+01	1.376771e+02	2.133649e-01	1.308691e-01	1.784299e+03	
22  200.224	2.470606e+00	1.259389e-01	8.294306e-01	3.016868e+00	1.053469e+00	8.647207e-02	1.118906e+00	2.143615e-01	4.906228e+00	1.308212e+01	9.719850e-01	9.893592e+00	7.901291e-01	2.464732e-01	2.042317e+00	6.141409e-01	1.048020e+00	8.326520e+01	1.376771e+02	2.133649e-01	1.308691e-01	1.784299e+03	
22  200.291	2.470606e+00	1.259389e-01	8.294306e-01	3.016868e+00	1.053469e+00	8.647207e-02	1.118906e+00	2.143615e-01	4.906228e+00	1.308212e+01	9.722809e-01	9.893592e+00	7.901291e-01	2.464732e-01	2.042317e+00	6.141409e-01	1.048020e+00	8.326520e+01	1.376771e+02	2.133649e-01	1.308691e-01	1.784299e+03	
11  200.682	2.470606e+00	1.259389e-01	8.294306e-01	3.016868e+00	1.053469e+00	8.647207e-02	1.118906e+00	2.143615e-01	4.906228e+00	1.308212e+01	9.731563e-01	9.893592e+00	7.901291e-01	2.464732e-01	2.042317e+00	6.141409e-01	1.048020e+00	8.326520e+01	1.376771e+02	2.133649e-01	1.308691e-01	1.784299e+03	
11  200.404	2.470606e+00	1.259389e-01	8.294306e-01	3.016868e+00	1.053469e+00	8.647207e-02	1.118906e+00	2.143615e-01	4.906228e+00	1.308212e+01	9.726078e-01	9.893592e+00	7.901291e-01	2.464732e-01	2.042317e+00	6.141409e-01	1.048020e+00	8.326520e+01	1.376771e+02	2.133649e-01	1.308691e-01	1.784299e+03	
11  200.234	2.470606e+00	1.259389e-01	8.294306e-01	3.016868e+00	1.053469e+00	8.647207e-02	1.118906e+00	2.143615e-01	4.906228e+00	1.308212e+01	9.710150e-01	9.893592e+00	7.901291e-01	2.464732e-01	2.042317e+00	6.141409e-01	1.048020e+00	8.326520e+01	1.376771e+02	2.133649e-01	1.308691e-01	1.784299e+03	
11  200.194	2.470606e+00	1.259389e-01	8.294306e-01	3.016868e+00	1.053469e+00	8.647207e-02	1.118906e+00	2.143615e-01	4.906228e+00	1.308212e+01	9.717448e-01	9.893592e+00	7.901291e-01	2.464732e-01	2.042317e+00	6.141409e-01	1.048020e+00	8.326520e+01	1.376771e+02	2.133649e-01	1.308691e-01	1.784299e+03	
11  200.198	2.470606e+00	1.259389e-01	8.294306e-01	3.016868e+00	1.053469e+00	8.647207e-02	1.118906e+00	2.143615e-01	4.906228e+00	1.308212e+01	9.712523e-01	9.893592e+00	7.901291e-01	2.464732e-01	2.042317e+00	6.141409e-01	1.048020e+00	8.326520e+01	1.376771e+02	2.133649e-01	1.308691e-01	1.784299e+03	
11  200.184	2.470606e+00	1.259389e-01	8.294306e-01	3.016868e+00	1.053469e+00	8.647207e-02	1.118906e+00	2.143615e-01	4.906228e+00	1.308212e+01	9.715288e-01	9.893592e+00	7.901291e-01	2.464732e-01	2.042317e+00	6.141409e-01	1.048020e+00	8.326520e+01	1.376771e+02	2.133649e-01	1.308691e-01	1.784299e+03	
11  200.556	2.470606e+00	1.259389e-01	8.294306e-01	3.016868e+00	1.053469e+00	8.647207e-02	1.118906e+00	2.143615e-01	4.906228e+00	1.308212e+01	9.701285e-01	9.893592e+00	7.901291e-01	2.464732e-01	2.042317e+00	6.141409e-01	1.048020e+00	8.326520e+01	1.376771e+02	2.133649e-01	1.308691e-01	1.784299e+03	
22  200.189	2.470606e+00	1.259389e-01	8.294306e-01	3.016868e+00	1.053469e+00	8.647207e-02	1.118906e+00	2.143615e-01	4.906228e+00	1.308212e+01	9.713544e-01	9.893592e+00	7.901291e-01	2.464732e-01	2.042317e+00	6.141409e-01	1.048020e+00	8.326520e+01	1.376771e+02	2.133649e-01	1.308691e-01	1.784299e+03	
11  200.197	2.470606e+00	1.259389e-01	8.294306e-01	3.016868e+00	1.053469e+00	8.647207e-02	1.118906e+00	2.143615e-01	4.906228e+00	1.308212e+01	9.717722e-01	9.893592e+00	7.901291e-01	2.464732e-01	2.042317e+00	6.141409e-01	1.048020e+00	8.326520e+01	1.376771e+02	2.133649e-01	1.308691e-01	1.784299e+03	
33  200.265	2.470606e+00	1.259389e-01	8.294306e-01	3.016868e+00	1.053469e+00	8.647207e-02	1.118906e+00	2.143615e-01	4.906228e+00	1.308212e+01	9.721835e-01	9.893592e+00	7.901291e-01	2.464732e-01	2.042317e+00	6.141409e-01	1.048020e+00	8.326520e+01	1.376771e+02	2.133649e-01	1.308691e-01	1.784299e+03	
11  200.37	2.470606e+00	1.259389e-01	8.294306e-01	3.016868e+00	1.053469e+00	8.647207e-02	1.118906e+00	2.143615e-01	4.906228e+00	1.308212e+01	9.725201e-01	9.893592e+00	7.901291e-01	2.464732e-01	2.042317e+00	6.141409e-01	1.048020e+00	8.326520e+01	1.376771e+02	2.133649e-01	1.308691e-01	1.784299e+03	
11  200.228	2.470606e+00	1.259389e-01	8.294306e-01	3.016868e+00	1.053469e+00	8.647207e-02	1.118906e+00	2.143615e-01	4.906228e+00	1.308212e+01	9.720106e-01	9.893592e+00	7.901291e-01	2.464732e-01	2.042317e+00	6.141409e-01	1.048020e+00	8.326520e+01	1.376771e+02	2.133649e-01	1.308691e-01	1.784299e+03	
11  200.285	2.470606e+00	1.259389e-01	8.294306e-01	3.016868e+00	1.053469e+00	8.647207e-02	1.118906e+00	2.143615e-01	4.906228e+00	1.308212e+01	9.722569e-01	9.893592e+00	7.901291e-01	2.464732e-01	2.042317e+00	6.141409e-01	1.048020e+00	8.326520e+01	1.376771e+02	2.133649e-01	1.308691e-01	1.784299e+03	
11  200.333	2.470606e+00	1.259389e-01	8.294306e-01	3.016868e+00	1.053469e+00	8.647207e-02	1.118906e+00	2.143615e-01	4.906228e+00	1.308212e+01	9.724147e-01	9.893592e+00	7.901291e-01	2.464732e-01	2.042317e+00	6.141409e-01	1.048020e+00	8.326520e+01	1.376771e+02	2.133649e-01	1.308691e-01	1.784299e+03	
22  200.35	2.470606e+00	1.259389e-01	8.294306e-01	3.016868e+00	1.053469e+00	8.647207e-02	1.118906e+00	2.143615e-01	4.906228e+00	1.308212e+01	9.724658e-01	9.893592e+00	7.901291e-01	2.464732e-01	2.042317e+00	6.141409e-01	1.048020e+00	8.326520e+01	1.376771e+02	2.133649e-01	1.308691e-01	1.784299e+03	
22  200.21	2.470606e+00	1.259389e-01	8.294306e-01	3.016868e+00	1.053469e+00	8.647207e-02	1.118906e+00	2.143615e-01	4.906228e+00	1.308212e+01	9.711537e-01	9.893592e+00	7.901291e-01	2.464732e-01	2.042317e+00	6.141409e-01	1.048020e+00	8.326520e+01	1.376771e+02	2.133649e-01	1.308691e-01	1.784299e+03	
11  200.188	2.470606e+00	1.259389e-01	8.294306e-01	3.016868e+00	1.053469e+00	8.647207e-02	1.118906e+00	2.143615e-01	4.906228e+00	1.308212e+01	9.713663e-01	9.893592e+00	7.901291e-01	2.464732e-01	2.042317e+00	6.141409e-01	1.048020e+00	8.326520e+01	1.376771e+02	2.133649e-01	1.308691e-01	1.784299e+03	
22  200.575	2.470606e+00	1.259389e-01	8.294306e-01	3.016868e+00	1.053469e+00	8.647207e-02	1.118906e+00	2.143615e-01	4.906228e+00	1.308212e+01	9.729716e-01	9.893592e+00	7.901291e-01	2.464732e-01	2.042317e+00	6.141409e-01	1.048020e+00	8.326520e+01	1.376771e+02	2.133649e-01	1.308691e-01	1.784299e+03	
11  200.201	2.470606e+00	1.259389e-01	8.294306e-01	3.016868e+00	1.053469e+00	8.647207e-02	1.118906e+00	2.143615e-01	4.906228e+00	1.308212e+01	9.712232e-01	9.893592e+00	7.901291e-01	2.464732e-01	2.042317e+00	6.141409e-01	1.048020e+00	8.326520e+01	1.376771e+02	2.133649e-01	1.308691e-01	1.784299e+03	
11  200.194	2.470606e+00	1.259389e-01	8.294306e-01	3.016868e+00	1.053469e+00	8.647207e-02	1.118906e+00	2.143615e-01	4.906228e+00	1.308212e+01	9.712922e-01	9.893592e+00	7.901291e-01	2.464732e-01	2.042317e+00	6.141409e-01	1.048020e+00	8.326520e+01	1.376771e+02	2.133649e-01	1.308691e-01	1.784299e+03	
11  200.237	2.470606e+00	1.259389e-01	8.294306e-01	3.016868e+00	1.053469e+00	8.647207e-02	1.118906e+00	2.143615e-01	4.906228e+00	1.308212e+01	9.720546e-01	9.893592e+00	7.901291e-01	2.464732e-01	2.042317e+00	6.141409e-01	1.048020e+00	8.326520e+01	1.376771e+02	2.133649e-01	1.308691e-01	1.784299e+03	
11  200.96	2.470606e+00	1.259389e-01	8.294306e-01	3.016868e+00	1.053469e+00	8.647207e-02	1.118906e+00	2.143615e-01	4.906228e+00	1.308212e+01	9.735613e-01	9.893592e+00	7.901291e-01	2.464732e-01	2.042317e+00	6.141409e-01	1.048020e+00	8.326520e+01	1.376771e+02	2.133649e-01	1.308691e-01	1.784299e+03	
