2  215.72	2.477143e+00	1.277563e-01	8.335927e-01	3.100047e+00	1.067829e+00	8.804407e-02	1.186588e+00	2.247893e-01	3.470675e+00	3.825490e+00	9.942310e-01	1.004607e+01	7.893559e-01	2.465014e-01	2.186840e+00	5.331496e-01	1.049464e+00	8.344894e+01	1.368528e+02	2.156270e-01	1.358263e-01	2.899690e+02	
11  216.679	2.477143e+00	1.277563e-01	8.335927e-01	3.100047e+00	1.067829e+00	8.804407e-02	1.186588e+00	2.247893e-01	3.470675e+00	3.825490e+00	9.927818e-01	1.004607e+01	7.893559e-01	2.465014e-01	2.186840e+00	5.331496e-01	1.049464e+00	8.344894e+01	1.368528e+02	2.156270e-01	1.358263e-01	2.899690e+02	
33  215.656	2.477143e+00	1.277563e-01	8.335927e-01	3.100047e+00	1.067829e+00	8.804407e-02	1.186588e+00	2.247893e-01	3.470675e+00	3.825490e+00	9.944108e-01	1.004607e+01	7.893559e-01	2.465014e-01	2.186840e+00	5.331496e-01	1.049464e+00	8.344894e+01	1.368528e+02	2.156270e-01	1.358263e-01	2.899690e+02	
11  215.604	2.477143e+00	1.277563e-01	8.335927e-01	3.100047e+00	1.067829e+00	8.804407e-02	1.186588e+00	2.247893e-01	3.470675e+00	3.825490e+00	9.945879e-01	1.004607e+01	7.893559e-01	2.465014e-01	2.186840e+00	5.331496e-01	1.049464e+00	8.344894e+01	1.368528e+02	2.156270e-01	1.358263e-01	2.899690e+02	
33  215.508	2.477143e+00	1.277563e-01	8.335927e-01	3.100047e+00	1.067829e+00	8.804407e-02	1.186588e+00	2.247893e-01	3.470675e+00	3.825490e+00	9.952375e-01	1.004607e+01	7.893559e-01	2.465014e-01	2.186840e+00	5.331496e-01	1.049464e+00	8.344894e+01	1.368528e+02	2.156270e-01	1.358263e-01	2.899690e+02	
11  216.011	2.477143e+00	1.277563e-01	8.335927e-01	3.100047e+00	1.067829e+00	8.804407e-02	1.186588e+00	2.247893e-01	3.470675e+00	3.825490e+00	9.936519e-01	1.004607e+01	7.893559e-01	2.465014e-01	2.186840e+00	5.331496e-01	1.049464e+00	8.344894e+01	1.368528e+02	2.156270e-01	1.358263e-01	2.899690e+02	
11  216.387	2.477143e+00	1.277563e-01	8.335927e-01	3.100047e+00	1.067829e+00	8.804407e-02	1.186588e+00	2.247893e-01	3.470675e+00	3.825490e+00	9.931189e-01	1.004607e+01	7.893559e-01	2.465014e-01	2.186840e+00	5.331496e-01	1.049464e+00	8.344894e+01	1.368528e+02	2.156270e-01	1.358263e-01	2.899690e+02	
22  215.568	2.477143e+00	1.277563e-01	8.335927e-01	3.100047e+00	1.067829e+00	8.804407e-02	1.186588e+00	2.247893e-01	3.470675e+00	3.825490e+00	9.947337e-01	1.004607e+01	7.893559e-01	2.465014e-01	2.186840e+00	5.331496e-01	1.049464e+00	8.344894e+01	1.368528e+02	2.156270e-01	1.358263e-01	2.899690e+02	
11  215.617	2.477143e+00	1.277563e-01	8.335927e-01	3.100047e+00	1.067829e+00	8.804407e-02	1.186588e+00	2.247893e-01	3.470675e+00	3.825490e+00	9.945395e-01	1.004607e+01	7.893559e-01	2.465014e-01	2.186840e+00	5.331496e-01	1.049464e+00	8.344894e+01	1.368528e+02	2.156270e-01	1.358263e-01	2.899690e+02	
11  215.907	2.477143e+00	1.277563e-01	8.335927e-01	3.100047e+00	1.067829e+00	8.804407e-02	1.186588e+00	2.247893e-01	3.470675e+00	3.825490e+00	9.938311e-01	1.004607e+01	7.893559e-01	2.465014e-01	2.186840e+00	5.331496e-01	1.049464e+00	8.344894e+01	1.368528e+02	2.156270e-01	1.358263e-01	2.899690e+02	
11  215.815	2.477143e+00	1.277563e-01	8.335927e-01	3.100047e+00	1.067829e+00	8.804407e-02	1.186588e+00	2.247893e-01	3.470675e+00	3.825490e+00	9.940123e-01	1.004607e+01	7.893559e-01	2.465014e-01	2.186840e+00	5.331496e-01	1.049464e+00	8.344894e+01	1.368528e+02	2.156270e-01	1.358263e-01	2.899690e+02	
11  215.548	2.477143e+00	1.277563e-01	8.335927e-01	3.100047e+00	1.067829e+00	8.804407e-02	1.186588e+00	2.247893e-01	3.470675e+00	3.825490e+00	9.948410e-01	1.004607e+01	7.893559e-01	2.465014e-01	2.186840e+00	5.331496e-01	1.049464e+00	8.344894e+01	1.368528e+02	2.156270e-01	1.358263e-01	2.899690e+02	
11  215.689	2.477143e+00	1.277563e-01	8.335927e-01	3.100047e+00	1.067829e+00	8.804407e-02	1.186588e+00	2.247893e-01	3.470675e+00	3.825490e+00	9.943151e-01	1.004607e+01	7.893559e-01	2.465014e-01	2.186840e+00	5.331496e-01	1.049464e+00	8.344894e+01	1.368528e+02	2.156270e-01	1.358263e-01	2.899690e+02	
11  215.714	2.477143e+00	1.277563e-01	8.335927e-01	3.100047e+00	1.067829e+00	8.804407e-02	1.186588e+00	2.247893e-01	3.470675e+00	3.825490e+00	9.963665e-01	1.004607e+01	7.893559e-01	2.465014e-01	2.186840e+00	5.331496e-01	1.049464e+00	8.344894e+01	1.368528e+02	2.156270e-01	1.358263e-01	2.899690e+02	
11  216.318	2.477143e+00	1.277563e-01	8.335927e-01	3.100047e+00	1.067829e+00	8.804407e-02	1.186588e+00	2.247893e-01	3.470675e+00	3.825490e+00	9.974089e-01	1.004607e+01	7.893559e-01	2.465014e-01	2.186840e+00	5.331496e-01	1.049464e+00	8.344894e+01	1.368528e+02	2.156270e-01	1.358263e-01	2.899690e+02	
11  216.676	2.477143e+00	1.277563e-01	8.335927e-01	3.100047e+00	1.067829e+00	8.804407e-02	1.186588e+00	2.247893e-01	3.470675e+00	3.825490e+00	9.978354e-01	1.004607e+01	7.893559e-01	2.465014e-01	2.186840e+00	5.331496e-01	1.049464e+00	8.344894e+01	1.368528e+02	2.156270e-01	1.358263e-01	2.899690e+02	
11  215.731	2.477143e+00	1.277563e-01	8.335927e-01	3.100047e+00	1.067829e+00	8.804407e-02	1.186588e+00	2.247893e-01	3.470675e+00	3.825490e+00	9.964099e-01	1.004607e+01	7.893559e-01	2.465014e-01	2.186840e+00	5.331496e-01	1.049464e+00	8.344894e+01	1.368528e+02	2.156270e-01	1.358263e-01	2.899690e+02	
11  215.63	2.477143e+00	1.277563e-01	8.335927e-01	3.100047e+00	1.067829e+00	8.804407e-02	1.186588e+00	2.247893e-01	3.470675e+00	3.825490e+00	9.944947e-01	1.004607e+01	7.893559e-01	2.465014e-01	2.186840e+00	5.331496e-01	1.049464e+00	8.344894e+01	1.368528e+02	2.156270e-01	1.358263e-01	2.899690e+02	
11  215.569	2.477143e+00	1.277563e-01	8.335927e-01	3.100047e+00	1.067829e+00	8.804407e-02	1.186588e+00	2.247893e-01	3.470675e+00	3.825490e+00	9.947288e-01	1.004607e+01	7.893559e-01	2.465014e-01	2.186840e+00	5.331496e-01	1.049464e+00	8.344894e+01	1.368528e+02	2.156270e-01	1.358263e-01	2.899690e+02	
11  215.612	2.477143e+00	1.277563e-01	8.335927e-01	3.100047e+00	1.067829e+00	8.804407e-02	1.186588e+00	2.247893e-01	3.470675e+00	3.825490e+00	9.960545e-01	1.004607e+01	7.893559e-01	2.465014e-01	2.186840e+00	5.331496e-01	1.049464e+00	8.344894e+01	1.368528e+02	2.156270e-01	1.358263e-01	2.899690e+02	
33  215.51	2.477143e+00	1.277563e-01	8.335927e-01	3.100047e+00	1.067829e+00	8.804407e-02	1.186588e+00	2.247893e-01	3.470675e+00	3.825490e+00	9.954343e-01	1.004607e+01	7.893559e-01	2.465014e-01	2.186840e+00	5.331496e-01	1.049464e+00	8.344894e+01	1.368528e+02	2.156270e-01	1.358263e-01	2.899690e+02	
11  215.52	2.477143e+00	1.277563e-01	8.335927e-01	3.100047e+00	1.067829e+00	8.804407e-02	1.186588e+00	2.247893e-01	3.470675e+00	3.825490e+00	9.950521e-01	1.004607e+01	7.893559e-01	2.465014e-01	2.186840e+00	5.331496e-01	1.049464e+00	8.344894e+01	1.368528e+02	2.156270e-01	1.358263e-01	2.899690e+02	
11  215.51	2.477143e+00	1.277563e-01	8.335927e-01	3.100047e+00	1.067829e+00	8.804407e-02	1.186588e+00	2.247893e-01	3.470675e+00	3.825490e+00	9.952228e-01	1.004607e+01	7.893559e-01	2.465014e-01	2.186840e+00	5.331496e-01	1.049464e+00	8.344894e+01	1.368528e+02	2.156270e-01	1.358263e-01	2.899690e+02	
11  215.81	2.477143e+00	1.277563e-01	8.335927e-01	3.100047e+00	1.067829e+00	8.804407e-02	1.186588e+00	2.247893e-01	3.470675e+00	3.825490e+00	9.965857e-01	1.004607e+01	7.893559e-01	2.465014e-01	2.186840e+00	5.331496e-01	1.049464e+00	8.344894e+01	1.368528e+02	2.156270e-01	1.358263e-01	2.899690e+02	
11  215.827	2.477143e+00	1.277563e-01	8.335927e-01	3.100047e+00	1.067829e+00	8.804407e-02	1.186588e+00	2.247893e-01	3.470675e+00	3.825490e+00	9.966221e-01	1.004607e+01	7.893559e-01	2.465014e-01	2.186840e+00	5.331496e-01	1.049464e+00	8.344894e+01	1.368528e+02	2.156270e-01	1.358263e-01	2.899690e+02	
11  215.835	2.477143e+00	1.277563e-01	8.335927e-01	3.100047e+00	1.067829e+00	8.804407e-02	1.186588e+00	2.247893e-01	3.470675e+00	3.825490e+00	9.966388e-01	1.004607e+01	7.893559e-01	2.465014e-01	2.186840e+00	5.331496e-01	1.049464e+00	8.344894e+01	1.368528e+02	2.156270e-01	1.358263e-01	2.899690e+02	
11  215.807	2.477143e+00	1.277563e-01	8.335927e-01	3.100047e+00	1.067829e+00	8.804407e-02	1.186588e+00	2.247893e-01	3.470675e+00	3.825490e+00	9.965792e-01	1.004607e+01	7.893559e-01	2.465014e-01	2.186840e+00	5.331496e-01	1.049464e+00	8.344894e+01	1.368528e+02	2.156270e-01	1.358263e-01	2.899690e+02	
13  215.717	2.477143e+00	1.277563e-01	8.335927e-01	3.100047e+00	1.067829e+00	8.804407e-02	1.186588e+00	2.247893e-01	3.470675e+00	3.825490e+00	9.942381e-01	1.004607e+01	7.893559e-01	2.465014e-01	2.186840e+00	5.331496e-01	1.049464e+00	8.344894e+01	1.368528e+02	2.156270e-01	1.358263e-01	2.899690e+02	
9  215.392	2.491956e+00	1.270364e-01	8.387690e-01	3.091568e+00	1.069329e+00	8.813549e-02	1.185608e+00	2.170049e-01	3.511696e+00	3.792713e+00	9.908305e-01	1.000949e+01	7.930294e-01	2.465546e-01	2.170983e+00	5.440271e-01	1.049732e+00	8.399995e+01	1.368845e+02	2.120421e-01	1.358026e-01	3.340482e+02	
11  215.938	2.491956e+00	1.270364e-01	8.387690e-01	3.091568e+00	1.069329e+00	8.813549e-02	1.185608e+00	2.170049e-01	3.511696e+00	3.792713e+00	9.901938e-01	1.000949e+01	7.930294e-01	2.465546e-01	2.170983e+00	5.440271e-01	1.049732e+00	8.399995e+01	1.368845e+02	2.120421e-01	1.358026e-01	3.340482e+02	
22  215.984	2.491956e+00	1.270364e-01	8.387690e-01	3.091568e+00	1.069329e+00	8.813549e-02	1.185608e+00	2.170049e-01	3.511696e+00	3.792713e+00	9.901472e-01	1.000949e+01	7.930294e-01	2.465546e-01	2.170983e+00	5.440271e-01	1.049732e+00	8.399995e+01	1.368845e+02	2.120421e-01	1.358026e-01	3.340482e+02	
22  216.022	2.491956e+00	1.270364e-01	8.387690e-01	3.091568e+00	1.069329e+00	8.813549e-02	1.185608e+00	2.170049e-01	3.511696e+00	3.792713e+00	9.901086e-01	1.000949e+01	7.930294e-01	2.465546e-01	2.170983e+00	5.440271e-01	1.049732e+00	8.399995e+01	1.368845e+02	2.120421e-01	1.358026e-01	3.340482e+02	
22  217.609	2.491956e+00	1.270364e-01	8.387690e-01	3.091568e+00	1.069329e+00	8.813549e-02	1.185608e+00	2.170049e-01	3.511696e+00	3.792713e+00	9.888356e-01	1.000949e+01	7.930294e-01	2.465546e-01	2.170983e+00	5.440271e-01	1.049732e+00	8.399995e+01	1.368845e+02	2.120421e-01	1.358026e-01	3.340482e+02	
8  216.93	2.491956e+00	1.270364e-01	8.387690e-01	3.091568e+00	1.069329e+00	8.813549e-02	1.185608e+00	2.170049e-01	3.511696e+00	3.792713e+00	9.893216e-01	1.000949e+01	7.930294e-01	2.465546e-01	2.170983e+00	5.440271e-01	1.049732e+00	8.399995e+01	1.368845e+02	2.120421e-01	1.358026e-01	3.340482e+02	
3  219.886	2.484337e+00	1.274255e-01	8.382112e-01	3.105591e+00	1.067796e+00	9.119675e-02	1.222857e+00	2.279709e-01	3.501532e+00	4.010596e+00	9.925458e-01	1.031162e+01	7.922953e-01	2.465325e-01	2.198086e+00	5.309239e-01	1.048943e+00	8.387402e+01	1.367148e+02	2.127781e-01	1.392944e-01	3.062275e+02	
11  217.872	2.484337e+00	1.274255e-01	8.382112e-01	3.105591e+00	1.067796e+00	9.119675e-02	1.222857e+00	2.279709e-01	3.501532e+00	4.010596e+00	9.955563e-01	1.031162e+01	7.922953e-01	2.465325e-01	2.198086e+00	5.309239e-01	1.048943e+00	8.387402e+01	1.367148e+02	2.127781e-01	1.392944e-01	3.062275e+02	
11  218.085	2.484337e+00	1.274255e-01	8.382112e-01	3.105591e+00	1.067796e+00	9.119675e-02	1.222857e+00	2.279709e-01	3.501532e+00	4.010596e+00	9.947430e-01	1.031162e+01	7.922953e-01	2.465325e-01	2.198086e+00	5.309239e-01	1.048943e+00	8.387402e+01	1.367148e+02	2.127781e-01	1.392944e-01	3.062275e+02	
11  219.141	2.484337e+00	1.274255e-01	8.382112e-01	3.105591e+00	1.067796e+00	9.119675e-02	1.222857e+00	2.279709e-01	3.501532e+00	4.010596e+00	9.932194e-01	1.031162e+01	7.922953e-01	2.465325e-01	2.198086e+00	5.309239e-01	1.048943e+00	8.387402e+01	1.367148e+02	2.127781e-01	1.392944e-01	3.062275e+02	
11  218.674	2.484337e+00	1.274255e-01	8.382112e-01	3.105591e+00	1.067796e+00	9.119675e-02	1.222857e+00	2.279709e-01	3.501532e+00	4.010596e+00	9.937544e-01	1.031162e+01	7.922953e-01	2.465325e-01	2.198086e+00	5.309239e-01	1.048943e+00	8.387402e+01	1.367148e+02	2.127781e-01	1.392944e-01	3.062275e+02	
11  219.19	2.484337e+00	1.274255e-01	8.382112e-01	3.105591e+00	1.067796e+00	9.119675e-02	1.222857e+00	2.279709e-01	3.501532e+00	4.010596e+00	9.931703e-01	1.031162e+01	7.922953e-01	2.465325e-01	2.198086e+00	5.309239e-01	1.048943e+00	8.387402e+01	1.367148e+02	2.127781e-01	1.392944e-01	3.062275e+02	
11  218.155	2.484337e+00	1.274255e-01	8.382112e-01	3.105591e+00	1.067796e+00	9.119675e-02	1.222857e+00	2.279709e-01	3.501532e+00	4.010596e+00	9.945871e-01	1.031162e+01	7.922953e-01	2.465325e-01	2.198086e+00	5.309239e-01	1.048943e+00	8.387402e+01	1.367148e+02	2.127781e-01	1.392944e-01	3.062275e+02	
11  218.086	2.484337e+00	1.274255e-01	8.382112e-01	3.105591e+00	1.067796e+00	9.119675e-02	1.222857e+00	2.279709e-01	3.501532e+00	4.010596e+00	9.947400e-01	1.031162e+01	7.922953e-01	2.465325e-01	2.198086e+00	5.309239e-01	1.048943e+00	8.387402e+01	1.367148e+02	2.127781e-01	1.392944e-01	3.062275e+02	
11  217.895	2.484337e+00	1.274255e-01	8.382112e-01	3.105591e+00	1.067796e+00	9.119675e-02	1.222857e+00	2.279709e-01	3.501532e+00	4.010596e+00	9.963141e-01	1.031162e+01	7.922953e-01	2.465325e-01	2.198086e+00	5.309239e-01	1.048943e+00	8.387402e+01	1.367148e+02	2.127781e-01	1.392944e-01	3.062275e+02	
22  218.92	2.484337e+00	1.274255e-01	8.382112e-01	3.105591e+00	1.067796e+00	9.119675e-02	1.222857e+00	2.279709e-01	3.501532e+00	4.010596e+00	9.982771e-01	1.031162e+01	7.922953e-01	2.465325e-01	2.198086e+00	5.309239e-01	1.048943e+00	8.387402e+01	1.367148e+02	2.127781e-01	1.392944e-01	3.062275e+02	
11  218.418	2.484337e+00	1.274255e-01	8.382112e-01	3.105591e+00	1.067796e+00	9.119675e-02	1.222857e+00	2.279709e-01	3.501532e+00	4.010596e+00	9.976136e-01	1.031162e+01	7.922953e-01	2.465325e-01	2.198086e+00	5.309239e-01	1.048943e+00	8.387402e+01	1.367148e+02	2.127781e-01	1.392944e-01	3.062275e+02	
11  218.043	2.484337e+00	1.274255e-01	8.382112e-01	3.105591e+00	1.067796e+00	9.119675e-02	1.222857e+00	2.279709e-01	3.501532e+00	4.010596e+00	9.968712e-01	1.031162e+01	7.922953e-01	2.465325e-01	2.198086e+00	5.309239e-01	1.048943e+00	8.387402e+01	1.367148e+02	2.127781e-01	1.392944e-01	3.062275e+02	
11  218.331	2.484337e+00	1.274255e-01	8.382112e-01	3.105591e+00	1.067796e+00	9.119675e-02	1.222857e+00	2.279709e-01	3.501532e+00	4.010596e+00	9.974718e-01	1.031162e+01	7.922953e-01	2.465325e-01	2.198086e+00	5.309239e-01	1.048943e+00	8.387402e+01	1.367148e+02	2.127781e-01	1.392944e-01	3.062275e+02	
11  217.873	2.484337e+00	1.274255e-01	8.382112e-01	3.105591e+00	1.067796e+00	9.119675e-02	1.222857e+00	2.279709e-01	3.501532e+00	4.010596e+00	9.961600e-01	1.031162e+01	7.922953e-01	2.465325e-01	2.198086e+00	5.309239e-01	1.048943e+00	8.387402e+01	1.367148e+02	2.127781e-01	1.392944e-01	3.062275e+02	
22  217.914	2.484337e+00	1.274255e-01	8.382112e-01	3.105591e+00	1.067796e+00	9.119675e-02	1.222857e+00	2.279709e-01	3.501532e+00	4.010596e+00	9.952888e-01	1.031162e+01	7.922953e-01	2.465325e-01	2.198086e+00	5.309239e-01	1.048943e+00	8.387402e+01	1.367148e+02	2.127781e-01	1.392944e-01	3.062275e+02	
11  219.752	2.484337e+00	1.274255e-01	8.382112e-01	3.105591e+00	1.067796e+00	9.119675e-02	1.222857e+00	2.279709e-01	3.501532e+00	4.010596e+00	9.990916e-01	1.031162e+01	7.922953e-01	2.465325e-01	2.198086e+00	5.309239e-01	1.048943e+00	8.387402e+01	1.367148e+02	2.127781e-01	1.392944e-01	3.062275e+02	
11  217.962	2.484337e+00	1.274255e-01	8.382112e-01	3.105591e+00	1.067796e+00	9.119675e-02	1.222857e+00	2.279709e-01	3.501532e+00	4.010596e+00	9.966172e-01	1.031162e+01	7.922953e-01	2.465325e-01	2.198086e+00	5.309239e-01	1.048943e+00	8.387402e+01	1.367148e+02	2.127781e-01	1.392944e-01	3.062275e+02	
11  220.004	2.484337e+00	1.274255e-01	8.382112e-01	3.105591e+00	1.067796e+00	9.119675e-02	1.222857e+00	2.279709e-01	3.501532e+00	4.010596e+00	9.924510e-01	1.031162e+01	7.922953e-01	2.465325e-01	2.198086e+00	5.309239e-01	1.048943e+00	8.387402e+01	1.367148e+02	2.127781e-01	1.392944e-01	3.062275e+02	
11  218.776	2.484337e+00	1.274255e-01	8.382112e-01	3.105591e+00	1.067796e+00	9.119675e-02	1.222857e+00	2.279709e-01	3.501532e+00	4.010596e+00	9.936274e-01	1.031162e+01	7.922953e-01	2.465325e-01	2.198086e+00	5.309239e-01	1.048943e+00	8.387402e+01	1.367148e+02	2.127781e-01	1.392944e-01	3.062275e+02	
22  218.013	2.484337e+00	1.274255e-01	8.382112e-01	3.105591e+00	1.067796e+00	9.119675e-02	1.222857e+00	2.279709e-01	3.501532e+00	4.010596e+00	9.949316e-01	1.031162e+01	7.922953e-01	2.465325e-01	2.198086e+00	5.309239e-01	1.048943e+00	8.387402e+01	1.367148e+02	2.127781e-01	1.392944e-01	3.062275e+02	
33  217.871	2.484337e+00	1.274255e-01	8.382112e-01	3.105591e+00	1.067796e+00	9.119675e-02	1.222857e+00	2.279709e-01	3.501532e+00	4.010596e+00	9.961417e-01	1.031162e+01	7.922953e-01	2.465325e-01	2.198086e+00	5.309239e-01	1.048943e+00	8.387402e+01	1.367148e+02	2.127781e-01	1.392944e-01	3.062275e+02	
11  217.92	2.484337e+00	1.274255e-01	8.382112e-01	3.105591e+00	1.067796e+00	9.119675e-02	1.222857e+00	2.279709e-01	3.501532e+00	4.010596e+00	9.952583e-01	1.031162e+01	7.922953e-01	2.465325e-01	2.198086e+00	5.309239e-01	1.048943e+00	8.387402e+01	1.367148e+02	2.127781e-01	1.392944e-01	3.062275e+02	
11  217.929	2.484337e+00	1.274255e-01	8.382112e-01	3.105591e+00	1.067796e+00	9.119675e-02	1.222857e+00	2.279709e-01	3.501532e+00	4.010596e+00	9.952200e-01	1.031162e+01	7.922953e-01	2.465325e-01	2.198086e+00	5.309239e-01	1.048943e+00	8.387402e+01	1.367148e+02	2.127781e-01	1.392944e-01	3.062275e+02	
11  218.805	2.484337e+00	1.274255e-01	8.382112e-01	3.105591e+00	1.067796e+00	9.119675e-02	1.222857e+00	2.279709e-01	3.501532e+00	4.010596e+00	9.935909e-01	1.031162e+01	7.922953e-01	2.465325e-01	2.198086e+00	5.309239e-01	1.048943e+00	8.387402e+01	1.367148e+02	2.127781e-01	1.392944e-01	3.062275e+02	
33  217.965	2.484337e+00	1.274255e-01	8.382112e-01	3.105591e+00	1.067796e+00	9.119675e-02	1.222857e+00	2.279709e-01	3.501532e+00	4.010596e+00	9.950833e-01	1.031162e+01	7.922953e-01	2.465325e-01	2.198086e+00	5.309239e-01	1.048943e+00	8.387402e+01	1.367148e+02	2.127781e-01	1.392944e-01	3.062275e+02	
33  218.01	2.484337e+00	1.274255e-01	8.382112e-01	3.105591e+00	1.067796e+00	9.119675e-02	1.222857e+00	2.279709e-01	3.501532e+00	4.010596e+00	9.949424e-01	1.031162e+01	7.922953e-01	2.465325e-01	2.198086e+00	5.309239e-01	1.048943e+00	8.387402e+01	1.367148e+02	2.127781e-01	1.392944e-01	3.062275e+02	
11  218.175	2.484337e+00	1.274255e-01	8.382112e-01	3.105591e+00	1.067796e+00	9.119675e-02	1.222857e+00	2.279709e-01	3.501532e+00	4.010596e+00	9.945478e-01	1.031162e+01	7.922953e-01	2.465325e-01	2.198086e+00	5.309239e-01	1.048943e+00	8.387402e+01	1.367148e+02	2.127781e-01	1.392944e-01	3.062275e+02	
11  218.286	2.484337e+00	1.274255e-01	8.382112e-01	3.105591e+00	1.067796e+00	9.119675e-02	1.222857e+00	2.279709e-01	3.501532e+00	4.010596e+00	9.943356e-01	1.031162e+01	7.922953e-01	2.465325e-01	2.198086e+00	5.309239e-01	1.048943e+00	8.387402e+01	1.367148e+02	2.127781e-01	1.392944e-01	3.062275e+02	
11  218.373	2.484337e+00	1.274255e-01	8.382112e-01	3.105591e+00	1.067796e+00	9.119675e-02	1.222857e+00	2.279709e-01	3.501532e+00	4.010596e+00	9.941854e-01	1.031162e+01	7.922953e-01	2.465325e-01	2.198086e+00	5.309239e-01	1.048943e+00	8.387402e+01	1.367148e+02	2.127781e-01	1.392944e-01	3.062275e+02	
11  218.419	2.484337e+00	1.274255e-01	8.382112e-01	3.105591e+00	1.067796e+00	9.119675e-02	1.222857e+00	2.279709e-01	3.501532e+00	4.010596e+00	9.941142e-01	1.031162e+01	7.922953e-01	2.465325e-01	2.198086e+00	5.309239e-01	1.048943e+00	8.387402e+01	1.367148e+02	2.127781e-01	1.392944e-01	3.062275e+02	
22  218.61	2.484337e+00	1.274255e-01	8.382112e-01	3.105591e+00	1.067796e+00	9.119675e-02	1.222857e+00	2.279709e-01	3.501532e+00	4.010596e+00	9.938393e-01	1.031162e+01	7.922953e-01	2.465325e-01	2.198086e+00	5.309239e-01	1.048943e+00	8.387402e+01	1.367148e+02	2.127781e-01	1.392944e-01	3.062275e+02	
11  219.042	2.484337e+00	1.274255e-01	8.382112e-01	3.105591e+00	1.067796e+00	9.119675e-02	1.222857e+00	2.279709e-01	3.501532e+00	4.010596e+00	9.933235e-01	1.031162e+01	7.922953e-01	2.465325e-01	2.198086e+00	5.309239e-01	1.048943e+00	8.387402e+01	1.367148e+02	2.127781e-01	1.392944e-01	3.062275e+02	
11  218.138	2.484337e+00	1.274255e-01	8.382112e-01	3.105591e+00	1.067796e+00	9.119675e-02	1.222857e+00	2.279709e-01	3.501532e+00	4.010596e+00	9.946236e-01	1.031162e+01	7.922953e-01	2.465325e-01	2.198086e+00	5.309239e-01	1.048943e+00	8.387402e+01	1.367148e+02	2.127781e-01	1.392944e-01	3.062275e+02	
11  218.106	2.484337e+00	1.274255e-01	8.382112e-01	3.105591e+00	1.067796e+00	9.119675e-02	1.222857e+00	2.279709e-01	3.501532e+00	4.010596e+00	9.970289e-01	1.031162e+01	7.922953e-01	2.465325e-01	2.198086e+00	5.309239e-01	1.048943e+00	8.387402e+01	1.367148e+02	2.127781e-01	1.392944e-01	3.062275e+02	
11  217.865	2.484337e+00	1.274255e-01	8.382112e-01	3.105591e+00	1.067796e+00	9.119675e-02	1.222857e+00	2.279709e-01	3.501532e+00	4.010596e+00	9.956249e-01	1.031162e+01	7.922953e-01	2.465325e-01	2.198086e+00	5.309239e-01	1.048943e+00	8.387402e+01	1.367148e+02	2.127781e-01	1.392944e-01	3.062275e+02	
22  217.857	2.484337e+00	1.274255e-01	8.382112e-01	3.105591e+00	1.067796e+00	9.119675e-02	1.222857e+00	2.279709e-01	3.501532e+00	4.010596e+00	9.958025e-01	1.031162e+01	7.922953e-01	2.465325e-01	2.198086e+00	5.309239e-01	1.048943e+00	8.387402e+01	1.367148e+02	2.127781e-01	1.392944e-01	3.062275e+02	
22  218.521	2.484337e+00	1.274255e-01	8.382112e-01	3.105591e+00	1.067796e+00	9.119675e-02	1.222857e+00	2.279709e-01	3.501532e+00	4.010596e+00	9.977673e-01	1.031162e+01	7.922953e-01	2.465325e-01	2.198086e+00	5.309239e-01	1.048943e+00	8.387402e+01	1.367148e+02	2.127781e-01	1.392944e-01	3.062275e+02	
11  218.873	2.484337e+00	1.274255e-01	8.382112e-01	3.105591e+00	1.067796e+00	9.119675e-02	1.222857e+00	2.279709e-01	3.501532e+00	4.010596e+00	9.982229e-01	1.031162e+01	7.922953e-01	2.465325e-01	2.198086e+00	5.309239e-01	1.048943e+00	8.387402e+01	1.367148e+02	2.127781e-01	1.392944e-01	3.062275e+02	
11  217.901	2.484337e+00	1.274255e-01	8.382112e-01	3.105591e+00	1.067796e+00	9.119675e-02	1.222857e+00	2.279709e-01	3.501532e+00	4.010596e+00	9.963478e-01	1.031162e+01	7.922953e-01	2.465325e-01	2.198086e+00	5.309239e-01	1.048943e+00	8.387402e+01	1.367148e+02	2.127781e-01	1.392944e-01	3.062275e+02	
11  217.89	2.484337e+00	1.274255e-01	8.382112e-01	3.105591e+00	1.067796e+00	9.119675e-02	1.222857e+00	2.279709e-01	3.501532e+00	4.010596e+00	9.962816e-01	1.031162e+01	7.922953e-01	2.465325e-01	2.198086e+00	5.309239e-01	1.048943e+00	8.387402e+01	1.367148e+02	2.127781e-01	1.392944e-01	3.062275e+02	
11  217.867	2.484337e+00	1.274255e-01	8.382112e-01	3.105591e+00	1.067796e+00	9.119675e-02	1.222857e+00	2.279709e-01	3.501532e+00	4.010596e+00	9.960947e-01	1.031162e+01	7.922953e-01	2.465325e-01	2.198086e+00	5.309239e-01	1.048943e+00	8.387402e+01	1.367148e+02	2.127781e-01	1.392944e-01	3.062275e+02	
11  218.106	2.484337e+00	1.274255e-01	8.382112e-01	3.105591e+00	1.067796e+00	9.119675e-02	1.222857e+00	2.279709e-01	3.501532e+00	4.010596e+00	9.946936e-01	1.031162e+01	7.922953e-01	2.465325e-01	2.198086e+00	5.309239e-01	1.048943e+00	8.387402e+01	1.367148e+02	2.127781e-01	1.392944e-01	3.062275e+02	
11  218.224	2.484337e+00	1.274255e-01	8.382112e-01	3.105591e+00	1.067796e+00	9.119675e-02	1.222857e+00	2.279709e-01	3.501532e+00	4.010596e+00	9.972782e-01	1.031162e+01	7.922953e-01	2.465325e-01	2.198086e+00	5.309239e-01	1.048943e+00	8.387402e+01	1.367148e+02	2.127781e-01	1.392944e-01	3.062275e+02	
11  217.887	2.484337e+00	1.274255e-01	8.382112e-01	3.105591e+00	1.067796e+00	9.119675e-02	1.222857e+00	2.279709e-01	3.501532e+00	4.010596e+00	9.962665e-01	1.031162e+01	7.922953e-01	2.465325e-01	2.198086e+00	5.309239e-01	1.048943e+00	8.387402e+01	1.367148e+02	2.127781e-01	1.392944e-01	3.062275e+02	
11  217.858	2.484337e+00	1.274255e-01	8.382112e-01	3.105591e+00	1.067796e+00	9.119675e-02	1.222857e+00	2.279709e-01	3.501532e+00	4.010596e+00	9.957736e-01	1.031162e+01	7.922953e-01	2.465325e-01	2.198086e+00	5.309239e-01	1.048943e+00	8.387402e+01	1.367148e+02	2.127781e-01	1.392944e-01	3.062275e+02	
33  218.011	2.484337e+00	1.274255e-01	8.382112e-01	3.105591e+00	1.067796e+00	9.119675e-02	1.222857e+00	2.279709e-01	3.501532e+00	4.010596e+00	9.967796e-01	1.031162e+01	7.922953e-01	2.465325e-01	2.198086e+00	5.309239e-01	1.048943e+00	8.387402e+01	1.367148e+02	2.127781e-01	1.392944e-01	3.062275e+02	
22  218.135	2.484337e+00	1.274255e-01	8.382112e-01	3.105591e+00	1.067796e+00	9.119675e-02	1.222857e+00	2.279709e-01	3.501532e+00	4.010596e+00	9.970953e-01	1.031162e+01	7.922953e-01	2.465325e-01	2.198086e+00	5.309239e-01	1.048943e+00	8.387402e+01	1.367148e+02	2.127781e-01	1.392944e-01	3.062275e+02	
22  217.867	2.484337e+00	1.274255e-01	8.382112e-01	3.105591e+00	1.067796e+00	9.119675e-02	1.222857e+00	2.279709e-01	3.501532e+00	4.010596e+00	9.956072e-01	1.031162e+01	7.922953e-01	2.465325e-01	2.198086e+00	5.309239e-01	1.048943e+00	8.387402e+01	1.367148e+02	2.127781e-01	1.392944e-01	3.062275e+02	
22  217.864	2.484337e+00	1.274255e-01	8.382112e-01	3.105591e+00	1.067796e+00	9.119675e-02	1.222857e+00	2.279709e-01	3.501532e+00	4.010596e+00	9.960651e-01	1.031162e+01	7.922953e-01	2.465325e-01	2.198086e+00	5.309239e-01	1.048943e+00	8.387402e+01	1.367148e+02	2.127781e-01	1.392944e-01	3.062275e+02	
11  217.957	2.484337e+00	1.274255e-01	8.382112e-01	3.105591e+00	1.067796e+00	9.119675e-02	1.222857e+00	2.279709e-01	3.501532e+00	4.010596e+00	9.965998e-01	1.031162e+01	7.922953e-01	2.465325e-01	2.198086e+00	5.309239e-01	1.048943e+00	8.387402e+01	1.367148e+02	2.127781e-01	1.392944e-01	3.062275e+02	
11  218.055	2.484337e+00	1.274255e-01	8.382112e-01	3.105591e+00	1.067796e+00	9.119675e-02	1.222857e+00	2.279709e-01	3.501532e+00	4.010596e+00	9.948174e-01	1.031162e+01	7.922953e-01	2.465325e-01	2.198086e+00	5.309239e-01	1.048943e+00	8.387402e+01	1.367148e+02	2.127781e-01	1.392944e-01	3.062275e+02	
22  218.052	2.484337e+00	1.274255e-01	8.382112e-01	3.105591e+00	1.067796e+00	9.119675e-02	1.222857e+00	2.279709e-01	3.501532e+00	4.010596e+00	9.968938e-01	1.031162e+01	7.922953e-01	2.465325e-01	2.198086e+00	5.309239e-01	1.048943e+00	8.387402e+01	1.367148e+02	2.127781e-01	1.392944e-01	3.062275e+02	
9  218.428	2.484337e+00	1.274255e-01	8.382112e-01	3.105591e+00	1.067796e+00	9.119675e-02	1.222857e+00	2.279709e-01	3.501532e+00	4.010596e+00	9.976303e-01	1.031162e+01	7.922953e-01	2.465325e-01	2.198086e+00	5.309239e-01	1.048943e+00	8.387402e+01	1.367148e+02	2.127781e-01	1.392944e-01	3.062275e+02	
2  219.459	2.465597e+00	1.280604e-01	8.369585e-01	3.099397e+00	1.068491e+00	9.200524e-02	1.223279e+00	2.252602e-01	3.494173e+00	4.076654e+00	9.939417e-01	1.044500e+01	7.906775e-01	2.464590e-01	2.185230e+00	5.329561e-01	1.049754e+00	8.374635e+01	1.367805e+02	2.140830e-01	1.394820e-01	2.983494e+02	
22  219.714	2.465597e+00	1.280604e-01	8.369585e-01	3.099397e+00	1.068491e+00	9.200524e-02	1.223279e+00	2.252602e-01	3.494173e+00	4.076654e+00	9.943008e-01	1.044500e+01	7.906775e-01	2.464590e-01	2.185230e+00	5.329561e-01	1.049754e+00	8.374635e+01	1.367805e+02	2.140830e-01	1.394820e-01	2.983494e+02	
11  219.021	2.465597e+00	1.280604e-01	8.369585e-01	3.099397e+00	1.068491e+00	9.200524e-02	1.223279e+00	2.252602e-01	3.494173e+00	4.076654e+00	9.913029e-01	1.044500e+01	7.906775e-01	2.464590e-01	2.185230e+00	5.329561e-01	1.049754e+00	8.374635e+01	1.367805e+02	2.140830e-01	1.394820e-01	2.983494e+02	
11  218.897	2.465597e+00	1.280604e-01	8.369585e-01	3.099397e+00	1.068491e+00	9.200524e-02	1.223279e+00	2.252602e-01	3.494173e+00	4.076654e+00	9.918896e-01	1.044500e+01	7.906775e-01	2.464590e-01	2.185230e+00	5.329561e-01	1.049754e+00	8.374635e+01	1.367805e+02	2.140830e-01	1.394820e-01	2.983494e+02	
44  219.018	2.465597e+00	1.280604e-01	8.369585e-01	3.099397e+00	1.068491e+00	9.200524e-02	1.223279e+00	2.252602e-01	3.494173e+00	4.076654e+00	9.930257e-01	1.044500e+01	7.906775e-01	2.464590e-01	2.185230e+00	5.329561e-01	1.049754e+00	8.374635e+01	1.367805e+02	2.140830e-01	1.394820e-01	2.983494e+02	
11  219.345	2.465597e+00	1.280604e-01	8.369585e-01	3.099397e+00	1.068491e+00	9.200524e-02	1.223279e+00	2.252602e-01	3.494173e+00	4.076654e+00	9.937570e-01	1.044500e+01	7.906775e-01	2.464590e-01	2.185230e+00	5.329561e-01	1.049754e+00	8.374635e+01	1.367805e+02	2.140830e-01	1.394820e-01	2.983494e+02	
22  218.916	2.465597e+00	1.280604e-01	8.369585e-01	3.099397e+00	1.068491e+00	9.200524e-02	1.223279e+00	2.252602e-01	3.494173e+00	4.076654e+00	9.917409e-01	1.044500e+01	7.906775e-01	2.464590e-01	2.185230e+00	5.329561e-01	1.049754e+00	8.374635e+01	1.367805e+02	2.140830e-01	1.394820e-01	2.983494e+02	
11  218.915	2.465597e+00	1.280604e-01	8.369585e-01	3.099397e+00	1.068491e+00	9.200524e-02	1.223279e+00	2.252602e-01	3.494173e+00	4.076654e+00	9.917496e-01	1.044500e+01	7.906775e-01	2.464590e-01	2.185230e+00	5.329561e-01	1.049754e+00	8.374635e+01	1.367805e+02	2.140830e-01	1.394820e-01	2.983494e+02	
11  219	2.465597e+00	1.280604e-01	8.369585e-01	3.099397e+00	1.068491e+00	9.200524e-02	1.223279e+00	2.252602e-01	3.494173e+00	4.076654e+00	9.913707e-01	1.044500e+01	7.906775e-01	2.464590e-01	2.185230e+00	5.329561e-01	1.049754e+00	8.374635e+01	1.367805e+02	2.140830e-01	1.394820e-01	2.983494e+02	
20  218.929	2.465597e+00	1.280604e-01	8.369585e-01	3.099397e+00	1.068491e+00	9.200524e-02	1.223279e+00	2.252602e-01	3.494173e+00	4.076654e+00	9.926630e-01	1.044500e+01	7.906775e-01	2.464590e-01	2.185230e+00	5.329561e-01	1.049754e+00	8.374635e+01	1.367805e+02	2.140830e-01	1.394820e-01	2.983494e+02	
2  219.949	2.466614e+00	1.289033e-01	8.353913e-01	3.099091e+00	1.067375e+00	8.914426e-02	1.232798e+00	2.288511e-01	3.497210e+00	4.178849e+00	9.941057e-01	1.019709e+01	7.887259e-01	2.464660e-01	2.183662e+00	5.294774e-01	1.049834e+00	8.359775e+01	1.365323e+02	2.161825e-01	1.404282e-01	2.942256e+02	
11  220.082	2.466614e+00	1.289033e-01	8.353913e-01	3.099091e+00	1.067375e+00	8.914426e-02	1.232798e+00	2.288511e-01	3.497210e+00	4.178849e+00	9.945058e-01	1.019709e+01	7.887259e-01	2.464660e-01	2.183662e+00	5.294774e-01	1.049834e+00	8.359775e+01	1.365323e+02	2.161825e-01	1.404282e-01	2.942256e+02	
11  220.051	2.466614e+00	1.289033e-01	8.353913e-01	3.099091e+00	1.067375e+00	8.914426e-02	1.232798e+00	2.288511e-01	3.497210e+00	4.178849e+00	9.944264e-01	1.019709e+01	7.887259e-01	2.464660e-01	2.183662e+00	5.294774e-01	1.049834e+00	8.359775e+01	1.365323e+02	2.161825e-01	1.404282e-01	2.942256e+02	
1  220.094	2.466614e+00	1.289033e-01	8.353913e-01	3.099091e+00	1.067375e+00	8.914426e-02	1.232798e+00	2.288511e-01	3.497210e+00	4.178849e+00	9.945347e-01	1.019709e+01	7.887259e-01	2.464660e-01	2.183662e+00	5.294774e-01	1.049834e+00	8.359775e+01	1.365323e+02	2.161825e-01	1.404282e-01	2.942256e+02	
10  218.635	2.481031e+00	1.287441e-01	8.396975e-01	3.098808e+00	1.067881e+00	8.645353e-02	1.258684e+00	2.255052e-01	3.500166e+00	4.204433e+00	9.966997e-01	9.912748e+00	7.914380e-01	2.465222e-01	2.183067e+00	5.315921e-01	1.049614e+00	8.404106e+01	1.363035e+02	2.137670e-01	1.428683e-01	2.871189e+02	
11  218.789	2.481031e+00	1.287441e-01	8.396975e-01	3.098808e+00	1.067881e+00	8.645353e-02	1.258684e+00	2.255052e-01	3.500166e+00	4.204433e+00	9.973045e-01	9.912748e+00	7.914380e-01	2.465222e-01	2.183067e+00	5.315921e-01	1.049614e+00	8.404106e+01	1.363035e+02	2.137670e-01	1.428683e-01	2.871189e+02	
22  218.607	2.481031e+00	1.287441e-01	8.396975e-01	3.098808e+00	1.067881e+00	8.645353e-02	1.258684e+00	2.255052e-01	3.500166e+00	4.204433e+00	9.963429e-01	9.912748e+00	7.914380e-01	2.465222e-01	2.183067e+00	5.315921e-01	1.049614e+00	8.404106e+01	1.363035e+02	2.137670e-01	1.428683e-01	2.871189e+02	
22  218.639	2.481031e+00	1.287441e-01	8.396975e-01	3.098808e+00	1.067881e+00	8.645353e-02	1.258684e+00	2.255052e-01	3.500166e+00	4.204433e+00	9.958859e-01	9.912748e+00	7.914380e-01	2.465222e-01	2.183067e+00	5.315921e-01	1.049614e+00	8.404106e+01	1.363035e+02	2.137670e-01	1.428683e-01	2.871189e+02	
22  218.702	2.481031e+00	1.287441e-01	8.396975e-01	3.098808e+00	1.067881e+00	8.645353e-02	1.258684e+00	2.255052e-01	3.500166e+00	4.204433e+00	9.955788e-01	9.912748e+00	7.914380e-01	2.465222e-01	2.183067e+00	5.315921e-01	1.049614e+00	8.404106e+01	1.363035e+02	2.137670e-01	1.428683e-01	2.871189e+02	
11  218.706	2.481031e+00	1.287441e-01	8.396975e-01	3.098808e+00	1.067881e+00	8.645353e-02	1.258684e+00	2.255052e-01	3.500166e+00	4.204433e+00	9.970397e-01	9.912748e+00	7.914380e-01	2.465222e-01	2.183067e+00	5.315921e-01	1.049614e+00	8.404106e+01	1.363035e+02	2.137670e-01	1.428683e-01	2.871189e+02	
11  218.624	2.481031e+00	1.287441e-01	8.396975e-01	3.098808e+00	1.067881e+00	8.645353e-02	1.258684e+00	2.255052e-01	3.500166e+00	4.204433e+00	9.960135e-01	9.912748e+00	7.914380e-01	2.465222e-01	2.183067e+00	5.315921e-01	1.049614e+00	8.404106e+01	1.363035e+02	2.137670e-01	1.428683e-01	2.871189e+02	
11  218.714	2.481031e+00	1.287441e-01	8.396975e-01	3.098808e+00	1.067881e+00	8.645353e-02	1.258684e+00	2.255052e-01	3.500166e+00	4.204433e+00	9.955350e-01	9.912748e+00	7.914380e-01	2.465222e-01	2.183067e+00	5.315921e-01	1.049614e+00	8.404106e+01	1.363035e+02	2.137670e-01	1.428683e-01	2.871189e+02	
11  218.616	2.481031e+00	1.287441e-01	8.396975e-01	3.098808e+00	1.067881e+00	8.645353e-02	1.258684e+00	2.255052e-01	3.500166e+00	4.204433e+00	9.965342e-01	9.912748e+00	7.914380e-01	2.465222e-01	2.183067e+00	5.315921e-01	1.049614e+00	8.404106e+01	1.363035e+02	2.137670e-01	1.428683e-01	2.871189e+02	
11  218.687	2.481031e+00	1.287441e-01	8.396975e-01	3.098808e+00	1.067881e+00	8.645353e-02	1.258684e+00	2.255052e-01	3.500166e+00	4.204433e+00	9.969666e-01	9.912748e+00	7.914380e-01	2.465222e-01	2.183067e+00	5.315921e-01	1.049614e+00	8.404106e+01	1.363035e+02	2.137670e-01	1.428683e-01	2.871189e+02	
11  218.952	2.481031e+00	1.287441e-01	8.396975e-01	3.098808e+00	1.067881e+00	8.645353e-02	1.258684e+00	2.255052e-01	3.500166e+00	4.204433e+00	9.949290e-01	9.912748e+00	7.914380e-01	2.465222e-01	2.183067e+00	5.315921e-01	1.049614e+00	8.404106e+01	1.363035e+02	2.137670e-01	1.428683e-01	2.871189e+02	
11  218.639	2.481031e+00	1.287441e-01	8.396975e-01	3.098808e+00	1.067881e+00	8.645353e-02	1.258684e+00	2.255052e-01	3.500166e+00	4.204433e+00	9.958868e-01	9.912748e+00	7.914380e-01	2.465222e-01	2.183067e+00	5.315921e-01	1.049614e+00	8.404106e+01	1.363035e+02	2.137670e-01	1.428683e-01	2.871189e+02	
11  218.7	2.481031e+00	1.287441e-01	8.396975e-01	3.098808e+00	1.067881e+00	8.645353e-02	1.258684e+00	2.255052e-01	3.500166e+00	4.204433e+00	9.970173e-01	9.912748e+00	7.914380e-01	2.465222e-01	2.183067e+00	5.315921e-01	1.049614e+00	8.404106e+01	1.363035e+02	2.137670e-01	1.428683e-01	2.871189e+02	
22  218.796	2.481031e+00	1.287441e-01	8.396975e-01	3.098808e+00	1.067881e+00	8.645353e-02	1.258684e+00	2.255052e-01	3.500166e+00	4.204433e+00	9.973241e-01	9.912748e+00	7.914380e-01	2.465222e-01	2.183067e+00	5.315921e-01	1.049614e+00	8.404106e+01	1.363035e+02	2.137670e-01	1.428683e-01	2.871189e+02	
11  218.739	2.481031e+00	1.287441e-01	8.396975e-01	3.098808e+00	1.067881e+00	8.645353e-02	1.258684e+00	2.255052e-01	3.500166e+00	4.204433e+00	9.971575e-01	9.912748e+00	7.914380e-01	2.465222e-01	2.183067e+00	5.315921e-01	1.049614e+00	8.404106e+01	1.363035e+02	2.137670e-01	1.428683e-01	2.871189e+02	
11  219.141	2.481031e+00	1.287441e-01	8.396975e-01	3.098808e+00	1.067881e+00	8.645353e-02	1.258684e+00	2.255052e-01	3.500166e+00	4.204433e+00	9.980180e-01	9.912748e+00	7.914380e-01	2.465222e-01	2.183067e+00	5.315921e-01	1.049614e+00	8.404106e+01	1.363035e+02	2.137670e-01	1.428683e-01	2.871189e+02	
11  218.745	2.481031e+00	1.287441e-01	8.396975e-01	3.098808e+00	1.067881e+00	8.645353e-02	1.258684e+00	2.255052e-01	3.500166e+00	4.204433e+00	9.971777e-01	9.912748e+00	7.914380e-01	2.465222e-01	2.183067e+00	5.315921e-01	1.049614e+00	8.404106e+01	1.363035e+02	2.137670e-01	1.428683e-01	2.871189e+02	
11  218.916	2.481031e+00	1.287441e-01	8.396975e-01	3.098808e+00	1.067881e+00	8.645353e-02	1.258684e+00	2.255052e-01	3.500166e+00	4.204433e+00	9.950026e-01	9.912748e+00	7.914380e-01	2.465222e-01	2.183067e+00	5.315921e-01	1.049614e+00	8.404106e+01	1.363035e+02	2.137670e-01	1.428683e-01	2.871189e+02	
11  218.678	2.481031e+00	1.287441e-01	8.396975e-01	3.098808e+00	1.067881e+00	8.645353e-02	1.258684e+00	2.255052e-01	3.500166e+00	4.204433e+00	9.956765e-01	9.912748e+00	7.914380e-01	2.465222e-01	2.183067e+00	5.315921e-01	1.049614e+00	8.404106e+01	1.363035e+02	2.137670e-01	1.428683e-01	2.871189e+02	
11  218.617	2.481031e+00	1.287441e-01	8.396975e-01	3.098808e+00	1.067881e+00	8.645353e-02	1.258684e+00	2.255052e-01	3.500166e+00	4.204433e+00	9.960853e-01	9.912748e+00	7.914380e-01	2.465222e-01	2.183067e+00	5.315921e-01	1.049614e+00	8.404106e+01	1.363035e+02	2.137670e-01	1.428683e-01	2.871189e+02	
22  218.611	2.481031e+00	1.287441e-01	8.396975e-01	3.098808e+00	1.067881e+00	8.645353e-02	1.258684e+00	2.255052e-01	3.500166e+00	4.204433e+00	9.964573e-01	9.912748e+00	7.914380e-01	2.465222e-01	2.183067e+00	5.315921e-01	1.049614e+00	8.404106e+01	1.363035e+02	2.137670e-01	1.428683e-01	2.871189e+02	
11  218.733	2.481031e+00	1.287441e-01	8.396975e-01	3.098808e+00	1.067881e+00	8.645353e-02	1.258684e+00	2.255052e-01	3.500166e+00	4.204433e+00	9.971370e-01	9.912748e+00	7.914380e-01	2.465222e-01	2.183067e+00	5.315921e-01	1.049614e+00	8.404106e+01	1.363035e+02	2.137670e-01	1.428683e-01	2.871189e+02	
11  218.823	2.481031e+00	1.287441e-01	8.396975e-01	3.098808e+00	1.067881e+00	8.645353e-02	1.258684e+00	2.255052e-01	3.500166e+00	4.204433e+00	9.973942e-01	9.912748e+00	7.914380e-01	2.465222e-01	2.183067e+00	5.315921e-01	1.049614e+00	8.404106e+01	1.363035e+02	2.137670e-01	1.428683e-01	2.871189e+02	
11  219.008	2.481031e+00	1.287441e-01	8.396975e-01	3.098808e+00	1.067881e+00	8.645353e-02	1.258684e+00	2.255052e-01	3.500166e+00	4.204433e+00	9.977891e-01	9.912748e+00	7.914380e-01	2.465222e-01	2.183067e+00	5.315921e-01	1.049614e+00	8.404106e+01	1.363035e+02	2.137670e-01	1.428683e-01	2.871189e+02	
11  219.403	2.481031e+00	1.287441e-01	8.396975e-01	3.098808e+00	1.067881e+00	8.645353e-02	1.258684e+00	2.255052e-01	3.500166e+00	4.204433e+00	9.983965e-01	9.912748e+00	7.914380e-01	2.465222e-01	2.183067e+00	5.315921e-01	1.049614e+00	8.404106e+01	1.363035e+02	2.137670e-01	1.428683e-01	2.871189e+02	
11  218.738	2.481031e+00	1.287441e-01	8.396975e-01	3.098808e+00	1.067881e+00	8.645353e-02	1.258684e+00	2.255052e-01	3.500166e+00	4.204433e+00	9.971543e-01	9.912748e+00	7.914380e-01	2.465222e-01	2.183067e+00	5.315921e-01	1.049614e+00	8.404106e+01	1.363035e+02	2.137670e-01	1.428683e-01	2.871189e+02	
11  219.255	2.481031e+00	1.287441e-01	8.396975e-01	3.098808e+00	1.067881e+00	8.645353e-02	1.258684e+00	2.255052e-01	3.500166e+00	4.204433e+00	9.981914e-01	9.912748e+00	7.914380e-01	2.465222e-01	2.183067e+00	5.315921e-01	1.049614e+00	8.404106e+01	1.363035e+02	2.137670e-01	1.428683e-01	2.871189e+02	
11  218.618	2.481031e+00	1.287441e-01	8.396975e-01	3.098808e+00	1.067881e+00	8.645353e-02	1.258684e+00	2.255052e-01	3.500166e+00	4.204433e+00	9.965513e-01	9.912748e+00	7.914380e-01	2.465222e-01	2.183067e+00	5.315921e-01	1.049614e+00	8.404106e+01	1.363035e+02	2.137670e-01	1.428683e-01	2.871189e+02	
11  218.848	2.481031e+00	1.287441e-01	8.396975e-01	3.098808e+00	1.067881e+00	8.645353e-02	1.258684e+00	2.255052e-01	3.500166e+00	4.204433e+00	9.951552e-01	9.912748e+00	7.914380e-01	2.465222e-01	2.183067e+00	5.315921e-01	1.049614e+00	8.404106e+01	1.363035e+02	2.137670e-01	1.428683e-01	2.871189e+02	
11  218.634	2.481031e+00	1.287441e-01	8.396975e-01	3.098808e+00	1.067881e+00	8.645353e-02	1.258684e+00	2.255052e-01	3.500166e+00	4.204433e+00	9.959161e-01	9.912748e+00	7.914380e-01	2.465222e-01	2.183067e+00	5.315921e-01	1.049614e+00	8.404106e+01	1.363035e+02	2.137670e-01	1.428683e-01	2.871189e+02	
11  218.658	2.481031e+00	1.287441e-01	8.396975e-01	3.098808e+00	1.067881e+00	8.645353e-02	1.258684e+00	2.255052e-01	3.500166e+00	4.204433e+00	9.957696e-01	9.912748e+00	7.914380e-01	2.465222e-01	2.183067e+00	5.315921e-01	1.049614e+00	8.404106e+01	1.363035e+02	2.137670e-01	1.428683e-01	2.871189e+02	
11  218.826	2.481031e+00	1.287441e-01	8.396975e-01	3.098808e+00	1.067881e+00	8.645353e-02	1.258684e+00	2.255052e-01	3.500166e+00	4.204433e+00	9.974021e-01	9.912748e+00	7.914380e-01	2.465222e-01	2.183067e+00	5.315921e-01	1.049614e+00	8.404106e+01	1.363035e+02	2.137670e-01	1.428683e-01	2.871189e+02	
11  218.939	2.481031e+00	1.287441e-01	8.396975e-01	3.098808e+00	1.067881e+00	8.645353e-02	1.258684e+00	2.255052e-01	3.500166e+00	4.204433e+00	9.976556e-01	9.912748e+00	7.914380e-01	2.465222e-01	2.183067e+00	5.315921e-01	1.049614e+00	8.404106e+01	1.363035e+02	2.137670e-01	1.428683e-01	2.871189e+02	
55  220.301	2.481031e+00	1.287441e-01	8.396975e-01	3.098808e+00	1.067881e+00	8.645353e-02	1.258684e+00	2.255052e-01	3.500166e+00	4.204433e+00	9.993610e-01	9.912748e+00	7.914380e-01	2.465222e-01	2.183067e+00	5.315921e-01	1.049614e+00	8.404106e+01	1.363035e+02	2.137670e-01	1.428683e-01	2.871189e+02	
11  223.188	2.481031e+00	1.287441e-01	8.396975e-01	3.098808e+00	1.067881e+00	8.645353e-02	1.258684e+00	2.255052e-01	3.500166e+00	4.204433e+00	1.001346e+00	9.912748e+00	7.914380e-01	2.465222e-01	2.183067e+00	5.315921e-01	1.049614e+00	8.404106e+01	1.363035e+02	2.137670e-01	1.428683e-01	2.871189e+02	
22  220.719	2.481031e+00	1.287441e-01	8.396975e-01	3.098808e+00	1.067881e+00	8.645353e-02	1.258684e+00	2.255052e-01	3.500166e+00	4.204433e+00	9.997197e-01	9.912748e+00	7.914380e-01	2.465222e-01	2.183067e+00	5.315921e-01	1.049614e+00	8.404106e+01	1.363035e+02	2.137670e-01	1.428683e-01	2.871189e+02	
11  220.347	2.481031e+00	1.287441e-01	8.396975e-01	3.098808e+00	1.067881e+00	8.645353e-02	1.258684e+00	2.255052e-01	3.500166e+00	4.204433e+00	9.994027e-01	9.912748e+00	7.914380e-01	2.465222e-01	2.183067e+00	5.315921e-01	1.049614e+00	8.404106e+01	1.363035e+02	2.137670e-01	1.428683e-01	2.871189e+02	
11  219.158	2.481031e+00	1.287441e-01	8.396975e-01	3.098808e+00	1.067881e+00	8.645353e-02	1.258684e+00	2.255052e-01	3.500166e+00	4.204433e+00	9.980457e-01	9.912748e+00	7.914380e-01	2.465222e-01	2.183067e+00	5.315921e-01	1.049614e+00	8.404106e+01	1.363035e+02	2.137670e-01	1.428683e-01	2.871189e+02	
33  218.807	2.481031e+00	1.287441e-01	8.396975e-01	3.098808e+00	1.067881e+00	8.645353e-02	1.258684e+00	2.255052e-01	3.500166e+00	4.204433e+00	9.973528e-01	9.912748e+00	7.914380e-01	2.465222e-01	2.183067e+00	5.315921e-01	1.049614e+00	8.404106e+01	1.363035e+02	2.137670e-01	1.428683e-01	2.871189e+02	
11  219.47	2.481031e+00	1.287441e-01	8.396975e-01	3.098808e+00	1.067881e+00	8.645353e-02	1.258684e+00	2.255052e-01	3.500166e+00	4.204433e+00	9.941368e-01	9.912748e+00	7.914380e-01	2.465222e-01	2.183067e+00	5.315921e-01	1.049614e+00	8.404106e+01	1.363035e+02	2.137670e-01	1.428683e-01	2.871189e+02	
11  218.97	2.481031e+00	1.287441e-01	8.396975e-01	3.098808e+00	1.067881e+00	8.645353e-02	1.258684e+00	2.255052e-01	3.500166e+00	4.204433e+00	9.948932e-01	9.912748e+00	7.914380e-01	2.465222e-01	2.183067e+00	5.315921e-01	1.049614e+00	8.404106e+01	1.363035e+02	2.137670e-01	1.428683e-01	2.871189e+02	
11  219.317	2.481031e+00	1.287441e-01	8.396975e-01	3.098808e+00	1.067881e+00	8.645353e-02	1.258684e+00	2.255052e-01	3.500166e+00	4.204433e+00	9.943380e-01	9.912748e+00	7.914380e-01	2.465222e-01	2.183067e+00	5.315921e-01	1.049614e+00	8.404106e+01	1.363035e+02	2.137670e-01	1.428683e-01	2.871189e+02	
55  219.956	2.481031e+00	1.287441e-01	8.396975e-01	3.098808e+00	1.067881e+00	8.645353e-02	1.258684e+00	2.255052e-01	3.500166e+00	4.204433e+00	9.936027e-01	9.912748e+00	7.914380e-01	2.465222e-01	2.183067e+00	5.315921e-01	1.049614e+00	8.404106e+01	1.363035e+02	2.137670e-01	1.428683e-01	2.871189e+02	
11  218.787	2.481031e+00	1.287441e-01	8.396975e-01	3.098808e+00	1.067881e+00	8.645353e-02	1.258684e+00	2.255052e-01	3.500166e+00	4.204433e+00	9.953117e-01	9.912748e+00	7.914380e-01	2.465222e-01	2.183067e+00	5.315921e-01	1.049614e+00	8.404106e+01	1.363035e+02	2.137670e-01	1.428683e-01	2.871189e+02	
9  219.747	2.481031e+00	1.287441e-01	8.396975e-01	3.098808e+00	1.067881e+00	8.645353e-02	1.258684e+00	2.255052e-01	3.500166e+00	4.204433e+00	9.938162e-01	9.912748e+00	7.914380e-01	2.465222e-01	2.183067e+00	5.315921e-01	1.049614e+00	8.404106e+01	1.363035e+02	2.137670e-01	1.428683e-01	2.871189e+02	
2  219.99	2.481112e+00	1.289672e-01	8.401601e-01	3.090185e+00	1.066966e+00	8.283817e-02	1.263645e+00	2.240667e-01	3.503271e+00	4.168411e+00	9.928756e-01	9.590658e+00	7.914106e-01	2.465199e-01	2.165097e+00	5.317559e-01	1.049810e+00	8.412201e+01	1.362299e+02	2.138825e-01	1.434242e-01	2.928066e+02	
11  220.217	2.481112e+00	1.289672e-01	8.401601e-01	3.090185e+00	1.066966e+00	8.283817e-02	1.263645e+00	2.240667e-01	3.503271e+00	4.168411e+00	9.926491e-01	9.590658e+00	7.914106e-01	2.465199e-01	2.165097e+00	5.317559e-01	1.049810e+00	8.412201e+01	1.362299e+02	2.138825e-01	1.434242e-01	2.928066e+02	
11  219.747	2.481112e+00	1.289672e-01	8.401601e-01	3.090185e+00	1.066966e+00	8.283817e-02	1.263645e+00	2.240667e-01	3.503271e+00	4.168411e+00	9.931429e-01	9.590658e+00	7.914106e-01	2.465199e-01	2.165097e+00	5.317559e-01	1.049810e+00	8.412201e+01	1.362299e+02	2.138825e-01	1.434242e-01	2.928066e+02	
11  219.463	2.481112e+00	1.289672e-01	8.401601e-01	3.090185e+00	1.066966e+00	8.283817e-02	1.263645e+00	2.240667e-01	3.503271e+00	4.168411e+00	9.935043e-01	9.590658e+00	7.914106e-01	2.465199e-01	2.165097e+00	5.317559e-01	1.049810e+00	8.412201e+01	1.362299e+02	2.138825e-01	1.434242e-01	2.928066e+02	
11  219.734	2.481112e+00	1.289672e-01	8.401601e-01	3.090185e+00	1.066966e+00	8.283817e-02	1.263645e+00	2.240667e-01	3.503271e+00	4.168411e+00	9.931581e-01	9.590658e+00	7.914106e-01	2.465199e-01	2.165097e+00	5.317559e-01	1.049810e+00	8.412201e+01	1.362299e+02	2.138825e-01	1.434242e-01	2.928066e+02	
11  219.908	2.481112e+00	1.289672e-01	8.401601e-01	3.090185e+00	1.066966e+00	8.283817e-02	1.263645e+00	2.240667e-01	3.503271e+00	4.168411e+00	9.929627e-01	9.590658e+00	7.914106e-01	2.465199e-01	2.165097e+00	5.317559e-01	1.049810e+00	8.412201e+01	1.362299e+02	2.138825e-01	1.434242e-01	2.928066e+02	
11  220.033	2.481112e+00	1.289672e-01	8.401601e-01	3.090185e+00	1.066966e+00	8.283817e-02	1.263645e+00	2.240667e-01	3.503271e+00	4.168411e+00	9.928313e-01	9.590658e+00	7.914106e-01	2.465199e-01	2.165097e+00	5.317559e-01	1.049810e+00	8.412201e+01	1.362299e+02	2.138825e-01	1.434242e-01	2.928066e+02	
11  218.879	2.481112e+00	1.289672e-01	8.401601e-01	3.090185e+00	1.066966e+00	8.283817e-02	1.263645e+00	2.240667e-01	3.503271e+00	4.168411e+00	9.946741e-01	9.590658e+00	7.914106e-01	2.465199e-01	2.165097e+00	5.317559e-01	1.049810e+00	8.412201e+01	1.362299e+02	2.138825e-01	1.434242e-01	2.928066e+02	
22  218.862	2.481112e+00	1.289672e-01	8.401601e-01	3.090185e+00	1.066966e+00	8.283817e-02	1.263645e+00	2.240667e-01	3.503271e+00	4.168411e+00	9.961644e-01	9.590658e+00	7.914106e-01	2.465199e-01	2.165097e+00	5.317559e-01	1.049810e+00	8.412201e+01	1.362299e+02	2.138825e-01	1.434242e-01	2.928066e+02	
11  218.876	2.481112e+00	1.289672e-01	8.401601e-01	3.090185e+00	1.066966e+00	8.283817e-02	1.263645e+00	2.240667e-01	3.503271e+00	4.168411e+00	9.962153e-01	9.590658e+00	7.914106e-01	2.465199e-01	2.165097e+00	5.317559e-01	1.049810e+00	8.412201e+01	1.362299e+02	2.138825e-01	1.434242e-01	2.928066e+02	
22  218.816	2.481112e+00	1.289672e-01	8.401601e-01	3.090185e+00	1.066966e+00	8.283817e-02	1.263645e+00	2.240667e-01	3.503271e+00	4.168411e+00	9.959590e-01	9.590658e+00	7.914106e-01	2.465199e-01	2.165097e+00	5.317559e-01	1.049810e+00	8.412201e+01	1.362299e+02	2.138825e-01	1.434242e-01	2.928066e+02	
11  219.513	2.481112e+00	1.289672e-01	8.401601e-01	3.090185e+00	1.066966e+00	8.283817e-02	1.263645e+00	2.240667e-01	3.503271e+00	4.168411e+00	9.974711e-01	9.590658e+00	7.914106e-01	2.465199e-01	2.165097e+00	5.317559e-01	1.049810e+00	8.412201e+01	1.362299e+02	2.138825e-01	1.434242e-01	2.928066e+02	
11  218.849	2.481112e+00	1.289672e-01	8.401601e-01	3.090185e+00	1.066966e+00	8.283817e-02	1.263645e+00	2.240667e-01	3.503271e+00	4.168411e+00	9.947867e-01	9.590658e+00	7.914106e-01	2.465199e-01	2.165097e+00	5.317559e-01	1.049810e+00	8.412201e+01	1.362299e+02	2.138825e-01	1.434242e-01	2.928066e+02	
22  219.405	2.481112e+00	1.289672e-01	8.401601e-01	3.090185e+00	1.066966e+00	8.283817e-02	1.263645e+00	2.240667e-01	3.503271e+00	4.168411e+00	9.935866e-01	9.590658e+00	7.914106e-01	2.465199e-01	2.165097e+00	5.317559e-01	1.049810e+00	8.412201e+01	1.362299e+02	2.138825e-01	1.434242e-01	2.928066e+02	
11  220.13	2.481112e+00	1.289672e-01	8.401601e-01	3.090185e+00	1.066966e+00	8.283817e-02	1.263645e+00	2.240667e-01	3.503271e+00	4.168411e+00	9.927336e-01	9.590658e+00	7.914106e-01	2.465199e-01	2.165097e+00	5.317559e-01	1.049810e+00	8.412201e+01	1.362299e+02	2.138825e-01	1.434242e-01	2.928066e+02	
22  219.137	2.481112e+00	1.289672e-01	8.401601e-01	3.090185e+00	1.066966e+00	8.283817e-02	1.263645e+00	2.240667e-01	3.503271e+00	4.168411e+00	9.940316e-01	9.590658e+00	7.914106e-01	2.465199e-01	2.165097e+00	5.317559e-01	1.049810e+00	8.412201e+01	1.362299e+02	2.138825e-01	1.434242e-01	2.928066e+02	
33  219.511	2.481112e+00	1.289672e-01	8.401601e-01	3.090185e+00	1.066966e+00	8.283817e-02	1.263645e+00	2.240667e-01	3.503271e+00	4.168411e+00	9.974692e-01	9.590658e+00	7.914106e-01	2.465199e-01	2.165097e+00	5.317559e-01	1.049810e+00	8.412201e+01	1.362299e+02	2.138825e-01	1.434242e-01	2.928066e+02	
11  218.805	2.481112e+00	1.289672e-01	8.401601e-01	3.090185e+00	1.066966e+00	8.283817e-02	1.263645e+00	2.240667e-01	3.503271e+00	4.168411e+00	9.950018e-01	9.590658e+00	7.914106e-01	2.465199e-01	2.165097e+00	5.317559e-01	1.049810e+00	8.412201e+01	1.362299e+02	2.138825e-01	1.434242e-01	2.928066e+02	
11  219.022	2.481112e+00	1.289672e-01	8.401601e-01	3.090185e+00	1.066966e+00	8.283817e-02	1.263645e+00	2.240667e-01	3.503271e+00	4.168411e+00	9.942733e-01	9.590658e+00	7.914106e-01	2.465199e-01	2.165097e+00	5.317559e-01	1.049810e+00	8.412201e+01	1.362299e+02	2.138825e-01	1.434242e-01	2.928066e+02	
11  218.883	2.481112e+00	1.289672e-01	8.401601e-01	3.090185e+00	1.066966e+00	8.283817e-02	1.263645e+00	2.240667e-01	3.503271e+00	4.168411e+00	9.962398e-01	9.590658e+00	7.914106e-01	2.465199e-01	2.165097e+00	5.317559e-01	1.049810e+00	8.412201e+01	1.362299e+02	2.138825e-01	1.434242e-01	2.928066e+02	
11  218.809	2.481112e+00	1.289672e-01	8.401601e-01	3.090185e+00	1.066966e+00	8.283817e-02	1.263645e+00	2.240667e-01	3.503271e+00	4.168411e+00	9.959194e-01	9.590658e+00	7.914106e-01	2.465199e-01	2.165097e+00	5.317559e-01	1.049810e+00	8.412201e+01	1.362299e+02	2.138825e-01	1.434242e-01	2.928066e+02	
22  218.771	2.481112e+00	1.289672e-01	8.401601e-01	3.090185e+00	1.066966e+00	8.283817e-02	1.263645e+00	2.240667e-01	3.503271e+00	4.168411e+00	9.953492e-01	9.590658e+00	7.914106e-01	2.465199e-01	2.165097e+00	5.317559e-01	1.049810e+00	8.412201e+01	1.362299e+02	2.138825e-01	1.434242e-01	2.928066e+02	
11  219.468	2.481112e+00	1.289672e-01	8.401601e-01	3.090185e+00	1.066966e+00	8.283817e-02	1.263645e+00	2.240667e-01	3.503271e+00	4.168411e+00	9.974091e-01	9.590658e+00	7.914106e-01	2.465199e-01	2.165097e+00	5.317559e-01	1.049810e+00	8.412201e+01	1.362299e+02	2.138825e-01	1.434242e-01	2.928066e+02	
11  218.965	2.481112e+00	1.289672e-01	8.401601e-01	3.090185e+00	1.066966e+00	8.283817e-02	1.263645e+00	2.240667e-01	3.503271e+00	4.168411e+00	9.964871e-01	9.590658e+00	7.914106e-01	2.465199e-01	2.165097e+00	5.317559e-01	1.049810e+00	8.412201e+01	1.362299e+02	2.138825e-01	1.434242e-01	2.928066e+02	
11  219.079	2.481112e+00	1.289672e-01	8.401601e-01	3.090185e+00	1.066966e+00	8.283817e-02	1.263645e+00	2.240667e-01	3.503271e+00	4.168411e+00	9.941486e-01	9.590658e+00	7.914106e-01	2.465199e-01	2.165097e+00	5.317559e-01	1.049810e+00	8.412201e+01	1.362299e+02	2.138825e-01	1.434242e-01	2.928066e+02	
11  219.274	2.481112e+00	1.289672e-01	8.401601e-01	3.090185e+00	1.066966e+00	8.283817e-02	1.263645e+00	2.240667e-01	3.503271e+00	4.168411e+00	9.937877e-01	9.590658e+00	7.914106e-01	2.465199e-01	2.165097e+00	5.317559e-01	1.049810e+00	8.412201e+01	1.362299e+02	2.138825e-01	1.434242e-01	2.928066e+02	
11  219.991	2.481112e+00	1.289672e-01	8.401601e-01	3.090185e+00	1.066966e+00	8.283817e-02	1.263645e+00	2.240667e-01	3.503271e+00	4.168411e+00	9.928750e-01	9.590658e+00	7.914106e-01	2.465199e-01	2.165097e+00	5.317559e-01	1.049810e+00	8.412201e+01	1.362299e+02	2.138825e-01	1.434242e-01	2.928066e+02	
11  219.897	2.481112e+00	1.289672e-01	8.401601e-01	3.090185e+00	1.066966e+00	8.283817e-02	1.263645e+00	2.240667e-01	3.503271e+00	4.168411e+00	9.929748e-01	9.590658e+00	7.914106e-01	2.465199e-01	2.165097e+00	5.317559e-01	1.049810e+00	8.412201e+01	1.362299e+02	2.138825e-01	1.434242e-01	2.928066e+02	
11  218.785	2.481112e+00	1.289672e-01	8.401601e-01	3.090185e+00	1.066966e+00	8.283817e-02	1.263645e+00	2.240667e-01	3.503271e+00	4.168411e+00	9.951452e-01	9.590658e+00	7.914106e-01	2.465199e-01	2.165097e+00	5.317559e-01	1.049810e+00	8.412201e+01	1.362299e+02	2.138825e-01	1.434242e-01	2.928066e+02	
11  219.616	2.481112e+00	1.289672e-01	8.401601e-01	3.090185e+00	1.066966e+00	8.283817e-02	1.263645e+00	2.240667e-01	3.503271e+00	4.168411e+00	9.976085e-01	9.590658e+00	7.914106e-01	2.465199e-01	2.165097e+00	5.317559e-01	1.049810e+00	8.412201e+01	1.362299e+02	2.138825e-01	1.434242e-01	2.928066e+02	
11  219.049	2.481112e+00	1.289672e-01	8.401601e-01	3.090185e+00	1.066966e+00	8.283817e-02	1.263645e+00	2.240667e-01	3.503271e+00	4.168411e+00	9.966924e-01	9.590658e+00	7.914106e-01	2.465199e-01	2.165097e+00	5.317559e-01	1.049810e+00	8.412201e+01	1.362299e+02	2.138825e-01	1.434242e-01	2.928066e+02	
11  218.777	2.481112e+00	1.289672e-01	8.401601e-01	3.090185e+00	1.066966e+00	8.283817e-02	1.263645e+00	2.240667e-01	3.503271e+00	4.168411e+00	9.956472e-01	9.590658e+00	7.914106e-01	2.465199e-01	2.165097e+00	5.317559e-01	1.049810e+00	8.412201e+01	1.362299e+02	2.138825e-01	1.434242e-01	2.928066e+02	
11  218.769	2.481112e+00	1.289672e-01	8.401601e-01	3.090185e+00	1.066966e+00	8.283817e-02	1.263645e+00	2.240667e-01	3.503271e+00	4.168411e+00	9.954407e-01	9.590658e+00	7.914106e-01	2.465199e-01	2.165097e+00	5.317559e-01	1.049810e+00	8.412201e+01	1.362299e+02	2.138825e-01	1.434242e-01	2.928066e+02	
11  218.905	2.481112e+00	1.289672e-01	8.401601e-01	3.090185e+00	1.066966e+00	8.283817e-02	1.263645e+00	2.240667e-01	3.503271e+00	4.168411e+00	9.945855e-01	9.590658e+00	7.914106e-01	2.465199e-01	2.165097e+00	5.317559e-01	1.049810e+00	8.412201e+01	1.362299e+02	2.138825e-01	1.434242e-01	2.928066e+02	
11  218.809	2.481112e+00	1.289672e-01	8.401601e-01	3.090185e+00	1.066966e+00	8.283817e-02	1.263645e+00	2.240667e-01	3.503271e+00	4.168411e+00	9.949783e-01	9.590658e+00	7.914106e-01	2.465199e-01	2.165097e+00	5.317559e-01	1.049810e+00	8.412201e+01	1.362299e+02	2.138825e-01	1.434242e-01	2.928066e+02	
11  218.769	2.481112e+00	1.289672e-01	8.401601e-01	3.090185e+00	1.066966e+00	8.283817e-02	1.263645e+00	2.240667e-01	3.503271e+00	4.168411e+00	9.954590e-01	9.590658e+00	7.914106e-01	2.465199e-01	2.165097e+00	5.317559e-01	1.049810e+00	8.412201e+01	1.362299e+02	2.138825e-01	1.434242e-01	2.928066e+02	
22  218.795	2.481112e+00	1.289672e-01	8.401601e-01	3.090185e+00	1.066966e+00	8.283817e-02	1.263645e+00	2.240667e-01	3.503271e+00	4.168411e+00	9.950645e-01	9.590658e+00	7.914106e-01	2.465199e-01	2.165097e+00	5.317559e-01	1.049810e+00	8.412201e+01	1.362299e+02	2.138825e-01	1.434242e-01	2.928066e+02	
11  218.807	2.481112e+00	1.289672e-01	8.401601e-01	3.090185e+00	1.066966e+00	8.283817e-02	1.263645e+00	2.240667e-01	3.503271e+00	4.168411e+00	9.959073e-01	9.590658e+00	7.914106e-01	2.465199e-01	2.165097e+00	5.317559e-01	1.049810e+00	8.412201e+01	1.362299e+02	2.138825e-01	1.434242e-01	2.928066e+02	
11  218.777	2.481112e+00	1.289672e-01	8.401601e-01	3.090185e+00	1.066966e+00	8.283817e-02	1.263645e+00	2.240667e-01	3.503271e+00	4.168411e+00	9.956516e-01	9.590658e+00	7.914106e-01	2.465199e-01	2.165097e+00	5.317559e-01	1.049810e+00	8.412201e+01	1.362299e+02	2.138825e-01	1.434242e-01	2.928066e+02	
11  219.608	2.481112e+00	1.289672e-01	8.401601e-01	3.090185e+00	1.066966e+00	8.283817e-02	1.263645e+00	2.240667e-01	3.503271e+00	4.168411e+00	9.933116e-01	9.590658e+00	7.914106e-01	2.465199e-01	2.165097e+00	5.317559e-01	1.049810e+00	8.412201e+01	1.362299e+02	2.138825e-01	1.434242e-01	2.928066e+02	
11  219.288	2.481112e+00	1.289672e-01	8.401601e-01	3.090185e+00	1.066966e+00	8.283817e-02	1.263645e+00	2.240667e-01	3.503271e+00	4.168411e+00	9.937654e-01	9.590658e+00	7.914106e-01	2.465199e-01	2.165097e+00	5.317559e-01	1.049810e+00	8.412201e+01	1.362299e+02	2.138825e-01	1.434242e-01	2.928066e+02	
11  219.877	2.481112e+00	1.289672e-01	8.401601e-01	3.090185e+00	1.066966e+00	8.283817e-02	1.263645e+00	2.240667e-01	3.503271e+00	4.168411e+00	9.929967e-01	9.590658e+00	7.914106e-01	2.465199e-01	2.165097e+00	5.317559e-01	1.049810e+00	8.412201e+01	1.362299e+02	2.138825e-01	1.434242e-01	2.928066e+02	
11  219.839	2.481112e+00	1.289672e-01	8.401601e-01	3.090185e+00	1.066966e+00	8.283817e-02	1.263645e+00	2.240667e-01	3.503271e+00	4.168411e+00	9.930379e-01	9.590658e+00	7.914106e-01	2.465199e-01	2.165097e+00	5.317559e-01	1.049810e+00	8.412201e+01	1.362299e+02	2.138825e-01	1.434242e-01	2.928066e+02	
22  219.484	2.481112e+00	1.289672e-01	8.401601e-01	3.090185e+00	1.066966e+00	8.283817e-02	1.263645e+00	2.240667e-01	3.503271e+00	4.168411e+00	9.934753e-01	9.590658e+00	7.914106e-01	2.465199e-01	2.165097e+00	5.317559e-01	1.049810e+00	8.412201e+01	1.362299e+02	2.138825e-01	1.434242e-01	2.928066e+02	
11  219.032	2.481112e+00	1.289672e-01	8.401601e-01	3.090185e+00	1.066966e+00	8.283817e-02	1.263645e+00	2.240667e-01	3.503271e+00	4.168411e+00	9.942506e-01	9.590658e+00	7.914106e-01	2.465199e-01	2.165097e+00	5.317559e-01	1.049810e+00	8.412201e+01	1.362299e+02	2.138825e-01	1.434242e-01	2.928066e+02	
22  219.625	2.481112e+00	1.289672e-01	8.401601e-01	3.090185e+00	1.066966e+00	8.283817e-02	1.263645e+00	2.240667e-01	3.503271e+00	4.168411e+00	9.932902e-01	9.590658e+00	7.914106e-01	2.465199e-01	2.165097e+00	5.317559e-01	1.049810e+00	8.412201e+01	1.362299e+02	2.138825e-01	1.434242e-01	2.928066e+02	
11  219.823	2.481112e+00	1.289672e-01	8.401601e-01	3.090185e+00	1.066966e+00	8.283817e-02	1.263645e+00	2.240667e-01	3.503271e+00	4.168411e+00	9.930562e-01	9.590658e+00	7.914106e-01	2.465199e-01	2.165097e+00	5.317559e-01	1.049810e+00	8.412201e+01	1.362299e+02	2.138825e-01	1.434242e-01	2.928066e+02	
11  219.225	2.481112e+00	1.289672e-01	8.401601e-01	3.090185e+00	1.066966e+00	8.283817e-02	1.263645e+00	2.240667e-01	3.503271e+00	4.168411e+00	9.938729e-01	9.590658e+00	7.914106e-01	2.465199e-01	2.165097e+00	5.317559e-01	1.049810e+00	8.412201e+01	1.362299e+02	2.138825e-01	1.434242e-01	2.928066e+02	
11  219.325	2.481112e+00	1.289672e-01	8.401601e-01	3.090185e+00	1.066966e+00	8.283817e-02	1.263645e+00	2.240667e-01	3.503271e+00	4.168411e+00	9.937067e-01	9.590658e+00	7.914106e-01	2.465199e-01	2.165097e+00	5.317559e-01	1.049810e+00	8.412201e+01	1.362299e+02	2.138825e-01	1.434242e-01	2.928066e+02	
11  219.075	2.481112e+00	1.289672e-01	8.401601e-01	3.090185e+00	1.066966e+00	8.283817e-02	1.263645e+00	2.240667e-01	3.503271e+00	4.168411e+00	9.941576e-01	9.590658e+00	7.914106e-01	2.465199e-01	2.165097e+00	5.317559e-01	1.049810e+00	8.412201e+01	1.362299e+02	2.138825e-01	1.434242e-01	2.928066e+02	
11  218.778	2.481112e+00	1.289672e-01	8.401601e-01	3.090185e+00	1.066966e+00	8.283817e-02	1.263645e+00	2.240667e-01	3.503271e+00	4.168411e+00	9.952300e-01	9.590658e+00	7.914106e-01	2.465199e-01	2.165097e+00	5.317559e-01	1.049810e+00	8.412201e+01	1.362299e+02	2.138825e-01	1.434242e-01	2.928066e+02	
11  219.183	2.481112e+00	1.289672e-01	8.401601e-01	3.090185e+00	1.066966e+00	8.283817e-02	1.263645e+00	2.240667e-01	3.503271e+00	4.168411e+00	9.939467e-01	9.590658e+00	7.914106e-01	2.465199e-01	2.165097e+00	5.317559e-01	1.049810e+00	8.412201e+01	1.362299e+02	2.138825e-01	1.434242e-01	2.928066e+02	
22  219.914	2.481112e+00	1.289672e-01	8.401601e-01	3.090185e+00	1.066966e+00	8.283817e-02	1.263645e+00	2.240667e-01	3.503271e+00	4.168411e+00	9.929560e-01	9.590658e+00	7.914106e-01	2.465199e-01	2.165097e+00	5.317559e-01	1.049810e+00	8.412201e+01	1.362299e+02	2.138825e-01	1.434242e-01	2.928066e+02	
11  219.344	2.481112e+00	1.289672e-01	8.401601e-01	3.090185e+00	1.066966e+00	8.283817e-02	1.263645e+00	2.240667e-01	3.503271e+00	4.168411e+00	9.936774e-01	9.590658e+00	7.914106e-01	2.465199e-01	2.165097e+00	5.317559e-01	1.049810e+00	8.412201e+01	1.362299e+02	2.138825e-01	1.434242e-01	2.928066e+02	
11  220.652	2.481112e+00	1.289672e-01	8.401601e-01	3.090185e+00	1.066966e+00	8.283817e-02	1.263645e+00	2.240667e-01	3.503271e+00	4.168411e+00	9.922570e-01	9.590658e+00	7.914106e-01	2.465199e-01	2.165097e+00	5.317559e-01	1.049810e+00	8.412201e+01	1.362299e+02	2.138825e-01	1.434242e-01	2.928066e+02	
11  218.789	2.481112e+00	1.289672e-01	8.401601e-01	3.090185e+00	1.066966e+00	8.283817e-02	1.263645e+00	2.240667e-01	3.503271e+00	4.168411e+00	9.957849e-01	9.590658e+00	7.914106e-01	2.465199e-01	2.165097e+00	5.317559e-01	1.049810e+00	8.412201e+01	1.362299e+02	2.138825e-01	1.434242e-01	2.928066e+02	
11  219.086	2.481112e+00	1.289672e-01	8.401601e-01	3.090185e+00	1.066966e+00	8.283817e-02	1.263645e+00	2.240667e-01	3.503271e+00	4.168411e+00	9.967706e-01	9.590658e+00	7.914106e-01	2.465199e-01	2.165097e+00	5.317559e-01	1.049810e+00	8.412201e+01	1.362299e+02	2.138825e-01	1.434242e-01	2.928066e+02	
33  218.982	2.481112e+00	1.289672e-01	8.401601e-01	3.090185e+00	1.066966e+00	8.283817e-02	1.263645e+00	2.240667e-01	3.503271e+00	4.168411e+00	9.965328e-01	9.590658e+00	7.914106e-01	2.465199e-01	2.165097e+00	5.317559e-01	1.049810e+00	8.412201e+01	1.362299e+02	2.138825e-01	1.434242e-01	2.928066e+02	
11  218.992	2.481112e+00	1.289672e-01	8.401601e-01	3.090185e+00	1.066966e+00	8.283817e-02	1.263645e+00	2.240667e-01	3.503271e+00	4.168411e+00	9.965581e-01	9.590658e+00	7.914106e-01	2.465199e-01	2.165097e+00	5.317559e-01	1.049810e+00	8.412201e+01	1.362299e+02	2.138825e-01	1.434242e-01	2.928066e+02	
11  218.935	2.481112e+00	1.289672e-01	8.401601e-01	3.090185e+00	1.066966e+00	8.283817e-02	1.263645e+00	2.240667e-01	3.503271e+00	4.168411e+00	9.944966e-01	9.590658e+00	7.914106e-01	2.465199e-01	2.165097e+00	5.317559e-01	1.049810e+00	8.412201e+01	1.362299e+02	2.138825e-01	1.434242e-01	2.928066e+02	
11  218.932	2.481112e+00	1.289672e-01	8.401601e-01	3.090185e+00	1.066966e+00	8.283817e-02	1.263645e+00	2.240667e-01	3.503271e+00	4.168411e+00	9.945057e-01	9.590658e+00	7.914106e-01	2.465199e-01	2.165097e+00	5.317559e-01	1.049810e+00	8.412201e+01	1.362299e+02	2.138825e-01	1.434242e-01	2.928066e+02	
66  219.012	2.481112e+00	1.289672e-01	8.401601e-01	3.090185e+00	1.066966e+00	8.283817e-02	1.263645e+00	2.240667e-01	3.503271e+00	4.168411e+00	9.942965e-01	9.590658e+00	7.914106e-01	2.465199e-01	2.165097e+00	5.317559e-01	1.049810e+00	8.412201e+01	1.362299e+02	2.138825e-01	1.434242e-01	2.928066e+02	
11  219.072	2.481112e+00	1.289672e-01	8.401601e-01	3.090185e+00	1.066966e+00	8.283817e-02	1.263645e+00	2.240667e-01	3.503271e+00	4.168411e+00	9.941632e-01	9.590658e+00	7.914106e-01	2.465199e-01	2.165097e+00	5.317559e-01	1.049810e+00	8.412201e+01	1.362299e+02	2.138825e-01	1.434242e-01	2.928066e+02	
11  218.769	2.481112e+00	1.289672e-01	8.401601e-01	3.090185e+00	1.066966e+00	8.283817e-02	1.263645e+00	2.240667e-01	3.503271e+00	4.168411e+00	9.954481e-01	9.590658e+00	7.914106e-01	2.465199e-01	2.165097e+00	5.317559e-01	1.049810e+00	8.412201e+01	1.362299e+02	2.138825e-01	1.434242e-01	2.928066e+02	
11  218.843	2.481112e+00	1.289672e-01	8.401601e-01	3.090185e+00	1.066966e+00	8.283817e-02	1.263645e+00	2.240667e-01	3.503271e+00	4.168411e+00	9.960880e-01	9.590658e+00	7.914106e-01	2.465199e-01	2.165097e+00	5.317559e-01	1.049810e+00	8.412201e+01	1.362299e+02	2.138825e-01	1.434242e-01	2.928066e+02	
11  218.917	2.481112e+00	1.289672e-01	8.401601e-01	3.090185e+00	1.066966e+00	8.283817e-02	1.263645e+00	2.240667e-01	3.503271e+00	4.168411e+00	9.945503e-01	9.590658e+00	7.914106e-01	2.465199e-01	2.165097e+00	5.317559e-01	1.049810e+00	8.412201e+01	1.362299e+02	2.138825e-01	1.434242e-01	2.928066e+02	
11  218.799	2.481112e+00	1.289672e-01	8.401601e-01	3.090185e+00	1.066966e+00	8.283817e-02	1.263645e+00	2.240667e-01	3.503271e+00	4.168411e+00	9.958572e-01	9.590658e+00	7.914106e-01	2.465199e-01	2.165097e+00	5.317559e-01	1.049810e+00	8.412201e+01	1.362299e+02	2.138825e-01	1.434242e-01	2.928066e+02	
11  218.781	2.481112e+00	1.289672e-01	8.401601e-01	3.090185e+00	1.066966e+00	8.283817e-02	1.263645e+00	2.240667e-01	3.503271e+00	4.168411e+00	9.951795e-01	9.590658e+00	7.914106e-01	2.465199e-01	2.165097e+00	5.317559e-01	1.049810e+00	8.412201e+01	1.362299e+02	2.138825e-01	1.434242e-01	2.928066e+02	
11  220.333	2.481112e+00	1.289672e-01	8.401601e-01	3.090185e+00	1.066966e+00	8.283817e-02	1.263645e+00	2.240667e-01	3.503271e+00	4.168411e+00	9.925395e-01	9.590658e+00	7.914106e-01	2.465199e-01	2.165097e+00	5.317559e-01	1.049810e+00	8.412201e+01	1.362299e+02	2.138825e-01	1.434242e-01	2.928066e+02	
11  220.882	2.481112e+00	1.289672e-01	8.401601e-01	3.090185e+00	1.066966e+00	8.283817e-02	1.263645e+00	2.240667e-01	3.503271e+00	4.168411e+00	9.920682e-01	9.590658e+00	7.914106e-01	2.465199e-01	2.165097e+00	5.317559e-01	1.049810e+00	8.412201e+01	1.362299e+02	2.138825e-01	1.434242e-01	2.928066e+02	
22  224.172	2.481112e+00	1.289672e-01	8.401601e-01	3.090185e+00	1.066966e+00	8.283817e-02	1.263645e+00	2.240667e-01	3.503271e+00	4.168411e+00	9.900594e-01	9.590658e+00	7.914106e-01	2.465199e-01	2.165097e+00	5.317559e-01	1.049810e+00	8.412201e+01	1.362299e+02	2.138825e-01	1.434242e-01	2.928066e+02	
11  221.43	2.481112e+00	1.289672e-01	8.401601e-01	3.090185e+00	1.066966e+00	8.283817e-02	1.263645e+00	2.240667e-01	3.503271e+00	4.168411e+00	9.916575e-01	9.590658e+00	7.914106e-01	2.465199e-01	2.165097e+00	5.317559e-01	1.049810e+00	8.412201e+01	1.362299e+02	2.138825e-01	1.434242e-01	2.928066e+02	
11  220.263	2.481112e+00	1.289672e-01	8.401601e-01	3.090185e+00	1.066966e+00	8.283817e-02	1.263645e+00	2.240667e-01	3.503271e+00	4.168411e+00	9.926048e-01	9.590658e+00	7.914106e-01	2.465199e-01	2.165097e+00	5.317559e-01	1.049810e+00	8.412201e+01	1.362299e+02	2.138825e-01	1.434242e-01	2.928066e+02	
33  219.006	2.481112e+00	1.289672e-01	8.401601e-01	3.090185e+00	1.066966e+00	8.283817e-02	1.263645e+00	2.240667e-01	3.503271e+00	4.168411e+00	9.943101e-01	9.590658e+00	7.914106e-01	2.465199e-01	2.165097e+00	5.317559e-01	1.049810e+00	8.412201e+01	1.362299e+02	2.138825e-01	1.434242e-01	2.928066e+02	
11  220.055	2.481112e+00	1.289672e-01	8.401601e-01	3.090185e+00	1.066966e+00	8.283817e-02	1.263645e+00	2.240667e-01	3.503271e+00	4.168411e+00	9.928091e-01	9.590658e+00	7.914106e-01	2.465199e-01	2.165097e+00	5.317559e-01	1.049810e+00	8.412201e+01	1.362299e+02	2.138825e-01	1.434242e-01	2.928066e+02	
11  219.786	2.481112e+00	1.289672e-01	8.401601e-01	3.090185e+00	1.066966e+00	8.283817e-02	1.263645e+00	2.240667e-01	3.503271e+00	4.168411e+00	9.930977e-01	9.590658e+00	7.914106e-01	2.465199e-01	2.165097e+00	5.317559e-01	1.049810e+00	8.412201e+01	1.362299e+02	2.138825e-01	1.434242e-01	2.928066e+02	
33  222.712	2.481112e+00	1.289672e-01	8.401601e-01	3.090185e+00	1.066966e+00	8.283817e-02	1.263645e+00	2.240667e-01	3.503271e+00	4.168411e+00	9.908389e-01	9.590658e+00	7.914106e-01	2.465199e-01	2.165097e+00	5.317559e-01	1.049810e+00	8.412201e+01	1.362299e+02	2.138825e-01	1.434242e-01	2.928066e+02	
11  222.17	2.481112e+00	1.289672e-01	8.401601e-01	3.090185e+00	1.066966e+00	8.283817e-02	1.263645e+00	2.240667e-01	3.503271e+00	4.168411e+00	9.911652e-01	9.590658e+00	7.914106e-01	2.465199e-01	2.165097e+00	5.317559e-01	1.049810e+00	8.412201e+01	1.362299e+02	2.138825e-01	1.434242e-01	2.928066e+02	
11  222.032	2.481112e+00	1.289672e-01	8.401601e-01	3.090185e+00	1.066966e+00	8.283817e-02	1.263645e+00	2.240667e-01	3.503271e+00	4.168411e+00	9.912527e-01	9.590658e+00	7.914106e-01	2.465199e-01	2.165097e+00	5.317559e-01	1.049810e+00	8.412201e+01	1.362299e+02	2.138825e-01	1.434242e-01	2.928066e+02	
11  221.36	2.481112e+00	1.289672e-01	8.401601e-01	3.090185e+00	1.066966e+00	8.283817e-02	1.263645e+00	2.240667e-01	3.503271e+00	4.168411e+00	9.917075e-01	9.590658e+00	7.914106e-01	2.465199e-01	2.165097e+00	5.317559e-01	1.049810e+00	8.412201e+01	1.362299e+02	2.138825e-01	1.434242e-01	2.928066e+02	
11  220.655	2.481112e+00	1.289672e-01	8.401601e-01	3.090185e+00	1.066966e+00	8.283817e-02	1.263645e+00	2.240667e-01	3.503271e+00	4.168411e+00	9.922537e-01	9.590658e+00	7.914106e-01	2.465199e-01	2.165097e+00	5.317559e-01	1.049810e+00	8.412201e+01	1.362299e+02	2.138825e-01	1.434242e-01	2.928066e+02	
11  220.797	2.481112e+00	1.289672e-01	8.401601e-01	3.090185e+00	1.066966e+00	8.283817e-02	1.263645e+00	2.240667e-01	3.503271e+00	4.168411e+00	9.921368e-01	9.590658e+00	7.914106e-01	2.465199e-01	2.165097e+00	5.317559e-01	1.049810e+00	8.412201e+01	1.362299e+02	2.138825e-01	1.434242e-01	2.928066e+02	
22  220.761	2.481112e+00	1.289672e-01	8.401601e-01	3.090185e+00	1.066966e+00	8.283817e-02	1.263645e+00	2.240667e-01	3.503271e+00	4.168411e+00	9.921661e-01	9.590658e+00	7.914106e-01	2.465199e-01	2.165097e+00	5.317559e-01	1.049810e+00	8.412201e+01	1.362299e+02	2.138825e-01	1.434242e-01	2.928066e+02	
11  219.298	2.481112e+00	1.289672e-01	8.401601e-01	3.090185e+00	1.066966e+00	8.283817e-02	1.263645e+00	2.240667e-01	3.503271e+00	4.168411e+00	9.937501e-01	9.590658e+00	7.914106e-01	2.465199e-01	2.165097e+00	5.317559e-01	1.049810e+00	8.412201e+01	1.362299e+02	2.138825e-01	1.434242e-01	2.928066e+02	
11  218.792	2.481112e+00	1.289672e-01	8.401601e-01	3.090185e+00	1.066966e+00	8.283817e-02	1.263645e+00	2.240667e-01	3.503271e+00	4.168411e+00	9.950879e-01	9.590658e+00	7.914106e-01	2.465199e-01	2.165097e+00	5.317559e-01	1.049810e+00	8.412201e+01	1.362299e+02	2.138825e-01	1.434242e-01	2.928066e+02	
11  219.018	2.481112e+00	1.289672e-01	8.401601e-01	3.090185e+00	1.066966e+00	8.283817e-02	1.263645e+00	2.240667e-01	3.503271e+00	4.168411e+00	9.942824e-01	9.590658e+00	7.914106e-01	2.465199e-01	2.165097e+00	5.317559e-01	1.049810e+00	8.412201e+01	1.362299e+02	2.138825e-01	1.434242e-01	2.928066e+02	
11  218.817	2.481112e+00	1.289672e-01	8.401601e-01	3.090185e+00	1.066966e+00	8.283817e-02	1.263645e+00	2.240667e-01	3.503271e+00	4.168411e+00	9.949318e-01	9.590658e+00	7.914106e-01	2.465199e-01	2.165097e+00	5.317559e-01	1.049810e+00	8.412201e+01	1.362299e+02	2.138825e-01	1.434242e-01	2.928066e+02	
22  218.94	2.481112e+00	1.289672e-01	8.401601e-01	3.090185e+00	1.066966e+00	8.283817e-02	1.263645e+00	2.240667e-01	3.503271e+00	4.168411e+00	9.944825e-01	9.590658e+00	7.914106e-01	2.465199e-01	2.165097e+00	5.317559e-01	1.049810e+00	8.412201e+01	1.362299e+02	2.138825e-01	1.434242e-01	2.928066e+02	
22  218.78	2.481112e+00	1.289672e-01	8.401601e-01	3.090185e+00	1.066966e+00	8.283817e-02	1.263645e+00	2.240667e-01	3.503271e+00	4.168411e+00	9.956843e-01	9.590658e+00	7.914106e-01	2.465199e-01	2.165097e+00	5.317559e-01	1.049810e+00	8.412201e+01	1.362299e+02	2.138825e-01	1.434242e-01	2.928066e+02	
33  218.778	2.481112e+00	1.289672e-01	8.401601e-01	3.090185e+00	1.066966e+00	8.283817e-02	1.263645e+00	2.240667e-01	3.503271e+00	4.168411e+00	9.952287e-01	9.590658e+00	7.914106e-01	2.465199e-01	2.165097e+00	5.317559e-01	1.049810e+00	8.412201e+01	1.362299e+02	2.138825e-01	1.434242e-01	2.928066e+02	
22  218.91	2.481112e+00	1.289672e-01	8.401601e-01	3.090185e+00	1.066966e+00	8.283817e-02	1.263645e+00	2.240667e-01	3.503271e+00	4.168411e+00	9.945706e-01	9.590658e+00	7.914106e-01	2.465199e-01	2.165097e+00	5.317559e-01	1.049810e+00	8.412201e+01	1.362299e+02	2.138825e-01	1.434242e-01	2.928066e+02	
11  219.056	2.481112e+00	1.289672e-01	8.401601e-01	3.090185e+00	1.066966e+00	8.283817e-02	1.263645e+00	2.240667e-01	3.503271e+00	4.168411e+00	9.941978e-01	9.590658e+00	7.914106e-01	2.465199e-01	2.165097e+00	5.317559e-01	1.049810e+00	8.412201e+01	1.362299e+02	2.138825e-01	1.434242e-01	2.928066e+02	
11  219.249	2.481112e+00	1.289672e-01	8.401601e-01	3.090185e+00	1.066966e+00	8.283817e-02	1.263645e+00	2.240667e-01	3.503271e+00	4.168411e+00	9.938312e-01	9.590658e+00	7.914106e-01	2.465199e-01	2.165097e+00	5.317559e-01	1.049810e+00	8.412201e+01	1.362299e+02	2.138825e-01	1.434242e-01	2.928066e+02	
11  219.761	2.481112e+00	1.289672e-01	8.401601e-01	3.090185e+00	1.066966e+00	8.283817e-02	1.263645e+00	2.240667e-01	3.503271e+00	4.168411e+00	9.931264e-01	9.590658e+00	7.914106e-01	2.465199e-01	2.165097e+00	5.317559e-01	1.049810e+00	8.412201e+01	1.362299e+02	2.138825e-01	1.434242e-01	2.928066e+02	
11  218.911	2.481112e+00	1.289672e-01	8.401601e-01	3.090185e+00	1.066966e+00	8.283817e-02	1.263645e+00	2.240667e-01	3.503271e+00	4.168411e+00	9.945669e-01	9.590658e+00	7.914106e-01	2.465199e-01	2.165097e+00	5.317559e-01	1.049810e+00	8.412201e+01	1.362299e+02	2.138825e-01	1.434242e-01	2.928066e+02	
22  218.857	2.481112e+00	1.289672e-01	8.401601e-01	3.090185e+00	1.066966e+00	8.283817e-02	1.263645e+00	2.240667e-01	3.503271e+00	4.168411e+00	9.947560e-01	9.590658e+00	7.914106e-01	2.465199e-01	2.165097e+00	5.317559e-01	1.049810e+00	8.412201e+01	1.362299e+02	2.138825e-01	1.434242e-01	2.928066e+02	
11  218.866	2.481112e+00	1.289672e-01	8.401601e-01	3.090185e+00	1.066966e+00	8.283817e-02	1.263645e+00	2.240667e-01	3.503271e+00	4.168411e+00	9.947200e-01	9.590658e+00	7.914106e-01	2.465199e-01	2.165097e+00	5.317559e-01	1.049810e+00	8.412201e+01	1.362299e+02	2.138825e-01	1.434242e-01	2.928066e+02	
22  218.771	2.481112e+00	1.289672e-01	8.401601e-01	3.090185e+00	1.066966e+00	8.283817e-02	1.263645e+00	2.240667e-01	3.503271e+00	4.168411e+00	9.953594e-01	9.590658e+00	7.914106e-01	2.465199e-01	2.165097e+00	5.317559e-01	1.049810e+00	8.412201e+01	1.362299e+02	2.138825e-01	1.434242e-01	2.928066e+02	
11  219.235	2.481112e+00	1.289672e-01	8.401601e-01	3.090185e+00	1.066966e+00	8.283817e-02	1.263645e+00	2.240667e-01	3.503271e+00	4.168411e+00	9.938551e-01	9.590658e+00	7.914106e-01	2.465199e-01	2.165097e+00	5.317559e-01	1.049810e+00	8.412201e+01	1.362299e+02	2.138825e-01	1.434242e-01	2.928066e+02	
11  218.801	2.481112e+00	1.289672e-01	8.401601e-01	3.090185e+00	1.066966e+00	8.283817e-02	1.263645e+00	2.240667e-01	3.503271e+00	4.168411e+00	9.958722e-01	9.590658e+00	7.914106e-01	2.465199e-01	2.165097e+00	5.317559e-01	1.049810e+00	8.412201e+01	1.362299e+02	2.138825e-01	1.434242e-01	2.928066e+02	
11  218.878	2.481112e+00	1.289672e-01	8.401601e-01	3.090185e+00	1.066966e+00	8.283817e-02	1.263645e+00	2.240667e-01	3.503271e+00	4.168411e+00	9.962241e-01	9.590658e+00	7.914106e-01	2.465199e-01	2.165097e+00	5.317559e-01	1.049810e+00	8.412201e+01	1.362299e+02	2.138825e-01	1.434242e-01	2.928066e+02	
11  219.826	2.481112e+00	1.289672e-01	8.401601e-01	3.090185e+00	1.066966e+00	8.283817e-02	1.263645e+00	2.240667e-01	3.503271e+00	4.168411e+00	9.978618e-01	9.590658e+00	7.914106e-01	2.465199e-01	2.165097e+00	5.317559e-01	1.049810e+00	8.412201e+01	1.362299e+02	2.138825e-01	1.434242e-01	2.928066e+02	
55  219.958	2.481112e+00	1.289672e-01	8.401601e-01	3.090185e+00	1.066966e+00	8.283817e-02	1.263645e+00	2.240667e-01	3.503271e+00	4.168411e+00	9.980085e-01	9.590658e+00	7.914106e-01	2.465199e-01	2.165097e+00	5.317559e-01	1.049810e+00	8.412201e+01	1.362299e+02	2.138825e-01	1.434242e-01	2.928066e+02	
11  218.813	2.481112e+00	1.289672e-01	8.401601e-01	3.090185e+00	1.066966e+00	8.283817e-02	1.263645e+00	2.240667e-01	3.503271e+00	4.168411e+00	9.959441e-01	9.590658e+00	7.914106e-01	2.465199e-01	2.165097e+00	5.317559e-01	1.049810e+00	8.412201e+01	1.362299e+02	2.138825e-01	1.434242e-01	2.928066e+02	
