2  190.151	2.189418e+00	1.499827e-01	6.945286e-01	2.953010e+00	9.867840e-01	4.774966e-02	9.843937e-01	9.965431e-02	4.613685e+00	5.391461e+00	9.586496e-01	7.040342e+00	6.560256e-01	2.452377e-01	1.845192e+00	7.705084e-01	1.043072e+00	6.899568e+01	1.358018e+02	3.558232e-01	1.168053e-01	4.872953e+03	
11  189.898	2.189418e+00	1.499827e-01	6.945286e-01	2.953010e+00	9.867840e-01	4.774966e-02	9.843937e-01	9.965431e-02	4.613685e+00	5.391461e+00	9.582306e-01	7.040342e+00	6.560256e-01	2.452377e-01	1.845192e+00	7.705084e-01	1.043072e+00	6.899568e+01	1.358018e+02	3.558232e-01	1.168053e-01	4.872953e+03	
11  189.714	2.189418e+00	1.499827e-01	6.945286e-01	2.953010e+00	9.867840e-01	4.774966e-02	9.843937e-01	9.965431e-02	4.613685e+00	5.391461e+00	9.578127e-01	7.040342e+00	6.560256e-01	2.452377e-01	1.845192e+00	7.705084e-01	1.043072e+00	6.899568e+01	1.358018e+02	3.558232e-01	1.168053e-01	4.872953e+03	
11  189.718	2.189418e+00	1.499827e-01	6.945286e-01	2.953010e+00	9.867840e-01	4.774966e-02	9.843937e-01	9.965431e-02	4.613685e+00	5.391461e+00	9.559208e-01	7.040342e+00	6.560256e-01	2.452377e-01	1.845192e+00	7.705084e-01	1.043072e+00	6.899568e+01	1.358018e+02	3.558232e-01	1.168053e-01	4.872953e+03	
11  189.573	2.189418e+00	1.499827e-01	6.945286e-01	2.953010e+00	9.867840e-01	4.774966e-02	9.843937e-01	9.965431e-02	4.613685e+00	5.391461e+00	9.564672e-01	7.040342e+00	6.560256e-01	2.452377e-01	1.845192e+00	7.705084e-01	1.043072e+00	6.899568e+01	1.358018e+02	3.558232e-01	1.168053e-01	4.872953e+03	
44  189.649	2.189418e+00	1.499827e-01	6.945286e-01	2.953010e+00	9.867840e-01	4.774966e-02	9.843937e-01	9.965431e-02	4.613685e+00	5.391461e+00	9.561258e-01	7.040342e+00	6.560256e-01	2.452377e-01	1.845192e+00	7.705084e-01	1.043072e+00	6.899568e+01	1.358018e+02	3.558232e-01	1.168053e-01	4.872953e+03	
11  189.545	2.189418e+00	1.499827e-01	6.945286e-01	2.953010e+00	9.867840e-01	4.774966e-02	9.843937e-01	9.965431e-02	4.613685e+00	5.391461e+00	9.569012e-01	7.040342e+00	6.560256e-01	2.452377e-01	1.845192e+00	7.705084e-01	1.043072e+00	6.899568e+01	1.358018e+02	3.558232e-01	1.168053e-01	4.872953e+03	
11  189.828	2.189418e+00	1.499827e-01	6.945286e-01	2.953010e+00	9.867840e-01	4.774966e-02	9.843937e-01	9.965431e-02	4.613685e+00	5.391461e+00	9.580887e-01	7.040342e+00	6.560256e-01	2.452377e-01	1.845192e+00	7.705084e-01	1.043072e+00	6.899568e+01	1.358018e+02	3.558232e-01	1.168053e-01	4.872953e+03	
11  189.94	2.189418e+00	1.499827e-01	6.945286e-01	2.953010e+00	9.867840e-01	4.774966e-02	9.843937e-01	9.965431e-02	4.613685e+00	5.391461e+00	9.583092e-01	7.040342e+00	6.560256e-01	2.452377e-01	1.845192e+00	7.705084e-01	1.043072e+00	6.899568e+01	1.358018e+02	3.558232e-01	1.168053e-01	4.872953e+03	
11  189.833	2.189418e+00	1.499827e-01	6.945286e-01	2.953010e+00	9.867840e-01	4.774966e-02	9.843937e-01	9.965431e-02	4.613685e+00	5.391461e+00	9.580993e-01	7.040342e+00	6.560256e-01	2.452377e-01	1.845192e+00	7.705084e-01	1.043072e+00	6.899568e+01	1.358018e+02	3.558232e-01	1.168053e-01	4.872953e+03	
11  189.629	2.189418e+00	1.499827e-01	6.945286e-01	2.953010e+00	9.867840e-01	4.774966e-02	9.843937e-01	9.965431e-02	4.613685e+00	5.391461e+00	9.575347e-01	7.040342e+00	6.560256e-01	2.452377e-01	1.845192e+00	7.705084e-01	1.043072e+00	6.899568e+01	1.358018e+02	3.558232e-01	1.168053e-01	4.872953e+03	
11  189.619	2.189418e+00	1.499827e-01	6.945286e-01	2.953010e+00	9.867840e-01	4.774966e-02	9.843937e-01	9.965431e-02	4.613685e+00	5.391461e+00	9.574955e-01	7.040342e+00	6.560256e-01	2.452377e-01	1.845192e+00	7.705084e-01	1.043072e+00	6.899568e+01	1.358018e+02	3.558232e-01	1.168053e-01	4.872953e+03	
11  189.574	2.189418e+00	1.499827e-01	6.945286e-01	2.953010e+00	9.867840e-01	4.774966e-02	9.843937e-01	9.965431e-02	4.613685e+00	5.391461e+00	9.572639e-01	7.040342e+00	6.560256e-01	2.452377e-01	1.845192e+00	7.705084e-01	1.043072e+00	6.899568e+01	1.358018e+02	3.558232e-01	1.168053e-01	4.872953e+03	
22  189.548	2.189418e+00	1.499827e-01	6.945286e-01	2.953010e+00	9.867840e-01	4.774966e-02	9.843937e-01	9.965431e-02	4.613685e+00	5.391461e+00	9.567301e-01	7.040342e+00	6.560256e-01	2.452377e-01	1.845192e+00	7.705084e-01	1.043072e+00	6.899568e+01	1.358018e+02	3.558232e-01	1.168053e-01	4.872953e+03	
11  189.568	2.189418e+00	1.499827e-01	6.945286e-01	2.953010e+00	9.867840e-01	4.774966e-02	9.843937e-01	9.965431e-02	4.613685e+00	5.391461e+00	9.565041e-01	7.040342e+00	6.560256e-01	2.452377e-01	1.845192e+00	7.705084e-01	1.043072e+00	6.899568e+01	1.358018e+02	3.558232e-01	1.168053e-01	4.872953e+03	
22  189.602	2.189418e+00	1.499827e-01	6.945286e-01	2.953010e+00	9.867840e-01	4.774966e-02	9.843937e-01	9.965431e-02	4.613685e+00	5.391461e+00	9.574221e-01	7.040342e+00	6.560256e-01	2.452377e-01	1.845192e+00	7.705084e-01	1.043072e+00	6.899568e+01	1.358018e+02	3.558232e-01	1.168053e-01	4.872953e+03	
11  189.555	2.189418e+00	1.499827e-01	6.945286e-01	2.953010e+00	9.867840e-01	4.774966e-02	9.843937e-01	9.965431e-02	4.613685e+00	5.391461e+00	9.570848e-01	7.040342e+00	6.560256e-01	2.452377e-01	1.845192e+00	7.705084e-01	1.043072e+00	6.899568e+01	1.358018e+02	3.558232e-01	1.168053e-01	4.872953e+03	
22  189.666	2.189418e+00	1.499827e-01	6.945286e-01	2.953010e+00	9.867840e-01	4.774966e-02	9.843937e-01	9.965431e-02	4.613685e+00	5.391461e+00	9.560708e-01	7.040342e+00	6.560256e-01	2.452377e-01	1.845192e+00	7.705084e-01	1.043072e+00	6.899568e+01	1.358018e+02	3.558232e-01	1.168053e-01	4.872953e+03	
11  189.769	2.189418e+00	1.499827e-01	6.945286e-01	2.953010e+00	9.867840e-01	4.774966e-02	9.843937e-01	9.965431e-02	4.613685e+00	5.391461e+00	9.558021e-01	7.040342e+00	6.560256e-01	2.452377e-01	1.845192e+00	7.705084e-01	1.043072e+00	6.899568e+01	1.358018e+02	3.558232e-01	1.168053e-01	4.872953e+03	
11  189.715	2.189418e+00	1.499827e-01	6.945286e-01	2.953010e+00	9.867840e-01	4.774966e-02	9.843937e-01	9.965431e-02	4.613685e+00	5.391461e+00	9.559295e-01	7.040342e+00	6.560256e-01	2.452377e-01	1.845192e+00	7.705084e-01	1.043072e+00	6.899568e+01	1.358018e+02	3.558232e-01	1.168053e-01	4.872953e+03	
22  189.545	2.189418e+00	1.499827e-01	6.945286e-01	2.953010e+00	9.867840e-01	4.774966e-02	9.843937e-01	9.965431e-02	4.613685e+00	5.391461e+00	9.568676e-01	7.040342e+00	6.560256e-01	2.452377e-01	1.845192e+00	7.705084e-01	1.043072e+00	6.899568e+01	1.358018e+02	3.558232e-01	1.168053e-01	4.872953e+03	
11  190.489	2.189418e+00	1.499827e-01	6.945286e-01	2.953010e+00	9.867840e-01	4.774966e-02	9.843937e-01	9.965431e-02	4.613685e+00	5.391461e+00	9.590940e-01	7.040342e+00	6.560256e-01	2.452377e-01	1.845192e+00	7.705084e-01	1.043072e+00	6.899568e+01	1.358018e+02	3.558232e-01	1.168053e-01	4.872953e+03	
33  189.623	2.189418e+00	1.499827e-01	6.945286e-01	2.953010e+00	9.867840e-01	4.774966e-02	9.843937e-01	9.965431e-02	4.613685e+00	5.391461e+00	9.562195e-01	7.040342e+00	6.560256e-01	2.452377e-01	1.845192e+00	7.705084e-01	1.043072e+00	6.899568e+01	1.358018e+02	3.558232e-01	1.168053e-01	4.872953e+03	
11  189.938	2.189418e+00	1.499827e-01	6.945286e-01	2.953010e+00	9.867840e-01	4.774966e-02	9.843937e-01	9.965431e-02	4.613685e+00	5.391461e+00	9.554634e-01	7.040342e+00	6.560256e-01	2.452377e-01	1.845192e+00	7.705084e-01	1.043072e+00	6.899568e+01	1.358018e+02	3.558232e-01	1.168053e-01	4.872953e+03	
11  189.663	2.189418e+00	1.499827e-01	6.945286e-01	2.953010e+00	9.867840e-01	4.774966e-02	9.843937e-01	9.965431e-02	4.613685e+00	5.391461e+00	9.560782e-01	7.040342e+00	6.560256e-01	2.452377e-01	1.845192e+00	7.705084e-01	1.043072e+00	6.899568e+01	1.358018e+02	3.558232e-01	1.168053e-01	4.872953e+03	
22  189.591	2.189418e+00	1.499827e-01	6.945286e-01	2.953010e+00	9.867840e-01	4.774966e-02	9.843937e-01	9.965431e-02	4.613685e+00	5.391461e+00	9.563623e-01	7.040342e+00	6.560256e-01	2.452377e-01	1.845192e+00	7.705084e-01	1.043072e+00	6.899568e+01	1.358018e+02	3.558232e-01	1.168053e-01	4.872953e+03	
22  189.562	2.189418e+00	1.499827e-01	6.945286e-01	2.953010e+00	9.867840e-01	4.774966e-02	9.843937e-01	9.965431e-02	4.613685e+00	5.391461e+00	9.571597e-01	7.040342e+00	6.560256e-01	2.452377e-01	1.845192e+00	7.705084e-01	1.043072e+00	6.899568e+01	1.358018e+02	3.558232e-01	1.168053e-01	4.872953e+03	
22  189.726	2.189418e+00	1.499827e-01	6.945286e-01	2.953010e+00	9.867840e-01	4.774966e-02	9.843937e-01	9.965431e-02	4.613685e+00	5.391461e+00	9.559004e-01	7.040342e+00	6.560256e-01	2.452377e-01	1.845192e+00	7.705084e-01	1.043072e+00	6.899568e+01	1.358018e+02	3.558232e-01	1.168053e-01	4.872953e+03	
55  189.921	2.189418e+00	1.499827e-01	6.945286e-01	2.953010e+00	9.867840e-01	4.774966e-02	9.843937e-01	9.965431e-02	4.613685e+00	5.391461e+00	9.554933e-01	7.040342e+00	6.560256e-01	2.452377e-01	1.845192e+00	7.705084e-01	1.043072e+00	6.899568e+01	1.358018e+02	3.558232e-01	1.168053e-01	4.872953e+03	
22  189.701	2.189418e+00	1.499827e-01	6.945286e-01	2.953010e+00	9.867840e-01	4.774966e-02	9.843937e-01	9.965431e-02	4.613685e+00	5.391461e+00	9.559694e-01	7.040342e+00	6.560256e-01	2.452377e-01	1.845192e+00	7.705084e-01	1.043072e+00	6.899568e+01	1.358018e+02	3.558232e-01	1.168053e-01	4.872953e+03	
11  189.608	2.189418e+00	1.499827e-01	6.945286e-01	2.953010e+00	9.867840e-01	4.774966e-02	9.843937e-01	9.965431e-02	4.613685e+00	5.391461e+00	9.562826e-01	7.040342e+00	6.560256e-01	2.452377e-01	1.845192e+00	7.705084e-01	1.043072e+00	6.899568e+01	1.358018e+02	3.558232e-01	1.168053e-01	4.872953e+03	
22  189.855	2.189418e+00	1.499827e-01	6.945286e-01	2.953010e+00	9.867840e-01	4.774966e-02	9.843937e-01	9.965431e-02	4.613685e+00	5.391461e+00	9.556183e-01	7.040342e+00	6.560256e-01	2.452377e-01	1.845192e+00	7.705084e-01	1.043072e+00	6.899568e+01	1.358018e+02	3.558232e-01	1.168053e-01	4.872953e+03	
22  189.772	2.189418e+00	1.499827e-01	6.945286e-01	2.953010e+00	9.867840e-01	4.774966e-02	9.843937e-01	9.965431e-02	4.613685e+00	5.391461e+00	9.557943e-01	7.040342e+00	6.560256e-01	2.452377e-01	1.845192e+00	7.705084e-01	1.043072e+00	6.899568e+01	1.358018e+02	3.558232e-01	1.168053e-01	4.872953e+03	
11  189.565	2.189418e+00	1.499827e-01	6.945286e-01	2.953010e+00	9.867840e-01	4.774966e-02	9.843937e-01	9.965431e-02	4.613685e+00	5.391461e+00	9.571825e-01	7.040342e+00	6.560256e-01	2.452377e-01	1.845192e+00	7.705084e-01	1.043072e+00	6.899568e+01	1.358018e+02	3.558232e-01	1.168053e-01	4.872953e+03	
33  189.764	2.189418e+00	1.499827e-01	6.945286e-01	2.953010e+00	9.867840e-01	4.774966e-02	9.843937e-01	9.965431e-02	4.613685e+00	5.391461e+00	9.579431e-01	7.040342e+00	6.560256e-01	2.452377e-01	1.845192e+00	7.705084e-01	1.043072e+00	6.899568e+01	1.358018e+02	3.558232e-01	1.168053e-01	4.872953e+03	
11  189.621	2.189418e+00	1.499827e-01	6.945286e-01	2.953010e+00	9.867840e-01	4.774966e-02	9.843937e-01	9.965431e-02	4.613685e+00	5.391461e+00	9.562295e-01	7.040342e+00	6.560256e-01	2.452377e-01	1.845192e+00	7.705084e-01	1.043072e+00	6.899568e+01	1.358018e+02	3.558232e-01	1.168053e-01	4.872953e+03	
55  189.931	2.189418e+00	1.499827e-01	6.945286e-01	2.953010e+00	9.867840e-01	4.774966e-02	9.843937e-01	9.965431e-02	4.613685e+00	5.391461e+00	9.554742e-01	7.040342e+00	6.560256e-01	2.452377e-01	1.845192e+00	7.705084e-01	1.043072e+00	6.899568e+01	1.358018e+02	3.558232e-01	1.168053e-01	4.872953e+03	
22  189.679	2.189418e+00	1.499827e-01	6.945286e-01	2.953010e+00	9.867840e-01	4.774966e-02	9.843937e-01	9.965431e-02	4.613685e+00	5.391461e+00	9.560295e-01	7.040342e+00	6.560256e-01	2.452377e-01	1.845192e+00	7.705084e-01	1.043072e+00	6.899568e+01	1.358018e+02	3.558232e-01	1.168053e-01	4.872953e+03	
22  189.571	2.189418e+00	1.499827e-01	6.945286e-01	2.953010e+00	9.867840e-01	4.774966e-02	9.843937e-01	9.965431e-02	4.613685e+00	5.391461e+00	9.564808e-01	7.040342e+00	6.560256e-01	2.452377e-01	1.845192e+00	7.705084e-01	1.043072e+00	6.899568e+01	1.358018e+02	3.558232e-01	1.168053e-01	4.872953e+03	
11  189.718	2.189418e+00	1.499827e-01	6.945286e-01	2.953010e+00	9.867840e-01	4.774966e-02	9.843937e-01	9.965431e-02	4.613685e+00	5.391461e+00	9.559216e-01	7.040342e+00	6.560256e-01	2.452377e-01	1.845192e+00	7.705084e-01	1.043072e+00	6.899568e+01	1.358018e+02	3.558232e-01	1.168053e-01	4.872953e+03	
11  189.629	2.189418e+00	1.499827e-01	6.945286e-01	2.953010e+00	9.867840e-01	4.774966e-02	9.843937e-01	9.965431e-02	4.613685e+00	5.391461e+00	9.561986e-01	7.040342e+00	6.560256e-01	2.452377e-01	1.845192e+00	7.705084e-01	1.043072e+00	6.899568e+01	1.358018e+02	3.558232e-01	1.168053e-01	4.872953e+03	
22  190.998	2.189418e+00	1.499827e-01	6.945286e-01	2.953010e+00	9.867840e-01	4.774966e-02	9.843937e-01	9.965431e-02	4.613685e+00	5.391461e+00	9.596299e-01	7.040342e+00	6.560256e-01	2.452377e-01	1.845192e+00	7.705084e-01	1.043072e+00	6.899568e+01	1.358018e+02	3.558232e-01	1.168053e-01	4.872953e+03	
22  190.9	2.189418e+00	1.499827e-01	6.945286e-01	2.953010e+00	9.867840e-01	4.774966e-02	9.843937e-01	9.965431e-02	4.613685e+00	5.391461e+00	9.595358e-01	7.040342e+00	6.560256e-01	2.452377e-01	1.845192e+00	7.705084e-01	1.043072e+00	6.899568e+01	1.358018e+02	3.558232e-01	1.168053e-01	4.872953e+03	
22  191.578	2.189418e+00	1.499827e-01	6.945286e-01	2.953010e+00	9.867840e-01	4.774966e-02	9.843937e-01	9.965431e-02	4.613685e+00	5.391461e+00	9.601356e-01	7.040342e+00	6.560256e-01	2.452377e-01	1.845192e+00	7.705084e-01	1.043072e+00	6.899568e+01	1.358018e+02	3.558232e-01	1.168053e-01	4.872953e+03	
11  190.659	2.189418e+00	1.499827e-01	6.945286e-01	2.953010e+00	9.867840e-01	4.774966e-02	9.843937e-01	9.965431e-02	4.613685e+00	5.391461e+00	9.592872e-01	7.040342e+00	6.560256e-01	2.452377e-01	1.845192e+00	7.705084e-01	1.043072e+00	6.899568e+01	1.358018e+02	3.558232e-01	1.168053e-01	4.872953e+03	
11  189.738	2.189418e+00	1.499827e-01	6.945286e-01	2.953010e+00	9.867840e-01	4.774966e-02	9.843937e-01	9.965431e-02	4.613685e+00	5.391461e+00	9.578774e-01	7.040342e+00	6.560256e-01	2.452377e-01	1.845192e+00	7.705084e-01	1.043072e+00	6.899568e+01	1.358018e+02	3.558232e-01	1.168053e-01	4.872953e+03	
11  189.545	2.189418e+00	1.499827e-01	6.945286e-01	2.953010e+00	9.867840e-01	4.774966e-02	9.843937e-01	9.965431e-02	4.613685e+00	5.391461e+00	9.568356e-01	7.040342e+00	6.560256e-01	2.452377e-01	1.845192e+00	7.705084e-01	1.043072e+00	6.899568e+01	1.358018e+02	3.558232e-01	1.168053e-01	4.872953e+03	
11  189.907	2.189418e+00	1.499827e-01	6.945286e-01	2.953010e+00	9.867840e-01	4.774966e-02	9.843937e-01	9.965431e-02	4.613685e+00	5.391461e+00	9.582481e-01	7.040342e+00	6.560256e-01	2.452377e-01	1.845192e+00	7.705084e-01	1.043072e+00	6.899568e+01	1.358018e+02	3.558232e-01	1.168053e-01	4.872953e+03	
11  189.65	2.189418e+00	1.499827e-01	6.945286e-01	2.953010e+00	9.867840e-01	4.774966e-02	9.843937e-01	9.965431e-02	4.613685e+00	5.391461e+00	9.576140e-01	7.040342e+00	6.560256e-01	2.452377e-01	1.845192e+00	7.705084e-01	1.043072e+00	6.899568e+01	1.358018e+02	3.558232e-01	1.168053e-01	4.872953e+03	
22  189.579	2.189418e+00	1.499827e-01	6.945286e-01	2.953010e+00	9.867840e-01	4.774966e-02	9.843937e-01	9.965431e-02	4.613685e+00	5.391461e+00	9.573080e-01	7.040342e+00	6.560256e-01	2.452377e-01	1.845192e+00	7.705084e-01	1.043072e+00	6.899568e+01	1.358018e+02	3.558232e-01	1.168053e-01	4.872953e+03	
22  190.014	2.189418e+00	1.499827e-01	6.945286e-01	2.953010e+00	9.867840e-01	4.774966e-02	9.843937e-01	9.965431e-02	4.613685e+00	5.391461e+00	9.584351e-01	7.040342e+00	6.560256e-01	2.452377e-01	1.845192e+00	7.705084e-01	1.043072e+00	6.899568e+01	1.358018e+02	3.558232e-01	1.168053e-01	4.872953e+03	
11  190.904	2.189418e+00	1.499827e-01	6.945286e-01	2.953010e+00	9.867840e-01	4.774966e-02	9.843937e-01	9.965431e-02	4.613685e+00	5.391461e+00	9.595396e-01	7.040342e+00	6.560256e-01	2.452377e-01	1.845192e+00	7.705084e-01	1.043072e+00	6.899568e+01	1.358018e+02	3.558232e-01	1.168053e-01	4.872953e+03	
11  191.67	2.189418e+00	1.499827e-01	6.945286e-01	2.953010e+00	9.867840e-01	4.774966e-02	9.843937e-01	9.965431e-02	4.613685e+00	5.391461e+00	9.602083e-01	7.040342e+00	6.560256e-01	2.452377e-01	1.845192e+00	7.705084e-01	1.043072e+00	6.899568e+01	1.358018e+02	3.558232e-01	1.168053e-01	4.872953e+03	
11  191.407	2.189418e+00	1.499827e-01	6.945286e-01	2.953010e+00	9.867840e-01	4.774966e-02	9.843937e-01	9.965431e-02	4.613685e+00	5.391461e+00	9.599955e-01	7.040342e+00	6.560256e-01	2.452377e-01	1.845192e+00	7.705084e-01	1.043072e+00	6.899568e+01	1.358018e+02	3.558232e-01	1.168053e-01	4.872953e+03	
11  189.742	2.189418e+00	1.499827e-01	6.945286e-01	2.953010e+00	9.867840e-01	4.774966e-02	9.843937e-01	9.965431e-02	4.613685e+00	5.391461e+00	9.578886e-01	7.040342e+00	6.560256e-01	2.452377e-01	1.845192e+00	7.705084e-01	1.043072e+00	6.899568e+01	1.358018e+02	3.558232e-01	1.168053e-01	4.872953e+03	
11  190.388	2.189418e+00	1.499827e-01	6.945286e-01	2.953010e+00	9.867840e-01	4.774966e-02	9.843937e-01	9.965431e-02	4.613685e+00	5.391461e+00	9.589726e-01	7.040342e+00	6.560256e-01	2.452377e-01	1.845192e+00	7.705084e-01	1.043072e+00	6.899568e+01	1.358018e+02	3.558232e-01	1.168053e-01	4.872953e+03	
11  190.463	2.189418e+00	1.499827e-01	6.945286e-01	2.953010e+00	9.867840e-01	4.774966e-02	9.843937e-01	9.965431e-02	4.613685e+00	5.391461e+00	9.590640e-01	7.040342e+00	6.560256e-01	2.452377e-01	1.845192e+00	7.705084e-01	1.043072e+00	6.899568e+01	1.358018e+02	3.558232e-01	1.168053e-01	4.872953e+03	
22  190.078	2.189418e+00	1.499827e-01	6.945286e-01	2.953010e+00	9.867840e-01	4.774966e-02	9.843937e-01	9.965431e-02	4.613685e+00	5.391461e+00	9.585384e-01	7.040342e+00	6.560256e-01	2.452377e-01	1.845192e+00	7.705084e-01	1.043072e+00	6.899568e+01	1.358018e+02	3.558232e-01	1.168053e-01	4.872953e+03	
11  189.989	2.189418e+00	1.499827e-01	6.945286e-01	2.953010e+00	9.867840e-01	4.774966e-02	9.843937e-01	9.965431e-02	4.613685e+00	5.391461e+00	9.583952e-01	7.040342e+00	6.560256e-01	2.452377e-01	1.845192e+00	7.705084e-01	1.043072e+00	6.899568e+01	1.358018e+02	3.558232e-01	1.168053e-01	4.872953e+03	
22  189.547	2.189418e+00	1.499827e-01	6.945286e-01	2.953010e+00	9.867840e-01	4.774966e-02	9.843937e-01	9.965431e-02	4.613685e+00	5.391461e+00	9.569743e-01	7.040342e+00	6.560256e-01	2.452377e-01	1.845192e+00	7.705084e-01	1.043072e+00	6.899568e+01	1.358018e+02	3.558232e-01	1.168053e-01	4.872953e+03	
11  189.555	2.189418e+00	1.499827e-01	6.945286e-01	2.953010e+00	9.867840e-01	4.774966e-02	9.843937e-01	9.965431e-02	4.613685e+00	5.391461e+00	9.570810e-01	7.040342e+00	6.560256e-01	2.452377e-01	1.845192e+00	7.705084e-01	1.043072e+00	6.899568e+01	1.358018e+02	3.558232e-01	1.168053e-01	4.872953e+03	
22  189.61	2.189418e+00	1.499827e-01	6.945286e-01	2.953010e+00	9.867840e-01	4.774966e-02	9.843937e-01	9.965431e-02	4.613685e+00	5.391461e+00	9.574583e-01	7.040342e+00	6.560256e-01	2.452377e-01	1.845192e+00	7.705084e-01	1.043072e+00	6.899568e+01	1.358018e+02	3.558232e-01	1.168053e-01	4.872953e+03	
11  189.564	2.189418e+00	1.499827e-01	6.945286e-01	2.953010e+00	9.867840e-01	4.774966e-02	9.843937e-01	9.965431e-02	4.613685e+00	5.391461e+00	9.571710e-01	7.040342e+00	6.560256e-01	2.452377e-01	1.845192e+00	7.705084e-01	1.043072e+00	6.899568e+01	1.358018e+02	3.558232e-01	1.168053e-01	4.872953e+03	
44  189.619	2.189418e+00	1.499827e-01	6.945286e-01	2.953010e+00	9.867840e-01	4.774966e-02	9.843937e-01	9.965431e-02	4.613685e+00	5.391461e+00	9.562375e-01	7.040342e+00	6.560256e-01	2.452377e-01	1.845192e+00	7.705084e-01	1.043072e+00	6.899568e+01	1.358018e+02	3.558232e-01	1.168053e-01	4.872953e+03	
11  189.927	2.189418e+00	1.499827e-01	6.945286e-01	2.953010e+00	9.867840e-01	4.774966e-02	9.843937e-01	9.965431e-02	4.613685e+00	5.391461e+00	9.582858e-01	7.040342e+00	6.560256e-01	2.452377e-01	1.845192e+00	7.705084e-01	1.043072e+00	6.899568e+01	1.358018e+02	3.558232e-01	1.168053e-01	4.872953e+03	
11  189.844	2.189418e+00	1.499827e-01	6.945286e-01	2.953010e+00	9.867840e-01	4.774966e-02	9.843937e-01	9.965431e-02	4.613685e+00	5.391461e+00	9.556401e-01	7.040342e+00	6.560256e-01	2.452377e-01	1.845192e+00	7.705084e-01	1.043072e+00	6.899568e+01	1.358018e+02	3.558232e-01	1.168053e-01	4.872953e+03	
22  189.696	2.189418e+00	1.499827e-01	6.945286e-01	2.953010e+00	9.867840e-01	4.774966e-02	9.843937e-01	9.965431e-02	4.613685e+00	5.391461e+00	9.559828e-01	7.040342e+00	6.560256e-01	2.452377e-01	1.845192e+00	7.705084e-01	1.043072e+00	6.899568e+01	1.358018e+02	3.558232e-01	1.168053e-01	4.872953e+03	
22  189.64	2.189418e+00	1.499827e-01	6.945286e-01	2.953010e+00	9.867840e-01	4.774966e-02	9.843937e-01	9.965431e-02	4.613685e+00	5.391461e+00	9.575788e-01	7.040342e+00	6.560256e-01	2.452377e-01	1.845192e+00	7.705084e-01	1.043072e+00	6.899568e+01	1.358018e+02	3.558232e-01	1.168053e-01	4.872953e+03	
22  190.259	2.189418e+00	1.499827e-01	6.945286e-01	2.953010e+00	9.867840e-01	4.774966e-02	9.843937e-01	9.965431e-02	4.613685e+00	5.391461e+00	9.588040e-01	7.040342e+00	6.560256e-01	2.452377e-01	1.845192e+00	7.705084e-01	1.043072e+00	6.899568e+01	1.358018e+02	3.558232e-01	1.168053e-01	4.872953e+03	
11  190.879	2.189418e+00	1.499827e-01	6.945286e-01	2.953010e+00	9.867840e-01	4.774966e-02	9.843937e-01	9.965431e-02	4.613685e+00	5.391461e+00	9.595152e-01	7.040342e+00	6.560256e-01	2.452377e-01	1.845192e+00	7.705084e-01	1.043072e+00	6.899568e+01	1.358018e+02	3.558232e-01	1.168053e-01	4.872953e+03	
11  191.803	2.189418e+00	1.499827e-01	6.945286e-01	2.953010e+00	9.867840e-01	4.774966e-02	9.843937e-01	9.965431e-02	4.613685e+00	5.391461e+00	9.603127e-01	7.040342e+00	6.560256e-01	2.452377e-01	1.845192e+00	7.705084e-01	1.043072e+00	6.899568e+01	1.358018e+02	3.558232e-01	1.168053e-01	4.872953e+03	
22  189.598	2.189418e+00	1.499827e-01	6.945286e-01	2.953010e+00	9.867840e-01	4.774966e-02	9.843937e-01	9.965431e-02	4.613685e+00	5.391461e+00	9.574021e-01	7.040342e+00	6.560256e-01	2.452377e-01	1.845192e+00	7.705084e-01	1.043072e+00	6.899568e+01	1.358018e+02	3.558232e-01	1.168053e-01	4.872953e+03	
22  189.803	2.189418e+00	1.499827e-01	6.945286e-01	2.953010e+00	9.867840e-01	4.774966e-02	9.843937e-01	9.965431e-02	4.613685e+00	5.391461e+00	9.580343e-01	7.040342e+00	6.560256e-01	2.452377e-01	1.845192e+00	7.705084e-01	1.043072e+00	6.899568e+01	1.358018e+02	3.558232e-01	1.168053e-01	4.872953e+03	
11  189.705	2.189418e+00	1.499827e-01	6.945286e-01	2.953010e+00	9.867840e-01	4.774966e-02	9.843937e-01	9.965431e-02	4.613685e+00	5.391461e+00	9.577891e-01	7.040342e+00	6.560256e-01	2.452377e-01	1.845192e+00	7.705084e-01	1.043072e+00	6.899568e+01	1.358018e+02	3.558232e-01	1.168053e-01	4.872953e+03	
11  189.547	2.189418e+00	1.499827e-01	6.945286e-01	2.953010e+00	9.867840e-01	4.774966e-02	9.843937e-01	9.965431e-02	4.613685e+00	5.391461e+00	9.569683e-01	7.040342e+00	6.560256e-01	2.452377e-01	1.845192e+00	7.705084e-01	1.043072e+00	6.899568e+01	1.358018e+02	3.558232e-01	1.168053e-01	4.872953e+03	
11  189.62	2.189418e+00	1.499827e-01	6.945286e-01	2.953010e+00	9.867840e-01	4.774966e-02	9.843937e-01	9.965431e-02	4.613685e+00	5.391461e+00	9.575019e-01	7.040342e+00	6.560256e-01	2.452377e-01	1.845192e+00	7.705084e-01	1.043072e+00	6.899568e+01	1.358018e+02	3.558232e-01	1.168053e-01	4.872953e+03	
22  189.545	2.189418e+00	1.499827e-01	6.945286e-01	2.953010e+00	9.867840e-01	4.774966e-02	9.843937e-01	9.965431e-02	4.613685e+00	5.391461e+00	9.568477e-01	7.040342e+00	6.560256e-01	2.452377e-01	1.845192e+00	7.705084e-01	1.043072e+00	6.899568e+01	1.358018e+02	3.558232e-01	1.168053e-01	4.872953e+03	
11  189.546	2.189418e+00	1.499827e-01	6.945286e-01	2.953010e+00	9.867840e-01	4.774966e-02	9.843937e-01	9.965431e-02	4.613685e+00	5.391461e+00	9.569461e-01	7.040342e+00	6.560256e-01	2.452377e-01	1.845192e+00	7.705084e-01	1.043072e+00	6.899568e+01	1.358018e+02	3.558232e-01	1.168053e-01	4.872953e+03	
66  189.589	2.189418e+00	1.499827e-01	6.945286e-01	2.953010e+00	9.867840e-01	4.774966e-02	9.843937e-01	9.965431e-02	4.613685e+00	5.391461e+00	9.563724e-01	7.040342e+00	6.560256e-01	2.452377e-01	1.845192e+00	7.705084e-01	1.043072e+00	6.899568e+01	1.358018e+02	3.558232e-01	1.168053e-01	4.872953e+03	
11  189.545	2.189418e+00	1.499827e-01	6.945286e-01	2.953010e+00	9.867840e-01	4.774966e-02	9.843937e-01	9.965431e-02	4.613685e+00	5.391461e+00	9.568652e-01	7.040342e+00	6.560256e-01	2.452377e-01	1.845192e+00	7.705084e-01	1.043072e+00	6.899568e+01	1.358018e+02	3.558232e-01	1.168053e-01	4.872953e+03	
11  189.839	2.189418e+00	1.499827e-01	6.945286e-01	2.953010e+00	9.867840e-01	4.774966e-02	9.843937e-01	9.965431e-02	4.613685e+00	5.391461e+00	9.556508e-01	7.040342e+00	6.560256e-01	2.452377e-01	1.845192e+00	7.705084e-01	1.043072e+00	6.899568e+01	1.358018e+02	3.558232e-01	1.168053e-01	4.872953e+03	
11  189.545	2.189418e+00	1.499827e-01	6.945286e-01	2.953010e+00	9.867840e-01	4.774966e-02	9.843937e-01	9.965431e-02	4.613685e+00	5.391461e+00	9.567935e-01	7.040342e+00	6.560256e-01	2.452377e-01	1.845192e+00	7.705084e-01	1.043072e+00	6.899568e+01	1.358018e+02	3.558232e-01	1.168053e-01	4.872953e+03	
11  189.931	2.189418e+00	1.499827e-01	6.945286e-01	2.953010e+00	9.867840e-01	4.774966e-02	9.843937e-01	9.965431e-02	4.613685e+00	5.391461e+00	9.582926e-01	7.040342e+00	6.560256e-01	2.452377e-01	1.845192e+00	7.705084e-01	1.043072e+00	6.899568e+01	1.358018e+02	3.558232e-01	1.168053e-01	4.872953e+03	
22  189.55	2.189418e+00	1.499827e-01	6.945286e-01	2.953010e+00	9.867840e-01	4.774966e-02	9.843937e-01	9.965431e-02	4.613685e+00	5.391461e+00	9.570201e-01	7.040342e+00	6.560256e-01	2.452377e-01	1.845192e+00	7.705084e-01	1.043072e+00	6.899568e+01	1.358018e+02	3.558232e-01	1.168053e-01	4.872953e+03	
11  189.712	2.189418e+00	1.499827e-01	6.945286e-01	2.953010e+00	9.867840e-01	4.774966e-02	9.843937e-01	9.965431e-02	4.613685e+00	5.391461e+00	9.559379e-01	7.040342e+00	6.560256e-01	2.452377e-01	1.845192e+00	7.705084e-01	1.043072e+00	6.899568e+01	1.358018e+02	3.558232e-01	1.168053e-01	4.872953e+03	
11  189.904	2.189418e+00	1.499827e-01	6.945286e-01	2.953010e+00	9.867840e-01	4.774966e-02	9.843937e-01	9.965431e-02	4.613685e+00	5.391461e+00	9.555242e-01	7.040342e+00	6.560256e-01	2.452377e-01	1.845192e+00	7.705084e-01	1.043072e+00	6.899568e+01	1.358018e+02	3.558232e-01	1.168053e-01	4.872953e+03	
22  189.643	2.189418e+00	1.499827e-01	6.945286e-01	2.953010e+00	9.867840e-01	4.774966e-02	9.843937e-01	9.965431e-02	4.613685e+00	5.391461e+00	9.561462e-01	7.040342e+00	6.560256e-01	2.452377e-01	1.845192e+00	7.705084e-01	1.043072e+00	6.899568e+01	1.358018e+02	3.558232e-01	1.168053e-01	4.872953e+03	
11  189.609	2.189418e+00	1.499827e-01	6.945286e-01	2.953010e+00	9.867840e-01	4.774966e-02	9.843937e-01	9.965431e-02	4.613685e+00	5.391461e+00	9.574545e-01	7.040342e+00	6.560256e-01	2.452377e-01	1.845192e+00	7.705084e-01	1.043072e+00	6.899568e+01	1.358018e+02	3.558232e-01	1.168053e-01	4.872953e+03	
22  189.551	2.189418e+00	1.499827e-01	6.945286e-01	2.953010e+00	9.867840e-01	4.774966e-02	9.843937e-01	9.965431e-02	4.613685e+00	5.391461e+00	9.566780e-01	7.040342e+00	6.560256e-01	2.452377e-01	1.845192e+00	7.705084e-01	1.043072e+00	6.899568e+01	1.358018e+02	3.558232e-01	1.168053e-01	4.872953e+03	
44  189.653	2.189418e+00	1.499827e-01	6.945286e-01	2.953010e+00	9.867840e-01	4.774966e-02	9.843937e-01	9.965431e-02	4.613685e+00	5.391461e+00	9.561132e-01	7.040342e+00	6.560256e-01	2.452377e-01	1.845192e+00	7.705084e-01	1.043072e+00	6.899568e+01	1.358018e+02	3.558232e-01	1.168053e-01	4.872953e+03	
11  189.948	2.189418e+00	1.499827e-01	6.945286e-01	2.953010e+00	9.867840e-01	4.774966e-02	9.843937e-01	9.965431e-02	4.613685e+00	5.391461e+00	9.554444e-01	7.040342e+00	6.560256e-01	2.452377e-01	1.845192e+00	7.705084e-01	1.043072e+00	6.899568e+01	1.358018e+02	3.558232e-01	1.168053e-01	4.872953e+03	
33  189.579	2.189418e+00	1.499827e-01	6.945286e-01	2.953010e+00	9.867840e-01	4.774966e-02	9.843937e-01	9.965431e-02	4.613685e+00	5.391461e+00	9.564332e-01	7.040342e+00	6.560256e-01	2.452377e-01	1.845192e+00	7.705084e-01	1.043072e+00	6.899568e+01	1.358018e+02	3.558232e-01	1.168053e-01	4.872953e+03	
11  189.927	2.189418e+00	1.499827e-01	6.945286e-01	2.953010e+00	9.867840e-01	4.774966e-02	9.843937e-01	9.965431e-02	4.613685e+00	5.391461e+00	9.554831e-01	7.040342e+00	6.560256e-01	2.452377e-01	1.845192e+00	7.705084e-01	1.043072e+00	6.899568e+01	1.358018e+02	3.558232e-01	1.168053e-01	4.872953e+03	
11  189.602	2.189418e+00	1.499827e-01	6.945286e-01	2.953010e+00	9.867840e-01	4.774966e-02	9.843937e-01	9.965431e-02	4.613685e+00	5.391461e+00	9.563110e-01	7.040342e+00	6.560256e-01	2.452377e-01	1.845192e+00	7.705084e-01	1.043072e+00	6.899568e+01	1.358018e+02	3.558232e-01	1.168053e-01	4.872953e+03	
11  189.754	2.189418e+00	1.499827e-01	6.945286e-01	2.953010e+00	9.867840e-01	4.774966e-02	9.843937e-01	9.965431e-02	4.613685e+00	5.391461e+00	9.579190e-01	7.040342e+00	6.560256e-01	2.452377e-01	1.845192e+00	7.705084e-01	1.043072e+00	6.899568e+01	1.358018e+02	3.558232e-01	1.168053e-01	4.872953e+03	
22  189.605	2.189418e+00	1.499827e-01	6.945286e-01	2.953010e+00	9.867840e-01	4.774966e-02	9.843937e-01	9.965431e-02	4.613685e+00	5.391461e+00	9.574342e-01	7.040342e+00	6.560256e-01	2.452377e-01	1.845192e+00	7.705084e-01	1.043072e+00	6.899568e+01	1.358018e+02	3.558232e-01	1.168053e-01	4.872953e+03	
11  189.562	2.189418e+00	1.499827e-01	6.945286e-01	2.953010e+00	9.867840e-01	4.774966e-02	9.843937e-01	9.965431e-02	4.613685e+00	5.391461e+00	9.565504e-01	7.040342e+00	6.560256e-01	2.452377e-01	1.845192e+00	7.705084e-01	1.043072e+00	6.899568e+01	1.358018e+02	3.558232e-01	1.168053e-01	4.872953e+03	
11  189.688	2.189418e+00	1.499827e-01	6.945286e-01	2.953010e+00	9.867840e-01	4.774966e-02	9.843937e-01	9.965431e-02	4.613685e+00	5.391461e+00	9.577366e-01	7.040342e+00	6.560256e-01	2.452377e-01	1.845192e+00	7.705084e-01	1.043072e+00	6.899568e+01	1.358018e+02	3.558232e-01	1.168053e-01	4.872953e+03	
11  190.022	2.189418e+00	1.499827e-01	6.945286e-01	2.953010e+00	9.867840e-01	4.774966e-02	9.843937e-01	9.965431e-02	4.613685e+00	5.391461e+00	9.584490e-01	7.040342e+00	6.560256e-01	2.452377e-01	1.845192e+00	7.705084e-01	1.043072e+00	6.899568e+01	1.358018e+02	3.558232e-01	1.168053e-01	4.872953e+03	
11  190.045	2.189418e+00	1.499827e-01	6.945286e-01	2.953010e+00	9.867840e-01	4.774966e-02	9.843937e-01	9.965431e-02	4.613685e+00	5.391461e+00	9.584856e-01	7.040342e+00	6.560256e-01	2.452377e-01	1.845192e+00	7.705084e-01	1.043072e+00	6.899568e+01	1.358018e+02	3.558232e-01	1.168053e-01	4.872953e+03	
11  190.002	2.189418e+00	1.499827e-01	6.945286e-01	2.953010e+00	9.867840e-01	4.774966e-02	9.843937e-01	9.965431e-02	4.613685e+00	5.391461e+00	9.584167e-01	7.040342e+00	6.560256e-01	2.452377e-01	1.845192e+00	7.705084e-01	1.043072e+00	6.899568e+01	1.358018e+02	3.558232e-01	1.168053e-01	4.872953e+03	
11  189.552	2.189418e+00	1.499827e-01	6.945286e-01	2.953010e+00	9.867840e-01	4.774966e-02	9.843937e-01	9.965431e-02	4.613685e+00	5.391461e+00	9.566573e-01	7.040342e+00	6.560256e-01	2.452377e-01	1.845192e+00	7.705084e-01	1.043072e+00	6.899568e+01	1.358018e+02	3.558232e-01	1.168053e-01	4.872953e+03	
11  189.872	2.189418e+00	1.499827e-01	6.945286e-01	2.953010e+00	9.867840e-01	4.774966e-02	9.843937e-01	9.965431e-02	4.613685e+00	5.391461e+00	9.581805e-01	7.040342e+00	6.560256e-01	2.452377e-01	1.845192e+00	7.705084e-01	1.043072e+00	6.899568e+01	1.358018e+02	3.558232e-01	1.168053e-01	4.872953e+03	
11  190.151	2.189418e+00	1.499827e-01	6.945286e-01	2.953010e+00	9.867840e-01	4.774966e-02	9.843937e-01	9.965431e-02	4.613685e+00	5.391461e+00	9.586495e-01	7.040342e+00	6.560256e-01	2.452377e-01	1.845192e+00	7.705084e-01	1.043072e+00	6.899568e+01	1.358018e+02	3.558232e-01	1.168053e-01	4.872953e+03	
44  189.653	2.189418e+00	1.499827e-01	6.945286e-01	2.953010e+00	9.867840e-01	4.774966e-02	9.843937e-01	9.965431e-02	4.613685e+00	5.391461e+00	9.561116e-01	7.040342e+00	6.560256e-01	2.452377e-01	1.845192e+00	7.705084e-01	1.043072e+00	6.899568e+01	1.358018e+02	3.558232e-01	1.168053e-01	4.872953e+03	
22  189.738	2.189418e+00	1.499827e-01	6.945286e-01	2.953010e+00	9.867840e-01	4.774966e-02	9.843937e-01	9.965431e-02	4.613685e+00	5.391461e+00	9.558715e-01	7.040342e+00	6.560256e-01	2.452377e-01	1.845192e+00	7.705084e-01	1.043072e+00	6.899568e+01	1.358018e+02	3.558232e-01	1.168053e-01	4.872953e+03	
22  189.964	2.189418e+00	1.499827e-01	6.945286e-01	2.953010e+00	9.867840e-01	4.774966e-02	9.843937e-01	9.965431e-02	4.613685e+00	5.391461e+00	9.554182e-01	7.040342e+00	6.560256e-01	2.452377e-01	1.845192e+00	7.705084e-01	1.043072e+00	6.899568e+01	1.358018e+02	3.558232e-01	1.168053e-01	4.872953e+03	
11  189.61	2.189418e+00	1.499827e-01	6.945286e-01	2.953010e+00	9.867840e-01	4.774966e-02	9.843937e-01	9.965431e-02	4.613685e+00	5.391461e+00	9.574606e-01	7.040342e+00	6.560256e-01	2.452377e-01	1.845192e+00	7.705084e-01	1.043072e+00	6.899568e+01	1.358018e+02	3.558232e-01	1.168053e-01	4.872953e+03	
11  189.545	2.189418e+00	1.499827e-01	6.945286e-01	2.953010e+00	9.867840e-01	4.774966e-02	9.843937e-01	9.965431e-02	4.613685e+00	5.391461e+00	9.568619e-01	7.040342e+00	6.560256e-01	2.452377e-01	1.845192e+00	7.705084e-01	1.043072e+00	6.899568e+01	1.358018e+02	3.558232e-01	1.168053e-01	4.872953e+03	
11  189.731	2.189418e+00	1.499827e-01	6.945286e-01	2.953010e+00	9.867840e-01	4.774966e-02	9.843937e-01	9.965431e-02	4.613685e+00	5.391461e+00	9.578597e-01	7.040342e+00	6.560256e-01	2.452377e-01	1.845192e+00	7.705084e-01	1.043072e+00	6.899568e+01	1.358018e+02	3.558232e-01	1.168053e-01	4.872953e+03	
11  189.629	2.189418e+00	1.499827e-01	6.945286e-01	2.953010e+00	9.867840e-01	4.774966e-02	9.843937e-01	9.965431e-02	4.613685e+00	5.391461e+00	9.561970e-01	7.040342e+00	6.560256e-01	2.452377e-01	1.845192e+00	7.705084e-01	1.043072e+00	6.899568e+01	1.358018e+02	3.558232e-01	1.168053e-01	4.872953e+03	
22  189.558	2.189418e+00	1.499827e-01	6.945286e-01	2.953010e+00	9.867840e-01	4.774966e-02	9.843937e-01	9.965431e-02	4.613685e+00	5.391461e+00	9.571230e-01	7.040342e+00	6.560256e-01	2.452377e-01	1.845192e+00	7.705084e-01	1.043072e+00	6.899568e+01	1.358018e+02	3.558232e-01	1.168053e-01	4.872953e+03	
11  189.794	2.189418e+00	1.499827e-01	6.945286e-01	2.953010e+00	9.867840e-01	4.774966e-02	9.843937e-01	9.965431e-02	4.613685e+00	5.391461e+00	9.557456e-01	7.040342e+00	6.560256e-01	2.452377e-01	1.845192e+00	7.705084e-01	1.043072e+00	6.899568e+01	1.358018e+02	3.558232e-01	1.168053e-01	4.872953e+03	
11  189.664	2.189418e+00	1.499827e-01	6.945286e-01	2.953010e+00	9.867840e-01	4.774966e-02	9.843937e-01	9.965431e-02	4.613685e+00	5.391461e+00	9.576615e-01	7.040342e+00	6.560256e-01	2.452377e-01	1.845192e+00	7.705084e-01	1.043072e+00	6.899568e+01	1.358018e+02	3.558232e-01	1.168053e-01	4.872953e+03	
11  190.31	2.189418e+00	1.499827e-01	6.945286e-01	2.953010e+00	9.867840e-01	4.774966e-02	9.843937e-01	9.965431e-02	4.613685e+00	5.391461e+00	9.588725e-01	7.040342e+00	6.560256e-01	2.452377e-01	1.845192e+00	7.705084e-01	1.043072e+00	6.899568e+01	1.358018e+02	3.558232e-01	1.168053e-01	4.872953e+03	
11  189.545	2.189418e+00	1.499827e-01	6.945286e-01	2.953010e+00	9.867840e-01	4.774966e-02	9.843937e-01	9.965431e-02	4.613685e+00	5.391461e+00	9.569026e-01	7.040342e+00	6.560256e-01	2.452377e-01	1.845192e+00	7.705084e-01	1.043072e+00	6.899568e+01	1.358018e+02	3.558232e-01	1.168053e-01	4.872953e+03	
11  189.709	2.189418e+00	1.499827e-01	6.945286e-01	2.953010e+00	9.867840e-01	4.774966e-02	9.843937e-01	9.965431e-02	4.613685e+00	5.391461e+00	9.578004e-01	7.040342e+00	6.560256e-01	2.452377e-01	1.845192e+00	7.705084e-01	1.043072e+00	6.899568e+01	1.358018e+02	3.558232e-01	1.168053e-01	4.872953e+03	
11  189.791	2.189418e+00	1.499827e-01	6.945286e-01	2.953010e+00	9.867840e-01	4.774966e-02	9.843937e-01	9.965431e-02	4.613685e+00	5.391461e+00	9.580064e-01	7.040342e+00	6.560256e-01	2.452377e-01	1.845192e+00	7.705084e-01	1.043072e+00	6.899568e+01	1.358018e+02	3.558232e-01	1.168053e-01	4.872953e+03	
11  189.658	2.189418e+00	1.499827e-01	6.945286e-01	2.953010e+00	9.867840e-01	4.774966e-02	9.843937e-01	9.965431e-02	4.613685e+00	5.391461e+00	9.576396e-01	7.040342e+00	6.560256e-01	2.452377e-01	1.845192e+00	7.705084e-01	1.043072e+00	6.899568e+01	1.358018e+02	3.558232e-01	1.168053e-01	4.872953e+03	
11  189.715	2.189418e+00	1.499827e-01	6.945286e-01	2.953010e+00	9.867840e-01	4.774966e-02	9.843937e-01	9.965431e-02	4.613685e+00	5.391461e+00	9.578176e-01	7.040342e+00	6.560256e-01	2.452377e-01	1.845192e+00	7.705084e-01	1.043072e+00	6.899568e+01	1.358018e+02	3.558232e-01	1.168053e-01	4.872953e+03	
11  190.225	2.189418e+00	1.499827e-01	6.945286e-01	2.953010e+00	9.867840e-01	4.774966e-02	9.843937e-01	9.965431e-02	4.613685e+00	5.391461e+00	9.587552e-01	7.040342e+00	6.560256e-01	2.452377e-01	1.845192e+00	7.705084e-01	1.043072e+00	6.899568e+01	1.358018e+02	3.558232e-01	1.168053e-01	4.872953e+03	
22  189.818	2.189418e+00	1.499827e-01	6.945286e-01	2.953010e+00	9.867840e-01	4.774966e-02	9.843937e-01	9.965431e-02	4.613685e+00	5.391461e+00	9.580670e-01	7.040342e+00	6.560256e-01	2.452377e-01	1.845192e+00	7.705084e-01	1.043072e+00	6.899568e+01	1.358018e+02	3.558232e-01	1.168053e-01	4.872953e+03	
22  189.546	2.189418e+00	1.499827e-01	6.945286e-01	2.953010e+00	9.867840e-01	4.774966e-02	9.843937e-01	9.965431e-02	4.613685e+00	5.391461e+00	9.567745e-01	7.040342e+00	6.560256e-01	2.452377e-01	1.845192e+00	7.705084e-01	1.043072e+00	6.899568e+01	1.358018e+02	3.558232e-01	1.168053e-01	4.872953e+03	
11  189.745	2.189418e+00	1.499827e-01	6.945286e-01	2.953010e+00	9.867840e-01	4.774966e-02	9.843937e-01	9.965431e-02	4.613685e+00	5.391461e+00	9.558589e-01	7.040342e+00	6.560256e-01	2.452377e-01	1.845192e+00	7.705084e-01	1.043072e+00	6.899568e+01	1.358018e+02	3.558232e-01	1.168053e-01	4.872953e+03	
11  189.774	2.189418e+00	1.499827e-01	6.945286e-01	2.953010e+00	9.867840e-01	4.774966e-02	9.843937e-01	9.965431e-02	4.613685e+00	5.391461e+00	9.557908e-01	7.040342e+00	6.560256e-01	2.452377e-01	1.845192e+00	7.705084e-01	1.043072e+00	6.899568e+01	1.358018e+02	3.558232e-01	1.168053e-01	4.872953e+03	
33  189.555	2.189418e+00	1.499827e-01	6.945286e-01	2.953010e+00	9.867840e-01	4.774966e-02	9.843937e-01	9.965431e-02	4.613685e+00	5.391461e+00	9.570828e-01	7.040342e+00	6.560256e-01	2.452377e-01	1.845192e+00	7.705084e-01	1.043072e+00	6.899568e+01	1.358018e+02	3.558232e-01	1.168053e-01	4.872953e+03	
11  189.844	2.189418e+00	1.499827e-01	6.945286e-01	2.953010e+00	9.867840e-01	4.774966e-02	9.843937e-01	9.965431e-02	4.613685e+00	5.391461e+00	9.581230e-01	7.040342e+00	6.560256e-01	2.452377e-01	1.845192e+00	7.705084e-01	1.043072e+00	6.899568e+01	1.358018e+02	3.558232e-01	1.168053e-01	4.872953e+03	
33  189.545	2.189418e+00	1.499827e-01	6.945286e-01	2.953010e+00	9.867840e-01	4.774966e-02	9.843937e-01	9.965431e-02	4.613685e+00	5.391461e+00	9.569175e-01	7.040342e+00	6.560256e-01	2.452377e-01	1.845192e+00	7.705084e-01	1.043072e+00	6.899568e+01	1.358018e+02	3.558232e-01	1.168053e-01	4.872953e+03	
11  189.621	2.189418e+00	1.499827e-01	6.945286e-01	2.953010e+00	9.867840e-01	4.774966e-02	9.843937e-01	9.965431e-02	4.613685e+00	5.391461e+00	9.575063e-01	7.040342e+00	6.560256e-01	2.452377e-01	1.845192e+00	7.705084e-01	1.043072e+00	6.899568e+01	1.358018e+02	3.558232e-01	1.168053e-01	4.872953e+03	
22  189.818	2.189418e+00	1.499827e-01	6.945286e-01	2.953010e+00	9.867840e-01	4.774966e-02	9.843937e-01	9.965431e-02	4.613685e+00	5.391461e+00	9.580667e-01	7.040342e+00	6.560256e-01	2.452377e-01	1.845192e+00	7.705084e-01	1.043072e+00	6.899568e+01	1.358018e+02	3.558232e-01	1.168053e-01	4.872953e+03	
11  189.84	2.189418e+00	1.499827e-01	6.945286e-01	2.953010e+00	9.867840e-01	4.774966e-02	9.843937e-01	9.965431e-02	4.613685e+00	5.391461e+00	9.581151e-01	7.040342e+00	6.560256e-01	2.452377e-01	1.845192e+00	7.705084e-01	1.043072e+00	6.899568e+01	1.358018e+02	3.558232e-01	1.168053e-01	4.872953e+03	
22  189.662	2.189418e+00	1.499827e-01	6.945286e-01	2.953010e+00	9.867840e-01	4.774966e-02	9.843937e-01	9.965431e-02	4.613685e+00	5.391461e+00	9.560841e-01	7.040342e+00	6.560256e-01	2.452377e-01	1.845192e+00	7.705084e-01	1.043072e+00	6.899568e+01	1.358018e+02	3.558232e-01	1.168053e-01	4.872953e+03	
11  189.565	2.189418e+00	1.499827e-01	6.945286e-01	2.953010e+00	9.867840e-01	4.774966e-02	9.843937e-01	9.965431e-02	4.613685e+00	5.391461e+00	9.565271e-01	7.040342e+00	6.560256e-01	2.452377e-01	1.845192e+00	7.705084e-01	1.043072e+00	6.899568e+01	1.358018e+02	3.558232e-01	1.168053e-01	4.872953e+03	
11  189.545	2.189418e+00	1.499827e-01	6.945286e-01	2.953010e+00	9.867840e-01	4.774966e-02	9.843937e-01	9.965431e-02	4.613685e+00	5.391461e+00	9.568471e-01	7.040342e+00	6.560256e-01	2.452377e-01	1.845192e+00	7.705084e-01	1.043072e+00	6.899568e+01	1.358018e+02	3.558232e-01	1.168053e-01	4.872953e+03	
11  189.56	2.189418e+00	1.499827e-01	6.945286e-01	2.953010e+00	9.867840e-01	4.774966e-02	9.843937e-01	9.965431e-02	4.613685e+00	5.391461e+00	9.565664e-01	7.040342e+00	6.560256e-01	2.452377e-01	1.845192e+00	7.705084e-01	1.043072e+00	6.899568e+01	1.358018e+02	3.558232e-01	1.168053e-01	4.872953e+03	
11  189.781	2.189418e+00	1.499827e-01	6.945286e-01	2.953010e+00	9.867840e-01	4.774966e-02	9.843937e-01	9.965431e-02	4.613685e+00	5.391461e+00	9.557749e-01	7.040342e+00	6.560256e-01	2.452377e-01	1.845192e+00	7.705084e-01	1.043072e+00	6.899568e+01	1.358018e+02	3.558232e-01	1.168053e-01	4.872953e+03	
55  189.577	2.189418e+00	1.499827e-01	6.945286e-01	2.953010e+00	9.867840e-01	4.774966e-02	9.843937e-01	9.965431e-02	4.613685e+00	5.391461e+00	9.564501e-01	7.040342e+00	6.560256e-01	2.452377e-01	1.845192e+00	7.705084e-01	1.043072e+00	6.899568e+01	1.358018e+02	3.558232e-01	1.168053e-01	4.872953e+03	
11  189.715	2.189418e+00	1.499827e-01	6.945286e-01	2.953010e+00	9.867840e-01	4.774966e-02	9.843937e-01	9.965431e-02	4.613685e+00	5.391461e+00	9.578156e-01	7.040342e+00	6.560256e-01	2.452377e-01	1.845192e+00	7.705084e-01	1.043072e+00	6.899568e+01	1.358018e+02	3.558232e-01	1.168053e-01	4.872953e+03	
22  189.639	2.189418e+00	1.499827e-01	6.945286e-01	2.953010e+00	9.867840e-01	4.774966e-02	9.843937e-01	9.965431e-02	4.613685e+00	5.391461e+00	9.575731e-01	7.040342e+00	6.560256e-01	2.452377e-01	1.845192e+00	7.705084e-01	1.043072e+00	6.899568e+01	1.358018e+02	3.558232e-01	1.168053e-01	4.872953e+03	
22  189.582	2.189418e+00	1.499827e-01	6.945286e-01	2.953010e+00	9.867840e-01	4.774966e-02	9.843937e-01	9.965431e-02	4.613685e+00	5.391461e+00	9.573205e-01	7.040342e+00	6.560256e-01	2.452377e-01	1.845192e+00	7.705084e-01	1.043072e+00	6.899568e+01	1.358018e+02	3.558232e-01	1.168053e-01	4.872953e+03	
22  189.652	2.189418e+00	1.499827e-01	6.945286e-01	2.953010e+00	9.867840e-01	4.774966e-02	9.843937e-01	9.965431e-02	4.613685e+00	5.391461e+00	9.561158e-01	7.040342e+00	6.560256e-01	2.452377e-01	1.845192e+00	7.705084e-01	1.043072e+00	6.899568e+01	1.358018e+02	3.558232e-01	1.168053e-01	4.872953e+03	
11  189.643	2.189418e+00	1.499827e-01	6.945286e-01	2.953010e+00	9.867840e-01	4.774966e-02	9.843937e-01	9.965431e-02	4.613685e+00	5.391461e+00	9.575892e-01	7.040342e+00	6.560256e-01	2.452377e-01	1.845192e+00	7.705084e-01	1.043072e+00	6.899568e+01	1.358018e+02	3.558232e-01	1.168053e-01	4.872953e+03	
11  189.619	2.189418e+00	1.499827e-01	6.945286e-01	2.953010e+00	9.867840e-01	4.774966e-02	9.843937e-01	9.965431e-02	4.613685e+00	5.391461e+00	9.574961e-01	7.040342e+00	6.560256e-01	2.452377e-01	1.845192e+00	7.705084e-01	1.043072e+00	6.899568e+01	1.358018e+02	3.558232e-01	1.168053e-01	4.872953e+03	
11  190.498	2.189418e+00	1.499827e-01	6.945286e-01	2.953010e+00	9.867840e-01	4.774966e-02	9.843937e-01	9.965431e-02	4.613685e+00	5.391461e+00	9.591055e-01	7.040342e+00	6.560256e-01	2.452377e-01	1.845192e+00	7.705084e-01	1.043072e+00	6.899568e+01	1.358018e+02	3.558232e-01	1.168053e-01	4.872953e+03	
11  189.547	2.189418e+00	1.499827e-01	6.945286e-01	2.953010e+00	9.867840e-01	4.774966e-02	9.843937e-01	9.965431e-02	4.613685e+00	5.391461e+00	9.569668e-01	7.040342e+00	6.560256e-01	2.452377e-01	1.845192e+00	7.705084e-01	1.043072e+00	6.899568e+01	1.358018e+02	3.558232e-01	1.168053e-01	4.872953e+03	
11  189.558	2.189418e+00	1.499827e-01	6.945286e-01	2.953010e+00	9.867840e-01	4.774966e-02	9.843937e-01	9.965431e-02	4.613685e+00	5.391461e+00	9.565919e-01	7.040342e+00	6.560256e-01	2.452377e-01	1.845192e+00	7.705084e-01	1.043072e+00	6.899568e+01	1.358018e+02	3.558232e-01	1.168053e-01	4.872953e+03	
22  190.324	2.189418e+00	1.499827e-01	6.945286e-01	2.953010e+00	9.867840e-01	4.774966e-02	9.843937e-01	9.965431e-02	4.613685e+00	5.391461e+00	9.588902e-01	7.040342e+00	6.560256e-01	2.452377e-01	1.845192e+00	7.705084e-01	1.043072e+00	6.899568e+01	1.358018e+02	3.558232e-01	1.168053e-01	4.872953e+03	
11  189.59	2.189418e+00	1.499827e-01	6.945286e-01	2.953010e+00	9.867840e-01	4.774966e-02	9.843937e-01	9.965431e-02	4.613685e+00	5.391461e+00	9.573656e-01	7.040342e+00	6.560256e-01	2.452377e-01	1.845192e+00	7.705084e-01	1.043072e+00	6.899568e+01	1.358018e+02	3.558232e-01	1.168053e-01	4.872953e+03	
11  189.547	2.189418e+00	1.499827e-01	6.945286e-01	2.953010e+00	9.867840e-01	4.774966e-02	9.843937e-01	9.965431e-02	4.613685e+00	5.391461e+00	9.567405e-01	7.040342e+00	6.560256e-01	2.452377e-01	1.845192e+00	7.705084e-01	1.043072e+00	6.899568e+01	1.358018e+02	3.558232e-01	1.168053e-01	4.872953e+03	
11  189.769	2.189418e+00	1.499827e-01	6.945286e-01	2.953010e+00	9.867840e-01	4.774966e-02	9.843937e-01	9.965431e-02	4.613685e+00	5.391461e+00	9.579545e-01	7.040342e+00	6.560256e-01	2.452377e-01	1.845192e+00	7.705084e-01	1.043072e+00	6.899568e+01	1.358018e+02	3.558232e-01	1.168053e-01	4.872953e+03	
11  190.743	2.189418e+00	1.499827e-01	6.945286e-01	2.953010e+00	9.867840e-01	4.774966e-02	9.843937e-01	9.965431e-02	4.613685e+00	5.391461e+00	9.593764e-01	7.040342e+00	6.560256e-01	2.452377e-01	1.845192e+00	7.705084e-01	1.043072e+00	6.899568e+01	1.358018e+02	3.558232e-01	1.168053e-01	4.872953e+03	
11  189.701	2.189418e+00	1.499827e-01	6.945286e-01	2.953010e+00	9.867840e-01	4.774966e-02	9.843937e-01	9.965431e-02	4.613685e+00	5.391461e+00	9.577769e-01	7.040342e+00	6.560256e-01	2.452377e-01	1.845192e+00	7.705084e-01	1.043072e+00	6.899568e+01	1.358018e+02	3.558232e-01	1.168053e-01	4.872953e+03	
33  192.101	2.189418e+00	1.499827e-01	6.945286e-01	2.953010e+00	9.867840e-01	4.774966e-02	9.843937e-01	9.965431e-02	4.613685e+00	5.391461e+00	9.605339e-01	7.040342e+00	6.560256e-01	2.452377e-01	1.845192e+00	7.705084e-01	1.043072e+00	6.899568e+01	1.358018e+02	3.558232e-01	1.168053e-01	4.872953e+03	
22  191.553	2.189418e+00	1.499827e-01	6.945286e-01	2.953010e+00	9.867840e-01	4.774966e-02	9.843937e-01	9.965431e-02	4.613685e+00	5.391461e+00	9.601147e-01	7.040342e+00	6.560256e-01	2.452377e-01	1.845192e+00	7.705084e-01	1.043072e+00	6.899568e+01	1.358018e+02	3.558232e-01	1.168053e-01	4.872953e+03	
11  191.392	2.189418e+00	1.499827e-01	6.945286e-01	2.953010e+00	9.867840e-01	4.774966e-02	9.843937e-01	9.965431e-02	4.613685e+00	5.391461e+00	9.599825e-01	7.040342e+00	6.560256e-01	2.452377e-01	1.845192e+00	7.705084e-01	1.043072e+00	6.899568e+01	1.358018e+02	3.558232e-01	1.168053e-01	4.872953e+03	
22  190.199	2.189418e+00	1.499827e-01	6.945286e-01	2.953010e+00	9.867840e-01	4.774966e-02	9.843937e-01	9.965431e-02	4.613685e+00	5.391461e+00	9.587200e-01	7.040342e+00	6.560256e-01	2.452377e-01	1.845192e+00	7.705084e-01	1.043072e+00	6.899568e+01	1.358018e+02	3.558232e-01	1.168053e-01	4.872953e+03	
22  190.261	2.189418e+00	1.499827e-01	6.945286e-01	2.953010e+00	9.867840e-01	4.774966e-02	9.843937e-01	9.965431e-02	4.613685e+00	5.391461e+00	9.588066e-01	7.040342e+00	6.560256e-01	2.452377e-01	1.845192e+00	7.705084e-01	1.043072e+00	6.899568e+01	1.358018e+02	3.558232e-01	1.168053e-01	4.872953e+03	
11  190.201	2.189418e+00	1.499827e-01	6.945286e-01	2.953010e+00	9.867840e-01	4.774966e-02	9.843937e-01	9.965431e-02	4.613685e+00	5.391461e+00	9.587227e-01	7.040342e+00	6.560256e-01	2.452377e-01	1.845192e+00	7.705084e-01	1.043072e+00	6.899568e+01	1.358018e+02	3.558232e-01	1.168053e-01	4.872953e+03	
11  189.558	2.189418e+00	1.499827e-01	6.945286e-01	2.953010e+00	9.867840e-01	4.774966e-02	9.843937e-01	9.965431e-02	4.613685e+00	5.391461e+00	9.571212e-01	7.040342e+00	6.560256e-01	2.452377e-01	1.845192e+00	7.705084e-01	1.043072e+00	6.899568e+01	1.358018e+02	3.558232e-01	1.168053e-01	4.872953e+03	
11  189.55	2.189418e+00	1.499827e-01	6.945286e-01	2.953010e+00	9.867840e-01	4.774966e-02	9.843937e-01	9.965431e-02	4.613685e+00	5.391461e+00	9.566869e-01	7.040342e+00	6.560256e-01	2.452377e-01	1.845192e+00	7.705084e-01	1.043072e+00	6.899568e+01	1.358018e+02	3.558232e-01	1.168053e-01	4.872953e+03	
11  189.692	2.189418e+00	1.499827e-01	6.945286e-01	2.953010e+00	9.867840e-01	4.774966e-02	9.843937e-01	9.965431e-02	4.613685e+00	5.391461e+00	9.577484e-01	7.040342e+00	6.560256e-01	2.452377e-01	1.845192e+00	7.705084e-01	1.043072e+00	6.899568e+01	1.358018e+02	3.558232e-01	1.168053e-01	4.872953e+03	
33  189.898	2.189418e+00	1.499827e-01	6.945286e-01	2.953010e+00	9.867840e-01	4.774966e-02	9.843937e-01	9.965431e-02	4.613685e+00	5.391461e+00	9.582300e-01	7.040342e+00	6.560256e-01	2.452377e-01	1.845192e+00	7.705084e-01	1.043072e+00	6.899568e+01	1.358018e+02	3.558232e-01	1.168053e-01	4.872953e+03	
11  191.276	2.189418e+00	1.499827e-01	6.945286e-01	2.953010e+00	9.867840e-01	4.774966e-02	9.843937e-01	9.965431e-02	4.613685e+00	5.391461e+00	9.598833e-01	7.040342e+00	6.560256e-01	2.452377e-01	1.845192e+00	7.705084e-01	1.043072e+00	6.899568e+01	1.358018e+02	3.558232e-01	1.168053e-01	4.872953e+03	
11  189.545	2.189418e+00	1.499827e-01	6.945286e-01	2.953010e+00	9.867840e-01	4.774966e-02	9.843937e-01	9.965431e-02	4.613685e+00	5.391461e+00	9.568054e-01	7.040342e+00	6.560256e-01	2.452377e-01	1.845192e+00	7.705084e-01	1.043072e+00	6.899568e+01	1.358018e+02	3.558232e-01	1.168053e-01	4.872953e+03	
22  189.771	2.189418e+00	1.499827e-01	6.945286e-01	2.953010e+00	9.867840e-01	4.774966e-02	9.843937e-01	9.965431e-02	4.613685e+00	5.391461e+00	9.579606e-01	7.040342e+00	6.560256e-01	2.452377e-01	1.845192e+00	7.705084e-01	1.043072e+00	6.899568e+01	1.358018e+02	3.558232e-01	1.168053e-01	4.872953e+03	
33  190.055	2.189418e+00	1.499827e-01	6.945286e-01	2.953010e+00	9.867840e-01	4.774966e-02	9.843937e-01	9.965431e-02	4.613685e+00	5.391461e+00	9.585024e-01	7.040342e+00	6.560256e-01	2.452377e-01	1.845192e+00	7.705084e-01	1.043072e+00	6.899568e+01	1.358018e+02	3.558232e-01	1.168053e-01	4.872953e+03	
11  189.845	2.189418e+00	1.499827e-01	6.945286e-01	2.953010e+00	9.867840e-01	4.774966e-02	9.843937e-01	9.965431e-02	4.613685e+00	5.391461e+00	9.581254e-01	7.040342e+00	6.560256e-01	2.452377e-01	1.845192e+00	7.705084e-01	1.043072e+00	6.899568e+01	1.358018e+02	3.558232e-01	1.168053e-01	4.872953e+03	
33  190.773	2.189418e+00	1.499827e-01	6.945286e-01	2.953010e+00	9.867840e-01	4.774966e-02	9.843937e-01	9.965431e-02	4.613685e+00	5.391461e+00	9.594080e-01	7.040342e+00	6.560256e-01	2.452377e-01	1.845192e+00	7.705084e-01	1.043072e+00	6.899568e+01	1.358018e+02	3.558232e-01	1.168053e-01	4.872953e+03	
33  189.589	2.189418e+00	1.499827e-01	6.945286e-01	2.953010e+00	9.867840e-01	4.774966e-02	9.843937e-01	9.965431e-02	4.613685e+00	5.391461e+00	9.563728e-01	7.040342e+00	6.560256e-01	2.452377e-01	1.845192e+00	7.705084e-01	1.043072e+00	6.899568e+01	1.358018e+02	3.558232e-01	1.168053e-01	4.872953e+03	
66  189.658	2.189418e+00	1.499827e-01	6.945286e-01	2.953010e+00	9.867840e-01	4.774966e-02	9.843937e-01	9.965431e-02	4.613685e+00	5.391461e+00	9.560967e-01	7.040342e+00	6.560256e-01	2.452377e-01	1.845192e+00	7.705084e-01	1.043072e+00	6.899568e+01	1.358018e+02	3.558232e-01	1.168053e-01	4.872953e+03	
11  189.624	2.189418e+00	1.499827e-01	6.945286e-01	2.953010e+00	9.867840e-01	4.774966e-02	9.843937e-01	9.965431e-02	4.613685e+00	5.391461e+00	9.575180e-01	7.040342e+00	6.560256e-01	2.452377e-01	1.845192e+00	7.705084e-01	1.043072e+00	6.899568e+01	1.358018e+02	3.558232e-01	1.168053e-01	4.872953e+03	
22  189.686	2.189418e+00	1.499827e-01	6.945286e-01	2.953010e+00	9.867840e-01	4.774966e-02	9.843937e-01	9.965431e-02	4.613685e+00	5.391461e+00	9.577305e-01	7.040342e+00	6.560256e-01	2.452377e-01	1.845192e+00	7.705084e-01	1.043072e+00	6.899568e+01	1.358018e+02	3.558232e-01	1.168053e-01	4.872953e+03	
11  189.587	2.189418e+00	1.499827e-01	6.945286e-01	2.953010e+00	9.867840e-01	4.774966e-02	9.843937e-01	9.965431e-02	4.613685e+00	5.391461e+00	9.573520e-01	7.040342e+00	6.560256e-01	2.452377e-01	1.845192e+00	7.705084e-01	1.043072e+00	6.899568e+01	1.358018e+02	3.558232e-01	1.168053e-01	4.872953e+03	
11  189.65	2.189418e+00	1.499827e-01	6.945286e-01	2.953010e+00	9.867840e-01	4.774966e-02	9.843937e-01	9.965431e-02	4.613685e+00	5.391461e+00	9.576123e-01	7.040342e+00	6.560256e-01	2.452377e-01	1.845192e+00	7.705084e-01	1.043072e+00	6.899568e+01	1.358018e+02	3.558232e-01	1.168053e-01	4.872953e+03	
11  189.661	2.189418e+00	1.499827e-01	6.945286e-01	2.953010e+00	9.867840e-01	4.774966e-02	9.843937e-01	9.965431e-02	4.613685e+00	5.391461e+00	9.576507e-01	7.040342e+00	6.560256e-01	2.452377e-01	1.845192e+00	7.705084e-01	1.043072e+00	6.899568e+01	1.358018e+02	3.558232e-01	1.168053e-01	4.872953e+03	
22  189.609	2.189418e+00	1.499827e-01	6.945286e-01	2.953010e+00	9.867840e-01	4.774966e-02	9.843937e-01	9.965431e-02	4.613685e+00	5.391461e+00	9.562770e-01	7.040342e+00	6.560256e-01	2.452377e-01	1.845192e+00	7.705084e-01	1.043072e+00	6.899568e+01	1.358018e+02	3.558232e-01	1.168053e-01	4.872953e+03	
11  190.066	2.189418e+00	1.499827e-01	6.945286e-01	2.953010e+00	9.867840e-01	4.774966e-02	9.843937e-01	9.965431e-02	4.613685e+00	5.391461e+00	9.585200e-01	7.040342e+00	6.560256e-01	2.452377e-01	1.845192e+00	7.705084e-01	1.043072e+00	6.899568e+01	1.358018e+02	3.558232e-01	1.168053e-01	4.872953e+03	
11  189.555	2.189418e+00	1.499827e-01	6.945286e-01	2.953010e+00	9.867840e-01	4.774966e-02	9.843937e-01	9.965431e-02	4.613685e+00	5.391461e+00	9.570889e-01	7.040342e+00	6.560256e-01	2.452377e-01	1.845192e+00	7.705084e-01	1.043072e+00	6.899568e+01	1.358018e+02	3.558232e-01	1.168053e-01	4.872953e+03	
22  189.61	2.189418e+00	1.499827e-01	6.945286e-01	2.953010e+00	9.867840e-01	4.774966e-02	9.843937e-01	9.965431e-02	4.613685e+00	5.391461e+00	9.562756e-01	7.040342e+00	6.560256e-01	2.452377e-01	1.845192e+00	7.705084e-01	1.043072e+00	6.899568e+01	1.358018e+02	3.558232e-01	1.168053e-01	4.872953e+03	
88  189.779	2.189418e+00	1.499827e-01	6.945286e-01	2.953010e+00	9.867840e-01	4.774966e-02	9.843937e-01	9.965431e-02	4.613685e+00	5.391461e+00	9.557805e-01	7.040342e+00	6.560256e-01	2.452377e-01	1.845192e+00	7.705084e-01	1.043072e+00	6.899568e+01	1.358018e+02	3.558232e-01	1.168053e-01	4.872953e+03	
22  189.954	2.189418e+00	1.499827e-01	6.945286e-01	2.953010e+00	9.867840e-01	4.774966e-02	9.843937e-01	9.965431e-02	4.613685e+00	5.391461e+00	9.554344e-01	7.040342e+00	6.560256e-01	2.452377e-01	1.845192e+00	7.705084e-01	1.043072e+00	6.899568e+01	1.358018e+02	3.558232e-01	1.168053e-01	4.872953e+03	
11  189.627	2.189418e+00	1.499827e-01	6.945286e-01	2.953010e+00	9.867840e-01	4.774966e-02	9.843937e-01	9.965431e-02	4.613685e+00	5.391461e+00	9.575294e-01	7.040342e+00	6.560256e-01	2.452377e-01	1.845192e+00	7.705084e-01	1.043072e+00	6.899568e+01	1.358018e+02	3.558232e-01	1.168053e-01	4.872953e+03	
22  190.308	2.189418e+00	1.499827e-01	6.945286e-01	2.953010e+00	9.867840e-01	4.774966e-02	9.843937e-01	9.965431e-02	4.613685e+00	5.391461e+00	9.588698e-01	7.040342e+00	6.560256e-01	2.452377e-01	1.845192e+00	7.705084e-01	1.043072e+00	6.899568e+01	1.358018e+02	3.558232e-01	1.168053e-01	4.872953e+03	
22  189.644	2.189418e+00	1.499827e-01	6.945286e-01	2.953010e+00	9.867840e-01	4.774966e-02	9.843937e-01	9.965431e-02	4.613685e+00	5.391461e+00	9.575931e-01	7.040342e+00	6.560256e-01	2.452377e-01	1.845192e+00	7.705084e-01	1.043072e+00	6.899568e+01	1.358018e+02	3.558232e-01	1.168053e-01	4.872953e+03	
11  189.667	2.189418e+00	1.499827e-01	6.945286e-01	2.953010e+00	9.867840e-01	4.774966e-02	9.843937e-01	9.965431e-02	4.613685e+00	5.391461e+00	9.576712e-01	7.040342e+00	6.560256e-01	2.452377e-01	1.845192e+00	7.705084e-01	1.043072e+00	6.899568e+01	1.358018e+02	3.558232e-01	1.168053e-01	4.872953e+03	
11  189.758	2.189418e+00	1.499827e-01	6.945286e-01	2.953010e+00	9.867840e-01	4.774966e-02	9.843937e-01	9.965431e-02	4.613685e+00	5.391461e+00	9.558278e-01	7.040342e+00	6.560256e-01	2.452377e-01	1.845192e+00	7.705084e-01	1.043072e+00	6.899568e+01	1.358018e+02	3.558232e-01	1.168053e-01	4.872953e+03	
11  189.607	2.189418e+00	1.499827e-01	6.945286e-01	2.953010e+00	9.867840e-01	4.774966e-02	9.843937e-01	9.965431e-02	4.613685e+00	5.391461e+00	9.562863e-01	7.040342e+00	6.560256e-01	2.452377e-01	1.845192e+00	7.705084e-01	1.043072e+00	6.899568e+01	1.358018e+02	3.558232e-01	1.168053e-01	4.872953e+03	
11  189.575	2.189418e+00	1.499827e-01	6.945286e-01	2.953010e+00	9.867840e-01	4.774966e-02	9.843937e-01	9.965431e-02	4.613685e+00	5.391461e+00	9.564562e-01	7.040342e+00	6.560256e-01	2.452377e-01	1.845192e+00	7.705084e-01	1.043072e+00	6.899568e+01	1.358018e+02	3.558232e-01	1.168053e-01	4.872953e+03	
11  189.553	2.189418e+00	1.499827e-01	6.945286e-01	2.953010e+00	9.867840e-01	4.774966e-02	9.843937e-01	9.965431e-02	4.613685e+00	5.391461e+00	9.566496e-01	7.040342e+00	6.560256e-01	2.452377e-01	1.845192e+00	7.705084e-01	1.043072e+00	6.899568e+01	1.358018e+02	3.558232e-01	1.168053e-01	4.872953e+03	
11  189.574	2.189418e+00	1.499827e-01	6.945286e-01	2.953010e+00	9.867840e-01	4.774966e-02	9.843937e-01	9.965431e-02	4.613685e+00	5.391461e+00	9.572635e-01	7.040342e+00	6.560256e-01	2.452377e-01	1.845192e+00	7.705084e-01	1.043072e+00	6.899568e+01	1.358018e+02	3.558232e-01	1.168053e-01	4.872953e+03	
44  189.607	2.189418e+00	1.499827e-01	6.945286e-01	2.953010e+00	9.867840e-01	4.774966e-02	9.843937e-01	9.965431e-02	4.613685e+00	5.391461e+00	9.574440e-01	7.040342e+00	6.560256e-01	2.452377e-01	1.845192e+00	7.705084e-01	1.043072e+00	6.899568e+01	1.358018e+02	3.558232e-01	1.168053e-01	4.872953e+03	
22  189.635	2.189418e+00	1.499827e-01	6.945286e-01	2.953010e+00	9.867840e-01	4.774966e-02	9.843937e-01	9.965431e-02	4.613685e+00	5.391461e+00	9.561762e-01	7.040342e+00	6.560256e-01	2.452377e-01	1.845192e+00	7.705084e-01	1.043072e+00	6.899568e+01	1.358018e+02	3.558232e-01	1.168053e-01	4.872953e+03	
11  189.952	2.189418e+00	1.499827e-01	6.945286e-01	2.953010e+00	9.867840e-01	4.774966e-02	9.843937e-01	9.965431e-02	4.613685e+00	5.391461e+00	9.554388e-01	7.040342e+00	6.560256e-01	2.452377e-01	1.845192e+00	7.705084e-01	1.043072e+00	6.899568e+01	1.358018e+02	3.558232e-01	1.168053e-01	4.872953e+03	
11  189.601	2.189418e+00	1.499827e-01	6.945286e-01	2.953010e+00	9.867840e-01	4.774966e-02	9.843937e-01	9.965431e-02	4.613685e+00	5.391461e+00	9.563143e-01	7.040342e+00	6.560256e-01	2.452377e-01	1.845192e+00	7.705084e-01	1.043072e+00	6.899568e+01	1.358018e+02	3.558232e-01	1.168053e-01	4.872953e+03	
11  189.579	2.189418e+00	1.499827e-01	6.945286e-01	2.953010e+00	9.867840e-01	4.774966e-02	9.843937e-01	9.965431e-02	4.613685e+00	5.391461e+00	9.564366e-01	7.040342e+00	6.560256e-01	2.452377e-01	1.845192e+00	7.705084e-01	1.043072e+00	6.899568e+01	1.358018e+02	3.558232e-01	1.168053e-01	4.872953e+03	
22  189.967	2.189418e+00	1.499827e-01	6.945286e-01	2.953010e+00	9.867840e-01	4.774966e-02	9.843937e-01	9.965431e-02	4.613685e+00	5.391461e+00	9.554122e-01	7.040342e+00	6.560256e-01	2.452377e-01	1.845192e+00	7.705084e-01	1.043072e+00	6.899568e+01	1.358018e+02	3.558232e-01	1.168053e-01	4.872953e+03	
11  189.713	2.189418e+00	1.499827e-01	6.945286e-01	2.953010e+00	9.867840e-01	4.774966e-02	9.843937e-01	9.965431e-02	4.613685e+00	5.391461e+00	9.578116e-01	7.040342e+00	6.560256e-01	2.452377e-01	1.845192e+00	7.705084e-01	1.043072e+00	6.899568e+01	1.358018e+02	3.558232e-01	1.168053e-01	4.872953e+03	
11  189.547	2.189418e+00	1.499827e-01	6.945286e-01	2.953010e+00	9.867840e-01	4.774966e-02	9.843937e-01	9.965431e-02	4.613685e+00	5.391461e+00	9.567527e-01	7.040342e+00	6.560256e-01	2.452377e-01	1.845192e+00	7.705084e-01	1.043072e+00	6.899568e+01	1.358018e+02	3.558232e-01	1.168053e-01	4.872953e+03	
22  189.573	2.189418e+00	1.499827e-01	6.945286e-01	2.953010e+00	9.867840e-01	4.774966e-02	9.843937e-01	9.965431e-02	4.613685e+00	5.391461e+00	9.572579e-01	7.040342e+00	6.560256e-01	2.452377e-01	1.845192e+00	7.705084e-01	1.043072e+00	6.899568e+01	1.358018e+02	3.558232e-01	1.168053e-01	4.872953e+03	
11  189.557	2.189418e+00	1.499827e-01	6.945286e-01	2.953010e+00	9.867840e-01	4.774966e-02	9.843937e-01	9.965431e-02	4.613685e+00	5.391461e+00	9.565982e-01	7.040342e+00	6.560256e-01	2.452377e-01	1.845192e+00	7.705084e-01	1.043072e+00	6.899568e+01	1.358018e+02	3.558232e-01	1.168053e-01	4.872953e+03	
22  189.566	2.189418e+00	1.499827e-01	6.945286e-01	2.953010e+00	9.867840e-01	4.774966e-02	9.843937e-01	9.965431e-02	4.613685e+00	5.391461e+00	9.565226e-01	7.040342e+00	6.560256e-01	2.452377e-01	1.845192e+00	7.705084e-01	1.043072e+00	6.899568e+01	1.358018e+02	3.558232e-01	1.168053e-01	4.872953e+03	
11  189.73	2.189418e+00	1.499827e-01	6.945286e-01	2.953010e+00	9.867840e-01	4.774966e-02	9.843937e-01	9.965431e-02	4.613685e+00	5.391461e+00	9.558913e-01	7.040342e+00	6.560256e-01	2.452377e-01	1.845192e+00	7.705084e-01	1.043072e+00	6.899568e+01	1.358018e+02	3.558232e-01	1.168053e-01	4.872953e+03	
11  189.644	2.189418e+00	1.499827e-01	6.945286e-01	2.953010e+00	9.867840e-01	4.774966e-02	9.843937e-01	9.965431e-02	4.613685e+00	5.391461e+00	9.561417e-01	7.040342e+00	6.560256e-01	2.452377e-01	1.845192e+00	7.705084e-01	1.043072e+00	6.899568e+01	1.358018e+02	3.558232e-01	1.168053e-01	4.872953e+03	
11  190.491	2.189418e+00	1.499827e-01	6.945286e-01	2.953010e+00	9.867840e-01	4.774966e-02	9.843937e-01	9.965431e-02	4.613685e+00	5.391461e+00	9.590963e-01	7.040342e+00	6.560256e-01	2.452377e-01	1.845192e+00	7.705084e-01	1.043072e+00	6.899568e+01	1.358018e+02	3.558232e-01	1.168053e-01	4.872953e+03	
33  191.188	2.189418e+00	1.499827e-01	6.945286e-01	2.953010e+00	9.867840e-01	4.774966e-02	9.843937e-01	9.965431e-02	4.613685e+00	5.391461e+00	9.598053e-01	7.040342e+00	6.560256e-01	2.452377e-01	1.845192e+00	7.705084e-01	1.043072e+00	6.899568e+01	1.358018e+02	3.558232e-01	1.168053e-01	4.872953e+03	
33  190.827	2.189418e+00	1.499827e-01	6.945286e-01	2.953010e+00	9.867840e-01	4.774966e-02	9.843937e-01	9.965431e-02	4.613685e+00	5.391461e+00	9.594632e-01	7.040342e+00	6.560256e-01	2.452377e-01	1.845192e+00	7.705084e-01	1.043072e+00	6.899568e+01	1.358018e+02	3.558232e-01	1.168053e-01	4.872953e+03	
11  190.27	2.189418e+00	1.499827e-01	6.945286e-01	2.953010e+00	9.867840e-01	4.774966e-02	9.843937e-01	9.965431e-02	4.613685e+00	5.391461e+00	9.588182e-01	7.040342e+00	6.560256e-01	2.452377e-01	1.845192e+00	7.705084e-01	1.043072e+00	6.899568e+01	1.358018e+02	3.558232e-01	1.168053e-01	4.872953e+03	
11  189.953	2.189418e+00	1.499827e-01	6.945286e-01	2.953010e+00	9.867840e-01	4.774966e-02	9.843937e-01	9.965431e-02	4.613685e+00	5.391461e+00	9.583325e-01	7.040342e+00	6.560256e-01	2.452377e-01	1.845192e+00	7.705084e-01	1.043072e+00	6.899568e+01	1.358018e+02	3.558232e-01	1.168053e-01	4.872953e+03	
22  189.556	2.189418e+00	1.499827e-01	6.945286e-01	2.953010e+00	9.867840e-01	4.774966e-02	9.843937e-01	9.965431e-02	4.613685e+00	5.391461e+00	9.566142e-01	7.040342e+00	6.560256e-01	2.452377e-01	1.845192e+00	7.705084e-01	1.043072e+00	6.899568e+01	1.358018e+02	3.558232e-01	1.168053e-01	4.872953e+03	
11  189.583	2.189418e+00	1.499827e-01	6.945286e-01	2.953010e+00	9.867840e-01	4.774966e-02	9.843937e-01	9.965431e-02	4.613685e+00	5.391461e+00	9.573261e-01	7.040342e+00	6.560256e-01	2.452377e-01	1.845192e+00	7.705084e-01	1.043072e+00	6.899568e+01	1.358018e+02	3.558232e-01	1.168053e-01	4.872953e+03	
11  189.583	2.189418e+00	1.499827e-01	6.945286e-01	2.953010e+00	9.867840e-01	4.774966e-02	9.843937e-01	9.965431e-02	4.613685e+00	5.391461e+00	9.564073e-01	7.040342e+00	6.560256e-01	2.452377e-01	1.845192e+00	7.705084e-01	1.043072e+00	6.899568e+01	1.358018e+02	3.558232e-01	1.168053e-01	4.872953e+03	
11  189.551	2.189418e+00	1.499827e-01	6.945286e-01	2.953010e+00	9.867840e-01	4.774966e-02	9.843937e-01	9.965431e-02	4.613685e+00	5.391461e+00	9.566679e-01	7.040342e+00	6.560256e-01	2.452377e-01	1.845192e+00	7.705084e-01	1.043072e+00	6.899568e+01	1.358018e+02	3.558232e-01	1.168053e-01	4.872953e+03	
11  190.299	2.189418e+00	1.499827e-01	6.945286e-01	2.953010e+00	9.867840e-01	4.774966e-02	9.843937e-01	9.965431e-02	4.613685e+00	5.391461e+00	9.588576e-01	7.040342e+00	6.560256e-01	2.452377e-01	1.845192e+00	7.705084e-01	1.043072e+00	6.899568e+01	1.358018e+02	3.558232e-01	1.168053e-01	4.872953e+03	
11  190.012	2.189418e+00	1.499827e-01	6.945286e-01	2.953010e+00	9.867840e-01	4.774966e-02	9.843937e-01	9.965431e-02	4.613685e+00	5.391461e+00	9.584321e-01	7.040342e+00	6.560256e-01	2.452377e-01	1.845192e+00	7.705084e-01	1.043072e+00	6.899568e+01	1.358018e+02	3.558232e-01	1.168053e-01	4.872953e+03	
11  190.994	2.189418e+00	1.499827e-01	6.945286e-01	2.953010e+00	9.867840e-01	4.774966e-02	9.843937e-01	9.965431e-02	4.613685e+00	5.391461e+00	9.596264e-01	7.040342e+00	6.560256e-01	2.452377e-01	1.845192e+00	7.705084e-01	1.043072e+00	6.899568e+01	1.358018e+02	3.558232e-01	1.168053e-01	4.872953e+03	
11  193.307	2.189418e+00	1.499827e-01	6.945286e-01	2.953010e+00	9.867840e-01	4.774966e-02	9.843937e-01	9.965431e-02	4.613685e+00	5.391461e+00	9.613192e-01	7.040342e+00	6.560256e-01	2.452377e-01	1.845192e+00	7.705084e-01	1.043072e+00	6.899568e+01	1.358018e+02	3.558232e-01	1.168053e-01	4.872953e+03	
11  193.416	2.189418e+00	1.499827e-01	6.945286e-01	2.953010e+00	9.867840e-01	4.774966e-02	9.843937e-01	9.965431e-02	4.613685e+00	5.391461e+00	9.613838e-01	7.040342e+00	6.560256e-01	2.452377e-01	1.845192e+00	7.705084e-01	1.043072e+00	6.899568e+01	1.358018e+02	3.558232e-01	1.168053e-01	4.872953e+03	
22  194.887	2.189418e+00	1.499827e-01	6.945286e-01	2.953010e+00	9.867840e-01	4.774966e-02	9.843937e-01	9.965431e-02	4.613685e+00	5.391461e+00	9.621784e-01	7.040342e+00	6.560256e-01	2.452377e-01	1.845192e+00	7.705084e-01	1.043072e+00	6.899568e+01	1.358018e+02	3.558232e-01	1.168053e-01	4.872953e+03	
11  191.489	2.189418e+00	1.499827e-01	6.945286e-01	2.953010e+00	9.867840e-01	4.774966e-02	9.843937e-01	9.965431e-02	4.613685e+00	5.391461e+00	9.600638e-01	7.040342e+00	6.560256e-01	2.452377e-01	1.845192e+00	7.705084e-01	1.043072e+00	6.899568e+01	1.358018e+02	3.558232e-01	1.168053e-01	4.872953e+03	
11  192.198	2.189418e+00	1.499827e-01	6.945286e-01	2.953010e+00	9.867840e-01	4.774966e-02	9.843937e-01	9.965431e-02	4.613685e+00	5.391461e+00	9.606032e-01	7.040342e+00	6.560256e-01	2.452377e-01	1.845192e+00	7.705084e-01	1.043072e+00	6.899568e+01	1.358018e+02	3.558232e-01	1.168053e-01	4.872953e+03	
11  192.998	2.189418e+00	1.499827e-01	6.945286e-01	2.953010e+00	9.867840e-01	4.774966e-02	9.843937e-01	9.965431e-02	4.613685e+00	5.391461e+00	9.611314e-01	7.040342e+00	6.560256e-01	2.452377e-01	1.845192e+00	7.705084e-01	1.043072e+00	6.899568e+01	1.358018e+02	3.558232e-01	1.168053e-01	4.872953e+03	
33  193.458	2.189418e+00	1.499827e-01	6.945286e-01	2.953010e+00	9.867840e-01	4.774966e-02	9.843937e-01	9.965431e-02	4.613685e+00	5.391461e+00	9.614089e-01	7.040342e+00	6.560256e-01	2.452377e-01	1.845192e+00	7.705084e-01	1.043072e+00	6.899568e+01	1.358018e+02	3.558232e-01	1.168053e-01	4.872953e+03	
11  194.41	2.189418e+00	1.499827e-01	6.945286e-01	2.953010e+00	9.867840e-01	4.774966e-02	9.843937e-01	9.965431e-02	4.613685e+00	5.391461e+00	9.619356e-01	7.040342e+00	6.560256e-01	2.452377e-01	1.845192e+00	7.705084e-01	1.043072e+00	6.899568e+01	1.358018e+02	3.558232e-01	1.168053e-01	4.872953e+03	
11  190.798	2.189418e+00	1.499827e-01	6.945286e-01	2.953010e+00	9.867840e-01	4.774966e-02	9.843937e-01	9.965431e-02	4.613685e+00	5.391461e+00	9.594338e-01	7.040342e+00	6.560256e-01	2.452377e-01	1.845192e+00	7.705084e-01	1.043072e+00	6.899568e+01	1.358018e+02	3.558232e-01	1.168053e-01	4.872953e+03	
22  190.788	2.189418e+00	1.499827e-01	6.945286e-01	2.953010e+00	9.867840e-01	4.774966e-02	9.843937e-01	9.965431e-02	4.613685e+00	5.391461e+00	9.594241e-01	7.040342e+00	6.560256e-01	2.452377e-01	1.845192e+00	7.705084e-01	1.043072e+00	6.899568e+01	1.358018e+02	3.558232e-01	1.168053e-01	4.872953e+03	
11  191.156	2.189418e+00	1.499827e-01	6.945286e-01	2.953010e+00	9.867840e-01	4.774966e-02	9.843937e-01	9.965431e-02	4.613685e+00	5.391461e+00	9.597761e-01	7.040342e+00	6.560256e-01	2.452377e-01	1.845192e+00	7.705084e-01	1.043072e+00	6.899568e+01	1.358018e+02	3.558232e-01	1.168053e-01	4.872953e+03	
11  191.921	2.189418e+00	1.499827e-01	6.945286e-01	2.953010e+00	9.867840e-01	4.774966e-02	9.843937e-01	9.965431e-02	4.613685e+00	5.391461e+00	9.604019e-01	7.040342e+00	6.560256e-01	2.452377e-01	1.845192e+00	7.705084e-01	1.043072e+00	6.899568e+01	1.358018e+02	3.558232e-01	1.168053e-01	4.872953e+03	
22  191.661	2.189418e+00	1.499827e-01	6.945286e-01	2.953010e+00	9.867840e-01	4.774966e-02	9.843937e-01	9.965431e-02	4.613685e+00	5.391461e+00	9.602010e-01	7.040342e+00	6.560256e-01	2.452377e-01	1.845192e+00	7.705084e-01	1.043072e+00	6.899568e+01	1.358018e+02	3.558232e-01	1.168053e-01	4.872953e+03	
44  191.474	2.189418e+00	1.499827e-01	6.945286e-01	2.953010e+00	9.867840e-01	4.774966e-02	9.843937e-01	9.965431e-02	4.613685e+00	5.391461e+00	9.600513e-01	7.040342e+00	6.560256e-01	2.452377e-01	1.845192e+00	7.705084e-01	1.043072e+00	6.899568e+01	1.358018e+02	3.558232e-01	1.168053e-01	4.872953e+03	
11  189.713	2.189418e+00	1.499827e-01	6.945286e-01	2.953010e+00	9.867840e-01	4.774966e-02	9.843937e-01	9.965431e-02	4.613685e+00	5.391461e+00	9.578098e-01	7.040342e+00	6.560256e-01	2.452377e-01	1.845192e+00	7.705084e-01	1.043072e+00	6.899568e+01	1.358018e+02	3.558232e-01	1.168053e-01	4.872953e+03	
11  189.637	2.189418e+00	1.499827e-01	6.945286e-01	2.953010e+00	9.867840e-01	4.774966e-02	9.843937e-01	9.965431e-02	4.613685e+00	5.391461e+00	9.561679e-01	7.040342e+00	6.560256e-01	2.452377e-01	1.845192e+00	7.705084e-01	1.043072e+00	6.899568e+01	1.358018e+02	3.558232e-01	1.168053e-01	4.872953e+03	
44  189.845	2.189418e+00	1.499827e-01	6.945286e-01	2.953010e+00	9.867840e-01	4.774966e-02	9.843937e-01	9.965431e-02	4.613685e+00	5.391461e+00	9.556373e-01	7.040342e+00	6.560256e-01	2.452377e-01	1.845192e+00	7.705084e-01	1.043072e+00	6.899568e+01	1.358018e+02	3.558232e-01	1.168053e-01	4.872953e+03	
11  189.68	2.189418e+00	1.499827e-01	6.945286e-01	2.953010e+00	9.867840e-01	4.774966e-02	9.843937e-01	9.965431e-02	4.613685e+00	5.391461e+00	9.560262e-01	7.040342e+00	6.560256e-01	2.452377e-01	1.845192e+00	7.705084e-01	1.043072e+00	6.899568e+01	1.358018e+02	3.558232e-01	1.168053e-01	4.872953e+03	
11  189.556	2.189418e+00	1.499827e-01	6.945286e-01	2.953010e+00	9.867840e-01	4.774966e-02	9.843937e-01	9.965431e-02	4.613685e+00	5.391461e+00	9.566057e-01	7.040342e+00	6.560256e-01	2.452377e-01	1.845192e+00	7.705084e-01	1.043072e+00	6.899568e+01	1.358018e+02	3.558232e-01	1.168053e-01	4.872953e+03	
11  190.149	2.189418e+00	1.499827e-01	6.945286e-01	2.953010e+00	9.867840e-01	4.774966e-02	9.843937e-01	9.965431e-02	4.613685e+00	5.391461e+00	9.586470e-01	7.040342e+00	6.560256e-01	2.452377e-01	1.845192e+00	7.705084e-01	1.043072e+00	6.899568e+01	1.358018e+02	3.558232e-01	1.168053e-01	4.872953e+03	
11  189.744	2.189418e+00	1.499827e-01	6.945286e-01	2.953010e+00	9.867840e-01	4.774966e-02	9.843937e-01	9.965431e-02	4.613685e+00	5.391461e+00	9.558610e-01	7.040342e+00	6.560256e-01	2.452377e-01	1.845192e+00	7.705084e-01	1.043072e+00	6.899568e+01	1.358018e+02	3.558232e-01	1.168053e-01	4.872953e+03	
11  189.655	2.189418e+00	1.499827e-01	6.945286e-01	2.953010e+00	9.867840e-01	4.774966e-02	9.843937e-01	9.965431e-02	4.613685e+00	5.391461e+00	9.561047e-01	7.040342e+00	6.560256e-01	2.452377e-01	1.845192e+00	7.705084e-01	1.043072e+00	6.899568e+01	1.358018e+02	3.558232e-01	1.168053e-01	4.872953e+03	
22  189.547	2.189418e+00	1.499827e-01	6.945286e-01	2.953010e+00	9.867840e-01	4.774966e-02	9.843937e-01	9.965431e-02	4.613685e+00	5.391461e+00	9.567523e-01	7.040342e+00	6.560256e-01	2.452377e-01	1.845192e+00	7.705084e-01	1.043072e+00	6.899568e+01	1.358018e+02	3.558232e-01	1.168053e-01	4.872953e+03	
11  189.641	2.189418e+00	1.499827e-01	6.945286e-01	2.953010e+00	9.867840e-01	4.774966e-02	9.843937e-01	9.965431e-02	4.613685e+00	5.391461e+00	9.575824e-01	7.040342e+00	6.560256e-01	2.452377e-01	1.845192e+00	7.705084e-01	1.043072e+00	6.899568e+01	1.358018e+02	3.558232e-01	1.168053e-01	4.872953e+03	
11  189.707	2.189418e+00	1.499827e-01	6.945286e-01	2.953010e+00	9.867840e-01	4.774966e-02	9.843937e-01	9.965431e-02	4.613685e+00	5.391461e+00	9.577927e-01	7.040342e+00	6.560256e-01	2.452377e-01	1.845192e+00	7.705084e-01	1.043072e+00	6.899568e+01	1.358018e+02	3.558232e-01	1.168053e-01	4.872953e+03	
11  190.375	2.189418e+00	1.499827e-01	6.945286e-01	2.953010e+00	9.867840e-01	4.774966e-02	9.843937e-01	9.965431e-02	4.613685e+00	5.391461e+00	9.589568e-01	7.040342e+00	6.560256e-01	2.452377e-01	1.845192e+00	7.705084e-01	1.043072e+00	6.899568e+01	1.358018e+02	3.558232e-01	1.168053e-01	4.872953e+03	
11  189.663	2.189418e+00	1.499827e-01	6.945286e-01	2.953010e+00	9.867840e-01	4.774966e-02	9.843937e-01	9.965431e-02	4.613685e+00	5.391461e+00	9.576562e-01	7.040342e+00	6.560256e-01	2.452377e-01	1.845192e+00	7.705084e-01	1.043072e+00	6.899568e+01	1.358018e+02	3.558232e-01	1.168053e-01	4.872953e+03	
22  189.787	2.189418e+00	1.499827e-01	6.945286e-01	2.953010e+00	9.867840e-01	4.774966e-02	9.843937e-01	9.965431e-02	4.613685e+00	5.391461e+00	9.557610e-01	7.040342e+00	6.560256e-01	2.452377e-01	1.845192e+00	7.705084e-01	1.043072e+00	6.899568e+01	1.358018e+02	3.558232e-01	1.168053e-01	4.872953e+03	
44  189.934	2.189418e+00	1.499827e-01	6.945286e-01	2.953010e+00	9.867840e-01	4.774966e-02	9.843937e-01	9.965431e-02	4.613685e+00	5.391461e+00	9.554701e-01	7.040342e+00	6.560256e-01	2.452377e-01	1.845192e+00	7.705084e-01	1.043072e+00	6.899568e+01	1.358018e+02	3.558232e-01	1.168053e-01	4.872953e+03	
22  189.731	2.189418e+00	1.499827e-01	6.945286e-01	2.953010e+00	9.867840e-01	4.774966e-02	9.843937e-01	9.965431e-02	4.613685e+00	5.391461e+00	9.558868e-01	7.040342e+00	6.560256e-01	2.452377e-01	1.845192e+00	7.705084e-01	1.043072e+00	6.899568e+01	1.358018e+02	3.558232e-01	1.168053e-01	4.872953e+03	
22  189.546	2.189418e+00	1.499827e-01	6.945286e-01	2.953010e+00	9.867840e-01	4.774966e-02	9.843937e-01	9.965431e-02	4.613685e+00	5.391461e+00	9.569336e-01	7.040342e+00	6.560256e-01	2.452377e-01	1.845192e+00	7.705084e-01	1.043072e+00	6.899568e+01	1.358018e+02	3.558232e-01	1.168053e-01	4.872953e+03	
22  189.696	2.189418e+00	1.499827e-01	6.945286e-01	2.953010e+00	9.867840e-01	4.774966e-02	9.843937e-01	9.965431e-02	4.613685e+00	5.391461e+00	9.559831e-01	7.040342e+00	6.560256e-01	2.452377e-01	1.845192e+00	7.705084e-01	1.043072e+00	6.899568e+01	1.358018e+02	3.558232e-01	1.168053e-01	4.872953e+03	
11  189.572	2.189418e+00	1.499827e-01	6.945286e-01	2.953010e+00	9.867840e-01	4.774966e-02	9.843937e-01	9.965431e-02	4.613685e+00	5.391461e+00	9.572407e-01	7.040342e+00	6.560256e-01	2.452377e-01	1.845192e+00	7.705084e-01	1.043072e+00	6.899568e+01	1.358018e+02	3.558232e-01	1.168053e-01	4.872953e+03	
11  189.585	2.189418e+00	1.499827e-01	6.945286e-01	2.953010e+00	9.867840e-01	4.774966e-02	9.843937e-01	9.965431e-02	4.613685e+00	5.391461e+00	9.573412e-01	7.040342e+00	6.560256e-01	2.452377e-01	1.845192e+00	7.705084e-01	1.043072e+00	6.899568e+01	1.358018e+02	3.558232e-01	1.168053e-01	4.872953e+03	
11  189.717	2.189418e+00	1.499827e-01	6.945286e-01	2.953010e+00	9.867840e-01	4.774966e-02	9.843937e-01	9.965431e-02	4.613685e+00	5.391461e+00	9.578217e-01	7.040342e+00	6.560256e-01	2.452377e-01	1.845192e+00	7.705084e-01	1.043072e+00	6.899568e+01	1.358018e+02	3.558232e-01	1.168053e-01	4.872953e+03	
