# z_reio	Omega_Lambda	YHe	A_s	sigma8	100*theta_s	H0	rs_d	Omega_m	f_drmd	z_dec_drmd
17.792572021484375	0.7187664793824217	0.24647604996790348	1.9836241838990927e-09	0.3694485445940595	1.0243586388522088	77.59103535094172	130.72778999795887	0.28115496676722224	0.20938694596677976	2717.227845993389
17.327911376953125	0.7160189557710843	0.2463036794742961	1.914837952337896e-09	0.15479035911894057	1.022706869150771	76.67730506102698	131.66037258295196	0.2839010690864869	0.2053073037882419	61.00044546676645
20.82830810546875	0.7294498463902356	0.24606904657474526	2.1816814086042698e-09	0.3627518053692522	1.0169013992625138	72.44077525110762	141.45108647376387	0.27047081810867624	0.11470100248212509	1350.5380305790366
18.609588623046875	0.7044967897333627	0.24616420345533316	2.012995226613476e-09	0.15058762390415628	1.020181539445493	72.6495583979528	136.51780819153979	0.2954205512949935	0.1505508247951611	74.17040691195915
20.004974365234375	0.7371641259189226	0.24614582515652167	2.030934526278087e-09	0.3088823341783314	1.019249325337904	75.49151282139296	137.56902333420675	0.2627584704991932	0.15883399345197705	733.2968189297645
18.063507080078125	0.7582712021500295	0.24605180916804265	1.9782984699501104e-09	0.25872133751554044	1.0155432136977887	74.87374395164555	142.94538422591773	0.24165422975388964	0.11788975926070998	250.19442719440278
17.736419677734375	0.7208310953926489	0.24612083614548597	1.8644822173480752e-09	0.12970424874026187	1.0227052229445786	76.52341017643961	132.94763089138735	0.2790892835771612	0.19928558117432793	31.25059366188426
17.889434814453125	0.7109873726393515	0.24607811061059143	1.9161233763629137e-09	0.2114515319039313	1.0211203072463226	73.04390067283622	137.18196995585475	0.28893112616065203	0.14808048952133926	308.5011496496304
18.907196044921875	0.7375405070110341	0.24608126962468216	1.9089820747254335e-09	0.18508669928959248	1.0208056423980034	76.73206861051894	135.67262452279522	0.2623822410324683	0.1814216189861596	136.35783796379795
16.259613037109375	0.7128005160341363	0.24628415510626706	1.8771185499767994e-09	0.16111418299648186	1.0205197844497573	73.16192585457458	137.08273802086347	0.28711875564486394	0.14331713991410386	85.13871325502905
18.616607666015625	0.7350433132481141	0.24623224114953576	1.9921267159568058e-09	0.1326284195384	1.0195877470207537	76.74224745332218	134.87712704442697	0.2648790218858193	0.18548937280794842	14.180271254568448
18.365325927734375	0.7415062029786089	0.24607511121040346	1.965019078226831e-09	0.167849707370053	1.0165164402523865	74.4210760495498	140.14622451025312	0.25841632587025154	0.1379542628983968	33.37070218125728
19.472930908203125	0.7233267432575239	0.24651570907100065	2.036339460046936e-09	0.22207447261055385	1.0245937227934594	79.7501474593819	128.03019670582688	0.27659539828090857	0.2413067074780185	363.8077463595843
17.640960693359375	0.7131723241944826	0.24577003291642588	1.9249001800491807e-09	0.16774064660677485	1.0185681123027648	70.54245560246616	142.36183747243302	0.2867451429003095	0.10404065781713785	42.24549758842252
21.52178955078125	0.7383796653158762	0.2462116803351884	2.181003584504015e-09	0.23037720998255867	1.0211853519112521	76.2743614851557	136.63088292894972	0.2615438503285485	0.16529261089685687	275.9242951770686
20.044281005859375	0.717439739186843	0.24667725380294234	2.098916213597838e-09	0.2794312998268826	1.0247023812568574	80.91748472079432	125.03970071991931	0.28248172937281313	0.2665887675206271	797.4956541519261
20.56439208984375	0.7311240000512413	0.24671812172415233	2.1792105740434162e-09	0.28474627930307916	1.021075864647162	76.94307199896325	133.6354208207425	0.26879951787736095	0.1781203448277586	797.4956541519261
19.428009033203125	0.7454095076893759	0.2459790489785955	2.0812563615285717e-09	0.32253559116921193	1.014925468232234	73.14019863193025	143.3303363858837	0.25451318464497513	0.10948175356944694	805.2554471913634
18.968963623046875	0.7185810855838597	0.24649979591084598	2.0096003082866597e-09	0.38112604271188505	1.0232946912353909	78.37190478288079	129.2425069075726	0.28133992077148906	0.22730085078477255	2510.799673355111
19.531890869140625	0.7187176939731821	0.24636263196904828	2.107791197797907e-09	0.12369198475044688	1.0216846690916366	76.06833871319057	133.0588804258152	0.28120276035180575	0.19003890134467066	23.461591656977433
19.148651123046875	0.7175170046397376	0.24621166696564603	1.969468234483105e-09	0.2787848083989149	1.0210373034460367	75.66942460912995	133.53859172771178	0.2824026261944845	0.1898824839614421	754.3042928275246
18.874908447265625	0.7328988134341208	0.24631130006452567	1.981153689597238e-09	0.34887896522995326	1.0193516882368698	74.7506245329822	137.9471947246887	0.2670236228189247	0.14557003581354178	1878.2382762239422
19.884246826171875	0.7120370552385772	0.24635470854220326	2.07218906367737e-09	0.15802317164018198	1.0243962276665237	79.20803761528501	126.929967396573	0.28788257577979354	0.25354578459593047	94.42221451285167
19.943206787109375	0.7322627995317295	0.2459741692792706	2.069635214297907e-09	0.17806848939554681	1.0153377651418944	71.81771077775151	143.1342306568715	0.2676576579939858	0.10319462821241233	44.351474819838
19.495391845703125	0.7047347236352627	0.24640527311449237	1.979240491696291e-09	0.2645620326544652	1.0236447835190903	78.28098329658958	127.02648202566823	0.295183629006526	0.24831507909353637	708.8576700685559
19.308685302734375	0.7615632433090793	0.246222017475097	2.001193131281269e-09	0.3148264319124224	1.0149108091265016	76.61251980578257	140.25321925652793	0.23836285813986716	0.14617408489098593	497.33046469877775
19.263763427734375	0.7424346284189267	0.24637549782518256	2.116893124582998e-09	0.3617196286799472	1.020412241916124	75.83017622532657	138.07446588692292	0.25748996461431123	0.14593073366218168	2008.2435174689783
18.139312744140625	0.7300875028047022	0.24608033792526957	1.9582864105808034e-09	0.16617149310149248	1.0176567818055051	73.75201761943296	139.15300942554245	0.2698333102885673	0.1408793410119105	52.02651828476765
20.180450439453125	0.7536676695027815	0.24636571166822102	2.1094335610283108e-09	0.2644046790556265	1.019374128180653	76.63210038677636	138.9412966720114	0.2462586138241479	0.14469678243004908	498.9395246492112
21.36737060546875	0.7324068755665318	0.24650952043533306	2.2223096779357093e-09	0.38049744859903023	1.0209874126219103	76.30858063823563	135.13269813607602	0.26751629975328417	0.16923916650850504	2126.566762793365
16.833770751953125	0.7238058311542672	0.24612728216010213	1.9362399744281116e-09	0.23770913175784564	1.0176277321986356	71.60186909314758	141.98002384948936	0.27611436774961295	0.10100472014377518	230.18470545949518
19.873016357421875	0.690521632163333	0.2462759625580223	2.104753783616567e-09	0.19365634352710775	1.0226736890722745	72.6108627466631	134.34174261588012	0.309394431573586	0.1612282329399374	248.1781245375594
21.97381591796875	0.7155931005391791	0.24613334127754977	2.218068511208308e-09	0.26909004794681934	1.0179235396559239	72.77854702055625	138.10489695973735	0.2843253971867926	0.14258434818743806	278.8408896273102
17.732208251953125	0.7507252417573747	0.2460375217441597	1.947613450499954e-09	0.3024796842383428	1.0147213266883301	73.53244737130609	143.68042499963255	0.24919860599733315	0.10605729120038589	775.9127688652752
21.47686767578125	0.7353007379326031	0.24647621226863936	2.227220541153923e-09	0.4281189892068433	1.019927121373665	76.76948353408861	134.78468162400614	0.2646224582433208	0.17788700078918315	3195.2270005234827
16.750946044921875	0.7450145717290286	0.24628752003390106	1.9515494648899597e-09	0.16126605629095164	1.0168004128822425	73.7489988902078	142.08438532698926	0.2549095252337603	0.10810287111736447	43.842652348001515
18.710662841796875	0.7280033688275013	0.24634233380961895	2.012000569385074e-09	0.2695479518043629	1.016948767656271	74.63014598709665	136.8245477617144	0.27191744265195467	0.15871974572341738	334.74778044821755
21.15679931640625	0.753451187421012	0.24621255632077454	2.1197613973877472e-09	0.21668608725959887	1.0184013870399475	77.72004692605933	136.91362094318202	0.24647414074261864	0.17529526957845473	109.94331219472029
18.407440185546875	0.7251504651636858	0.24634846879057867	1.979902634744293e-09	0.21363008369036163	1.0199586050117408	73.58375190244524	138.60342622288906	0.274771036199951	0.1307226501049358	232.80792168608608
18.661529541015625	0.7389293053006598	0.2465656214629256	1.9669926160140413e-09	0.41607498914141516	1.020218294778377	78.14078431936622	133.1225518342156	0.26099471481975983	0.195721165209784	3289.3184365965494
19.804229736328125	0.7308795732270883	0.24641421029380195	2.1054559380777067e-09	0.2704374431040132	1.0185210556837985	74.51139448752843	137.79963584248216	0.2690425488208435	0.1437773371542806	518.2396926734851
20.40435791015625	0.7375660820397993	0.2460100184162032	2.0793988176344076e-09	0.1524044121443258	1.017998417223547	75.51704965892169	137.54221579808762	0.2623557091603742	0.1670244185632698	25.386727656599298
19.875823974609375	0.7217972345093135	0.24634323400495234	1.9986651967751977e-09	0.15048190714293785	1.0197686975108926	76.77044224925451	132.18452189323563	0.27812296794855884	0.20545257854361118	35.68927360877421
20.230987548828125	0.7267924903368574	0.24629357480977912	2.058748516287837e-09	0.3356671215716763	1.0208330350953467	76.90251743665884	133.08814830434335	0.2731288387188019	0.19776915315171212	925.1347221705812
20.92938232421875	0.7339878458765894	0.24612866356333823	2.062346771052389e-09	0.20980712681964753	1.01783406861912	74.31532071416103	138.89946149919746	0.265933835774798	0.14405700227909177	99.87884356227808
20.90130615234375	0.7189137957077085	0.24610263463207405	2.1156145361641388e-09	0.4617176534885859	1.0207258823499379	74.84407872888545	135.31719638222572	0.28100578905546725	0.17433289787144354	4386.2365858747025
17.927337646484375	0.7417824320687783	0.24615343142107043	1.9797098972764395e-09	0.15768906537346677	1.0168783713818201	74.69221977683435	139.6882648071059	0.2581404699388436	0.13981602233986493	38.51299217788547
20.017608642578125	0.7521116657896452	0.2463349211242009	1.986760006559703e-09	0.1886769295985293	1.021654455628231	80.48860004140818	132.26417437110194	0.24781430968707108	0.21918222212835897	124.30039752002416
19.766326904296875	0.7500634072335601	0.2460047812672465	2.1015763014074517e-09	0.20590337969103037	1.0123544041558568	71.10080849754738	148.12867812011882	0.2498599511213759	0.05708191413560422	43.01909312398474
19.829498291015625	0.7205262679297686	0.24604554410877796	1.980606589191699e-09	0.28752057414727916	1.0194557852636674	73.96886331577312	137.10333742809414	0.2793931479807585	0.1584729755393341	615.9781113293287
21.43756103515625	0.7194692453170712	0.24607849605597543	2.1959210144935484e-09	0.30791139156530506	1.0189855151682565	73.63052478538381	137.44066763059868	0.28044999553131467	0.15323531439601742	615.9781113293287
19.169708251953125	0.7344082164303254	0.24642511627139152	2.057913136573016e-09	0.36790599217699876	1.0221313712221913	76.86231589742843	134.76014161345756	0.26551535782977154	0.17604401751212073	2253.6743651930815
15.592803955078125	0.7116225149326008	0.2461567522663506	1.8176715745238724e-09	0.20410419426768867	1.0195988027104472	74.47941297708464	134.39190573946493	0.28829556307091797	0.18076672762777765	215.57503348089506
18.394805908203125	0.7142093481273181	0.24614426592506214	2.0134607820121416e-09	0.3770822349422469	1.0205969538859339	73.5387182084104	136.75466280287415	0.28570969904124877	0.1531603525057702	2208.7014890556593
18.575897216796875	0.7494773000464732	0.2461803812866678	1.9437214395332524e-09	0.16589130886141423	1.0186426207317831	76.34532071645285	138.54405570203338	0.2504474619512393	0.15443462368471095	47.80251583654441
20.63458251953125	0.744262799417567	0.2462322642027124	2.0449004859302174e-09	0.13423181621356037	1.018542446065674	78.34174475571211	133.86692056138463	0.2556607182573732	0.20409521521694068	11.074719394339827
17.706939697265625	0.7200427892818514	0.24664243150481063	1.9587006455527243e-09	0.21642093867018383	1.024959392194007	78.5678135281817	129.30994667449545	0.2798794587894757	0.21975511914158521	509.1145272138605
19.635772705078125	0.7147341143654944	0.2463935157320597	2.0381945844663246e-09	0.5053639958623878	1.0223864425658884	77.60947707125713	129.75436818832	0.28518568062646227	0.22429517024904078	6905.308612432496
20.194488525390625	0.7337001774484087	0.24621167461159815	2.154714184620832e-09	0.26295625832070046	1.0204788704029621	74.73943059126701	138.35515897367821	0.26622249389226527	0.14304459979083792	618.9687644772935
17.407928466796875	0.7139742766525736	0.24623928270777767	1.8879797490215755e-09	0.1905182770647852	1.0183334091338692	74.52971320128817	134.52428125109145	0.28594405260736183	0.1795109326358974	96.83624197399259
19.221649169921875	0.7407375760760287	0.24634864951604746	2.0768946430059605e-09	0.2602750618660797	1.0155556645957609	74.05082436306026	140.3634046254358	0.25918538577856925	0.12600902005943562	374.24451935353306
18.639068603515625	0.708851252263357	0.24618713086298483	2.0327436843885013e-09	0.21766650247654673	1.0200066921711965	71.37867838206458	139.74081754770978	0.2910671810779083	0.11329196727846225	288.94228538828787
17.243682861328125	0.6938278353743429	0.24621546688334087	1.978178797613789e-09	0.21704201435109008	1.0211809392037872	72.03576803736404	135.8319911018195	0.306088206272546	0.1495182651993741	396.66281992241494
19.242706298828125	0.7305235341231757	0.24638058309077296	2.02685689252391e-09	0.3081151274868921	1.0234911821599864	79.27123430788446	130.10759960518376	0.2693992387540657	0.2274413659301489	1111.951302069185
20.99676513671875	0.752987302836051	0.24612968066102955	2.0847864745374178e-09	0.149820563340963	1.0160865885237127	76.1621164539362	139.34743939033808	0.24693723532277928	0.1530588332683428	11.330403095568359
22.39215087890625	0.7128552475477435	0.24639279531722716	2.2876620316172494e-09	0.28012806806258816	1.0210590754494067	75.32841475370516	133.16905511244906	0.2870641343825132	0.18558360584437691	559.5556256862794
19.002655029296875	0.7190621350027375	0.24632122578918902	2.0086037251819436e-09	0.11396745299148156	1.02147084770682	77.14103608522693	131.26694381325703	0.2808580068317319	0.2127965350372459	16.437372175033424
20.058319091796875	0.7204273794465494	0.2460021156485704	2.132836399649681e-09	0.22180605527247746	1.019723542148102	73.97760705144253	137.14207238989613	0.2794919348266578	0.1595894616090723	188.1502502336998
17.461273193359375	0.7471156971127579	0.24658165562936396	1.969370426412839e-09	0.19287745091285585	1.0204353069195395	77.33949510635686	136.23750268439917	0.2528101392339939	0.16301029924589472	179.94910480988068
16.211883544921875	0.7411830402934243	0.24636540435453644	1.882629265165528e-09	0.1858766390510187	1.0177275731933353	74.41180300515514	140.06178121311802	0.25874069022944723	0.1257760046120594	141.54561066680677
17.416351318359375	0.7349179813539755	0.24594596605732066	1.9397827044029816e-09	0.19630326347615493	1.014754538553914	70.31498976650545	146.70955136227644	0.2650030530054245	0.06335856656104658	72.19756136198912
18.241790771484375	0.7081059902947289	0.24632749726824807	2.0039976158084648e-09	0.16925410831630638	1.0197388985689042	74.01869407193037	134.4908393859568	0.29181210321100953	0.1715365767084945	98.26586240119669
20.74127197265625	0.7197415992313654	0.2462547870281482	2.1881374706355497e-09	0.17472246361015056	1.0183924421491046	73.8127728769502	136.95171372256092	0.28017802313496115	0.15339204162071057	65.18285816798137
17.471099853515625	0.7312551448133362	0.24618486421171287	1.843298021904369e-09	0.1236041022970106	1.02199074355017	79.28979726070739	130.1387388127393	0.2686667105675063	0.23590086042073644	26.273187197206035
20.73004150390625	0.7546230149512103	0.24627263622149329	2.105170496032233e-09	0.23436267485128065	1.0170779636160145	77.1166406373302	138.02577534528518	0.24530240436296277	0.16288851019636857	190.4507409230434
18.320404052734375	0.7276111957953928	0.24578816014108165	1.883068430677633e-09	0.13590584961201677	1.0160262966767573	73.00217519412404	140.07045539776914	0.27230772866218894	0.1432565493273882	13.16376718439089
19.232879638671875	0.7226653718172016	0.24646974340260872	1.9851132803066157e-09	0.3347906422978553	1.0230758735800698	77.43300318882885	131.56918072662734	0.27725636558406397	0.2038642884285557	1872.189930577099
19.559967041015625	0.7591171004138217	0.246257504270627	2.00346526490269e-09	0.21062633244238194	1.0155377562032155	77.18069062159009	138.7211410524926	0.24080869339746477	0.16037900893291474	101.27046810067999
18.705047607421875	0.7176403033933874	0.2465792217279146	1.9368915187115496e-09	0.22156687400350278	1.0217372435407772	78.64612949030648	128.37222522311725	0.2822802181109189	0.23632802224756946	309.0004213021562
18.205291748046875	0.7241061382993264	0.2462960408943268	1.910099201442492e-09	0.1931014039851078	1.0185349815075722	76.25516147019002	133.38369280619145	0.27581403181011754	0.19613380802625022	90.35851227958605
19.274993896484375	0.7267267344796693	0.24631593867047386	2.0866856421966285e-09	0.2435538287230171	1.0201232599151733	74.46352197414977	137.32461012733276	0.2731948507027485	0.1479994860952118	379.42102081403107
18.922637939453125	0.6934614487640022	0.24607155315375076	2.0515394709979765e-09	0.2196745386265573	1.0186373112546412	70.04663215041582	139.37926059365196	0.3064535327452656	0.11623379192834825	219.2716342589811
18.128082275390625	0.7400855257558405	0.24638241249938156	2.0578713880175655e-09	0.23305578770749716	1.0204842941324623	76.52471394709556	136.32830704927426	0.2598385330699018	0.16486759013626998	329.3794115651692
18.879119873046875	0.7259978151455094	0.24634542335515636	1.9478248205940778e-09	0.2008738051218729	1.0232139428691014	78.70941533369124	130.15192736349871	0.2739240132886897	0.22600722628764391	197.20172397073588
20.90692138671875	0.7132253598683816	0.24652824345270707	2.1889726628649988e-09	0.37123947561047743	1.023941093120984	77.22629780200955	130.24536456187442	0.28669516724096983	0.2109456183563519	2161.1378129441014
19.620330810546875	0.7345643978112852	0.24652454308429972	2.0153476161198093e-09	0.26618900429201386	1.0230507033486373	80.20181132245753	129.23315760416543	0.26535926782247793	0.23551363035925177	544.4041246066356
20.60089111328125	0.7396858871746639	0.24627993826426775	2.0983148186776194e-09	0.31907243159085924	1.021965349785439	78.29071047325642	133.43307024771258	0.26023798421013733	0.19986447552554173	1168.0327977614143
22.06365966796875	0.7269890361253593	0.24632502806302953	2.232943312484067e-09	0.4413321009233492	1.0205583852896305	76.03813984018811	134.59081793105798	0.27293247920640773	0.17971665048791868	3221.0902700419865
19.190765380859375	0.7232283675750428	0.2460417817068986	1.9411139763507993e-09	0.17802045424563684	1.0197321301729434	75.08534902538946	135.6277204004013	0.2766914329970394	0.17708114302580727	108.4336736989832
20.186065673828125	0.7177389586763084	0.24623886873747772	2.1030463413079784e-09	0.25267402609876394	1.0190048136865555	71.61228109638792	140.85610624616834	0.2821809061052993	0.10453075071304843	420.76023119193246
18.917022705078125	0.6993616577931898	0.2459727972681568	2.0062104002518434e-09	0.13052865419476053	1.0194155514204541	72.20221010885942	136.46314568196416	0.3005538200325081	0.15799934074741712	23.54057572527615
18.811737060546875	0.7152929913903932	0.24652749783719582	1.9605447839718518e-09	0.0980453353498239	1.0223799608398365	79.0447885660308	127.414370392437	0.2846270946928622	0.24693577449396442	12.035505529691278
18.742950439453125	0.7341408286472886	0.24613288865855712	1.974131441352046e-09	0.46469284320047827	1.0207951705004523	76.83579275895465	134.75652083152022	0.26578141301563935	0.1881251978475525	5910.453699004873
19.515045166015625	0.7297869370915807	0.24638927355000925	2.0679767674693307e-09	0.1352305018694725	1.0180789235406156	75.52628110218728	135.68136053450525	0.27013456456487356	0.16993420834650363	25.23828671159517
19.440643310546875	0.7452615834838889	0.24605663793641538	2.0332154447985666e-09	0.1694513817993711	1.0149320517027913	72.29744862305593	144.89990460459222	0.2546615553002937	0.08652067917599765	35.83741588865398
19.628753662109375	0.7126420829670297	0.24601145432363702	1.9645301252465032e-09	0.263546951819842	1.0202333121707412	74.80676158540176	134.19579953094916	0.2872758204201202	0.18867931290841775	533.0946042151386
17.875396728515625	0.6977075492183509	0.24633360214245847	1.992081517589907e-09	0.28260419291508254	1.0202739185261684	72.22228965732809	135.98300366785753	0.3022092064991017	0.14697691878307365	911.0612415901386
19.863189697265625	0.7250449922067499	0.24636749610732192	2.060900981948165e-09	0.2788873093831171	1.0215892814349665	78.14585515227421	130.68869860298653	0.2748762733415101	0.2210024530573638	468.85818763737575
16.482818603515625	0.7044208411375692	0.24595260255444953	1.9040485937532948e-09	0.1739548713638714	1.0184151752810564	71.40645580786433	138.80089163427286	0.29549531301551407	0.1351857956457424	74.77867174842423
20.94342041015625	0.7151792615461641	0.2464368302321586	2.069689805469868e-09	0.44104122603508883	1.0218314634303762	78.02077125972457	129.0575468409178	0.2847404920079754	0.23196515396763467	3867.9194663616445
