1  102.851	2.232446e+00	1.221516e-01	6.660705e-01	3.079798e+00	9.515103e-01	6.999147e-02	5.203809e-04	4.519254e-01	2.579166e+00	9.975375e-01	9.277458e+00	6.728780e-01	2.453650e-01	2.175073e+00	8.285339e-01	1.041930e+00	6.661533e+01	1.465735e+02	3.270682e-01	3.136769e-04	-1.144782e-14	
4  103.648	2.232446e+00	1.221516e-01	6.660705e-01	3.079798e+00	9.515103e-01	6.999147e-02	5.203809e-04	4.519254e-01	2.579166e+00	9.965505e-01	9.277458e+00	6.728780e-01	2.453650e-01	2.175073e+00	8.285339e-01	1.041930e+00	6.661533e+01	1.465735e+02	3.270682e-01	3.136769e-04	-1.144782e-14	
5  102.597	2.227189e+00	1.235160e-01	6.768190e-01	3.054696e+00	9.591891e-01	6.360281e-02	1.429161e-01	6.690467e-01	2.551264e+00	9.945268e-01	8.713599e+00	6.802709e-01	2.453439e-01	2.121137e+00	8.211470e-01	1.041769e+00	6.767742e+01	1.455869e+02	3.196344e-01	1.888418e-02	4.343093e-14	
1  102.835	2.222975e+00	1.217343e-01	6.739468e-01	3.061324e+00	9.588105e-01	6.841952e-02	6.602443e-02	7.639075e-01	2.650281e+00	9.930558e-01	9.150620e+00	6.815571e-01	2.453256e-01	2.135197e+00	8.203064e-01	1.041836e+00	6.739243e+01	1.464700e+02	3.183326e-01	8.869283e-03	6.423369e-14	
6  101.649	2.222975e+00	1.217343e-01	6.739468e-01	3.061324e+00	9.588105e-01	6.841952e-02	6.602443e-02	7.639075e-01	2.650281e+00	9.954499e-01	9.150620e+00	6.815571e-01	2.453256e-01	2.135197e+00	8.203064e-01	1.041836e+00	6.739243e+01	1.464700e+02	3.183326e-01	8.869283e-03	6.423369e-14	
8  103.452	2.219812e+00	1.226002e-01	6.707494e-01	3.086291e+00	9.557607e-01	7.945311e-02	4.887260e-02	8.967359e-01	2.473336e+00	9.949607e-01	1.020053e+01	6.766416e-01	2.453132e-01	2.188785e+00	8.337014e-01	1.042449e+00	6.708143e+01	1.463642e+02	3.232087e-01	6.676733e-03	1.765974e-14	
5  105.078	2.220922e+00	1.207031e-01	6.831715e-01	3.100247e+00	9.566625e-01	8.745558e-02	9.215843e-02	8.332340e-01	2.420804e+00	9.973063e-01	1.086706e+01	6.923041e-01	2.453198e-01	2.220065e+00	8.323818e-01	1.042640e+00	6.831791e+01	1.466480e+02	3.075985e-01	1.223573e-02	-8.939095e-14	
1  105.76	2.186540e+00	1.202736e-01	6.691681e-01	3.124522e+00	9.555967e-01	9.023441e-02	2.593260e-03	5.528220e-01	2.453421e+00	1.004564e+00	1.119817e+01	6.810621e-01	2.451721e-01	2.275426e+00	8.442734e-01	1.042061e+00	6.691174e+01	1.475846e+02	3.189064e-01	4.380047e-04	-6.652028e-14	
2  105.779	2.186540e+00	1.202736e-01	6.691681e-01	3.124522e+00	9.555967e-01	9.023441e-02	2.593260e-03	5.528220e-01	2.453421e+00	1.004357e+00	1.119817e+01	6.810621e-01	2.451721e-01	2.275426e+00	8.442734e-01	1.042061e+00	6.691174e+01	1.475846e+02	3.189064e-01	4.380047e-04	-6.652028e-14	
8  106.156	2.218409e+00	1.172431e-01	6.829664e-01	3.100452e+00	9.551867e-01	8.517606e-02	3.312546e-03	6.710722e-01	2.606313e+00	1.000540e+00	1.058392e+01	6.996541e-01	2.453089e-01	2.221158e+00	8.221244e-01	1.042073e+00	6.829040e+01	1.480578e+02	3.003542e-01	4.388094e-04	-2.056535e-13	
1  106.175	2.218409e+00	1.172431e-01	6.829664e-01	3.100452e+00	9.551867e-01	8.517606e-02	3.312546e-03	6.710722e-01	2.606313e+00	1.000412e+00	1.058392e+01	6.996541e-01	2.453089e-01	2.221158e+00	8.221244e-01	1.042073e+00	6.829040e+01	1.480578e+02	3.003542e-01	4.388094e-04	-2.056535e-13	
7  106.939	2.273206e+00	1.197212e-01	7.056086e-01	3.098413e+00	9.565790e-01	8.851585e-02	2.317359e-01	5.856025e-01	2.439146e+00	9.989042e-01	1.078021e+01	7.125090e-01	2.455423e-01	2.216572e+00	8.210912e-01	1.041987e+00	7.055394e+01	1.456571e+02	2.875077e-01	3.020865e-02	-2.228037e-13	
1  106.375	2.278098e+00	1.261722e-01	7.201347e-01	3.119439e+00	9.600872e-01	9.409807e-02	5.371010e-01	4.247429e-01	2.331297e+00	1.004931e+00	1.141187e+01	7.114770e-01	2.455635e-01	2.263404e+00	8.445037e-01	1.042436e+00	7.201072e+01	1.425368e+02	2.885484e-01	6.732445e-02	-2.237041e-13	
1  106.817	2.299210e+00	1.275255e-01	7.383645e-01	3.152237e+00	9.697553e-01	1.148785e-01	7.077382e-01	3.458116e-01	2.446842e+00	1.004651e+00	1.311100e+01	7.228111e-01	2.456508e-01	2.338955e+00	8.607642e-01	1.042800e+00	7.383315e+01	1.412251e+02	2.772485e-01	8.679055e-02	-1.963861e-13	
1  106.664	2.299210e+00	1.275255e-01	7.383645e-01	3.152237e+00	9.697553e-01	1.148785e-01	7.077382e-01	3.458116e-01	2.446842e+00	1.005211e+00	1.311100e+01	7.228111e-01	2.456508e-01	2.338955e+00	8.607642e-01	1.042800e+00	7.383315e+01	1.412251e+02	2.772485e-01	8.679055e-02	-1.963861e-13	
2  106.332	2.345191e+00	1.285445e-01	7.470659e-01	3.182682e+00	9.770974e-01	1.336388e-01	7.799073e-01	2.701906e-01	2.489358e+00	1.002553e+00	1.447911e+01	7.265986e-01	2.458377e-01	2.412078e+00	8.760315e-01	1.042671e+00	7.470100e+01	1.401961e+02	2.735196e-01	9.478900e-02	-2.296940e-14	
3  105.963	2.277034e+00	1.273810e-01	7.157463e-01	3.162154e+00	9.690293e-01	1.196405e-01	5.590952e-01	1.851758e-01	3.076504e+00	1.002255e+00	1.356420e+01	7.055519e-01	2.455565e-01	2.363411e+00	8.688056e-01	1.041723e+00	7.156767e+01	1.421583e+02	2.945447e-01	6.969540e-02	-1.089931e-13	
3  102.972	2.273152e+00	1.261373e-01	7.195094e-01	3.093022e+00	9.723788e-01	8.897926e-02	5.465879e-01	2.064160e-01	3.696184e+00	1.000043e+00	1.098129e+01	7.111539e-01	2.455419e-01	2.204197e+00	8.370605e-01	1.042053e+00	7.194908e+01	1.425554e+02	2.887895e-01	6.832238e-02	3.387816e-14	
4  104.824	2.332074e+00	1.318744e-01	7.530040e-01	3.087321e+00	9.742356e-01	9.242769e-02	9.704184e-01	1.207791e-01	4.113154e+00	9.987421e-01	1.124710e+01	7.250589e-01	2.457870e-01	2.191741e+00	8.395346e-01	1.041876e+00	7.531124e+01	1.387462e+02	2.749050e-01	1.152419e-01	4.752055e-14	
1  105.265	2.328543e+00	1.330103e-01	7.597026e-01	3.050093e+00	9.799889e-01	7.989308e-02	1.072012e+00	5.872246e-02	4.107260e+00	9.956155e-01	1.019438e+01	7.280018e-01	2.457723e-01	2.111628e+00	8.268589e-01	1.041733e+00	7.599193e+01	1.381068e+02	2.718970e-01	1.257544e-01	7.128939e-14	
6  104.695	2.358201e+00	1.344295e-01	7.863066e-01	3.042279e+00	9.842723e-01	7.920621e-02	1.288571e+00	4.836299e-01	4.568344e+00	9.966485e-01	1.008914e+01	7.432269e-01	2.458919e-01	2.094987e+00	8.231701e-01	1.042790e+00	7.863536e+01	1.366133e+02	2.567289e-01	1.474617e-01	4.805327e-14	
6  104.972	2.358201e+00	1.344295e-01	7.863066e-01	3.042279e+00	9.842723e-01	7.920621e-02	1.288571e+00	4.836299e-01	4.568344e+00	9.977754e-01	1.008914e+01	7.432269e-01	2.458919e-01	2.094987e+00	8.231701e-01	1.042790e+00	7.863536e+01	1.366133e+02	2.567289e-01	1.474617e-01	4.805327e-14	
1  105.8	2.379679e+00	1.364280e-01	7.959755e-01	3.044627e+00	9.937177e-01	8.260623e-02	1.419547e+00	7.018951e-01	4.459920e+00	9.977654e-01	1.037896e+01	7.458737e-01	2.459769e-01	2.100153e+00	8.294570e-01	1.042705e+00	7.960471e+01	1.354606e+02	2.540118e-01	1.599623e-01	-2.167709e-14	
2  107.58	2.379832e+00	1.415027e-01	8.044215e-01	3.065818e+00	9.954206e-01	9.198161e-02	1.655642e+00	7.353791e-01	4.546768e+00	1.000251e+00	1.130747e+01	7.433294e-01	2.459777e-01	2.145513e+00	8.483728e-01	1.042638e+00	8.045289e+01	1.335069e+02	2.564959e-01	1.816417e-01	-1.469851e-14	
1  109.893	2.391968e+00	1.440413e-01	8.359593e-01	3.007985e+00	1.000864e+00	7.222123e-02	1.973611e+00	7.658430e-01	4.469389e+00	9.981468e-01	9.582009e+00	7.583804e-01	2.460188e-01	2.025056e+00	8.254399e-01	1.043564e+00	8.356223e+01	1.316983e+02	2.414694e-01	2.093913e-01	-1.432374e-13	
2  109.533	2.391968e+00	1.440413e-01	8.359593e-01	3.007985e+00	1.000864e+00	7.222123e-02	1.973611e+00	7.658430e-01	4.469389e+00	9.977385e-01	9.582009e+00	7.583804e-01	2.460188e-01	2.025056e+00	8.254399e-01	1.043564e+00	8.356223e+01	1.316983e+02	2.414694e-01	2.093913e-01	-1.432374e-13	
5  110.239	2.377649e+00	1.476589e-01	8.314203e-01	3.003129e+00	9.996276e-01	6.746845e-02	2.064319e+00	6.923776e-01	4.071673e+00	9.987442e-01	9.241180e+00	7.507677e-01	2.459625e-01	2.015538e+00	8.318976e-01	1.043483e+00	8.310838e+01	1.307940e+02	2.491067e-01	2.171109e-01	-9.634197e-14	
1  109.41	2.390005e+00	1.435706e-01	8.279625e-01	3.013063e+00	1.004825e+00	7.316542e-02	1.885782e+00	8.778870e-01	3.791280e+00	9.976263e-01	9.667229e+00	7.544311e-01	2.460112e-01	2.035678e+00	8.303007e-01	1.043663e+00	8.276501e+01	1.321327e+02	2.453783e-01	2.019767e-01	-1.685560e-13	
1  107.196	2.300996e+00	1.415239e-01	7.732530e-01	2.986972e+00	9.835443e-01	5.253802e-02	1.444168e+00	5.567650e-01	3.916496e+00	9.946067e-01	7.772157e+00	7.236808e-01	2.456601e-01	1.982988e+00	8.199544e-01	1.042834e+00	7.733380e+01	1.350374e+02	2.762469e-01	1.626862e-01	5.848557e-14	
3  108.106	2.278616e+00	1.416564e-01	7.668397e-01	2.968635e+00	9.776291e-01	3.747382e-02	1.414321e+00	5.873376e-01	4.776261e+00	9.989215e-01	6.105323e+00	7.192106e-01	2.455690e-01	1.947042e+00	8.121291e-01	1.042740e+00	7.669807e+01	1.353391e+02	2.807461e-01	1.598811e-01	2.880409e-13	
6  108.307	2.284274e+00	1.419738e-01	7.744300e-01	2.992421e+00	9.807425e-01	4.967320e-02	1.490906e+00	4.090498e-01	4.989483e+00	1.000664e+00	7.500591e+00	7.240934e-01	2.455911e-01	1.993833e+00	8.215774e-01	1.042639e+00	7.745112e+01	1.349223e+02	2.759350e-01	1.670675e-01	2.161920e-13	
2  108.134	2.323146e+00	1.453357e-01	7.929348e-01	2.988880e+00	9.837430e-01	5.451329e-02	1.694387e+00	4.102035e-01	4.918003e+00	9.957960e-01	8.000695e+00	7.307113e-01	2.457492e-01	1.986681e+00	8.250421e-01	1.043533e+00	7.928513e+01	1.330900e+02	2.692190e-01	1.856247e-01	6.405860e-14	
14  108.499	2.323146e+00	1.453357e-01	7.929348e-01	2.988880e+00	9.837430e-01	5.451329e-02	1.694387e+00	4.102035e-01	4.918003e+00	9.964014e-01	8.000695e+00	7.307113e-01	2.457492e-01	1.986681e+00	8.250421e-01	1.043533e+00	7.928513e+01	1.330900e+02	2.692190e-01	1.856247e-01	6.405860e-14	
1  108.399	2.346189e+00	1.448596e-01	7.900869e-01	2.940458e+00	9.757685e-01	2.523765e-02	1.621662e+00	3.947060e-01	4.745700e+00	9.977677e-01	4.512889e+00	7.291133e-01	2.458431e-01	1.892443e+00	8.024068e-01	1.043828e+00	7.900472e+01	1.332429e+02	2.706865e-01	1.788624e-01	4.730776e-13	
3  106.624	2.302146e+00	1.408315e-01	7.696545e-01	2.970982e+00	9.824250e-01	3.604729e-02	1.376078e+00	3.525594e-01	4.759077e+00	1.001296e+00	5.886205e+00	7.222686e-01	2.456648e-01	1.951376e+00	8.130875e-01	1.043231e+00	7.697084e+01	1.354278e+02	2.776771e-01	1.561817e-01	1.483798e-13	
4  111.649	2.377052e+00	1.499428e-01	8.129582e-01	2.957109e+00	9.895864e-01	3.801565e-02	1.924492e+00	3.997345e-01	3.873256e+00	9.970808e-01	6.134434e+00	7.358559e-01	2.459612e-01	1.924872e+00	8.205071e-01	1.044702e+00	8.125834e+01	1.308499e+02	2.639273e-01	2.056895e-01	2.836615e-13	
3  110.538	2.351009e+00	1.460897e-01	7.970224e-01	2.983670e+00	9.874430e-01	4.263730e-02	1.682029e+00	4.408793e-01	4.414309e+00	1.002635e+00	6.653121e+00	7.318251e-01	2.458585e-01	1.976567e+00	8.270232e-01	1.044871e+00	7.968543e+01	1.327169e+02	2.679798e-01	1.844421e-01	6.583482e-14	
2  108.6	2.335496e+00	1.410265e-01	7.840475e-01	2.991479e+00	9.889065e-01	4.375627e-02	1.436928e+00	5.519251e-01	4.417621e+00	1.004435e+00	6.731621e+00	7.314658e-01	2.457962e-01	1.991967e+00	8.227345e-01	1.044531e+00	7.839770e+01	1.348237e+02	2.684047e-01	1.618585e-01	-3.139973e-14	
8  107.278	2.324706e+00	1.383894e-01	7.819121e-01	3.052765e+00	9.842174e-01	7.145541e-02	1.357453e+00	3.561691e-01	4.466072e+00	1.007637e+00	9.548908e+00	7.344908e-01	2.457537e-01	2.117063e+00	8.406166e-01	1.044202e+00	7.819000e+01	1.358006e+02	2.654202e-01	1.541162e-01	-1.298927e-13	
2  110.167	2.336622e+00	1.356913e-01	7.986356e-01	3.051861e+00	9.928045e-01	7.521208e-02	1.390450e+00	4.912845e-01	4.199150e+00	1.008087e+00	9.817525e+00	7.494420e-01	2.457973e-01	2.115166e+00	8.337446e-01	1.044783e+00	7.986583e+01	1.361203e+02	2.504162e-01	1.572628e-01	-2.692968e-13	
4  110.105	2.347951e+00	1.288683e-01	7.989649e-01	3.031567e+00	9.991533e-01	6.601997e-02	1.169477e+00	6.527692e-01	4.072608e+00	1.008723e+00	8.802938e+00	7.602158e-01	2.458391e-01	2.073027e+00	8.106841e-01	1.044695e+00	7.990481e+01	1.384086e+02	2.397878e-01	1.356858e-01	-3.581748e-13	
2  110.827	2.352366e+00	1.258006e-01	7.954859e-01	3.041089e+00	9.993817e-01	6.852774e-02	1.034860e+00	4.600086e-01	4.069440e+00	1.010088e+00	8.966470e+00	7.629083e-01	2.458567e-01	2.092817e+00	8.077683e-01	1.044790e+00	7.956339e+01	1.396371e+02	2.370831e-01	1.218774e-01	-3.689874e-13	
1  110.067	2.339706e+00	1.252731e-01	7.876692e-01	3.071804e+00	9.920520e-01	8.649554e-02	9.671378e-01	2.892662e-01	3.670749e+00	1.006078e+00	1.057595e+01	7.591934e-01	2.458115e-01	2.157412e+00	8.183346e-01	1.044628e+00	7.877199e+01	1.401904e+02	2.407463e-01	1.148274e-01	-1.874913e-13	
2  109.218	2.357856e+00	1.234118e-01	7.883024e-01	3.062269e+00	9.895155e-01	8.942059e-02	9.103700e-01	1.128505e-01	3.372001e+00	9.989486e-01	1.072670e+01	7.622184e-01	2.458891e-01	2.137253e+00	8.074384e-01	1.044194e+00	7.881618e+01	1.407048e+02	2.377970e-01	1.088945e-01	5.452521e-14	
22  108.856	2.308934e+00	1.208023e-01	7.629706e-01	3.037769e+00	9.819585e-01	7.743439e-02	6.860270e-01	1.157590e-02	3.839519e+00	9.961250e-01	9.764150e+00	7.516897e-01	2.456936e-01	2.085754e+00	7.939882e-01	1.043155e+00	7.629514e+01	1.428518e+02	2.484560e-01	8.439015e-02	1.606040e-13	
1  110.072	2.332900e+00	1.199923e-01	7.762521e-01	3.020487e+00	9.934611e-01	7.542433e-02	7.669610e-01	1.813905e-01	3.624167e+00	9.939979e-01	9.515147e+00	7.610847e-01	2.457905e-01	2.050173e+00	7.840371e-01	1.042653e+00	7.763549e+01	1.424262e+02	2.391085e-01	9.353582e-02	1.805305e-13	
1  108.401	2.317474e+00	1.202139e-01	7.695871e-01	3.025588e+00	9.952738e-01	7.386297e-02	7.116265e-01	5.462614e-02	3.038350e+00	9.962615e-01	9.415790e+00	7.568147e-01	2.457240e-01	2.060513e+00	7.904004e-01	1.043287e+00	7.696492e+01	1.427734e+02	2.433372e-01	8.733790e-02	8.243546e-14	
4  108.672	2.317474e+00	1.202139e-01	7.695871e-01	3.025588e+00	9.952738e-01	7.386297e-02	7.116265e-01	5.462614e-02	3.038350e+00	9.935533e-01	9.415790e+00	7.568147e-01	2.457240e-01	2.060513e+00	7.904004e-01	1.043287e+00	7.696492e+01	1.427734e+02	2.433372e-01	8.733790e-02	8.243546e-14	
1  107.003	2.307535e+00	1.177023e-01	7.488565e-01	3.064622e+00	9.984179e-01	8.573530e-02	4.791828e-01	3.045229e-01	3.468406e+00	9.974526e-01	1.040984e+01	7.478389e-01	2.456806e-01	2.142196e+00	8.051807e-01	1.042853e+00	7.489258e+01	1.445837e+02	2.522190e-01	6.047969e-02	7.979572e-15	
2  105.61	2.269787e+00	1.199207e-01	7.354279e-01	3.046623e+00	9.832055e-01	7.289082e-02	4.743340e-01	4.847623e-01	3.212830e+00	9.979512e-01	9.428239e+00	7.351829e-01	2.455270e-01	2.104138e+00	8.026788e-01	1.042614e+00	7.354641e+01	1.444613e+02	2.648722e-01	5.990639e-02	1.093365e-13	
1  106.334	2.230512e+00	1.191542e-01	7.183419e-01	3.035776e+00	9.794095e-01	6.027822e-02	3.319372e-01	3.704942e-01	3.834002e+00	1.001817e+00	8.311079e+00	7.246752e-01	2.453606e-01	2.081816e+00	8.005286e-01	1.042785e+00	7.183853e+01	1.457559e+02	2.753750e-01	4.265825e-02	3.775731e-14	
1  106.835	2.222331e+00	1.201955e-01	7.160927e-01	3.000651e+00	9.791561e-01	4.411327e-02	3.527062e-01	4.259647e-01	4.405052e+00	1.000222e+00	6.660556e+00	7.210500e-01	2.453278e-01	2.010373e+00	7.898567e-01	1.042755e+00	7.162127e+01	1.454707e+02	2.789760e-01	4.523221e-02	2.873503e-14	
4  108.022	2.203772e+00	1.173703e-01	7.057436e-01	3.005021e+00	9.832500e-01	4.525162e-02	1.929737e-01	5.430014e-01	4.877256e+00	1.000707e+00	6.775901e+00	7.188344e-01	2.452473e-01	2.019343e+00	7.885025e-01	1.042691e+00	7.058697e+01	1.471823e+02	2.812074e-01	2.529985e-02	4.138984e-14	
3  106.365	2.256527e+00	1.200030e-01	7.230297e-01	3.049176e+00	9.933241e-01	6.674212e-02	3.891765e-01	5.730646e-01	3.693137e+00	1.003617e+00	8.890934e+00	7.260848e-01	2.454663e-01	2.109844e+00	8.103364e-01	1.042400e+00	7.230315e+01	1.449738e+02	2.739388e-01	4.967634e-02	-6.580651e-14	
2  107.461	2.290784e+00	1.222107e-01	7.494314e-01	3.039732e+00	9.999234e-01	6.869472e-02	6.456411e-01	6.730039e-01	3.787891e+00	1.002090e+00	9.046958e+00	7.405121e-01	2.456093e-01	2.089872e+00	8.076800e-01	1.042706e+00	7.495214e+01	1.428544e+02	2.595614e-01	7.989126e-02	-1.101770e-13	
2  105.52	2.271930e+00	1.227958e-01	7.266912e-01	3.077911e+00	9.903452e-01	7.846018e-02	4.946834e-01	7.156403e-01	3.378607e+00	1.005265e+00	9.985094e+00	7.232347e-01	2.455324e-01	2.171243e+00	8.272403e-01	1.042426e+00	7.266844e+01	1.436219e+02	2.767233e-01	6.220966e-02	-3.427118e-14	
1  105.688	2.271930e+00	1.227958e-01	7.266912e-01	3.077911e+00	9.903452e-01	7.846018e-02	4.946834e-01	7.156403e-01	3.378607e+00	1.005008e+00	9.985094e+00	7.232347e-01	2.455324e-01	2.171243e+00	8.272403e-01	1.042426e+00	7.266844e+01	1.436219e+02	2.767233e-01	6.220966e-02	-3.427118e-14	
3  106.367	2.267938e+00	1.254863e-01	7.388457e-01	3.021416e+00	9.923268e-01	5.731703e-02	6.782958e-01	8.421171e-01	3.149468e+00	1.001081e+00	8.057755e+00	7.274264e-01	2.455164e-01	2.052214e+00	8.090359e-01	1.042674e+00	7.388711e+01	1.421517e+02	2.726163e-01	8.362612e-02	-1.096439e-13	
5  104.432	2.250262e+00	1.242767e-01	7.193827e-01	3.028228e+00	9.844273e-01	5.544995e-02	4.945951e-01	9.911349e-01	2.909793e+00	1.001740e+00	7.876482e+00	7.150951e-01	2.454425e-01	2.066250e+00	8.108788e-01	1.042453e+00	7.193279e+01	1.434792e+02	2.848994e-01	6.230476e-02	-6.427616e-14	
11  104.624	2.222462e+00	1.212620e-01	6.911912e-01	3.028814e+00	9.814245e-01	4.799383e-02	2.008980e-01	9.907845e-01	3.398373e+00	1.004363e+00	7.086061e+00	6.981753e-01	2.453236e-01	2.067838e+00	8.088943e-01	1.041812e+00	6.910791e+01	1.459362e+02	3.018103e-01	2.621572e-02	-1.901388e-14	
7  104.32	2.222462e+00	1.212620e-01	6.911912e-01	3.028814e+00	9.814245e-01	4.799383e-02	2.008980e-01	9.907845e-01	3.398373e+00	1.007156e+00	7.086061e+00	6.981753e-01	2.453236e-01	2.067838e+00	8.088943e-01	1.041812e+00	6.910791e+01	1.459362e+02	3.018103e-01	2.621572e-02	-1.901388e-14	
3  102.814	2.221863e+00	1.218046e-01	6.826191e-01	3.051403e+00	9.743755e-01	5.382274e-02	1.382836e-01	9.869441e-01	3.438317e+00	1.008966e+00	7.706606e+00	6.893637e-01	2.453209e-01	2.114940e+00	8.195568e-01	1.042025e+00	6.825121e+01	1.461107e+02	3.105961e-01	1.813963e-02	2.522320e-14	
10  103.047	2.221863e+00	1.218046e-01	6.826191e-01	3.051403e+00	9.743755e-01	5.382274e-02	1.382836e-01	9.869441e-01	3.438317e+00	1.009449e+00	7.706606e+00	6.893637e-01	2.453209e-01	2.114940e+00	8.195568e-01	1.042025e+00	6.825121e+01	1.461107e+02	3.105961e-01	1.813963e-02	2.522320e-14	
3  102.634	2.221863e+00	1.218046e-01	6.826191e-01	3.051403e+00	9.743755e-01	5.382274e-02	1.382836e-01	9.869441e-01	3.438317e+00	1.007428e+00	7.706606e+00	6.893637e-01	2.453209e-01	2.114940e+00	8.195568e-01	1.042025e+00	6.825121e+01	1.461107e+02	3.105961e-01	1.813963e-02	2.522320e-14	
7  102.542	2.231104e+00	1.235450e-01	6.946185e-01	3.060453e+00	9.652352e-01	5.996056e-02	2.850892e-01	6.524949e-01	3.668441e+00	1.006948e+00	8.347922e+00	6.962354e-01	2.453624e-01	2.133937e+00	8.217269e-01	1.042094e+00	6.945316e+01	1.448626e+02	3.037073e-01	3.679833e-02	1.604706e-14	
3  102.792	2.231104e+00	1.235450e-01	6.946185e-01	3.060453e+00	9.652352e-01	5.996056e-02	2.850892e-01	6.524949e-01	3.668441e+00	1.009132e+00	8.347922e+00	6.962354e-01	2.453624e-01	2.133937e+00	8.217269e-01	1.042094e+00	6.945316e+01	1.448626e+02	3.037073e-01	3.679833e-02	1.604706e-14	
2  101.619	2.252738e+00	1.285290e-01	7.053743e-01	3.034731e+00	9.654662e-01	5.318672e-02	5.103596e-01	7.267232e-01	3.224834e+00	1.004012e+00	7.702811e+00	6.950062e-01	2.454552e-01	2.079584e+00	8.202505e-01	1.042143e+00	7.052843e+01	1.423538e+02	3.049377e-01	6.411459e-02	-4.862919e-14	
8  103.665	2.258847e+00	1.266721e-01	6.976160e-01	3.113757e+00	9.669904e-01	8.791135e-02	3.645701e-01	8.168113e-01	3.570882e+00	1.006150e+00	1.093894e+01	6.918395e-01	2.454825e-01	2.250219e+00	8.522059e-01	1.042726e+00	6.976331e+01	1.434126e+02	3.080338e-01	4.661349e-02	-5.308241e-14	
1  104.723	2.270795e+00	1.288800e-01	7.117382e-01	3.115698e+00	9.681728e-01	9.084747e-02	5.292647e-01	6.129789e-01	3.597977e+00	1.006212e+00	1.121982e+01	6.993662e-01	2.455339e-01	2.254505e+00	8.560237e-01	1.043212e+00	7.117923e+01	1.419974e+02	3.004891e-01	6.630296e-02	-6.523989e-14	
1  106.311	2.295520e+00	1.367934e-01	7.362273e-01	3.116623e+00	9.676568e-01	1.001647e-01	9.585135e-01	6.108138e-01	3.541560e+00	1.000996e+00	1.214629e+01	7.039733e-01	2.456382e-01	2.256603e+00	8.684737e-01	1.043298e+00	7.362479e+01	1.380742e+02	2.959252e-01	1.140419e-01	-4.313663e-14	
2  104.586	2.323571e+00	1.370515e-01	7.414485e-01	3.081007e+00	9.743313e-01	8.379512e-02	9.886704e-01	3.974716e-01	3.047436e+00	1.000116e+00	1.063919e+01	7.072134e-01	2.457534e-01	2.177710e+00	8.545207e-01	1.043275e+00	7.414413e+01	1.376231e+02	2.926783e-01	1.171409e-01	3.600679e-14	
1  105.601	2.307338e+00	1.292988e-01	7.252354e-01	3.089808e+00	9.832912e-01	8.131926e-02	6.171398e-01	2.850034e-01	3.144837e+00	1.005501e+00	1.028540e+01	7.089769e-01	2.456838e-01	2.197268e+00	8.480536e-01	1.043607e+00	7.252679e+01	1.411380e+02	2.908529e-01	7.634322e-02	1.063559e-13	
6  104.853	2.327377e+00	1.304559e-01	7.429900e-01	3.062182e+00	9.843982e-01	7.101778e-02	7.806743e-01	2.360815e-01	3.062445e+00	1.005124e+00	9.326632e+00	7.202827e-01	2.457645e-01	2.137430e+00	8.353952e-01	1.043886e+00	7.429633e+01	1.399391e+02	2.795764e-01	9.471178e-02	1.010183e-13	
4  104.568	2.284009e+00	1.263667e-01	7.085604e-01	3.043437e+00	9.826735e-01	5.945451e-02	4.120479e-01	1.289309e-02	3.312271e+00	1.002318e+00	8.232206e+00	7.014223e-01	2.455843e-01	2.097817e+00	8.251916e-01	1.043324e+00	7.085403e+01	1.430013e+02	2.985154e-01	5.231210e-02	3.715344e-14	
1  103.751	2.306435e+00	1.230719e-01	7.199126e-01	3.105393e+00	9.824823e-01	8.819691e-02	4.017143e-01	7.101501e-02	3.115857e+00	1.007151e+00	1.074125e+01	7.167459e-01	2.456780e-01	2.231735e+00	8.388571e-01	1.042967e+00	7.199467e+01	1.436244e+02	2.831346e-01	5.100861e-02	4.629418e-14	
1  104.751	2.274536e+00	1.245698e-01	7.189612e-01	3.030703e+00	9.861503e-01	5.048421e-02	4.562746e-01	8.417339e-02	3.326030e+00	1.008431e+00	7.310297e+00	7.137170e-01	2.455428e-01	2.071596e+00	8.142704e-01	1.043270e+00	7.189783e+01	1.433235e+02	2.862527e-01	5.760875e-02	-3.923252e-14	
7  105.252	2.274536e+00	1.245698e-01	7.189612e-01	3.030703e+00	9.861503e-01	5.048421e-02	4.562746e-01	8.417339e-02	3.326030e+00	1.009306e+00	7.310297e+00	7.137170e-01	2.455428e-01	2.071596e+00	8.142704e-01	1.043270e+00	7.189783e+01	1.433235e+02	2.862527e-01	5.760875e-02	-3.923252e-14	
1  104.405	2.282394e+00	1.273294e-01	7.326562e-01	3.030058e+00	9.835335e-01	5.317969e-02	6.508447e-01	6.944518e-02	3.795597e+00	1.008577e+00	7.628648e+00	7.190632e-01	2.455775e-01	2.070031e+00	8.164698e-01	1.043315e+00	7.326630e+01	1.416869e+02	2.809044e-01	8.032067e-02	-6.976202e-14	
1  103.82	2.290586e+00	1.284781e-01	7.396883e-01	3.062087e+00	9.824522e-01	7.285775e-02	7.510200e-01	6.718198e-02	4.212220e+00	1.006697e+00	9.555399e+00	7.221162e-01	2.456136e-01	2.136939e+00	8.295819e-01	1.042959e+00	7.396759e+01	1.408939e+02	2.778374e-01	9.157071e-02	2.152845e-15	
1  104.107	2.302312e+00	1.271626e-01	7.402162e-01	3.026863e+00	9.832997e-01	5.338501e-02	6.878163e-01	9.801472e-02	4.617180e+00	1.007576e+00	7.606830e+00	7.247063e-01	2.456602e-01	2.063400e+00	8.128831e-01	1.043524e+00	7.402213e+01	1.413571e+02	2.752361e-01	8.446265e-02	-5.416535e-14	
2  104.185	2.302312e+00	1.271626e-01	7.402162e-01	3.026863e+00	9.832997e-01	5.338501e-02	6.878163e-01	9.801472e-02	4.617180e+00	1.003522e+00	7.606830e+00	7.247063e-01	2.456602e-01	2.063400e+00	8.128831e-01	1.043524e+00	7.402213e+01	1.413571e+02	2.752361e-01	8.446265e-02	-5.416535e-14	
8  103.208	2.259469e+00	1.287914e-01	7.023026e-01	3.049484e+00	9.684087e-01	5.386473e-02	4.699944e-01	4.712037e-02	4.972654e+00	1.005262e+00	7.759875e+00	6.916509e-01	2.454849e-01	2.110498e+00	8.294472e-01	1.042671e+00	7.022678e+01	1.424042e+02	3.082973e-01	5.926314e-02	-1.217052e-14	
2  102.298	2.259469e+00	1.287914e-01	7.023026e-01	3.049484e+00	9.684087e-01	5.386473e-02	4.699944e-01	4.712037e-02	4.972654e+00	1.007175e+00	7.759875e+00	6.916509e-01	2.454849e-01	2.110498e+00	8.294472e-01	1.042671e+00	7.022678e+01	1.424042e+02	3.082973e-01	5.926314e-02	-1.217052e-14	
1  103.398	2.302359e+00	1.321451e-01	7.219062e-01	3.025110e+00	9.636296e-01	4.249069e-02	7.031704e-01	1.798523e-01	4.649742e+00	1.007666e+00	6.496889e+00	7.009689e-01	2.456649e-01	2.059918e+00	8.204839e-01	1.042774e+00	7.219502e+01	1.401329e+02	2.989463e-01	8.616228e-02	-4.625395e-14	
3  103.254	2.268909e+00	1.321717e-01	7.092815e-01	3.014214e+00	9.632025e-01	3.624921e-02	6.344970e-01	1.550743e-01	4.659435e+00	1.007386e+00	5.825082e+00	6.908087e-01	2.455267e-01	2.037710e+00	8.185822e-01	1.042339e+00	7.093269e+01	1.407739e+02	3.091158e-01	7.837426e-02	-7.949397e-14	
2  104.326	2.272380e+00	1.359679e-01	7.114271e-01	2.973895e+00	9.591570e-01	2.177540e-02	7.543999e-01	2.654631e-01	4.774556e+00	1.000917e+00	4.013597e+00	6.851309e-01	2.455442e-01	1.957016e+00	8.088939e-01	1.042625e+00	7.114650e+01	1.393527e+02	3.147529e-01	9.183286e-02	-1.502782e-14	
1  104.468	2.315228e+00	1.352856e-01	7.398687e-01	3.017884e+00	9.784982e-01	5.040521e-02	9.149326e-01	3.599892e-01	4.693252e+00	1.000799e+00	7.395174e+00	7.093316e-01	2.457176e-01	2.044977e+00	8.267844e-01	1.043722e+00	7.397886e+01	1.383923e+02	2.905854e-01	1.093615e-01	-1.057573e-14	
2  103.552	2.288617e+00	1.284542e-01	7.237830e-01	3.057838e+00	9.797852e-01	6.600011e-02	5.970824e-01	1.553455e-01	4.785101e+00	1.004138e+00	8.906752e+00	7.097799e-01	2.456056e-01	2.128042e+00	8.318152e-01	1.043519e+00	7.237605e+01	1.416071e+02	2.901026e-01	7.410938e-02	2.673641e-15	
8  102.545	2.305362e+00	1.230423e-01	7.303957e-01	3.081638e+00	9.811733e-01	8.025776e-02	4.922467e-01	1.095328e-01	4.304994e+00	1.004831e+00	1.005878e+01	7.248967e-01	2.456741e-01	2.179089e+00	8.256305e-01	1.042915e+00	7.303919e+01	1.432180e+02	2.750221e-01	6.189415e-02	3.775135e-14	
1  104.776	2.341766e+00	1.236372e-01	7.363705e-01	3.105545e+00	9.853672e-01	8.735654e-02	5.222661e-01	2.351253e-01	4.520354e+00	1.008772e+00	1.058458e+01	7.275389e-01	2.458243e-01	2.232085e+00	8.370317e-01	1.043247e+00	7.364362e+01	1.425546e+02	2.723005e-01	6.535013e-02	1.393654e-13	
3  104.776	2.341766e+00	1.236372e-01	7.363705e-01	3.105545e+00	9.853672e-01	8.735654e-02	5.222661e-01	2.351253e-01	4.520354e+00	1.008825e+00	1.058458e+01	7.275389e-01	2.458243e-01	2.232085e+00	8.370317e-01	1.043247e+00	7.364362e+01	1.425546e+02	2.723005e-01	6.535013e-02	1.393654e-13	
1  103.049	2.307244e+00	1.249515e-01	7.267891e-01	3.091683e+00	9.822402e-01	8.106283e-02	5.262836e-01	4.327912e-01	4.569924e+00	1.007769e+00	1.016456e+01	7.184727e-01	2.456822e-01	2.201231e+00	8.355687e-01	1.042672e+00	7.267731e+01	1.425762e+02	2.814247e-01	6.587261e-02	3.996864e-14	
13  102.321	2.288483e+00	1.253992e-01	7.024280e-01	3.050585e+00	9.745720e-01	5.486849e-02	3.665589e-01	2.616438e-01	4.800861e+00	1.007741e+00	7.737525e+00	6.980413e-01	2.456034e-01	2.112869e+00	8.221903e-01	1.041963e+00	7.023311e+01	1.434001e+02	3.018930e-01	4.682426e-02	8.588135e-14	
4  104.625	2.313525e+00	1.249059e-01	7.152394e-01	2.989797e+00	9.724082e-01	2.621040e-02	4.485577e-01	2.341162e-01	4.918920e+00	1.008128e+00	4.440359e+00	7.093042e-01	2.457093e-01	1.987944e+00	7.920281e-01	1.041722e+00	7.152791e+01	1.428734e+02	2.905121e-01	5.684273e-02	-3.857799e-14	
1  103.885	2.340586e+00	1.271042e-01	7.457502e-01	2.988310e+00	9.766343e-01	3.326539e-02	7.228085e-01	1.182101e-01	4.886589e+00	1.005768e+00	5.314464e+00	7.282672e-01	2.458200e-01	1.985262e+00	7.919989e-01	1.042824e+00	7.458463e+01	1.408286e+02	2.716030e-01	8.840571e-02	-7.497743e-14	
14  103.968	2.325986e+00	1.211003e-01	7.303552e-01	2.994092e+00	9.735206e-01	4.238621e-02	4.104683e-01	2.729942e-02	4.997710e+00	9.979576e-01	6.296593e+00	7.281613e-01	2.457601e-01	1.997267e+00	7.829145e-01	1.043063e+00	7.303474e+01	1.438671e+02	2.717596e-01	5.211291e-02	1.889132e-14	
3  105.231	2.382001e+00	1.255677e-01	7.518548e-01	2.991219e+00	9.781365e-01	4.540568e-02	6.958486e-01	2.726060e-01	4.880469e+00	9.962472e-01	6.599136e+00	7.345443e-01	2.459881e-01	1.991471e+00	7.875903e-01	1.042727e+00	7.518153e+01	1.408859e+02	2.653862e-01	8.542328e-02	2.227239e-14	
1  105.66	2.388834e+00	1.266203e-01	7.619592e-01	3.010475e+00	9.810591e-01	6.136152e-02	8.168170e-01	5.289701e-01	4.793804e+00	9.931042e-01	8.215105e+00	7.394738e-01	2.460160e-01	2.030006e+00	7.956541e-01	1.042478e+00	7.619413e+01	1.400320e+02	2.604498e-01	9.885971e-02	2.973750e-14	
5  105.671	2.388834e+00	1.266203e-01	7.619592e-01	3.010475e+00	9.810591e-01	6.136152e-02	8.168170e-01	5.289701e-01	4.793804e+00	9.932703e-01	8.215105e+00	7.394738e-01	2.460160e-01	2.030006e+00	7.956541e-01	1.042478e+00	7.619413e+01	1.400320e+02	2.604498e-01	9.885971e-02	2.973750e-14	
2  105.145	2.327829e+00	1.188546e-01	7.145657e-01	3.056904e+00	9.853498e-01	7.602979e-02	2.489664e-01	4.759712e-01	4.985283e+00	9.958432e-01	9.524321e+00	7.201747e-01	2.457643e-01	2.126086e+00	8.073000e-01	1.041615e+00	7.145885e+01	1.451675e+02	2.797358e-01	3.236360e-02	-8.378699e-14	
1  105.842	2.350945e+00	1.225251e-01	7.213682e-01	3.062520e+00	9.860117e-01	7.005987e-02	4.038895e-01	2.060866e-01	4.587476e+00	1.003459e+00	9.011408e+00	7.179334e-01	2.458592e-01	2.138052e+00	8.172579e-01	1.041529e+00	7.213447e+01	1.432632e+02	2.819661e-01	5.143043e-02	1.281053e-14	
1  103.804	2.304255e+00	1.234665e-01	7.026567e-01	3.042028e+00	9.762723e-01	6.036334e-02	3.244732e-01	1.323715e-01	3.589645e+00	1.000086e+00	8.220664e+00	7.018461e-01	2.456665e-01	2.094608e+00	8.126115e-01	1.041049e+00	7.026327e+01	1.438972e+02	2.980305e-01	4.171737e-02	-6.084517e-14	
1  104.965	2.291198e+00	1.218405e-01	6.950406e-01	3.008277e+00	9.763802e-01	4.612199e-02	2.269639e-01	2.224492e-01	3.411592e+00	9.971829e-01	6.760020e+00	6.989442e-01	2.456119e-01	2.025222e+00	7.967103e-01	1.040809e+00	6.950907e+01	1.449065e+02	3.009327e-01	2.955881e-02	-1.308896e-13	
3  105.015	2.291198e+00	1.218405e-01	6.950406e-01	3.008277e+00	9.763802e-01	4.612199e-02	2.269639e-01	2.224492e-01	3.411592e+00	9.974524e-01	6.760020e+00	6.989442e-01	2.456119e-01	2.025222e+00	7.967103e-01	1.040809e+00	6.950907e+01	1.449065e+02	3.009327e-01	2.955881e-02	-1.308896e-13	
1  104.033	2.301495e+00	1.251017e-01	7.118355e-01	3.022999e+00	9.797736e-01	5.221488e-02	4.534338e-01	1.835786e-01	3.657172e+00	1.001361e+00	7.443477e+00	7.063214e-01	2.456563e-01	2.055179e+00	8.080225e-01	1.041116e+00	7.118214e+01	1.429254e+02	2.935587e-01	5.734212e-02	-1.056246e-13	
3  103.069	2.233751e+00	1.209383e-01	6.678312e-01	3.027320e+00	9.657356e-01	5.107465e-02	1.739455e-02	1.639724e-01	3.433992e+00	9.971715e-01	7.373505e+00	6.773319e-01	2.453692e-01	2.064209e+00	8.057626e-01	1.040585e+00	6.678596e+01	1.467923e+02	3.225394e-01	2.370089e-03	1.762211e-14	
1  102.415	2.273313e+00	1.261879e-01	6.966906e-01	3.059575e+00	9.680620e-01	6.753208e-02	3.772816e-01	3.175539e-01	2.854154e+00	1.000305e+00	9.033969e+00	6.917794e-01	2.455390e-01	2.131658e+00	8.258503e-01	1.041151e+00	6.966345e+01	1.433119e+02	3.080909e-01	4.816464e-02	-2.374873e-14	
3  102.395	2.305630e+00	1.269535e-01	7.186787e-01	3.045415e+00	9.735628e-01	6.722038e-02	5.515764e-01	3.114605e-01	2.997390e+00	9.978575e-01	8.951684e+00	7.082426e-01	2.456747e-01	2.101667e+00	8.186318e-01	1.041593e+00	7.186779e+01	1.419870e+02	2.916543e-01	6.892673e-02	-3.031231e-14	
1  101.605	2.298131e+00	1.244283e-01	7.144106e-01	3.057193e+00	9.704364e-01	7.149425e-02	4.229539e-01	4.663351e-01	2.962734e+00	9.981422e-01	9.314593e+00	7.098349e-01	2.456438e-01	2.126546e+00	8.185959e-01	1.042282e+00	7.143695e+01	1.432714e+02	2.900891e-01	5.373953e-02	4.258566e-14	
3  101.18	2.288907e+00	1.245466e-01	7.096005e-01	3.034633e+00	9.677800e-01	5.189824e-02	3.902340e-01	3.227867e-01	3.190299e+00	1.004420e+00	7.423884e+00	7.058530e-01	2.456048e-01	2.079442e+00	8.103449e-01	1.042363e+00	7.095612e+01	1.434921e+02	2.940761e-01	4.975229e-02	1.238436e-14	
1  102.348	2.259220e+00	1.262478e-01	7.064082e-01	3.002788e+00	9.622100e-01	3.599795e-02	4.356489e-01	1.270516e-02	2.877150e+00	1.003908e+00	5.736820e+00	7.003792e-01	2.454833e-01	2.014525e+00	8.011991e-01	1.042447e+00	7.064576e+01	1.431809e+02	2.995433e-01	5.515462e-02	-9.767861e-14	
1  101.848	2.246600e+00	1.250819e-01	6.952920e-01	3.027481e+00	9.687164e-01	4.331759e-02	3.196498e-01	3.078771e-02	2.487901e+00	1.007490e+00	6.580769e+00	6.933717e-01	2.454279e-01	2.064805e+00	8.130029e-01	1.042273e+00	6.952943e+01	1.441403e+02	3.065872e-01	4.106572e-02	-1.086630e-14	
5  104.162	2.236149e+00	1.257324e-01	6.907092e-01	3.024779e+00	9.792192e-01	4.523443e-02	3.245545e-01	1.202317e-01	2.670289e+00	1.005547e+00	6.823945e+00	6.881249e-01	2.453841e-01	2.059316e+00	8.170586e-01	1.041712e+00	6.906373e+01	1.440685e+02	3.118851e-01	4.171302e-02	-9.121112e-14	
3  103.779	2.243638e+00	1.273485e-01	6.925480e-01	3.045510e+00	9.780348e-01	5.709536e-02	3.866481e-01	5.222782e-02	2.975509e+00	1.003929e+00	8.100069e+00	6.862627e-01	2.454162e-01	2.102163e+00	8.282319e-01	1.041599e+00	6.924426e+01	1.433049e+02	3.136988e-01	4.927815e-02	-1.101702e-13	
2  103.769	2.244230e+00	1.325120e-01	6.861603e-01	3.063281e+00	9.654687e-01	6.151822e-02	4.854673e-01	1.066484e-01	3.071547e+00	1.003802e+00	8.636710e+00	6.694461e-01	2.454218e-01	2.139556e+00	8.445568e-01	1.041523e+00	6.860486e+01	1.416133e+02	3.304811e-01	6.107958e-02	-7.792935e-15	
2  103.004	2.227198e+00	1.290105e-01	6.849310e-01	3.025562e+00	9.701389e-01	4.880008e-02	3.848612e-01	2.008308e-01	3.388870e+00	1.000239e+00	7.288885e+00	6.760978e-01	2.453487e-01	2.060643e+00	8.231235e-01	1.041531e+00	6.848997e+01	1.430813e+02	3.238491e-01	4.910798e-02	-1.355924e-13	
1  103.441	2.229291e+00	1.289522e-01	6.890467e-01	3.077657e+00	9.700123e-01	7.298542e-02	4.148858e-01	2.721962e-01	3.443416e+00	1.002784e+00	9.721715e+00	6.799814e-01	2.453574e-01	2.170588e+00	8.438695e-01	1.041629e+00	6.889477e+01	1.429371e+02	3.198978e-01	5.270655e-02	-2.159141e-14	
3  103.541	2.229291e+00	1.289522e-01	6.890467e-01	3.077657e+00	9.700123e-01	7.298542e-02	4.148858e-01	2.721962e-01	3.443416e+00	1.001599e+00	9.721715e+00	6.799814e-01	2.453574e-01	2.170588e+00	8.438695e-01	1.041629e+00	6.889477e+01	1.429371e+02	3.198978e-01	5.270655e-02	-2.159141e-14	
9  104.271	2.254357e+00	1.295372e-01	6.910195e-01	3.042026e+00	9.662665e-01	5.783330e-02	4.578630e-01	2.694427e-01	3.405212e+00	9.990065e-01	8.188108e+00	6.800946e-01	2.454608e-01	2.094775e+00	8.266028e-01	1.040679e+00	6.909698e+01	1.423360e+02	3.197236e-01	5.776738e-02	-8.583591e-14	
9  105.178	2.282954e+00	1.325617e-01	7.067747e-01	3.007811e+00	9.682383e-01	4.623951e-02	6.570318e-01	1.400766e-01	3.018441e+00	9.956846e-01	6.957046e+00	6.876178e-01	2.455825e-01	2.024399e+00	8.163227e-01	1.040894e+00	7.068627e+01	1.404405e+02	3.122239e-01	8.090273e-02	-2.085958e-13	
9  104.984	2.310226e+00	1.359986e-01	7.341699e-01	3.045055e+00	9.683246e-01	6.019261e-02	9.675185e-01	3.430827e-01	2.863324e+00	1.004069e+00	8.427828e+00	7.035302e-01	2.456963e-01	2.101102e+00	8.332583e-01	1.041297e+00	7.341560e+01	1.380606e+02	2.963607e-01	1.148628e-01	4.974231e-14	
1  104.793	2.310226e+00	1.359986e-01	7.341699e-01	3.045055e+00	9.683246e-01	6.019261e-02	9.675185e-01	3.430827e-01	2.863324e+00	1.005701e+00	8.427828e+00	7.035302e-01	2.456963e-01	2.101102e+00	8.332583e-01	1.041297e+00	7.341560e+01	1.380606e+02	2.963607e-01	1.148628e-01	4.974231e-14	
3  105.173	2.343259e+00	1.385402e-01	7.509483e-01	3.051719e+00	9.702106e-01	7.012710e-02	1.154893e+00	9.111954e-02	3.299108e+00	1.001489e+00	9.369111e+00	7.115695e-01	2.458330e-01	2.115029e+00	8.384309e-01	1.041607e+00	7.510365e+01	1.364130e+02	2.883608e-01	1.340927e-01	1.418591e-15	
1  105.126	2.312188e+00	1.352442e-01	7.297634e-01	3.006654e+00	9.739113e-01	3.987248e-02	8.995317e-01	1.367170e-01	3.414490e+00	1.006007e+00	6.226824e+00	7.013400e-01	2.457058e-01	2.022034e+00	8.189528e-01	1.041422e+00	7.297964e+01	1.384955e+02	2.985411e-01	1.076366e-01	-1.192912e-14	
3  104.671	2.304557e+00	1.376366e-01	7.327081e-01	2.990176e+00	9.735949e-01	3.176447e-02	9.781081e-01	1.111232e-01	4.085371e+00	1.005386e+00	5.298375e+00	6.994563e-01	2.456768e-01	1.989084e+00	8.180621e-01	1.042248e+00	7.327633e+01	1.377166e+02	3.004687e-01	1.159721e-01	2.363510e-14	
1  103.587	2.312828e+00	1.384001e-01	7.421314e-01	2.989248e+00	9.681279e-01	3.660677e-02	1.065857e+00	3.297539e-01	4.047056e+00	1.001436e+00	5.889386e+00	7.055292e-01	2.457094e-01	1.987279e+00	8.157577e-01	1.042624e+00	7.421770e+01	1.371026e+02	2.944028e-01	1.251237e-01	-4.664064e-15	
11  102.562	2.305697e+00	1.329156e-01	7.450812e-01	3.007875e+00	9.793498e-01	5.043653e-02	9.355475e-01	6.839700e-01	4.928420e+00	1.001199e+00	7.387819e+00	7.178319e-01	2.456779e-01	2.024430e+00	8.143705e-01	1.042509e+00	7.450382e+01	1.389210e+02	2.821233e-01	1.116312e-01	-7.821918e-14	
5  102.945	2.305697e+00	1.329156e-01	7.450812e-01	3.007875e+00	9.793498e-01	5.043653e-02	9.355475e-01	6.839700e-01	4.928420e+00	1.002017e+00	7.387819e+00	7.178319e-01	2.456779e-01	2.024430e+00	8.143705e-01	1.042509e+00	7.450382e+01	1.389210e+02	2.821233e-01	1.116312e-01	-7.821918e-14	
4  104.092	2.342530e+00	1.291007e-01	7.443696e-01	3.002624e+00	9.874209e-01	5.033279e-02	7.829450e-01	9.355089e-01	4.807416e+00	9.995203e-01	7.243547e+00	7.234606e-01	2.458268e-01	2.013891e+00	8.057255e-01	1.042431e+00	7.443110e+01	1.400748e+02	2.765044e-01	9.510426e-02	-1.569390e-13	
1  102.614	2.291785e+00	1.261061e-01	7.189226e-01	3.053432e+00	9.784211e-01	6.811302e-02	4.960062e-01	9.951987e-01	4.801329e+00	1.001869e+00	9.049829e+00	7.102866e-01	2.456181e-01	2.118546e+00	8.240976e-01	1.043019e+00	7.188371e+01	1.425965e+02	2.896104e-01	6.235974e-02	-1.505800e-14	
7  102.101	2.291785e+00	1.261061e-01	7.189226e-01	3.053432e+00	9.784211e-01	6.811302e-02	4.960062e-01	9.951987e-01	4.801329e+00	9.989238e-01	9.049829e+00	7.102866e-01	2.456181e-01	2.118546e+00	8.240976e-01	1.043019e+00	7.188371e+01	1.425965e+02	2.896104e-01	6.235974e-02	-1.505800e-14	
3  102.76	2.344535e+00	1.272576e-01	7.365049e-01	3.013312e+00	9.792446e-01	5.152525e-02	6.565455e-01	8.675509e-01	4.717597e+00	9.978482e-01	7.328187e+00	7.209058e-01	2.458351e-01	2.035533e+00	8.047608e-01	1.042441e+00	7.364371e+01	1.410424e+02	2.790339e-01	8.099705e-02	-2.212971e-14	
8  102.985	2.344535e+00	1.272576e-01	7.365049e-01	3.013312e+00	9.792446e-01	5.152525e-02	6.565455e-01	8.675509e-01	4.717597e+00	9.974298e-01	7.328187e+00	7.209058e-01	2.458351e-01	2.035533e+00	8.047608e-01	1.042441e+00	7.364371e+01	1.410424e+02	2.790339e-01	8.099705e-02	-2.212971e-14	
4  102.868	2.320178e+00	1.207328e-01	7.155795e-01	3.045698e+00	9.838564e-01	6.343800e-02	2.934080e-01	6.531101e-01	4.611918e+00	9.992333e-01	8.430287e+00	7.175140e-01	2.457320e-01	2.102562e+00	8.087727e-01	1.042579e+00	7.155009e+01	1.445680e+02	2.824289e-01	3.783321e-02	8.394271e-14	
1  103.298	2.285767e+00	1.162390e-01	7.034193e-01	3.037998e+00	9.811064e-01	6.414452e-02	6.895692e-02	8.801474e-01	4.624390e+00	9.943219e-01	8.484556e+00	7.174028e-01	2.455888e-01	2.086488e+00	7.972244e-01	1.042932e+00	7.033881e+01	1.472083e+02	2.825025e-01	9.165052e-03	7.772148e-14	
3  102.077	2.259055e+00	1.190608e-01	6.890046e-01	3.049640e+00	9.771166e-01	6.614092e-02	6.692730e-02	8.216045e-01	4.796132e+00	9.950932e-01	8.790630e+00	7.000930e-01	2.454777e-01	2.110598e+00	8.114179e-01	1.042502e+00	6.889747e+01	1.467646e+02	2.998092e-01	8.916434e-03	1.051500e-14	
3  102.029	2.265469e+00	1.260054e-01	6.842277e-01	3.025444e+00	9.585769e-01	4.590382e-02	2.356106e-01	6.698010e-01	4.637201e+00	9.974804e-01	6.842168e+00	6.810583e-01	2.455076e-01	2.060357e+00	8.134822e-01	1.042293e+00	6.842721e+01	1.441064e+02	3.189177e-01	3.069965e-02	8.359924e-15	
7  102.598	2.283574e+00	1.218571e-01	6.979011e-01	3.003671e+00	9.683074e-01	4.438229e-02	2.037828e-01	7.138735e-01	4.251202e+00	9.931102e-01	6.584481e+00	7.015271e-01	2.455825e-01	2.016270e+00	7.949886e-01	1.042659e+00	6.979099e+01	1.451068e+02	2.984149e-01	2.663041e-02	1.006782e-13	
11  103.451	2.276116e+00	1.224311e-01	7.055435e-01	3.001006e+00	9.690462e-01	4.695344e-02	2.805469e-01	9.491712e-01	4.363633e+00	9.913344e-01	6.892333e+00	7.068936e-01	2.455528e-01	2.010921e+00	7.945165e-01	1.043054e+00	7.055387e+01	1.446748e+02	2.929984e-01	3.626170e-02	8.857362e-14	
3  102.486	2.246482e+00	1.188109e-01	6.867921e-01	3.007739e+00	9.689145e-01	3.899399e-02	3.784255e-02	9.857543e-01	4.650482e+00	9.994287e-01	5.999090e+00	6.990060e-01	2.454262e-01	2.024719e+00	7.930565e-01	1.042933e+00	6.869082e+01	1.471180e+02	3.009052e-01	4.974611e-03	4.334003e-14	
8  102.664	2.246482e+00	1.188109e-01	6.867921e-01	3.007739e+00	9.689145e-01	3.899399e-02	3.784255e-02	9.857543e-01	4.650482e+00	9.989683e-01	5.999090e+00	6.990060e-01	2.454262e-01	2.024719e+00	7.930565e-01	1.042933e+00	6.869082e+01	1.471180e+02	3.009052e-01	4.974611e-03	4.334003e-14	
2  103.93	2.241484e+00	1.231992e-01	6.873437e-01	3.029637e+00	9.679532e-01	5.124507e-02	1.642941e-01	8.801596e-01	4.394018e+00	9.964568e-01	7.425166e+00	6.902407e-01	2.454063e-01	2.068984e+00	8.131225e-01	1.043436e+00	6.874604e+01	1.454071e+02	3.096173e-01	2.158641e-02	2.856664e-14	
2  103.89	2.241484e+00	1.231992e-01	6.873437e-01	3.029637e+00	9.679532e-01	5.124507e-02	1.642941e-01	8.801596e-01	4.394018e+00	9.995230e-01	7.425166e+00	6.902407e-01	2.454063e-01	2.068984e+00	8.131225e-01	1.043436e+00	6.874604e+01	1.454071e+02	3.096173e-01	2.158641e-02	2.856664e-14	
5  102.635	2.275558e+00	1.226751e-01	7.167158e-01	3.032964e+00	9.742474e-01	5.461789e-02	3.776861e-01	6.694865e-01	4.482869e+00	1.004245e+00	7.704224e+00	7.155506e-01	2.455493e-01	2.076053e+00	8.071470e-01	1.043273e+00	7.167267e+01	1.441569e+02	2.843573e-01	4.814840e-02	-3.920570e-14	
2  103.779	2.281404e+00	1.232771e-01	7.128474e-01	3.039721e+00	9.780751e-01	5.812007e-02	3.461233e-01	4.655061e-01	4.516247e+00	1.002683e+00	8.050481e+00	7.111108e-01	2.455729e-01	2.090127e+00	8.142322e-01	1.043694e+00	7.128828e+01	1.440922e+02	2.887486e-01	4.428074e-02	4.655197e-14	
4  105.066	2.261662e+00	1.167084e-01	7.126556e-01	3.011398e+00	9.848188e-01	5.225605e-02	1.703930e-01	4.847719e-01	3.897246e+00	9.987436e-01	7.390655e+00	7.243287e-01	2.454891e-01	2.032003e+00	7.878206e-01	1.043234e+00	7.127091e+01	1.468294e+02	2.756235e-01	2.231745e-02	1.845658e-14	
3  105.144	2.319294e+00	1.227615e-01	7.481049e-01	3.071753e+00	9.848915e-01	8.607820e-02	5.964289e-01	3.393201e-01	3.511710e+00	9.991572e-01	1.052350e+01	7.379513e-01	2.457319e-01	2.157683e+00	8.187381e-01	1.043767e+00	7.480942e+01	1.426613e+02	2.619348e-01	7.405130e-02	1.108821e-13	
3  104.759	2.327553e+00	1.196558e-01	7.383622e-01	3.115028e+00	9.848023e-01	1.024407e-01	4.332376e-01	3.145813e-01	3.493550e+00	1.002716e+00	1.178063e+01	7.366681e-01	2.457664e-01	2.253164e+00	8.293089e-01	1.043009e+00	7.383170e+01	1.441073e+02	2.632922e-01	5.485626e-02	2.496466e-14	
1  103.867	2.276853e+00	1.205641e-01	7.124421e-01	3.119049e+00	9.742475e-01	1.005062e-01	3.079731e-01	4.248949e-01	3.693633e+00	1.002377e+00	1.179815e+01	7.163634e-01	2.455564e-01	2.262519e+00	8.362055e-01	1.042165e+00	7.123753e+01	1.450222e+02	2.836167e-01	3.959312e-02	-7.993430e-14	
2  103.622	2.276853e+00	1.205641e-01	7.124421e-01	3.119049e+00	9.742475e-01	1.005062e-01	3.079731e-01	4.248949e-01	3.693633e+00	1.000101e+00	1.179815e+01	7.163634e-01	2.455564e-01	2.262519e+00	8.362055e-01	1.042165e+00	7.123753e+01	1.450222e+02	2.836167e-01	3.959312e-02	-7.993430e-14	
1  104.574	2.317990e+00	1.215154e-01	7.407478e-01	3.081564e+00	9.785041e-01	8.934772e-02	5.444229e-01	5.738120e-01	2.980730e+00	9.981799e-01	1.077306e+01	7.351018e-01	2.457282e-01	2.178971e+00	8.164082e-01	1.042169e+00	7.407511e+01	1.432251e+02	2.649011e-01	6.814431e-02	8.410737e-14	
2  102.828	2.309798e+00	1.236750e-01	7.318687e-01	3.044464e+00	9.717702e-01	6.559989e-02	5.417559e-01	5.731867e-01	2.355308e+00	9.999040e-01	8.730720e+00	7.247237e-01	2.456924e-01	2.099737e+00	8.072233e-01	1.042211e+00	7.318236e+01	1.427886e+02	2.752295e-01	6.783612e-02	4.711635e-14	
2  103.203	2.276992e+00	1.211632e-01	7.121149e-01	3.014113e+00	9.666161e-01	5.113585e-02	3.355380e-01	5.332028e-01	2.098228e+00	9.966782e-01	7.319390e+00	7.148163e-01	2.455558e-01	2.037242e+00	7.918857e-01	1.041749e+00	7.120724e+01	1.447305e+02	2.850966e-01	4.306321e-02	4.928410e-14	
1  101.093	2.250926e+00	1.220330e-01	6.860913e-01	3.065067e+00	9.637593e-01	6.567345e-02	1.426493e-01	6.697498e-01	2.399845e+00	1.000446e+00	8.825230e+00	6.914713e-01	2.454441e-01	2.143365e+00	8.216040e-01	1.042354e+00	6.860749e+01	1.457133e+02	3.084490e-01	1.881298e-02	1.504384e-14	
3  102.031	2.310731e+00	1.258360e-01	7.132036e-01	3.048003e+00	9.733761e-01	6.416642e-02	4.343211e-01	6.533567e-01	2.560991e+00	9.974817e-01	8.620008e+00	7.058445e-01	2.456947e-01	2.107177e+00	8.199996e-01	1.042643e+00	7.131313e+01	1.427453e+02	2.940963e-01	5.507384e-02	7.647387e-14	
4  102.061	2.269871e+00	1.275370e-01	7.133656e-01	3.049966e+00	9.712831e-01	6.766927e-02	5.146439e-01	6.436308e-01	2.606151e+00	9.964391e-01	9.094297e+00	7.034246e-01	2.455269e-01	2.111087e+00	8.251615e-01	1.042840e+00	7.133195e+01	1.423914e+02	2.964775e-01	6.465138e-02	-2.340265e-14	
2  101.741	2.247276e+00	1.277810e-01	7.019465e-01	3.042848e+00	9.661157e-01	6.204202e-02	4.576870e-01	8.292476e-01	3.636755e+00	9.967284e-01	8.605432e+00	6.936471e-01	2.454325e-01	2.096195e+00	8.232339e-01	1.042297e+00	7.018732e+01	1.428309e+02	3.062610e-01	5.791230e-02	-4.011691e-14	
2  102.432	2.267360e+00	1.282850e-01	7.074260e-01	3.025233e+00	9.648826e-01	5.779916e-02	4.933598e-01	9.132690e-01	3.448519e+00	9.923321e-01	8.145424e+00	6.969737e-01	2.455168e-01	2.059636e+00	8.158014e-01	1.042647e+00	7.073868e+01	1.423351e+02	3.029193e-01	6.217159e-02	-3.973842e-14	
1  102.523	2.329474e+00	1.298239e-01	7.416805e-01	3.028486e+00	9.703326e-01	5.979665e-02	7.903374e-01	7.831149e-01	3.612955e+00	9.975581e-01	8.242703e+00	7.204130e-01	2.457745e-01	2.066528e+00	8.130525e-01	1.042519e+00	7.416337e+01	1.400098e+02	2.795308e-01	9.596898e-02	-2.065413e-14	
3  105.611	2.329474e+00	1.298239e-01	7.416805e-01	3.028486e+00	9.703326e-01	5.979665e-02	7.903374e-01	7.831149e-01	3.612955e+00	9.945783e-01	8.242703e+00	7.204130e-01	2.457745e-01	2.066528e+00	8.130525e-01	1.042519e+00	7.416337e+01	1.400098e+02	2.795308e-01	9.596898e-02	-2.065413e-14	
4  105.304	2.303724e+00	1.280626e-01	7.185155e-01	3.029049e+00	9.639932e-01	5.599107e-02	5.583663e-01	8.726125e-01	3.393431e+00	9.937194e-01	7.878541e+00	7.060066e-01	2.456675e-01	2.067750e+00	8.130310e-01	1.042477e+00	7.184531e+01	1.417151e+02	2.939268e-01	6.976569e-02	-3.239140e-14	
1  104.781	2.292304e+00	1.274152e-01	7.075416e-01	3.051530e+00	9.662397e-01	6.508357e-02	4.575897e-01	7.244937e-01	3.836231e+00	9.941074e-01	8.783212e+00	6.983264e-01	2.456202e-01	2.114467e+00	8.240119e-01	1.042328e+00	7.074808e+01	1.424462e+02	3.016005e-01	5.789262e-02	7.648021e-16	
2  105.369	2.283889e+00	1.263228e-01	6.914823e-01	3.071891e+00	9.629089e-01	7.117677e-02	3.021195e-01	5.261131e-01	3.912672e+00	9.945679e-01	9.348664e+00	6.866324e-01	2.455844e-01	2.157846e+00	8.321583e-01	1.042002e+00	6.914694e+01	1.435161e+02	3.133007e-01	3.903144e-02	3.127195e-14	
4  102.189	2.283889e+00	1.263228e-01	6.914823e-01	3.071891e+00	9.629089e-01	7.117677e-02	3.021195e-01	5.261131e-01	3.912672e+00	9.979708e-01	9.348664e+00	6.866324e-01	2.455844e-01	2.157846e+00	8.321583e-01	1.042002e+00	6.914694e+01	1.435161e+02	3.133007e-01	3.903144e-02	3.127195e-14	
2  102.076	2.317878e+00	1.255134e-01	7.138927e-01	3.049589e+00	9.711240e-01	6.529758e-02	4.293040e-01	3.667142e-01	3.435409e+00	9.974052e-01	8.705489e+00	7.069071e-01	2.457252e-01	2.110549e+00	8.185799e-01	1.042491e+00	7.138429e+01	1.427687e+02	2.930334e-01	5.450239e-02	9.261668e-14	
5  103.513	2.258377e+00	1.236912e-01	6.666902e-01	3.061914e+00	9.632224e-01	6.743135e-02	3.860634e-02	6.111843e-01	3.992321e+00	9.931810e-01	8.996359e+00	6.695409e-01	2.454745e-01	2.136078e+00	8.274151e-01	1.041686e+00	6.667851e+01	1.457039e+02	3.304064e-01	5.338088e-03	5.620495e-14	
2  105.027	2.273472e+00	1.234114e-01	6.736506e-01	3.099015e+00	9.658126e-01	8.797563e-02	8.156445e-02	6.831497e-01	3.175661e+00	9.928410e-01	1.080424e+01	6.764976e-01	2.455383e-01	2.217235e+00	8.409971e-01	1.041593e+00	6.737388e+01	1.454046e+02	3.234378e-01	1.089782e-02	-5.819015e-14	
3  105.472	2.247885e+00	1.246381e-01	6.609774e-01	3.069467e+00	9.622406e-01	7.110396e-02	5.662786e-02	8.245307e-01	3.191251e+00	9.932825e-01	9.385050e+00	6.619474e-01	2.454284e-01	2.152445e+00	8.320614e-01	1.040605e+00	6.610491e+01	1.454827e+02	3.379014e-01	7.573739e-03	-8.587837e-14	
2  105.725	2.254957e+00	1.312532e-01	6.766552e-01	3.036266e+00	9.594565e-01	5.053036e-02	3.872015e-01	7.738050e-01	2.938081e+00	9.983697e-01	7.441854e+00	6.627146e-01	2.454626e-01	2.082712e+00	8.286543e-01	1.040463e+00	6.766403e+01	1.422393e+02	3.371275e-01	4.924346e-02	-1.223218e-13	
2  106.238	2.235266e+00	1.333230e-01	6.760200e-01	3.049057e+00	9.517357e-01	5.734442e-02	4.605497e-01	7.912429e-01	2.842424e+00	9.975547e-01	8.242431e+00	6.579938e-01	2.453790e-01	2.109514e+00	8.362344e-01	1.040405e+00	6.759356e+01	1.416238e+02	3.417843e-01	5.801415e-02	-4.465841e-14	
1  105.883	2.235266e+00	1.333230e-01	6.760200e-01	3.049057e+00	9.517357e-01	5.734442e-02	4.605497e-01	7.912429e-01	2.842424e+00	9.992487e-01	8.242431e+00	6.579938e-01	2.453790e-01	2.109514e+00	8.362344e-01	1.040405e+00	6.759356e+01	1.416238e+02	3.417843e-01	5.801415e-02	-4.465841e-14	
1  105.243	2.245575e+00	1.357167e-01	6.785554e-01	3.052588e+00	9.519988e-01	5.342066e-02	5.260551e-01	5.072114e-01	2.507900e+00	1.003035e+00	7.846378e+00	6.551180e-01	2.454259e-01	2.116876e+00	8.432057e-01	1.040983e+00	6.784753e+01	1.406686e+02	3.447914e-01	6.579965e-02	1.065880e-14	
3  104.797	2.251757e+00	1.399235e-01	7.073863e-01	3.017352e+00	9.626167e-01	4.893530e-02	8.708261e-01	5.657162e-01	2.281935e+00	9.969855e-01	7.436496e+00	6.740748e-01	2.454558e-01	2.043686e+00	8.360768e-01	1.042046e+00	7.073649e+01	1.381945e+02	3.258418e-01	1.046941e-01	-1.599967e-13	
1  104.605	2.310209e+00	1.417008e-01	7.487013e-01	3.015034e+00	9.740502e-01	5.782361e-02	1.226657e+00	7.092109e-01	2.550949e+00	9.955927e-01	8.299290e+00	7.048184e-01	2.456977e-01	2.039004e+00	8.338363e-01	1.042616e+00	7.486966e+01	1.357852e+02	2.951100e-01	1.414686e-01	-1.192585e-13	
1  103.301	2.273679e+00	1.316827e-01	7.241520e-01	3.036703e+00	9.636388e-01	6.361592e-02	7.277229e-01	7.130516e-01	2.835898e+00	9.968130e-01	8.780105e+00	7.042220e-01	2.455443e-01	2.083328e+00	8.242866e-01	1.042944e+00	7.241062e+01	1.404240e+02	2.956982e-01	8.910046e-02	-6.873235e-14	
2  101.841	2.284852e+00	1.310357e-01	7.230737e-01	3.007844e+00	9.667863e-01	4.492783e-02	7.096900e-01	6.637966e-01	3.504043e+00	1.001017e+00	6.792747e+00	7.043929e-01	2.455909e-01	2.024538e+00	8.110528e-01	1.042292e+00	7.230481e+01	1.405390e+02	2.955429e-01	8.698928e-02	-7.618703e-14	
1  102.382	2.298326e+00	1.286967e-01	7.251526e-01	2.998883e+00	9.685637e-01	4.057182e-02	6.569313e-01	8.134444e-01	3.211594e+00	1.001921e+00	6.245495e+00	7.102800e-01	2.456460e-01	2.006477e+00	8.013610e-01	1.041916e+00	7.251637e+01	1.411808e+02	2.896142e-01	8.104134e-02	-6.275028e-14	
1  102.356	2.298326e+00	1.286967e-01	7.251526e-01	2.998883e+00	9.685637e-01	4.057182e-02	6.569313e-01	8.134444e-01	3.211594e+00	1.000705e+00	6.245495e+00	7.102800e-01	2.456460e-01	2.006477e+00	8.013610e-01	1.041916e+00	7.251637e+01	1.411808e+02	2.896142e-01	8.104134e-02	-6.275028e-14	
1  101.173	2.284065e+00	1.266235e-01	7.055981e-01	3.017212e+00	9.668754e-01	4.449341e-02	4.251088e-01	5.328048e-01	3.405887e+00	1.001210e+00	6.670764e+00	6.984454e-01	2.455856e-01	2.043610e+00	8.088928e-01	1.042274e+00	7.055726e+01	1.428730e+02	3.014994e-01	5.396670e-02	-2.215281e-14	
2  102.204	2.257467e+00	1.224123e-01	7.072618e-01	3.005440e+00	9.682180e-01	4.015206e-02	3.220573e-01	5.146911e-01	3.409587e+00	1.002213e+00	6.174984e+00	7.088097e-01	2.454747e-01	2.019915e+00	7.951466e-01	1.042633e+00	7.073076e+01	1.446831e+02	2.911132e-01	4.134220e-02	-5.359650e-14	
5  102.257	2.239194e+00	1.232455e-01	7.016571e-01	3.000136e+00	9.665955e-01	3.869792e-02	3.240257e-01	5.233305e-01	3.289462e+00	1.000718e+00	6.049068e+00	7.027925e-01	2.453988e-01	2.009251e+00	7.956302e-01	1.042292e+00	7.016904e+01	1.446616e+02	2.971375e-01	4.161168e-02	-1.541488e-14	
5  102.435	2.245156e+00	1.271000e-01	7.102722e-01	3.010310e+00	9.646107e-01	4.611418e-02	5.152075e-01	4.859112e-02	3.192438e+00	9.994030e-01	6.938979e+00	7.022133e-01	2.454247e-01	2.029620e+00	8.057391e-01	1.042164e+00	7.102594e+01	1.427567e+02	2.977373e-01	6.467176e-02	-4.579872e-15	
1  104.937	2.226285e+00	1.284902e-01	6.974188e-01	3.039105e+00	9.547183e-01	5.205321e-02	4.893836e-01	4.515648e-02	3.380344e+00	1.004546e+00	7.633499e+00	6.885593e-01	2.453434e-01	2.089232e+00	8.191414e-01	1.041219e+00	6.972872e+01	1.427497e+02	3.113609e-01	6.155780e-02	6.993525e-14	
5  104.708	2.205997e+00	1.272767e-01	6.910480e-01	3.051436e+00	9.539561e-01	5.894550e-02	3.985405e-01	8.829075e-02	3.192980e+00	1.002991e+00	8.378865e+00	6.857676e-01	2.452574e-01	2.114913e+00	8.238899e-01	1.041709e+00	6.909115e+01	1.436718e+02	3.142108e-01	5.076823e-02	7.022321e-14	
2  104.684	2.205997e+00	1.272767e-01	6.910480e-01	3.051436e+00	9.539561e-01	5.894550e-02	3.985405e-01	8.829075e-02	3.192980e+00	1.003895e+00	8.378865e+00	6.857676e-01	2.452574e-01	2.114913e+00	8.238899e-01	1.041709e+00	6.909115e+01	1.436718e+02	3.142108e-01	5.076823e-02	7.022321e-14	
15  103.07	2.203413e+00	1.203303e-01	6.805037e-01	3.078450e+00	9.656176e-01	7.553164e-02	9.704198e-02	2.422085e-01	3.168543e+00	1.001549e+00	9.835592e+00	6.911383e-01	2.452440e-01	2.172445e+00	8.247150e-01	1.041770e+00	6.804264e+01	1.469055e+02	3.087819e-01	1.288321e-02	1.353338e-13	
1  106.63	2.170382e+00	1.246941e-01	6.769515e-01	3.085950e+00	9.574136e-01	7.213473e-02	2.219239e-01	3.305469e-01	3.098892e+00	1.006714e+00	9.707595e+00	6.789706e-01	2.451046e-01	2.189251e+00	8.375264e-01	1.041850e+00	6.768036e+01	1.455306e+02	3.210116e-01	2.899569e-02	2.020821e-13	
5  105.416	2.181606e+00	1.236438e-01	6.780204e-01	3.079674e+00	9.605404e-01	7.056659e-02	1.661782e-01	4.247112e-01	3.007318e+00	1.004674e+00	9.512310e+00	6.820053e-01	2.451529e-01	2.174987e+00	8.344060e-01	1.042685e+00	6.780524e+01	1.459319e+02	3.179062e-01	2.192992e-02	1.697280e-14	
1  107.609	2.192938e+00	1.226763e-01	6.918872e-01	3.064126e+00	9.682675e-01	6.544524e-02	2.218985e-01	3.777296e-01	3.456754e+00	1.005106e+00	8.975714e+00	6.963866e-01	2.452015e-01	2.141527e+00	8.260803e-01	1.043570e+00	6.920653e+01	1.457760e+02	3.034665e-01	2.897471e-02	-1.236662e-13	
4  106.042	2.255393e+00	1.243164e-01	7.265040e-01	3.099435e+00	9.759206e-01	9.118013e-02	5.225601e-01	3.185475e-01	3.402501e+00	1.003687e+00	1.118696e+01	7.205300e-01	2.454678e-01	2.218063e+00	8.373849e-01	1.043457e+00	7.265549e+01	1.432941e+02	2.793699e-01	6.550109e-02	-4.495755e-14	
12  104.473	2.277956e+00	1.214292e-01	7.354729e-01	3.074937e+00	9.843274e-01	8.219973e-02	5.144664e-01	3.315243e-01	3.246626e+00	1.004111e+00	1.027001e+01	7.322813e-01	2.455600e-01	2.164428e+00	8.184301e-01	1.042663e+00	7.354971e+01	1.438074e+02	2.677295e-01	6.459259e-02	5.819797e-14	
3  104.526	2.277956e+00	1.214292e-01	7.354729e-01	3.074937e+00	9.843274e-01	8.219973e-02	5.144664e-01	3.315243e-01	3.246626e+00	1.004276e+00	1.027001e+01	7.322813e-01	2.455600e-01	2.164428e+00	8.184301e-01	1.042663e+00	7.354971e+01	1.438074e+02	2.677295e-01	6.459259e-02	5.819797e-14	
1  105.61	2.247575e+00	1.244598e-01	7.244870e-01	3.064769e+00	9.714739e-01	7.278719e-02	5.192542e-01	4.500435e-01	3.054834e+00	1.004322e+00	9.573825e+00	7.187977e-01	2.454343e-01	2.142675e+00	8.222929e-01	1.043347e+00	7.245204e+01	1.433530e+02	2.811638e-01	6.515931e-02	-6.242208e-14	
2  105.142	2.248048e+00	1.229502e-01	7.181286e-01	3.087448e+00	9.712087e-01	8.786494e-02	4.295896e-01	4.211900e-01	3.466188e+00	1.000230e+00	1.088372e+01	7.167314e-01	2.454375e-01	2.191711e+00	8.287118e-01	1.042949e+00	7.181177e+01	1.441491e+02	2.832112e-01	5.449304e-02	3.808700e-14	
2  103.986	2.275236e+00	1.273244e-01	7.242962e-01	3.088728e+00	9.708375e-01	9.126858e-02	5.970292e-01	7.492920e-01	4.031789e+00	9.970715e-01	1.120421e+01	7.125955e-01	2.455519e-01	2.194460e+00	8.378942e-01	1.042889e+00	7.242754e+01	1.420205e+02	2.873009e-01	7.418233e-02	1.668818e-14	
2  103.644	2.356457e+00	1.316543e-01	7.612743e-01	3.070942e+00	9.794076e-01	8.708236e-02	9.869764e-01	6.441826e-01	3.122581e+00	9.977789e-01	1.071586e+01	7.309459e-01	2.458851e-01	2.156046e+00	8.331016e-01	1.042737e+00	7.613028e+01	1.384853e+02	2.689932e-01	1.170040e-01	4.310981e-14	
2  103.525	2.356457e+00	1.316543e-01	7.612743e-01	3.070942e+00	9.794076e-01	8.708236e-02	9.869764e-01	6.441826e-01	3.122581e+00	9.968420e-01	1.071586e+01	7.309459e-01	2.458851e-01	2.156046e+00	8.331016e-01	1.042737e+00	7.613028e+01	1.384853e+02	2.689932e-01	1.170040e-01	4.310981e-14	
1  104.8	2.351585e+00	1.267224e-01	7.633377e-01	3.104378e+00	9.830267e-01	1.017799e-01	8.644692e-01	5.462601e-01	2.920622e+00	1.001123e+00	1.184379e+01	7.410039e-01	2.458651e-01	2.229288e+00	8.349597e-01	1.042441e+00	7.633867e+01	1.401830e+02	2.590031e-01	1.040561e-01	8.495003e-14	
2  104.951	2.338472e+00	1.284282e-01	7.547500e-01	3.134245e+00	9.839571e-01	1.085614e-01	8.486752e-01	4.871216e-01	3.033110e+00	1.006533e+00	1.248756e+01	7.323869e-01	2.458114e-01	2.297122e+00	8.552860e-01	1.042655e+00	7.548274e+01	1.399909e+02	2.675748e-01	1.022614e-01	-8.370727e-16	
3  105.962	2.327998e+00	1.282216e-01	7.360316e-01	3.157026e+00	9.748734e-01	1.166431e-01	6.658615e-01	5.315943e-01	3.420713e+00	1.003763e+00	1.317411e+01	7.191390e-01	2.457706e-01	2.350239e+00	8.678668e-01	1.043427e+00	7.360659e+01	1.409543e+02	2.807760e-01	8.198730e-02	-4.180372e-14	
2  107.033	2.289697e+00	1.239714e-01	7.132756e-01	3.161267e+00	9.738565e-01	1.159355e-01	3.627276e-01	4.732353e-01	3.055125e+00	1.003230e+00	1.312992e+01	7.100171e-01	2.456117e-01	2.360170e+00	8.655670e-01	1.043751e+00	7.133810e+01	1.437733e+02	2.897840e-01	4.621700e-02	-6.675199e-14	
4  107.214	2.289697e+00	1.239714e-01	7.132756e-01	3.161267e+00	9.738565e-01	1.159355e-01	3.627276e-01	4.732353e-01	3.055125e+00	1.004224e+00	1.312992e+01	7.100171e-01	2.456117e-01	2.360170e+00	8.655670e-01	1.043751e+00	7.133810e+01	1.437733e+02	2.897840e-01	4.621700e-02	-6.675199e-14	
3  107.162	2.290183e+00	1.227082e-01	7.005069e-01	3.184609e+00	9.750566e-01	1.315309e-01	2.363526e-01	3.743327e-01	2.816472e+00	9.989154e-01	1.434136e+01	7.017903e-01	2.456111e-01	2.416911e+00	8.747832e-01	1.043027e+00	7.004443e+01	1.446937e+02	2.982483e-01	3.036634e-02	8.807331e-14	
5  108.532	2.279986e+00	1.236006e-01	7.143243e-01	3.242547e+00	9.798359e-01	1.599620e-01	3.954034e-01	6.513561e-01	3.289193e+00	1.003798e+00	1.667999e+01	7.119678e-01	2.455637e-01	2.561226e+00	9.008235e-01	1.042863e+00	7.140729e+01	1.438711e+02	2.882472e-01	4.954979e-02	5.171210e-13	
3  108.859	2.288327e+00	1.223415e-01	7.253963e-01	3.228945e+00	9.894771e-01	1.619737e-01	4.489343e-01	7.586728e-01	2.990907e+00	9.995805e-01	1.673660e+01	7.232516e-01	2.455959e-01	2.526713e+00	8.912560e-01	1.042712e+00	7.250468e+01	1.438582e+02	2.770001e-01	5.588812e-02	7.935360e-13	
3  107.35	2.278214e+00	1.257223e-01	7.074894e-01	3.196634e+00	9.803471e-01	1.390749e-01	4.089388e-01	5.176485e-01	2.204678e+00	1.000103e+00	1.509046e+01	7.018614e-01	2.455596e-01	2.446827e+00	8.876051e-01	1.042635e+00	7.074254e+01	1.432686e+02	2.982283e-01	5.157406e-02	1.644448e-13	
1  107.649	2.253646e+00	1.240366e-01	6.933197e-01	3.181365e+00	9.705271e-01	1.342496e-01	2.550829e-01	4.808499e-01	2.500753e+00	9.947610e-01	1.474017e+01	6.934577e-01	2.454564e-01	2.409192e+00	8.769871e-01	1.042639e+00	6.931490e+01	1.446634e+02	3.066022e-01	3.267382e-02	2.464920e-13	
3  108.205	2.262703e+00	1.270665e-01	6.901668e-01	3.192971e+00	9.662677e-01	1.381474e-01	3.365201e-01	1.676894e-01	2.149124e+00	9.949770e-01	1.511558e+01	6.838679e-01	2.454919e-01	2.438446e+00	8.873944e-01	1.041798e+00	6.900130e+01	1.434170e+02	3.163701e-01	4.276379e-02	2.092779e-13	
1  106.786	2.239877e+00	1.256405e-01	6.661550e-01	3.144100e+00	9.622676e-01	1.074546e-01	1.215862e-01	9.844784e-02	2.385025e+00	9.964242e-01	1.263060e+01	6.647770e-01	2.453976e-01	2.320532e+00	8.661828e-01	1.041159e+00	6.661491e+01	1.450030e+02	3.351874e-01	1.595821e-02	-4.932210e-14	
1  105.454	2.303808e+00	1.302796e-01	7.044673e-01	3.078110e+00	9.702738e-01	8.373692e-02	5.338111e-01	7.835883e-02	2.835208e+00	9.936041e-01	1.052562e+01	6.897090e-01	2.456679e-01	2.171576e+00	8.422172e-01	1.041456e+00	7.045858e+01	1.412993e+02	3.101925e-01	6.675118e-02	-1.363441e-13	
14  105.53	2.313862e+00	1.268877e-01	7.171900e-01	3.077998e+00	9.721010e-01	9.119565e-02	5.022983e-01	1.203217e-02	2.118709e+00	9.892562e-01	1.106634e+01	7.069508e-01	2.457096e-01	2.171383e+00	8.332329e-01	1.042493e+00	7.172589e+01	1.421479e+02	2.929481e-01	6.313716e-02	1.038626e-13	
1  105.268	2.284728e+00	1.240616e-01	7.031139e-01	3.081763e+00	9.759387e-01	8.823897e-02	3.025988e-01	1.761263e-01	2.766804e+00	9.921057e-01	1.082641e+01	7.013770e-01	2.455884e-01	2.179257e+00	8.340550e-01	1.043052e+00	7.031792e+01	1.440750e+02	2.984437e-01	3.900150e-02	1.077842e-13	
4  104.94	2.305409e+00	1.190073e-01	6.924971e-01	3.076114e+00	9.773321e-01	7.518331e-02	4.640962e-02	2.008516e-01	2.575740e+00	9.992020e-01	9.491719e+00	7.023061e-01	2.456694e-01	2.167412e+00	8.211928e-01	1.042961e+00	6.925414e+01	1.463829e+02	2.976112e-01	6.212369e-03	2.187327e-13	
5  105.097	2.332237e+00	1.171912e-01	7.181266e-01	3.018387e+00	9.858067e-01	5.643174e-02	1.856440e-01	2.157504e-01	2.835524e+00	9.960672e-01	7.662977e+00	7.261581e-01	2.457794e-01	2.046253e+00	7.888930e-01	1.042933e+00	7.180646e+01	1.458679e+02	2.738101e-01	2.427342e-02	2.253093e-13	
6  104.188	2.290311e+00	1.170081e-01	6.987022e-01	3.015721e+00	9.818996e-01	5.431732e-02	5.980437e-02	2.108085e-01	2.511279e+00	9.942962e-01	7.531045e+00	7.119451e-01	2.456060e-01	2.040564e+00	7.911709e-01	1.042577e+00	6.986794e+01	1.469907e+02	2.880220e-01	7.990692e-03	1.323111e-13	
8  104.402	2.319688e+00	1.200629e-01	7.112056e-01	3.069725e+00	9.857161e-01	7.820677e-02	2.314070e-01	2.046680e-01	2.670498e+00	9.981732e-01	9.759245e+00	7.153516e-01	2.457292e-01	2.153646e+00	8.187956e-01	1.042748e+00	7.111728e+01	1.450456e+02	2.845823e-01	3.002469e-02	1.059927e-13	
2  103.757	2.335961e+00	1.266201e-01	7.093836e-01	3.039074e+00	9.670438e-01	5.793475e-02	4.154404e-01	3.958727e-01	2.383752e+00	9.984484e-01	7.965854e+00	7.006645e-01	2.457983e-01	2.088619e+00	8.161021e-01	1.042274e+00	7.093405e+01	1.423738e+02	2.993205e-01	5.289951e-02	1.537804e-13	
4  103.056	2.327217e+00	1.236771e-01	7.099081e-01	3.035802e+00	9.776737e-01	5.463094e-02	3.369332e-01	6.520856e-01	3.281942e+00	1.002303e+00	7.603097e+00	7.070554e-01	2.457613e-01	2.081937e+00	8.111348e-01	1.042324e+00	7.098287e+01	1.435519e+02	2.929180e-01	4.324983e-02	1.429804e-13	
2  103.617	2.288312e+00	1.203277e-01	6.874441e-01	3.058976e+00	9.751282e-01	6.154478e-02	1.096201e-01	9.886296e-01	3.033160e+00	1.005003e+00	8.297706e+00	6.954464e-01	2.455974e-01	2.130562e+00	8.152815e-01	1.041108e+00	6.873163e+01	1.459041e+02	3.044444e-01	1.451474e-02	4.669279e-15	
1  104.272	2.288312e+00	1.203277e-01	6.874441e-01	3.058976e+00	9.751282e-01	6.154478e-02	1.096201e-01	9.886296e-01	3.033160e+00	1.001456e+00	8.297706e+00	6.954464e-01	2.455974e-01	2.130562e+00	8.152815e-01	1.041108e+00	6.873163e+01	1.459041e+02	3.044444e-01	1.451474e-02	4.669279e-15	
5  105.04	2.285974e+00	1.205961e-01	6.802516e-01	3.062037e+00	9.756873e-01	5.775129e-02	4.995286e-02	6.596634e-01	3.084664e+00	1.004226e+00	7.928624e+00	6.884570e-01	2.455878e-01	2.137291e+00	8.196654e-01	1.041393e+00	6.801461e+01	1.461535e+02	3.115043e-01	6.695233e-03	1.367480e-13	
4  105.219	2.271521e+00	1.244102e-01	6.800619e-01	3.106838e+00	9.688870e-01	8.386790e-02	1.808286e-01	6.792810e-01	3.024715e+00	1.000234e+00	1.047499e+01	6.803709e-01	2.455314e-01	2.235076e+00	8.455713e-01	1.041159e+00	6.800214e+01	1.446972e+02	3.195342e-01	2.366195e-02	-7.640571e-14	
3  105.577	2.271521e+00	1.244102e-01	6.800619e-01	3.106838e+00	9.688870e-01	8.386790e-02	1.808286e-01	6.792810e-01	3.024715e+00	1.005701e+00	1.047499e+01	6.803709e-01	2.455314e-01	2.235076e+00	8.455713e-01	1.041159e+00	6.800214e+01	1.446972e+02	3.195342e-01	2.366195e-02	-7.640571e-14	
10  104.439	2.272482e+00	1.268587e-01	6.829554e-01	3.041718e+00	9.673413e-01	5.057920e-02	2.801777e-01	8.508530e-01	2.664203e+00	1.006256e+00	7.338473e+00	6.778302e-01	2.455350e-01	2.094143e+00	8.229560e-01	1.041075e+00	6.828606e+01	1.436118e+02	3.221065e-01	3.620536e-02	-1.347438e-15	
2  105.001	2.257749e+00	1.285056e-01	6.868196e-01	3.039632e+00	9.728559e-01	4.815164e-02	3.625777e-01	8.047344e-01	2.641183e+00	1.008809e+00	7.137579e+00	6.782044e-01	2.454758e-01	2.089994e+00	8.277224e-01	1.041486e+00	6.866848e+01	1.429893e+02	3.217792e-01	4.631726e-02	-2.530776e-14	
7  104.079	2.311528e+00	1.270131e-01	7.130166e-01	3.040015e+00	9.781481e-01	5.333604e-02	4.904778e-01	8.020967e-01	2.080229e+00	1.008536e+00	7.563238e+00	7.033188e-01	2.456972e-01	2.090576e+00	8.199037e-01	1.041878e+00	7.128750e+01	1.421958e+02	2.966301e-01	6.171282e-02	5.045794e-14	
1  104.585	2.310175e+00	1.220743e-01	7.259053e-01	3.014792e+00	9.794510e-01	4.385069e-02	4.472755e-01	9.250559e-01	2.404019e+00	1.009991e+00	6.496763e+00	7.232568e-01	2.456907e-01	2.038448e+00	7.950107e-01	1.041993e+00	7.258922e+01	1.436153e+02	2.766263e-01	5.663244e-02	-1.124293e-15	
5  104.219	2.291432e+00	1.192544e-01	7.063764e-01	3.037324e+00	9.747975e-01	5.413138e-02	2.253696e-01	8.770068e-01	2.030863e+00	1.007942e+00	7.554236e+00	7.136871e-01	2.456116e-01	2.084858e+00	7.995273e-01	1.041443e+00	7.062701e+01	1.455901e+02	2.861761e-01	2.935734e-02	3.275946e-14	
2  103.853	2.312234e+00	1.251602e-01	7.192802e-01	3.090135e+00	9.750061e-01	7.784212e-02	4.709002e-01	8.310537e-01	2.962480e+00	1.010052e+00	9.865458e+00	7.120653e-01	2.457024e-01	2.197890e+00	8.344183e-01	1.042447e+00	7.192506e+01	1.427272e+02	2.878344e-01	5.941008e-02	5.151220e-14	
1  102.624	2.312234e+00	1.251602e-01	7.192802e-01	3.090135e+00	9.750061e-01	7.784212e-02	4.709002e-01	8.310537e-01	2.962480e+00	1.006984e+00	9.865458e+00	7.120653e-01	2.457024e-01	2.197890e+00	8.344183e-01	1.042447e+00	7.192506e+01	1.427272e+02	2.878344e-01	5.941008e-02	5.151220e-14	
2  101.097	2.267150e+00	1.209692e-01	7.010534e-01	3.062920e+00	9.740776e-01	6.666886e-02	2.303827e-01	5.664106e-01	2.762234e+00	1.003723e+00	8.863078e+00	7.063501e-01	2.455120e-01	2.138885e+00	8.170925e-01	1.042191e+00	7.009775e+01	1.453860e+02	2.935752e-01	2.994565e-02	2.671555e-14	
1  101.493	2.273415e+00	1.263396e-01	7.064887e-01	3.027845e+00	9.736590e-01	4.877288e-02	4.411141e-01	4.636750e-01	3.037255e+00	1.003914e+00	7.152946e+00	6.999606e-01	2.455404e-01	2.065382e+00	8.141882e-01	1.042002e+00	7.064087e+01	1.429808e+02	2.999897e-01	5.586959e-02	-1.637340e-14	
1  101.588	2.286041e+00	1.246106e-01	7.157769e-01	3.001606e+00	9.752932e-01	4.140556e-02	4.483093e-01	4.830228e-01	2.965427e+00	1.000549e+00	6.299651e+00	7.108732e-01	2.455933e-01	2.011962e+00	7.981651e-01	1.042335e+00	7.157675e+01	1.432348e+02	2.890739e-01	5.673659e-02	-2.276711e-14	
3  101.422	2.282992e+00	1.200623e-01	6.972191e-01	3.043285e+00	9.760287e-01	5.928532e-02	1.459124e-01	4.660280e-01	3.227532e+00	9.998107e-01	8.094589e+00	7.046288e-01	2.455771e-01	2.097446e+00	8.087961e-01	1.042600e+00	6.971869e+01	1.458535e+02	2.953124e-01	1.918291e-02	9.217635e-14	
8  101.273	2.268807e+00	1.166188e-01	6.899339e-01	3.039920e+00	9.700800e-01	5.718498e-02	7.870440e-03	4.094487e-01	3.626252e+00	1.000008e+00	7.853524e+00	7.058994e-01	2.455175e-01	2.090440e+00	7.976477e-01	1.041974e+00	6.899023e+01	1.476059e+02	2.940287e-01	1.119480e-03	2.350211e-14	
1  103.588	2.278304e+00	1.205621e-01	7.094657e-01	3.100601e+00	9.666009e-01	8.734737e-02	2.862272e-01	3.763856e-01	3.672916e+00	1.003095e+00	1.068338e+01	7.138932e-01	2.455629e-01	2.221087e+00	8.264260e-01	1.042001e+00	7.094137e+01	1.451111e+02	2.860672e-01	3.699635e-02	-9.459406e-14	
22  104.098	2.313178e+00	1.207872e-01	7.115946e-01	3.078094e+00	9.643521e-01	8.002510e-02	2.844668e-01	3.524328e-01	3.746818e+00	9.981332e-01	9.957092e+00	7.143907e-01	2.457075e-01	2.171764e+00	8.157966e-01	1.041979e+00	7.115804e+01	1.446756e+02	2.855448e-01	3.689484e-02	-1.753233e-14	
5  104.194	2.269591e+00	1.219417e-01	6.916487e-01	3.046179e+00	9.599676e-01	6.810892e-02	2.091880e-01	2.072148e-01	4.139867e+00	9.921140e-01	9.013658e+00	6.962042e-01	2.455236e-01	2.103468e+00	8.086544e-01	1.041124e+00	6.916710e+01	1.452075e+02	3.036392e-01	2.733488e-02	6.496758e-14	
6  104.582	2.275795e+00	1.208360e-01	6.941077e-01	3.022501e+00	9.606288e-01	5.301074e-02	2.012622e-01	2.918517e-02	3.256301e+00	9.959123e-01	7.500566e+00	7.004982e-01	2.455490e-01	2.054447e+00	7.953674e-01	1.040792e+00	6.941107e+01	1.454641e+02	2.993130e-01	2.631554e-02	3.372840e-14	
5  104.703	2.275795e+00	1.208360e-01	6.941077e-01	3.022501e+00	9.606288e-01	5.301074e-02	2.012622e-01	2.918517e-02	3.256301e+00	9.953457e-01	7.500566e+00	7.004982e-01	2.455490e-01	2.054447e+00	7.953674e-01	1.040792e+00	6.941107e+01	1.454641e+02	2.993130e-01	2.631554e-02	3.372840e-14	
2  106.089	2.354269e+00	1.305792e-01	7.422789e-01	3.014521e+00	9.621227e-01	5.552599e-02	8.130210e-01	1.231395e-01	3.276423e+00	9.937727e-01	7.781331e+00	7.190226e-01	2.458765e-01	2.038247e+00	8.050712e-01	1.042024e+00	7.422855e+01	1.394804e+02	2.809088e-01	9.847060e-02	-4.274994e-14	
1  104.551	2.339191e+00	1.302559e-01	7.421282e-01	3.012120e+00	9.655213e-01	5.338314e-02	8.189556e-01	1.731571e-01	3.418770e+00	9.959337e-01	7.588439e+00	7.197787e-01	2.458150e-01	2.033191e+00	8.044934e-01	1.041888e+00	7.421519e+01	1.396837e+02	2.801381e-01	9.908575e-02	-3.425702e-14	
4  104.761	2.303874e+00	1.327074e-01	7.243445e-01	3.051760e+00	9.569051e-01	6.668028e-02	7.752459e-01	3.901562e-01	3.335646e+00	9.981022e-01	9.020473e+00	7.018424e-01	2.456694e-01	2.115209e+00	8.278337e-01	1.041658e+00	7.243262e+01	1.396699e+02	2.980975e-01	9.431387e-02	-6.167665e-14	
1  105.274	2.276185e+00	1.318658e-01	7.066201e-01	3.036607e+00	9.506039e-01	5.993788e-02	6.211432e-01	2.251882e-01	3.291673e+00	9.940327e-01	8.407390e+00	6.889669e-01	2.455529e-01	2.083505e+00	8.219837e-01	1.041523e+00	7.065938e+01	1.408206e+02	3.109489e-01	7.698600e-02	-9.269714e-14	
2  104.462	2.325337e+00	1.297332e-01	7.254141e-01	3.068062e+00	9.594863e-01	7.109995e-02	6.645026e-01	3.630575e-01	3.985226e+00	1.001150e+00	9.322105e+00	7.079417e-01	2.457589e-01	2.149933e+00	8.287311e-01	1.042039e+00	7.253901e+01	1.406166e+02	2.920035e-01	8.202267e-02	-3.983229e-14	
1  102.91	2.317603e+00	1.189361e-01	7.191022e-01	3.082453e+00	9.815167e-01	8.212829e-02	2.829805e-01	2.053931e-01	4.167115e+00	1.001137e+00	1.008661e+01	7.238516e-01	2.457234e-01	2.180984e+00	8.165388e-01	1.042121e+00	7.190778e+01	1.451052e+02	2.760753e-01	3.659240e-02	3.220886e-15	
1  107.648	2.343344e+00	1.156369e-01	7.398119e-01	3.091811e+00	9.948547e-01	9.563116e-02	3.448259e-01	2.837285e-01	3.987495e+00	9.992947e-01	1.107216e+01	7.446603e-01	2.458289e-01	2.201263e+00	8.088645e-01	1.041669e+00	7.398627e+01	1.453703e+02	2.553351e-01	4.435279e-02	-1.173586e-13	
1  106.317	2.319426e+00	1.154123e-01	7.303022e-01	3.068197e+00	9.882877e-01	7.774279e-02	2.818072e-01	1.673140e-01	4.619435e+00	1.003202e+00	9.627910e+00	7.388829e-01	2.457302e-01	2.149658e+00	7.992440e-01	1.041514e+00	7.303101e+01	1.460049e+02	2.610573e-01	3.658436e-02	-7.809177e-14	
5  106.736	2.336419e+00	1.177621e-01	7.388458e-01	3.055769e+00	9.889321e-01	7.598215e-02	4.184660e-01	3.409910e-01	4.212473e+00	1.000186e+00	9.488835e+00	7.402031e-01	2.458010e-01	2.123230e+00	7.981908e-01	1.041377e+00	7.389368e+01	1.445467e+02	2.597131e-01	5.333579e-02	-2.020821e-14	
11  103.644	2.279690e+00	1.156946e-01	6.963091e-01	3.082804e+00	9.849296e-01	8.299043e-02	3.258133e-02	2.064342e-01	4.874003e+00	9.985631e-01	1.017969e+01	7.129304e-01	2.455625e-01	2.181822e+00	8.148331e-01	1.041692e+00	6.962609e+01	1.476038e+02	2.869971e-01	4.376590e-03	-1.788989e-13	
