3  105.964	2.320391e+00	1.229298e-01	7.601276e-01	3.013482e+00	9.901592e-01	6.738174e-02	7.237702e-01	1.511280e-01	4.446117e+00	9.936825e-01	8.869143e+00	7.458729e-01	2.457374e-01	2.035920e+00	7.930975e-01	1.043056e+00	7.601804e+01	1.420224e+02	2.541441e-01	8.865678e-02	7.703416e-14	
4  105.331	2.327822e+00	1.228244e-01	7.607635e-01	3.009214e+00	9.883606e-01	6.346009e-02	7.291680e-01	1.241787e-01	4.360348e+00	9.950858e-01	8.483953e+00	7.463964e-01	2.457679e-01	2.027210e+00	7.896991e-01	1.042749e+00	7.608181e+01	1.419487e+02	2.536446e-01	8.924983e-02	5.900562e-14	
3  104.924	2.318345e+00	1.241253e-01	7.616417e-01	3.002075e+00	9.866528e-01	5.766791e-02	7.814878e-01	1.307259e-01	4.355865e+00	9.958213e-01	7.968084e+00	7.449553e-01	2.457287e-01	2.012816e+00	7.897828e-01	1.042890e+00	7.616930e+01	1.414999e+02	2.551042e-01	9.504884e-02	2.098084e-14	
5  106.038	2.318345e+00	1.241253e-01	7.616417e-01	3.002075e+00	9.866528e-01	5.766791e-02	7.814878e-01	1.307259e-01	4.355865e+00	9.988048e-01	7.968084e+00	7.449553e-01	2.457287e-01	2.012816e+00	7.897828e-01	1.042890e+00	7.616930e+01	1.414999e+02	2.551042e-01	9.504884e-02	2.098084e-14	
1  107.113	2.304406e+00	1.251877e-01	7.525787e-01	3.005375e+00	9.843966e-01	5.972751e-02	7.881847e-01	1.400384e-01	4.328377e+00	9.974590e-01	8.217320e+00	7.371541e-01	2.456727e-01	2.019287e+00	7.933996e-01	1.041641e+00	7.528020e+01	1.413663e+02	2.628067e-01	9.581390e-02	1.343075e-13	
14  105.692	2.298765e+00	1.265650e-01	7.440331e-01	3.014760e+00	9.820669e-01	6.229634e-02	7.501179e-01	1.231425e-01	4.301194e+00	9.978569e-01	8.502188e+00	7.286507e-01	2.456490e-01	2.038336e+00	8.027096e-01	1.042052e+00	7.441448e+01	1.412624e+02	2.712953e-01	9.156554e-02	5.225837e-14	
12  105.992	2.298765e+00	1.265650e-01	7.440331e-01	3.014760e+00	9.820669e-01	6.229634e-02	7.501179e-01	1.231425e-01	4.301194e+00	9.981136e-01	8.502188e+00	7.286507e-01	2.456490e-01	2.038336e+00	8.027096e-01	1.042052e+00	7.441448e+01	1.412624e+02	2.712953e-01	9.156554e-02	5.225837e-14	
1  105.564	2.283245e+00	1.283080e-01	7.378824e-01	3.003021e+00	9.786190e-01	5.320385e-02	7.776257e-01	1.117870e-01	4.376836e+00	9.992985e-01	7.651093e+00	7.212230e-01	2.455850e-01	2.014665e+00	8.020297e-01	1.041622e+00	7.380136e+01	1.408946e+02	2.786902e-01	9.459409e-02	5.707219e-14	
11  106.714	2.287294e+00	1.265645e-01	7.421474e-01	3.006483e+00	9.786507e-01	5.770683e-02	7.448489e-01	1.165792e-01	4.329535e+00	9.985369e-01	8.074462e+00	7.274984e-01	2.456022e-01	2.021644e+00	7.988089e-01	1.042006e+00	7.422601e+01	1.414075e+02	2.724589e-01	9.098971e-02	1.067311e-13	
8  105.152	2.275462e+00	1.289802e-01	7.415447e-01	3.005615e+00	9.760416e-01	5.261048e-02	7.899781e-01	1.006726e-01	4.326342e+00	1.000277e+00	7.617654e+00	7.228566e-01	2.455525e-01	2.019990e+00	8.055899e-01	1.043121e+00	7.415589e+01	1.407537e+02	2.771193e-01	9.598695e-02	-1.495853e-14	
8  104.812	2.267056e+00	1.304668e-01	7.405545e-01	2.998297e+00	9.704733e-01	4.864417e-02	8.454851e-01	9.043836e-02	4.297676e+00	9.987248e-01	7.235929e+00	7.195613e-01	2.455187e-01	2.005408e+00	8.039528e-01	1.042768e+00	7.405901e+01	1.402587e+02	2.804281e-01	1.020231e-01	3.661290e-14	
5  104.719	2.267056e+00	1.304668e-01	7.405545e-01	2.998297e+00	9.704733e-01	4.864417e-02	8.454851e-01	9.043836e-02	4.297676e+00	9.984943e-01	7.235929e+00	7.195613e-01	2.455187e-01	2.005408e+00	8.039528e-01	1.042768e+00	7.405901e+01	1.402587e+02	2.804281e-01	1.020231e-01	3.661290e-14	
9  105.281	2.254630e+00	1.309442e-01	7.351196e-01	2.990450e+00	9.729243e-01	4.487352e-02	8.186763e-01	8.823861e-02	4.353510e+00	9.983727e-01	6.850669e+00	7.147444e-01	2.454674e-01	1.989811e+00	8.044657e-01	1.042913e+00	7.351831e+01	1.403871e+02	2.852157e-01	9.916602e-02	1.639426e-14	
6  104.716	2.268352e+00	1.296931e-01	7.427672e-01	2.997679e+00	9.767611e-01	4.829564e-02	8.315319e-01	8.905225e-02	4.426274e+00	9.998491e-01	7.184100e+00	7.226347e-01	2.455233e-01	2.004120e+00	8.039373e-01	1.043031e+00	7.428152e+01	1.404784e+02	2.773575e-01	1.005573e-01	-4.973262e-15	
5  105.047	2.268352e+00	1.296931e-01	7.427672e-01	2.997679e+00	9.767611e-01	4.829564e-02	8.315319e-01	8.905225e-02	4.426274e+00	1.000411e+00	7.184100e+00	7.226347e-01	2.455233e-01	2.004120e+00	8.039373e-01	1.043031e+00	7.428152e+01	1.404784e+02	2.773575e-01	1.005573e-01	-4.973262e-15	
2  105.082	2.265933e+00	1.314117e-01	7.397183e-01	2.993927e+00	9.749033e-01	4.619144e-02	8.502526e-01	1.142491e-01	4.422393e+00	9.986937e-01	6.983553e+00	7.172052e-01	2.455138e-01	1.996676e+00	8.070689e-01	1.043339e+00	7.397562e+01	1.400224e+02	2.827398e-01	1.025967e-01	-4.404560e-14	
2  105.003	2.272040e+00	1.304026e-01	7.432274e-01	2.982584e+00	9.776700e-01	4.075022e-02	8.496205e-01	1.076074e-01	4.404680e+00	9.996504e-01	6.344512e+00	7.216344e-01	2.455391e-01	1.974211e+00	7.999310e-01	1.043181e+00	7.433089e+01	1.401960e+02	2.783282e-01	1.025099e-01	-1.584739e-14	
1  103.648	2.281199e+00	1.305035e-01	7.458399e-01	2.997968e+00	9.780259e-01	4.681567e-02	8.786318e-01	8.107246e-02	4.412276e+00	1.000803e+00	7.010467e+00	7.232505e-01	2.455763e-01	2.004626e+00	8.050724e-01	1.042835e+00	7.458815e+01	1.399577e+02	2.767440e-01	1.056153e-01	-1.412444e-14	
1  103.756	2.281199e+00	1.305035e-01	7.458399e-01	2.997968e+00	9.780259e-01	4.681567e-02	8.786318e-01	8.107246e-02	4.412276e+00	9.994180e-01	7.010467e+00	7.232505e-01	2.455763e-01	2.004626e+00	8.050724e-01	1.042835e+00	7.458815e+01	1.399577e+02	2.767440e-01	1.056153e-01	-1.412444e-14	
9  103.082	2.279656e+00	1.307974e-01	7.329917e-01	3.010392e+00	9.752380e-01	5.133364e-02	8.077809e-01	7.161690e-02	4.383367e+00	1.000437e+00	7.499916e+00	7.129093e-01	2.455700e-01	2.029580e+00	8.112757e-01	1.041848e+00	7.330174e+01	1.402212e+02	2.870243e-01	9.786313e-02	2.492219e-16	
3  103.07	2.279656e+00	1.307974e-01	7.329917e-01	3.010392e+00	9.752380e-01	5.133364e-02	8.077809e-01	7.161690e-02	4.383367e+00	9.991778e-01	7.499916e+00	7.129093e-01	2.455700e-01	2.029580e+00	8.112757e-01	1.041848e+00	7.330174e+01	1.402212e+02	2.870243e-01	9.786313e-02	2.492219e-16	
6  103.045	2.271290e+00	1.315125e-01	7.344450e-01	3.014458e+00	9.770400e-01	5.391168e-02	8.284985e-01	7.561274e-02	4.360681e+00	9.982769e-01	7.802557e+00	7.128723e-01	2.455354e-01	2.037846e+00	8.161039e-01	1.042521e+00	7.344367e+01	1.400471e+02	2.870947e-01	1.001839e-01	-4.254505e-14	
1  102.895	2.276299e+00	1.315495e-01	7.301192e-01	3.014272e+00	9.779589e-01	5.573689e-02	7.783516e-01	8.524624e-02	4.322138e+00	9.964447e-01	7.981394e+00	7.092635e-01	2.455564e-01	2.037406e+00	8.179180e-01	1.042808e+00	7.301025e+01	1.402042e+02	2.906667e-01	9.469542e-02	-1.021214e-13	
1  103.396	2.276299e+00	1.315495e-01	7.301192e-01	3.014272e+00	9.779589e-01	5.573689e-02	7.783516e-01	8.524624e-02	4.322138e+00	9.977264e-01	7.981394e+00	7.092635e-01	2.455564e-01	2.037406e+00	8.179180e-01	1.042808e+00	7.301025e+01	1.402042e+02	2.906667e-01	9.469542e-02	-1.021214e-13	
1  103.691	2.271276e+00	1.311032e-01	7.329992e-01	3.011819e+00	9.775035e-01	5.828507e-02	8.053546e-01	6.679512e-02	4.348600e+00	9.948640e-01	8.247109e+00	7.124802e-01	2.455361e-01	2.032436e+00	8.145119e-01	1.042454e+00	7.330495e+01	1.402419e+02	2.874334e-01	9.767711e-02	-4.760847e-14	
2  105.056	2.270964e+00	1.313510e-01	7.393301e-01	3.014082e+00	9.777258e-01	5.656890e-02	8.293529e-01	6.631183e-02	4.387998e+00	9.972115e-01	8.077366e+00	7.168810e-01	2.455339e-01	2.037056e+00	8.167333e-01	1.043701e+00	7.393324e+01	1.400742e+02	2.830122e-01	1.003419e-01	-8.416623e-14	
1  103.803	2.261250e+00	1.319379e-01	7.353597e-01	3.012302e+00	9.763051e-01	5.524866e-02	8.533410e-01	5.468720e-02	4.371328e+00	9.971045e-01	7.972288e+00	7.129798e-01	2.454943e-01	2.033489e+00	8.161305e-01	1.042673e+00	7.353777e+01	1.399431e+02	2.869793e-01	1.029340e-01	-2.226271e-14	
5  104.627	2.253486e+00	1.325380e-01	7.334759e-01	3.004778e+00	9.725383e-01	5.071236e-02	8.766964e-01	6.264775e-02	4.347008e+00	9.970570e-01	7.516969e+00	7.105464e-01	2.454623e-01	2.018429e+00	8.128579e-01	1.042204e+00	7.335242e+01	1.397913e+02	2.894159e-01	1.054172e-01	5.765930e-14	
3  104.597	2.253486e+00	1.325380e-01	7.334759e-01	3.004778e+00	9.725383e-01	5.071236e-02	8.766964e-01	6.264775e-02	4.347008e+00	9.971456e-01	7.516969e+00	7.105464e-01	2.454623e-01	2.018429e+00	8.128579e-01	1.042204e+00	7.335242e+01	1.397913e+02	2.894159e-01	1.054172e-01	5.765930e-14	
7  105.157	2.244309e+00	1.330782e-01	7.303253e-01	3.011915e+00	9.710589e-01	5.300293e-02	8.781053e-01	6.728991e-02	4.319633e+00	9.978308e-01	7.788605e+00	7.071979e-01	2.454239e-01	2.032920e+00	8.170727e-01	1.042055e+00	7.303589e+01	1.397591e+02	2.927648e-01	1.055636e-01	8.415729e-14	
1  105.585	2.244309e+00	1.330782e-01	7.303253e-01	3.011915e+00	9.710589e-01	5.300293e-02	8.781053e-01	6.728991e-02	4.319633e+00	9.969774e-01	7.788605e+00	7.071979e-01	2.454239e-01	2.032920e+00	8.170727e-01	1.042055e+00	7.303589e+01	1.397591e+02	2.927648e-01	1.055636e-01	8.415729e-14	
9  104.443	2.236789e+00	1.343590e-01	7.210410e-01	3.017094e+00	9.700892e-01	5.235619e-02	8.356426e-01	6.898728e-02	4.312555e+00	9.986551e-01	7.756660e+00	6.972566e-01	2.453927e-01	2.043420e+00	8.242652e-01	1.042227e+00	7.210217e+01	1.397241e+02	3.026944e-01	1.009776e-01	-3.351159e-14	
3  104.581	2.236789e+00	1.343590e-01	7.210410e-01	3.017094e+00	9.700892e-01	5.235619e-02	8.356426e-01	6.898728e-02	4.312555e+00	1.000394e+00	7.756660e+00	6.972566e-01	2.453927e-01	2.043420e+00	8.242652e-01	1.042227e+00	7.210217e+01	1.397241e+02	3.026944e-01	1.009776e-01	-3.351159e-14	
1  105.62	2.230800e+00	1.348995e-01	7.213662e-01	3.005398e+00	9.700656e-01	4.699189e-02	8.384597e-01	6.504562e-02	4.297099e+00	9.995386e-01	7.193526e+00	6.965770e-01	2.453685e-01	2.019716e+00	8.218161e-01	1.042904e+00	7.213882e+01	1.396407e+02	3.033642e-01	1.013864e-01	-9.361804e-14	
13  104.236	2.255442e+00	1.338167e-01	7.280697e-01	3.009928e+00	9.739118e-01	5.551121e-02	8.613300e-01	8.756357e-02	4.337419e+00	9.947048e-01	8.044226e+00	7.037570e-01	2.454711e-01	2.028692e+00	8.198113e-01	1.042358e+00	7.281162e+01	1.395445e+02	2.961453e-01	1.037823e-01	-6.364658e-14	
1  105.157	2.263379e+00	1.355388e-01	7.223464e-01	2.999883e+00	9.715030e-01	5.030579e-02	8.808507e-01	6.910997e-02	4.358820e+00	9.926419e-01	7.499723e+00	6.956134e-01	2.455046e-01	2.008577e+00	8.184490e-01	1.041569e+00	7.224724e+01	1.390017e+02	3.042286e-01	1.057246e-01	-1.400039e-13	
2  105.311	2.244667e+00	1.368224e-01	7.198506e-01	3.004117e+00	9.647293e-01	5.147094e-02	8.983937e-01	5.860625e-02	4.442972e+00	9.920390e-01	7.687228e+00	6.913686e-01	2.454267e-01	2.017060e+00	8.222129e-01	1.042035e+00	7.199128e+01	1.388292e+02	3.085002e-01	1.076860e-01	-4.937053e-14	
1  105.226	2.244667e+00	1.368224e-01	7.198506e-01	3.004117e+00	9.647293e-01	5.147094e-02	8.983937e-01	5.860625e-02	4.442972e+00	9.926185e-01	7.687228e+00	6.913686e-01	2.454267e-01	2.017060e+00	8.222129e-01	1.042035e+00	7.199128e+01	1.388292e+02	3.085002e-01	1.076860e-01	-4.937053e-14	
2  105.612	2.243516e+00	1.366029e-01	7.203416e-01	3.008479e+00	9.629949e-01	5.279579e-02	9.074834e-01	3.768752e-02	4.410353e+00	9.935102e-01	7.826893e+00	6.922347e-01	2.454212e-01	2.025971e+00	8.222939e-01	1.041720e+00	7.204041e+01	1.388553e+02	3.076356e-01	1.085899e-01	5.004555e-15	
1  105.096	2.248007e+00	1.355764e-01	7.278096e-01	3.035393e+00	9.648342e-01	6.329751e-02	8.989479e-01	1.126152e-02	4.358129e+00	9.973034e-01	8.888436e+00	7.003220e-01	2.454399e-01	2.080637e+00	8.323031e-01	1.042973e+00	7.277792e+01	1.390613e+02	2.996110e-01	1.078331e-01	-4.987046e-14	
7  108.27	2.248375e+00	1.353691e-01	7.174977e-01	3.047786e+00	9.679447e-01	6.889270e-02	8.765563e-01	3.540180e-03	4.426954e+00	9.983089e-01	9.418817e+00	6.920561e-01	2.454397e-01	2.107366e+00	8.363143e-01	1.040603e+00	7.175961e+01	1.392259e+02	3.076882e-01	1.050494e-01	8.709356e-14	
1  107.856	2.238142e+00	1.362849e-01	7.173216e-01	3.033710e+00	9.649298e-01	6.183287e-02	9.037838e-01	2.429427e-02	4.509814e+00	9.973725e-01	8.765777e+00	6.903343e-01	2.453973e-01	2.077940e+00	8.319479e-01	1.040845e+00	7.173720e+01	1.390088e+02	3.094615e-01	1.080303e-01	1.176782e-13	
10  105.463	2.246977e+00	1.360313e-01	7.280210e-01	3.023919e+00	9.672174e-01	6.131850e-02	9.175745e-01	2.215915e-02	4.535537e+00	9.936399e-01	8.701614e+00	6.996596e-01	2.454363e-01	2.056984e+00	8.291996e-01	1.042906e+00	7.280267e+01	1.388922e+02	3.002276e-01	1.098629e-01	-4.038438e-14	
6  104.381	2.261455e+00	1.352796e-01	7.275019e-01	3.028268e+00	9.683959e-01	6.128619e-02	8.711674e-01	2.940272e-02	4.455370e+00	9.961760e-01	8.648080e+00	7.003790e-01	2.454962e-01	2.065827e+00	8.300806e-01	1.043110e+00	7.274769e+01	1.391106e+02	2.995116e-01	1.048472e-01	-7.890314e-14	
2  103.611	2.273955e+00	1.349148e-01	7.261545e-01	3.027029e+00	9.661273e-01	6.131947e-02	8.530239e-01	2.094203e-02	4.426350e+00	9.954680e-01	8.613390e+00	6.997499e-01	2.455477e-01	2.063302e+00	8.272815e-01	1.042620e+00	7.261329e+01	1.391474e+02	3.001575e-01	1.028059e-01	-6.672144e-14	
2  103.745	2.273955e+00	1.349148e-01	7.261545e-01	3.027029e+00	9.661273e-01	6.131947e-02	8.530239e-01	2.094203e-02	4.426350e+00	9.926005e-01	8.613390e+00	6.997499e-01	2.455477e-01	2.063302e+00	8.272815e-01	1.042620e+00	7.261329e+01	1.391474e+02	3.001575e-01	1.028059e-01	-6.672144e-14	
2  103.209	2.285868e+00	1.333853e-01	7.328440e-01	3.013243e+00	9.665946e-01	5.440101e-02	8.540706e-01	1.517286e-02	4.372660e+00	9.940086e-01	7.853308e+00	7.078289e-01	2.455967e-01	2.035298e+00	8.167450e-01	1.042671e+00	7.328128e+01	1.393650e+02	2.921123e-01	1.028937e-01	-4.931316e-14	
6  103.951	2.293475e+00	1.331884e-01	7.363749e-01	3.004735e+00	9.699049e-01	5.134968e-02	8.492005e-01	2.349239e-02	4.415029e+00	9.932193e-01	7.511963e+00	7.108256e-01	2.456280e-01	2.018138e+00	8.143303e-01	1.043407e+00	7.363320e+01	1.393519e+02	2.890764e-01	1.023901e-01	-4.856139e-14	
1  103.754	2.293475e+00	1.331884e-01	7.363749e-01	3.004735e+00	9.699049e-01	5.134968e-02	8.492005e-01	2.349239e-02	4.415029e+00	9.938024e-01	7.511963e+00	7.108256e-01	2.456280e-01	2.018138e+00	8.143303e-01	1.043407e+00	7.363320e+01	1.393519e+02	2.890764e-01	1.023901e-01	-4.856139e-14	
1  102.91	2.301273e+00	1.327061e-01	7.347757e-01	2.988632e+00	9.730974e-01	4.384336e-02	8.326259e-01	2.181491e-02	4.456009e+00	9.939083e-01	6.670619e+00	7.103589e-01	2.456606e-01	1.986030e+00	8.070540e-01	1.042815e+00	7.347723e+01	1.394555e+02	2.895739e-01	1.005419e-01	-5.471930e-14	
6  102.81	2.307499e+00	1.321948e-01	7.411944e-01	3.002651e+00	9.761082e-01	4.882660e-02	8.794394e-01	2.067513e-02	4.488967e+00	9.963752e-01	7.201004e+00	7.161782e-01	2.456854e-01	2.013896e+00	8.103346e-01	1.042457e+00	7.411845e+01	1.393065e+02	2.837749e-01	1.055956e-01	-5.457178e-14	
1  102.601	2.295181e+00	1.330021e-01	7.351636e-01	2.997076e+00	9.715500e-01	4.582397e-02	8.572599e-01	7.771704e-03	4.539169e+00	9.956453e-01	6.907631e+00	7.102327e-01	2.456354e-01	2.002804e+00	8.101950e-01	1.042596e+00	7.351571e+01	1.393440e+02	2.897107e-01	1.032066e-01	-5.762875e-14	
1  102.26	2.298058e+00	1.326243e-01	7.360880e-01	3.009358e+00	9.752979e-01	5.105740e-02	8.419993e-01	7.192195e-04	4.582015e+00	9.971010e-01	7.462749e+00	7.115939e-01	2.456466e-01	2.027447e+00	8.158757e-01	1.042896e+00	7.360399e+01	1.394653e+02	2.883565e-01	1.015684e-01	-6.892942e-14	
4  102.388	2.298058e+00	1.326243e-01	7.360880e-01	3.009358e+00	9.752979e-01	5.105740e-02	8.419993e-01	7.192195e-04	4.582015e+00	9.967227e-01	7.462749e+00	7.115939e-01	2.456466e-01	2.027447e+00	8.158757e-01	1.042896e+00	7.360399e+01	1.394653e+02	2.883565e-01	1.015684e-01	-6.892942e-14	
6  103.547	2.307197e+00	1.310973e-01	7.392240e-01	3.001867e+00	9.768373e-01	5.131081e-02	8.477558e-01	1.898821e-02	4.497434e+00	9.946237e-01	7.449781e+00	7.166653e-01	2.456842e-01	2.012277e+00	8.072016e-01	1.041857e+00	7.392898e+01	1.396958e+02	2.832466e-01	1.021703e-01	-6.369949e-14	
2  103.144	2.307197e+00	1.310973e-01	7.392240e-01	3.001867e+00	9.768373e-01	5.131081e-02	8.477558e-01	1.898821e-02	4.497434e+00	9.955967e-01	7.449781e+00	7.166653e-01	2.456842e-01	2.012277e+00	8.072016e-01	1.041857e+00	7.392898e+01	1.396958e+02	2.832466e-01	1.021703e-01	-6.369949e-14	
2  103.938	2.298091e+00	1.329560e-01	7.396435e-01	2.998218e+00	9.724773e-01	4.727536e-02	8.602541e-01	2.893932e-02	4.504500e+00	9.954920e-01	7.059725e+00	7.137225e-01	2.456468e-01	2.005166e+00	8.115644e-01	1.043619e+00	7.396088e+01	1.393097e+02	2.861739e-01	1.035634e-01	-4.568547e-14	
1  103.357	2.306621e+00	1.315102e-01	7.417539e-01	2.992313e+00	9.778979e-01	4.214580e-02	8.769730e-01	4.773544e-02	4.493637e+00	9.992569e-01	6.456533e+00	7.178850e-01	2.456819e-01	1.993163e+00	8.043872e-01	1.042047e+00	7.418127e+01	1.394821e+02	2.820453e-01	1.053388e-01	-3.910363e-14	
5  102.924	2.285909e+00	1.316678e-01	7.279429e-01	2.995663e+00	9.758564e-01	4.323544e-02	7.750669e-01	4.926724e-02	4.533689e+00	9.999701e-01	6.614416e+00	7.071543e-01	2.455968e-01	1.999989e+00	8.091651e-01	1.042154e+00	7.279626e+01	1.400975e+02	2.927875e-01	9.424608e-02	-9.464472e-14	
6  102.613	2.285909e+00	1.316678e-01	7.279429e-01	2.995663e+00	9.758564e-01	4.323544e-02	7.750669e-01	4.926724e-02	4.533689e+00	9.991538e-01	6.614416e+00	7.071543e-01	2.455968e-01	1.999989e+00	8.091651e-01	1.042154e+00	7.279626e+01	1.400975e+02	2.927875e-01	9.424608e-02	-9.464472e-14	
4  104.303	2.290458e+00	1.312560e-01	7.281693e-01	3.013190e+00	9.815899e-01	4.979148e-02	7.813231e-01	5.229784e-02	4.527222e+00	1.001945e+00	7.319175e+00	7.079930e-01	2.456144e-01	2.035272e+00	8.160347e-01	1.041491e+00	7.281757e+01	1.401217e+02	2.919196e-01	9.490797e-02	-1.234081e-13	
1  104.723	2.290458e+00	1.312560e-01	7.281693e-01	3.013190e+00	9.815899e-01	4.979148e-02	7.813231e-01	5.229784e-02	4.527222e+00	1.000372e+00	7.319175e+00	7.079930e-01	2.456144e-01	2.035272e+00	8.160347e-01	1.041491e+00	7.281757e+01	1.401217e+02	2.919196e-01	9.490797e-02	-1.234081e-13	
12  103.813	2.301282e+00	1.311235e-01	7.274585e-01	3.044058e+00	9.809945e-01	6.292016e-02	7.581940e-01	4.433226e-02	4.557608e+00	1.002253e+00	8.632332e+00	7.074347e-01	2.456589e-01	2.098939e+00	8.284465e-01	1.041610e+00	7.274107e+01	1.401447e+02	2.924784e-01	9.228962e-02	-7.214509e-14	
1  103.938	2.281883e+00	1.326814e-01	7.246753e-01	3.045009e+00	9.734570e-01	6.224969e-02	7.343166e-01	4.999061e-02	4.471041e+00	1.001490e+00	8.640903e+00	7.025853e-01	2.455798e-01	2.100729e+00	8.343080e-01	1.043634e+00	7.246449e+01	1.400842e+02	2.972918e-01	8.973959e-02	-4.532710e-14	
1  102.396	2.278356e+00	1.324189e-01	7.185582e-01	3.042610e+00	9.733747e-01	6.107424e-02	7.050739e-01	5.617800e-02	4.395340e+00	1.001834e+00	8.526493e+00	6.981024e-01	2.455651e-01	2.095751e+00	8.325078e-01	1.042688e+00	7.184818e+01	1.403100e+02	3.018398e-01	8.645217e-02	-6.540194e-14	
4  103.832	2.302401e+00	1.310237e-01	7.174560e-01	3.028782e+00	9.747558e-01	5.652944e-02	6.376298e-01	4.158653e-02	4.442948e+00	1.000692e+00	7.986513e+00	6.994396e-01	2.456638e-01	2.067054e+00	8.237721e-01	1.042542e+00	7.173886e+01	1.406849e+02	3.005253e-01	7.879665e-02	-5.376115e-14	
1  103.36	2.289546e+00	1.320802e-01	7.204579e-01	3.032043e+00	9.714126e-01	5.957772e-02	6.871876e-01	4.199592e-02	4.413489e+00	9.983180e-01	8.344515e+00	7.001314e-01	2.456113e-01	2.073658e+00	8.269538e-01	1.043162e+00	7.204053e+01	1.403522e+02	2.997785e-01	8.447593e-02	-3.513582e-14	
1  103.743	2.289546e+00	1.320802e-01	7.204579e-01	3.032043e+00	9.714126e-01	5.957772e-02	6.871876e-01	4.199592e-02	4.413489e+00	9.988175e-01	8.344515e+00	7.001314e-01	2.456113e-01	2.073658e+00	8.269538e-01	1.043162e+00	7.204053e+01	1.403522e+02	2.997785e-01	8.447593e-02	-3.513582e-14	
5  102.413	2.286938e+00	1.320650e-01	7.209473e-01	3.010469e+00	9.699555e-01	4.981151e-02	7.102550e-01	5.401605e-02	4.427073e+00	9.978729e-01	7.338643e+00	7.006459e-01	2.456006e-01	2.029670e+00	8.165327e-01	1.042616e+00	7.209112e+01	1.402787e+02	2.992982e-01	8.704814e-02	-8.173064e-14	
5  103.598	2.282521e+00	1.323372e-01	7.273526e-01	3.018400e+00	9.683596e-01	5.166811e-02	7.488591e-01	7.775072e-02	4.411758e+00	9.994684e-01	7.551186e+00	7.054226e-01	2.455821e-01	2.045832e+00	8.200545e-01	1.043564e+00	7.273282e+01	1.400887e+02	2.944789e-01	9.137581e-02	-8.106083e-14	
9  102.602	2.296643e+00	1.308221e-01	7.265781e-01	3.027030e+00	9.715105e-01	5.871980e-02	7.034552e-01	5.055273e-02	4.424904e+00	9.984962e-01	8.222215e+00	7.074100e-01	2.456402e-01	2.063395e+00	8.201169e-01	1.042951e+00	7.265163e+01	1.404958e+02	2.925182e-01	8.629165e-02	-3.248751e-14	
2  102.149	2.296643e+00	1.308221e-01	7.265781e-01	3.027030e+00	9.715105e-01	5.871980e-02	7.034552e-01	5.055273e-02	4.424904e+00	9.976649e-01	8.222215e+00	7.074100e-01	2.456402e-01	2.063395e+00	8.201169e-01	1.042951e+00	7.265163e+01	1.404958e+02	2.925182e-01	8.629165e-02	-3.248751e-14	
7  102.519	2.303498e+00	1.309151e-01	7.238005e-01	3.037328e+00	9.710255e-01	6.298515e-02	7.176754e-01	5.503662e-02	4.402104e+00	9.981442e-01	8.629396e+00	7.048488e-01	2.456681e-01	2.084741e+00	8.226438e-01	1.041622e+00	7.237952e+01	1.403412e+02	2.950493e-01	8.782140e-02	-5.764179e-14	
1  102.436	2.295352e+00	1.316009e-01	7.280070e-01	3.013141e+00	9.723582e-01	4.964496e-02	7.313940e-01	4.222603e-02	4.417008e+00	9.988878e-01	7.296427e+00	7.071296e-01	2.456349e-01	2.035176e+00	8.167053e-01	1.043249e+00	7.279622e+01	1.402064e+02	2.928041e-01	8.939870e-02	-4.760586e-14	
5  102.453	2.295352e+00	1.316009e-01	7.280070e-01	3.013141e+00	9.723582e-01	4.964496e-02	7.313940e-01	4.222603e-02	4.417008e+00	9.990027e-01	7.296427e+00	7.071296e-01	2.456349e-01	2.035176e+00	8.167053e-01	1.043249e+00	7.279622e+01	1.402064e+02	2.928041e-01	8.939870e-02	-4.760586e-14	
15  102.477	2.296532e+00	1.321650e-01	7.261462e-01	2.988781e+00	9.695104e-01	3.414308e-02	7.545406e-01	3.389350e-02	4.491719e+00	1.001177e+00	5.535987e+00	7.045708e-01	2.456414e-01	1.986338e+00	8.062816e-01	1.042496e+00	7.261811e+01	1.399665e+02	2.953563e-01	9.191062e-02	-4.967600e-14	
10  102.591	2.296532e+00	1.321650e-01	7.261462e-01	2.988781e+00	9.695104e-01	3.414308e-02	7.545406e-01	3.389350e-02	4.491719e+00	1.002463e+00	5.535987e+00	7.045708e-01	2.456414e-01	1.986338e+00	8.062816e-01	1.042496e+00	7.261811e+01	1.399665e+02	2.953563e-01	9.191062e-02	-4.967600e-14	
5  102.49	2.296532e+00	1.321650e-01	7.261462e-01	2.988781e+00	9.695104e-01	3.414308e-02	7.545406e-01	3.389350e-02	4.491719e+00	1.001093e+00	5.535987e+00	7.045708e-01	2.456414e-01	1.986338e+00	8.062816e-01	1.042496e+00	7.261811e+01	1.399665e+02	2.953563e-01	9.191062e-02	-4.967600e-14	
11  102.799	2.302143e+00	1.319814e-01	7.267258e-01	2.989528e+00	9.691362e-01	3.302888e-02	7.586736e-01	2.961453e-02	4.500549e+00	1.002467e+00	5.389435e+00	7.052742e-01	2.456645e-01	1.987753e+00	8.053312e-01	1.042194e+00	7.267719e+01	1.399338e+02	2.946305e-01	9.235841e-02	-4.709065e-14	
4  102.554	2.295840e+00	1.314418e-01	7.209337e-01	2.990671e+00	9.696974e-01	3.508447e-02	6.913372e-01	6.085761e-02	4.445579e+00	1.001900e+00	5.639377e+00	7.016898e-01	2.456382e-01	1.990095e+00	8.065256e-01	1.042373e+00	7.209593e+01	1.404161e+02	2.982504e-01	8.486436e-02	-5.728007e-14	
5  103.041	2.295840e+00	1.314418e-01	7.209337e-01	2.990671e+00	9.696974e-01	3.508447e-02	6.913372e-01	6.085761e-02	4.445579e+00	1.002713e+00	5.639377e+00	7.016898e-01	2.456382e-01	1.990095e+00	8.065256e-01	1.042373e+00	7.209593e+01	1.404161e+02	2.982504e-01	8.486436e-02	-5.728007e-14	
4  103.035	2.292363e+00	1.311455e-01	7.206759e-01	2.989439e+00	9.705132e-01	3.560738e-02	6.945501e-01	5.371415e-02	4.505201e+00	1.002151e+00	5.704775e+00	7.021034e-01	2.456238e-01	1.987603e+00	8.050966e-01	1.042003e+00	7.207127e+01	1.405062e+02	2.978191e-01	8.522678e-02	-7.534102e-14	
1  103.154	2.285092e+00	1.322976e-01	7.168411e-01	2.984968e+00	9.668501e-01	3.340279e-02	6.970995e-01	6.694317e-02	4.497038e+00	1.000776e+00	5.461730e+00	6.968136e-01	2.455944e-01	1.978822e+00	8.058758e-01	1.042150e+00	7.168864e+01	1.403050e+02	3.031134e-01	8.549917e-02	-7.232279e-14	
1  103.138	2.285092e+00	1.322976e-01	7.168411e-01	2.984968e+00	9.668501e-01	3.340279e-02	6.970995e-01	6.694317e-02	4.497038e+00	1.000754e+00	5.461730e+00	6.968136e-01	2.455944e-01	1.978822e+00	8.058758e-01	1.042150e+00	7.168864e+01	1.403050e+02	3.031134e-01	8.549917e-02	-7.232279e-14	
3  104.241	2.289905e+00	1.318215e-01	7.254956e-01	2.992371e+00	9.675116e-01	3.824776e-02	7.141855e-01	6.511614e-02	4.470449e+00	1.000149e+00	6.030745e+00	7.047935e-01	2.456133e-01	1.993631e+00	8.082098e-01	1.043453e+00	7.255241e+01	1.402870e+02	2.951080e-01	8.744933e-02	-4.131868e-14	
3  105.817	2.280269e+00	1.328184e-01	7.270487e-01	3.000083e+00	9.625231e-01	3.992782e-02	7.524214e-01	6.529247e-02	4.435595e+00	1.000880e+00	6.258586e+00	7.043077e-01	2.455733e-01	2.009109e+00	8.124012e-01	1.043886e+00	7.271258e+01	1.399857e+02	2.955483e-01	9.169877e-02	-1.348108e-13	
1  104.291	2.274729e+00	1.329618e-01	7.231141e-01	2.987000e+00	9.581391e-01	3.086572e-02	7.601494e-01	7.573445e-02	4.387965e+00	1.002805e+00	5.174671e+00	7.009156e-01	2.455515e-01	1.983103e+00	8.050902e-01	1.042824e+00	7.231807e+01	1.399821e+02	2.989807e-01	9.247141e-02	-1.362249e-13	
2  104.076	2.276164e+00	1.331483e-01	7.181428e-01	2.976820e+00	9.583837e-01	2.584023e-02	7.279406e-01	7.194398e-02	4.415865e+00	1.002542e+00	4.527169e+00	6.963796e-01	2.455582e-01	1.962897e+00	8.022146e-01	1.042590e+00	7.181855e+01	1.400668e+02	3.035038e-01	8.888564e-02	-7.862002e-14	
8  103.803	2.276164e+00	1.331483e-01	7.181428e-01	2.976820e+00	9.583837e-01	2.584023e-02	7.279406e-01	7.194398e-02	4.415865e+00	1.001684e+00	4.527169e+00	6.963796e-01	2.455582e-01	1.962897e+00	8.022146e-01	1.042590e+00	7.181855e+01	1.400668e+02	3.035038e-01	8.888564e-02	-7.862002e-14	
1  104.535	2.247868e+00	1.351323e-01	7.071812e-01	2.984598e+00	9.534340e-01	2.884986e-02	7.344896e-01	4.579338e-02	4.429007e+00	1.000658e+00	4.974627e+00	6.834797e-01	2.454401e-01	1.978493e+00	8.096415e-01	1.041938e+00	7.072435e+01	1.398828e+02	3.164115e-01	8.954122e-02	-8.548051e-14	
1  104.459	2.265875e+00	1.358775e-01	7.017642e-01	3.004140e+00	9.513872e-01	3.600656e-02	7.032802e-01	6.983052e-02	4.418130e+00	1.001592e+00	5.846723e+00	6.767573e-01	2.455137e-01	2.017384e+00	8.189359e-01	1.041597e+00	7.018221e+01	1.396605e+02	3.231667e-01	8.606704e-02	-1.338825e-13	
2  104.4	2.265875e+00	1.358775e-01	7.017642e-01	3.004140e+00	9.513872e-01	3.600656e-02	7.032802e-01	6.983052e-02	4.418130e+00	1.001331e+00	5.846723e+00	6.767573e-01	2.455137e-01	2.017384e+00	8.189359e-01	1.041597e+00	7.018221e+01	1.396605e+02	3.231667e-01	8.606704e-02	-1.338825e-13	
3  106.342	2.253431e+00	1.352158e-01	6.975383e-01	3.008561e+00	9.489080e-01	3.643611e-02	6.792421e-01	4.913332e-02	4.430329e+00	1.003758e+00	5.905866e+00	6.743590e-01	2.454604e-01	2.026623e+00	8.184002e-01	1.040877e+00	6.975747e+01	1.400471e+02	3.254778e-01	8.325773e-02	-1.052186e-13	
2  108.173	2.241615e+00	1.349585e-01	6.961702e-01	3.009219e+00	9.473746e-01	3.709563e-02	6.819098e-01	5.596987e-02	4.396959e+00	1.003902e+00	5.999286e+00	6.737944e-01	2.454099e-01	2.028231e+00	8.173888e-01	1.040484e+00	6.961890e+01	1.402232e+02	3.259756e-01	8.348045e-02	-4.354864e-14	
8  106.264	2.241652e+00	1.357871e-01	6.906622e-01	3.001428e+00	9.499954e-01	3.039696e-02	6.124487e-01	5.783787e-02	4.346047e+00	1.005792e+00	5.182682e+00	6.669993e-01	2.454136e-01	2.011967e+00	8.204649e-01	1.041889e+00	6.907767e+01	1.403242e+02	3.329487e-01	7.575352e-02	-1.371540e-13	
4  106.313	2.239948e+00	1.357533e-01	6.899371e-01	3.008799e+00	9.523239e-01	3.319319e-02	6.319205e-01	5.993498e-02	4.318177e+00	1.006866e+00	5.532722e+00	6.663402e-01	2.454057e-01	2.027021e+00	8.229280e-01	1.041072e+00	6.899938e+01	1.402701e+02	3.335373e-01	7.788210e-02	-8.680373e-14	
5  106.671	2.234159e+00	1.368596e-01	6.863702e-01	3.002831e+00	9.508698e-01	2.852405e-02	6.264161e-01	7.131782e-02	4.309812e+00	1.007247e+00	4.959467e+00	6.606900e-01	2.453831e-01	2.014926e+00	8.236887e-01	1.041409e+00	6.864867e+01	1.401011e+02	3.392240e-01	7.724563e-02	-9.882302e-14	
3  107.337	2.222576e+00	1.368289e-01	6.924801e-01	3.003170e+00	9.527363e-01	3.061431e-02	7.082270e-01	7.357716e-02	4.352882e+00	1.005983e+00	5.245420e+00	6.668195e-01	2.453335e-01	2.015974e+00	8.221872e-01	1.040856e+00	6.925194e+01	1.398830e+02	3.329999e-01	8.641051e-02	-1.966059e-14	
3  105.767	2.225301e+00	1.373669e-01	6.895232e-01	3.012616e+00	9.543378e-01	3.376052e-02	6.683049e-01	7.014777e-02	4.352951e+00	1.006897e+00	5.653103e+00	6.628414e-01	2.453464e-01	2.034681e+00	8.297867e-01	1.041698e+00	6.895899e+01	1.398930e+02	3.371030e-01	8.207410e-02	-9.972118e-14	
1  105.484	2.225301e+00	1.373669e-01	6.895232e-01	3.012616e+00	9.543378e-01	3.376052e-02	6.683049e-01	7.014777e-02	4.352951e+00	1.006122e+00	5.653103e+00	6.628414e-01	2.453464e-01	2.034681e+00	8.297867e-01	1.041698e+00	6.895899e+01	1.398930e+02	3.371030e-01	8.207410e-02	-9.972118e-14	
3  105.605	2.224258e+00	1.373278e-01	6.980819e-01	3.024029e+00	9.513074e-01	4.070969e-02	7.233759e-01	4.436766e-02	4.343204e+00	1.004795e+00	6.508102e+00	6.711000e-01	2.453405e-01	2.057819e+00	8.328066e-01	1.042399e+00	6.981102e+01	1.396633e+02	3.288881e-01	8.838565e-02	-1.761250e-13	
6  105.698	2.223729e+00	1.357558e-01	6.950315e-01	3.051411e+00	9.552803e-01	5.486348e-02	6.885249e-01	4.145256e-02	4.334727e+00	1.006369e+00	8.058697e+00	6.714311e-01	2.453359e-01	2.114945e+00	8.408397e-01	1.041182e+00	6.948370e+01	1.401845e+02	3.284919e-01	8.440568e-02	6.111190e-14	
2  105.708	2.223729e+00	1.357558e-01	6.950315e-01	3.051411e+00	9.552803e-01	5.486348e-02	6.885249e-01	4.145256e-02	4.334727e+00	1.006617e+00	8.058697e+00	6.714311e-01	2.453359e-01	2.114945e+00	8.408397e-01	1.041182e+00	6.948370e+01	1.401845e+02	3.284919e-01	8.440568e-02	6.111190e-14	
3  105.587	2.207040e+00	1.358355e-01	6.907888e-01	3.038078e+00	9.559083e-01	4.931336e-02	6.398050e-01	3.517867e-02	4.292832e+00	1.006005e+00	7.503726e+00	6.676072e-01	2.452670e-01	2.086676e+00	8.382900e-01	1.042046e+00	6.906976e+01	1.405406e+02	3.323671e-01	7.904721e-02	-8.483753e-14	
2  106.067	2.219703e+00	1.347872e-01	6.893133e-01	3.062764e+00	9.565074e-01	6.082492e-02	6.079419e-01	2.992041e-02	4.198281e+00	1.007584e+00	8.671770e+00	6.681202e-01	2.453187e-01	2.138768e+00	8.455502e-01	1.041310e+00	6.891162e+01	1.407948e+02	3.317946e-01	7.530656e-02	6.225966e-14	
1  105.98	2.226809e+00	1.346569e-01	6.884649e-01	3.060698e+00	9.564810e-01	5.959325e-02	5.810688e-01	1.463939e-02	4.116818e+00	1.007724e+00	8.527987e+00	6.674634e-01	2.453491e-01	2.134117e+00	8.450209e-01	1.041611e+00	6.883176e+01	1.408659e+02	3.324722e-01	7.225947e-02	1.651049e-14	
4  105.671	2.249240e+00	1.330137e-01	6.955851e-01	3.068016e+00	9.599351e-01	6.120323e-02	5.773157e-01	1.725024e-02	4.120482e+00	1.011054e+00	8.604675e+00	6.771230e-01	2.454432e-01	2.149923e+00	8.437961e-01	1.041609e+00	6.954446e+01	1.410320e+02	3.228143e-01	7.181727e-02	5.160533e-14	
3  105.195	2.241778e+00	1.341513e-01	7.017193e-01	3.057092e+00	9.558452e-01	5.457317e-02	6.437018e-01	2.679462e-02	4.117177e+00	1.010760e+00	7.966887e+00	6.805671e-01	2.454128e-01	2.126618e+00	8.406148e-01	1.042520e+00	7.016816e+01	1.405463e+02	3.194200e-01	7.948299e-02	-9.577908e-14	
5  104.872	2.241874e+00	1.341082e-01	7.007417e-01	3.062176e+00	9.591892e-01	5.838127e-02	6.656737e-01	1.650121e-02	4.200293e+00	1.009927e+00	8.355868e+00	6.797383e-01	2.454125e-01	2.137664e+00	8.421746e-01	1.041491e+00	7.005702e+01	1.404698e+02	3.202033e-01	8.189203e-02	6.427169e-14	
3  104.884	2.241874e+00	1.341082e-01	7.007417e-01	3.062176e+00	9.591892e-01	5.838127e-02	6.656737e-01	1.650121e-02	4.200293e+00	1.009964e+00	8.355868e+00	6.797383e-01	2.454125e-01	2.137664e+00	8.421746e-01	1.041491e+00	7.005702e+01	1.404698e+02	3.202033e-01	8.189203e-02	6.427169e-14	
3  104.06	2.259738e+00	1.329169e-01	7.087895e-01	3.069496e+00	9.634208e-01	6.235519e-02	6.561562e-01	2.285996e-02	4.167545e+00	1.010845e+00	8.700070e+00	6.890343e-01	2.454880e-01	2.153019e+00	8.436799e-01	1.042473e+00	7.087160e+01	1.405960e+02	3.109241e-01	8.088933e-02	3.664940e-15	
8  105.085	2.259494e+00	1.325199e-01	7.046579e-01	3.069332e+00	9.648156e-01	6.105218e-02	6.068512e-01	9.330564e-03	4.153788e+00	1.012501e+00	8.560672e+00	6.861814e-01	2.454872e-01	2.152690e+00	8.442296e-01	1.042510e+00	7.045982e+01	1.409087e+02	3.137698e-01	7.525014e-02	2.688281e-14	
6  104.301	2.255584e+00	1.321203e-01	7.060534e-01	3.048331e+00	9.632615e-01	5.396177e-02	6.067634e-01	1.446904e-02	4.165425e+00	1.009820e+00	7.838449e+00	6.883274e-01	2.454699e-01	2.108000e+00	8.339527e-01	1.042632e+00	7.060118e+01	1.410406e+02	3.116374e-01	7.527120e-02	-5.794689e-14	
9  105.933	2.255584e+00	1.321203e-01	7.060534e-01	3.048331e+00	9.632615e-01	5.396177e-02	6.067634e-01	1.446904e-02	4.165425e+00	1.011092e+00	7.838449e+00	6.883274e-01	2.454699e-01	2.108000e+00	8.339527e-01	1.042632e+00	7.060118e+01	1.410406e+02	3.116374e-01	7.527120e-02	-5.794689e-14	
1  104.937	2.257639e+00	1.321589e-01	7.066315e-01	3.043135e+00	9.637267e-01	5.074770e-02	6.271501e-01	7.137531e-03	4.164361e+00	1.011604e+00	7.490808e+00	6.887073e-01	2.454783e-01	2.097267e+00	8.309680e-01	1.042117e+00	7.065547e+01	1.409240e+02	3.112543e-01	7.756845e-02	-2.408922e-14	
7  103.762	2.257639e+00	1.321589e-01	7.066315e-01	3.043135e+00	9.637267e-01	5.074770e-02	6.271501e-01	7.137531e-03	4.164361e+00	1.010463e+00	7.490808e+00	6.887073e-01	2.454783e-01	2.097267e+00	8.309680e-01	1.042117e+00	7.065547e+01	1.409240e+02	3.112543e-01	7.756845e-02	-2.408922e-14	
3  103.63	2.270414e+00	1.308420e-01	7.090044e-01	3.031238e+00	9.687578e-01	4.819943e-02	5.994915e-01	7.608238e-03	4.151676e+00	1.008889e+00	7.169608e+00	6.931950e-01	2.455311e-01	2.072418e+00	8.239583e-01	1.042065e+00	7.089377e+01	1.412231e+02	3.067626e-01	7.441055e-02	-2.926514e-14	
14  103.488	2.270414e+00	1.308420e-01	7.090044e-01	3.031238e+00	9.687578e-01	4.819943e-02	5.994915e-01	7.608238e-03	4.151676e+00	1.008754e+00	7.169608e+00	6.931950e-01	2.455311e-01	2.072418e+00	8.239583e-01	1.042065e+00	7.089377e+01	1.412231e+02	3.067626e-01	7.441055e-02	-2.926514e-14	
4  103.062	2.273917e+00	1.315929e-01	7.103594e-01	3.040627e+00	9.667616e-01	5.110390e-02	6.362831e-01	1.442898e-02	4.185518e+00	1.009314e+00	7.485924e+00	6.927804e-01	2.455459e-01	2.091952e+00	8.282021e-01	1.041893e+00	7.102711e+01	1.408489e+02	3.071626e-01	7.860743e-02	6.372482e-15	
2  104.952	2.259653e+00	1.319568e-01	7.017966e-01	3.041667e+00	9.680488e-01	4.939182e-02	5.840904e-01	2.441277e-02	4.173201e+00	1.011420e+00	7.333489e+00	6.847718e-01	2.454870e-01	2.094237e+00	8.320189e-01	1.041874e+00	7.017035e+01	1.411448e+02	3.151889e-01	7.259695e-02	-5.215406e-18	
5  103.75	2.259653e+00	1.319568e-01	7.017966e-01	3.041667e+00	9.680488e-01	4.939182e-02	5.840904e-01	2.441277e-02	4.173201e+00	1.010077e+00	7.333489e+00	6.847718e-01	2.454870e-01	2.094237e+00	8.320189e-01	1.041874e+00	7.017035e+01	1.411448e+02	3.151889e-01	7.259695e-02	-5.215406e-18	
6  103.766	2.261051e+00	1.324841e-01	7.089570e-01	3.059465e+00	9.699630e-01	5.762271e-02	6.485487e-01	2.338547e-02	4.224173e+00	1.010227e+00	8.209684e+00	6.900169e-01	2.454934e-01	2.131739e+00	8.403497e-01	1.042315e+00	7.088544e+01	1.407208e+02	3.099429e-01	7.999241e-02	2.814978e-14	
1  103.539	2.268508e+00	1.318905e-01	7.104392e-01	3.063164e+00	9.681829e-01	6.198927e-02	6.592968e-01	3.123542e-02	4.165087e+00	1.008232e+00	8.620852e+00	6.923333e-01	2.455234e-01	2.139571e+00	8.382896e-01	1.041610e+00	7.103033e+01	1.407364e+02	3.075876e-01	8.120533e-02	6.618873e-14	
5  103.753	2.249562e+00	1.334999e-01	7.060502e-01	3.049322e+00	9.633170e-01	5.278291e-02	6.494772e-01	1.904137e-02	4.122614e+00	1.008678e+00	7.750114e+00	6.856595e-01	2.454456e-01	2.110161e+00	8.377100e-01	1.042743e+00	7.060238e+01	1.405937e+02	3.143095e-01	8.014244e-02	-7.074624e-14	
3  106.259	2.239204e+00	1.345711e-01	7.069705e-01	3.037173e+00	9.619923e-01	4.370584e-02	7.207130e-01	2.065211e-02	4.194230e+00	1.010427e+00	6.782154e+00	6.844754e-01	2.454027e-01	2.085256e+00	8.331764e-01	1.042022e+00	7.069247e+01	1.401508e+02	3.154888e-01	8.806813e-02	-3.210679e-14	
3  106.646	2.239204e+00	1.345711e-01	7.069705e-01	3.037173e+00	9.619923e-01	4.370584e-02	7.207130e-01	2.065211e-02	4.194230e+00	1.009910e+00	6.782154e+00	6.844754e-01	2.454027e-01	2.085256e+00	8.331764e-01	1.042022e+00	7.069247e+01	1.401508e+02	3.154888e-01	8.806813e-02	-3.210679e-14	
7  107.274	2.235128e+00	1.349618e-01	7.047315e-01	3.045051e+00	9.618011e-01	4.907486e-02	7.310286e-01	1.465044e-02	4.181860e+00	1.008272e+00	7.395823e+00	6.817482e-01	2.453850e-01	2.101726e+00	8.369440e-01	1.041537e+00	7.045897e+01	1.400640e+02	3.182034e-01	8.920091e-02	5.096272e-14	
2  105.88	2.235128e+00	1.349618e-01	7.047315e-01	3.045051e+00	9.618011e-01	4.907486e-02	7.310286e-01	1.465044e-02	4.181860e+00	1.010780e+00	7.395823e+00	6.817482e-01	2.453850e-01	2.101726e+00	8.369440e-01	1.041537e+00	7.045897e+01	1.400640e+02	3.182034e-01	8.920091e-02	5.096272e-14	
1  105.795	2.218203e+00	1.359517e-01	6.961527e-01	3.030971e+00	9.587112e-01	4.389441e-02	7.002821e-01	3.166824e-02	4.174931e+00	1.008217e+00	6.863033e+00	6.721969e-01	2.453144e-01	2.072429e+00	8.341324e-01	1.041461e+00	6.960507e+01	1.401474e+02	3.277515e-01	8.574069e-02	-2.036393e-14	
1  105.768	2.226759e+00	1.353495e-01	7.085635e-01	3.009232e+00	9.610382e-01	3.683516e-02	7.365260e-01	1.331620e-02	4.129176e+00	1.005399e+00	6.017548e+00	6.846530e-01	2.453516e-01	2.027668e+00	8.245605e-01	1.043052e+00	7.086729e+01	1.400213e+02	3.152922e-01	8.996668e-02	-1.942102e-13	
16  104.422	2.239078e+00	1.354877e-01	7.020967e-01	3.007023e+00	9.617543e-01	3.434675e-02	7.084710e-01	6.582646e-03	4.137411e+00	1.006260e+00	5.684052e+00	6.783202e-01	2.454037e-01	2.023265e+00	8.234648e-01	1.041892e+00	7.021378e+01	1.400015e+02	3.216175e-01	8.669571e-02	-8.635857e-14	
10  104.654	2.239078e+00	1.354877e-01	7.020967e-01	3.007023e+00	9.617543e-01	3.434675e-02	7.084710e-01	6.582646e-03	4.137411e+00	1.004590e+00	5.684052e+00	6.783202e-01	2.454037e-01	2.023265e+00	8.234648e-01	1.041892e+00	7.021378e+01	1.400015e+02	3.216175e-01	8.669571e-02	-8.635857e-14	
3  104.54	2.239078e+00	1.354877e-01	7.020967e-01	3.007023e+00	9.617543e-01	3.434675e-02	7.084710e-01	6.582646e-03	4.137411e+00	1.004898e+00	5.684052e+00	6.783202e-01	2.454037e-01	2.023265e+00	8.234648e-01	1.041892e+00	7.021378e+01	1.400015e+02	3.216175e-01	8.669571e-02	-8.635857e-14	
7  105.279	2.227826e+00	1.343453e-01	7.034763e-01	3.008921e+00	9.656122e-01	3.729701e-02	7.060463e-01	3.749917e-02	4.148633e+00	1.004903e+00	6.048717e+00	6.820947e-01	2.453556e-01	2.027225e+00	8.223963e-01	1.041589e+00	7.034714e+01	1.403904e+02	3.178322e-01	8.647068e-02	-5.265326e-14	
8  105.2	2.227826e+00	1.343453e-01	7.034763e-01	3.008921e+00	9.656122e-01	3.729701e-02	7.060463e-01	3.749917e-02	4.148633e+00	1.006523e+00	6.048717e+00	6.820947e-01	2.453556e-01	2.027225e+00	8.223963e-01	1.041589e+00	7.034714e+01	1.403904e+02	3.178322e-01	8.647068e-02	-5.265326e-14	
2  105.512	2.212758e+00	1.353881e-01	6.977093e-01	3.010351e+00	9.584756e-01	3.940792e-02	6.743309e-01	3.938579e-02	4.198221e+00	1.003923e+00	6.349998e+00	6.749964e-01	2.452923e-01	2.029883e+00	8.256321e-01	1.042353e+00	6.977407e+01	1.404346e+02	3.249612e-01	8.299214e-02	-1.372002e-13	
10  105.424	2.212758e+00	1.353881e-01	6.977093e-01	3.010351e+00	9.584756e-01	3.940792e-02	6.743309e-01	3.938579e-02	4.198221e+00	1.003795e+00	6.349998e+00	6.749964e-01	2.452923e-01	2.029883e+00	8.256321e-01	1.042353e+00	6.977407e+01	1.404346e+02	3.249612e-01	8.299214e-02	-1.372002e-13	
1  105.139	2.212758e+00	1.353881e-01	6.977093e-01	3.010351e+00	9.584756e-01	3.940792e-02	6.743309e-01	3.938579e-02	4.198221e+00	1.003300e+00	6.349998e+00	6.749964e-01	2.452923e-01	2.029883e+00	8.256321e-01	1.042353e+00	6.977407e+01	1.404346e+02	3.249612e-01	8.299214e-02	-1.372002e-13	
1  105.543	2.211165e+00	1.354258e-01	6.914543e-01	3.016489e+00	9.600787e-01	4.417985e-02	6.532483e-01	3.171704e-02	4.267559e+00	1.001880e+00	6.906861e+00	6.690921e-01	2.452845e-01	2.042435e+00	8.283319e-01	1.041314e+00	6.914195e+01	1.405461e+02	3.308003e-01	8.048873e-02	-7.677414e-14	
5  103.949	2.226004e+00	1.350057e-01	7.004563e-01	3.021269e+00	9.595914e-01	4.581818e-02	6.770459e-01	5.253476e-02	4.265966e+00	1.002591e+00	7.063763e+00	6.780661e-01	2.453472e-01	2.051892e+00	8.288907e-01	1.042330e+00	7.004285e+01	1.403732e+02	3.218945e-01	8.331428e-02	-1.212306e-13	
3  103.995	2.224412e+00	1.354550e-01	6.995602e-01	3.027929e+00	9.575117e-01	4.831348e-02	6.923963e-01	4.679240e-02	4.218331e+00	1.002729e+00	7.352130e+00	6.763480e-01	2.453399e-01	2.065617e+00	8.316379e-01	1.042053e+00	6.994911e+01	1.402223e+02	3.236146e-01	8.500247e-02	-9.101219e-14	
4  103.999	2.224412e+00	1.354550e-01	6.995602e-01	3.027929e+00	9.575117e-01	4.831348e-02	6.923963e-01	4.679240e-02	4.218331e+00	1.002741e+00	7.352130e+00	6.763480e-01	2.453399e-01	2.065617e+00	8.316379e-01	1.042053e+00	6.994911e+01	1.402223e+02	3.236146e-01	8.500247e-02	-9.101219e-14	
3  105.777	2.233790e+00	1.350449e-01	6.974633e-01	3.026079e+00	9.613485e-01	4.858587e-02	6.949304e-01	2.866842e-02	4.247368e+00	1.002177e+00	7.347153e+00	6.750517e-01	2.453783e-01	2.062143e+00	8.293176e-01	1.040733e+00	6.974018e+01	1.402229e+02	3.247704e-01	8.508474e-02	-2.372600e-14	
1  106.112	2.223932e+00	1.350757e-01	7.027118e-01	3.026171e+00	9.604889e-01	4.707343e-02	7.408930e-01	2.765015e-02	4.242310e+00	1.003738e+00	7.200566e+00	6.799793e-01	2.453372e-01	2.062505e+00	8.286550e-01	1.041068e+00	7.026121e+01	1.401184e+02	3.199100e-01	9.028167e-02	5.257800e-14	
2  106.8	2.220135e+00	1.362721e-01	7.041724e-01	3.046164e+00	9.586942e-01	5.009458e-02	7.660321e-01	3.097461e-02	4.258169e+00	1.008725e+00	7.564956e+00	6.788970e-01	2.453225e-01	2.104039e+00	8.401156e-01	1.041917e+00	7.040356e+01	1.397639e+02	3.211070e-01	9.312572e-02	-1.153424e-14	
2  106.63	2.220135e+00	1.362721e-01	7.041724e-01	3.046164e+00	9.586942e-01	5.009458e-02	7.660321e-01	3.097461e-02	4.258169e+00	1.009128e+00	7.564956e+00	6.788970e-01	2.453225e-01	2.104039e+00	8.401156e-01	1.041917e+00	7.040356e+01	1.397639e+02	3.211070e-01	9.312572e-02	-1.153424e-14	
4  106.159	2.228046e+00	1.361798e-01	7.081664e-01	3.054563e+00	9.589172e-01	5.567866e-02	7.831978e-01	2.203261e-02	4.271134e+00	1.007778e+00	8.150780e+00	6.825632e-01	2.453557e-01	2.121470e+00	8.430382e-01	1.042207e+00	7.080344e+01	1.396259e+02	3.174489e-01	9.506998e-02	-2.954230e-14	
2  106.642	2.230926e+00	1.352550e-01	7.171029e-01	3.052318e+00	9.623337e-01	5.856187e-02	8.059336e-01	3.236141e-02	4.249054e+00	1.005340e+00	8.437184e+00	6.922067e-01	2.453677e-01	2.116402e+00	8.406854e-01	1.043068e+00	7.170605e+01	1.396977e+02	3.077898e-01	9.769098e-02	-1.386110e-13	
9  104.944	2.253313e+00	1.342718e-01	7.181429e-01	3.074276e+00	9.659745e-01	6.992292e-02	7.946279e-01	4.708624e-02	4.206316e+00	1.005758e+00	9.486050e+00	6.945953e-01	2.454614e-01	2.163363e+00	8.469279e-01	1.042174e+00	7.180290e+01	1.397545e+02	3.053742e-01	9.634052e-02	3.665164e-14	
1  106.29	2.261276e+00	1.338167e-01	7.143234e-01	3.073112e+00	9.677850e-01	7.023253e-02	7.752199e-01	5.380443e-02	4.278384e+00	1.005385e+00	9.477892e+00	6.920151e-01	2.454936e-01	2.161162e+00	8.448922e-01	1.041057e+00	7.142049e+01	1.398697e+02	3.078514e-01	9.408672e-02	1.152605e-13	
1  105.032	2.256816e+00	1.347387e-01	7.111898e-01	3.080437e+00	9.669660e-01	7.400449e-02	7.645954e-01	7.560836e-02	4.262618e+00	1.004338e+00	9.869190e+00	6.875768e-01	2.454761e-01	2.176874e+00	8.513680e-01	1.041509e+00	7.110678e+01	1.397483e+02	3.123261e-01	9.293965e-02	5.571619e-14	
1  103.4	2.264707e+00	1.343626e-01	7.144746e-01	3.070627e+00	9.668359e-01	7.099601e-02	7.330995e-01	8.153654e-02	4.268387e+00	1.002816e+00	9.563462e+00	6.910723e-01	2.455098e-01	2.155031e+00	8.478679e-01	1.042867e+00	7.144181e+01	1.398815e+02	3.088430e-01	8.959888e-02	-2.801493e-14	
3  103.584	2.264707e+00	1.343626e-01	7.144746e-01	3.070627e+00	9.668359e-01	7.099601e-02	7.330995e-01	8.153654e-02	4.268387e+00	1.003738e+00	9.563462e+00	6.910723e-01	2.455098e-01	2.155031e+00	8.478679e-01	1.042867e+00	7.144181e+01	1.398815e+02	3.088430e-01	8.959888e-02	-2.801493e-14	
1  102.805	2.276511e+00	1.326393e-01	7.218142e-01	3.070180e+00	9.716985e-01	7.454312e-02	7.394258e-01	9.786068e-02	4.267570e+00	1.002259e+00	9.831310e+00	7.004169e-01	2.455581e-01	2.154156e+00	8.433869e-01	1.042770e+00	7.217661e+01	1.401291e+02	2.994966e-01	9.028213e-02	-2.526864e-14	
6  102.782	2.274667e+00	1.311532e-01	7.258220e-01	3.067437e+00	9.743196e-01	7.646446e-02	7.510506e-01	1.011517e-01	4.311500e+00	1.001122e+00	9.981997e+00	7.065914e-01	2.455495e-01	2.148440e+00	8.376319e-01	1.042138e+00	7.257990e+01	1.404412e+02	2.933311e-01	9.155864e-02	2.732128e-15	
3  103.224	2.274667e+00	1.311532e-01	7.258220e-01	3.067437e+00	9.743196e-01	7.646446e-02	7.510506e-01	1.011517e-01	4.311500e+00	9.992497e-01	9.981997e+00	7.065914e-01	2.455495e-01	2.148440e+00	8.376319e-01	1.042138e+00	7.257990e+01	1.404412e+02	2.933311e-01	9.155864e-02	2.732128e-15	
7  104.039	2.296010e+00	1.293244e-01	7.342216e-01	3.073443e+00	9.805401e-01	7.946686e-02	7.027070e-01	9.376246e-02	4.306880e+00	1.001177e+00	1.015841e+01	7.162211e-01	2.456373e-01	2.161256e+00	8.383184e-01	1.043681e+00	7.342306e+01	1.408578e+02	2.836137e-01	8.613726e-02	1.101755e-14	
3  104.949	2.296010e+00	1.293244e-01	7.342216e-01	3.073443e+00	9.805401e-01	7.946686e-02	7.027070e-01	9.376246e-02	4.306880e+00	1.003265e+00	1.015841e+01	7.162211e-01	2.456373e-01	2.161256e+00	8.383184e-01	1.043681e+00	7.342306e+01	1.408578e+02	2.836137e-01	8.613726e-02	1.101755e-14	
4  103.761	2.303143e+00	1.298112e-01	7.299656e-01	3.085852e+00	9.800154e-01	8.546623e-02	6.981579e-01	1.012142e-01	4.235495e+00	1.002695e+00	1.067950e+01	7.118672e-01	2.456675e-01	2.188353e+00	8.441455e-01	1.042918e+00	7.299652e+01	1.406952e+02	2.880257e-01	8.560479e-02	1.043044e-14	
3  103.668	2.326886e+00	1.287612e-01	7.331547e-01	3.065038e+00	9.822112e-01	7.831387e-02	7.038237e-01	1.129285e-01	4.273275e+00	1.000464e+00	9.957049e+00	7.158598e-01	2.457640e-01	2.143374e+00	8.307959e-01	1.041946e+00	7.331868e+01	1.406653e+02	2.840558e-01	8.624277e-02	-4.906804e-14	
2  103.358	2.326886e+00	1.287612e-01	7.331547e-01	3.065038e+00	9.822112e-01	7.831387e-02	7.038237e-01	1.129285e-01	4.273275e+00	9.997587e-01	9.957049e+00	7.158598e-01	2.457640e-01	2.143374e+00	8.307959e-01	1.041946e+00	7.331868e+01	1.406653e+02	2.840558e-01	8.624277e-02	-4.906804e-14	
3  103.28	2.321590e+00	1.283837e-01	7.335462e-01	3.058108e+00	9.772178e-01	7.677130e-02	7.074992e-01	1.286334e-01	4.254605e+00	9.981379e-01	9.825274e+00	7.169709e-01	2.457425e-01	2.128512e+00	8.248318e-01	1.041708e+00	7.336085e+01	1.407879e+02	2.829268e-01	8.670409e-02	-1.402199e-14	
5  102.733	2.315439e+00	1.284458e-01	7.390030e-01	3.071594e+00	9.774400e-01	8.409491e-02	7.465038e-01	1.305422e-01	4.311392e+00	9.977040e-01	1.049395e+01	7.211459e-01	2.457180e-01	2.157366e+00	8.302141e-01	1.042203e+00	7.390379e+01	1.406681e+02	2.787852e-01	9.106201e-02	3.772974e-14	
3  102.912	2.315439e+00	1.284458e-01	7.390030e-01	3.071594e+00	9.774400e-01	8.409491e-02	7.465038e-01	1.305422e-01	4.311392e+00	9.987480e-01	1.049395e+01	7.211459e-01	2.457180e-01	2.157366e+00	8.302141e-01	1.042203e+00	7.390379e+01	1.406681e+02	2.787852e-01	9.106201e-02	3.772974e-14	
1  105.486	2.318300e+00	1.281863e-01	7.417201e-01	3.050326e+00	9.786088e-01	7.679667e-02	7.902836e-01	1.434413e-01	4.329890e+00	9.960412e-01	9.834571e+00	7.235929e-01	2.457293e-01	2.112071e+00	8.187606e-01	1.041222e+00	7.419174e+01	1.405056e+02	2.762570e-01	9.589879e-02	4.625246e-14	
4  106.02	2.311356e+00	1.278913e-01	7.514226e-01	3.051516e+00	9.792975e-01	7.885638e-02	7.809789e-01	1.457365e-01	4.331161e+00	9.952567e-01	1.003222e+01	7.312334e-01	2.457009e-01	2.114427e+00	8.214465e-01	1.044088e+00	7.513938e+01	1.406876e+02	2.685764e-01	9.489217e-02	6.956123e-14	
12  103.922	2.317509e+00	1.282434e-01	7.514367e-01	3.066684e+00	9.801204e-01	8.534266e-02	8.077632e-01	1.452205e-01	4.398363e+00	9.957758e-01	1.059521e+01	7.305740e-01	2.457267e-01	2.146662e+00	8.275502e-01	1.043422e+00	7.514182e+01	1.404269e+02	2.693182e-01	9.782161e-02	8.088127e-14	
2  104.281	2.317509e+00	1.282434e-01	7.514367e-01	3.066684e+00	9.801204e-01	8.534266e-02	8.077632e-01	1.452205e-01	4.398363e+00	9.946291e-01	1.059521e+01	7.305740e-01	2.457267e-01	2.146662e+00	8.275502e-01	1.043422e+00	7.514182e+01	1.404269e+02	2.693182e-01	9.782161e-02	8.088127e-14	
3  104.209	2.315798e+00	1.277835e-01	7.525280e-01	3.052017e+00	9.799719e-01	8.000502e-02	8.158938e-01	1.465257e-01	4.402055e+00	9.933525e-01	1.012212e+01	7.322087e-01	2.457198e-01	2.115486e+00	8.194059e-01	1.043050e+00	7.525306e+01	1.405146e+02	2.677262e-01	9.874470e-02	9.086281e-14	
4  105.786	2.323710e+00	1.263425e-01	7.597209e-01	3.059172e+00	9.815672e-01	8.354391e-02	7.997270e-01	1.435708e-01	4.421065e+00	9.948514e-01	1.037872e+01	7.395552e-01	2.457518e-01	2.130644e+00	8.187665e-01	1.043886e+00	7.596751e+01	1.408434e+02	2.603296e-01	9.693505e-02	9.246990e-14	
1  107.736	2.334309e+00	1.256066e-01	7.652241e-01	3.034087e+00	9.824183e-01	7.263388e-02	7.974986e-01	1.243115e-01	4.384682e+00	9.939828e-01	9.365628e+00	7.442967e-01	2.457937e-01	2.078329e+00	8.063866e-01	1.044435e+00	7.651434e+01	1.409182e+02	2.555398e-01	9.665114e-02	6.641075e-14	
3  108.241	2.334309e+00	1.256066e-01	7.652241e-01	3.034087e+00	9.824183e-01	7.263388e-02	7.974986e-01	1.243115e-01	4.384682e+00	9.929329e-01	9.365628e+00	7.442967e-01	2.457937e-01	2.078329e+00	8.063866e-01	1.044435e+00	7.651434e+01	1.409182e+02	2.555398e-01	9.665114e-02	6.641075e-14	
2  108.713	2.329736e+00	1.270737e-01	7.577283e-01	3.035538e+00	9.737357e-01	7.093134e-02	8.588421e-01	1.270680e-01	4.349308e+00	9.929617e-01	9.257480e+00	7.368736e-01	2.457781e-01	2.081087e+00	8.054357e-01	1.042025e+00	7.577903e+01	1.403530e+02	2.631154e-01	1.034544e-01	1.347110e-13	
2  109.713	2.324400e+00	1.284315e-01	7.573623e-01	3.034528e+00	9.722614e-01	7.234750e-02	8.914246e-01	1.286655e-01	4.333733e+00	9.897798e-01	9.427638e+00	7.343298e-01	2.457565e-01	2.079046e+00	8.086514e-01	1.042385e+00	7.573942e+01	1.399504e+02	2.656595e-01	1.069371e-01	1.206964e-13	
1  106.16	2.324874e+00	1.289840e-01	7.428331e-01	3.016394e+00	9.685453e-01	6.152756e-02	8.008292e-01	1.354583e-01	4.301964e+00	9.904791e-01	8.412663e+00	7.228425e-01	2.457574e-01	2.041843e+00	8.040931e-01	1.041805e+00	7.429055e+01	1.402048e+02	2.770610e-01	9.708694e-02	3.750622e-14	
1  105.06	2.326845e+00	1.284401e-01	7.365548e-01	3.011690e+00	9.706946e-01	5.957008e-02	7.348136e-01	1.328626e-01	4.343851e+00	9.908360e-01	8.204472e+00	7.190722e-01	2.457649e-01	2.032236e+00	8.027989e-01	1.041585e+00	7.366666e+01	1.405966e+02	2.807936e-01	8.977711e-02	-1.611263e-14	
1  103.9	2.338171e+00	1.275017e-01	7.411383e-01	3.013324e+00	9.736811e-01	5.952963e-02	6.900655e-01	1.284496e-01	4.342427e+00	9.925786e-01	8.153768e+00	7.240180e-01	2.458106e-01	2.035700e+00	8.034818e-01	1.043058e+00	7.410623e+01	1.409056e+02	2.758983e-01	8.477467e-02	8.533597e-14	
5  105.745	2.338171e+00	1.275017e-01	7.411383e-01	3.013324e+00	9.736811e-01	5.952963e-02	6.900655e-01	1.284496e-01	4.342427e+00	9.886344e-01	8.153768e+00	7.240180e-01	2.458106e-01	2.035700e+00	8.034818e-01	1.043058e+00	7.410623e+01	1.409056e+02	2.758983e-01	8.477467e-02	8.533597e-14	
3  106.282	2.329456e+00	1.259113e-01	7.417692e-01	3.010613e+00	9.747586e-01	6.086210e-02	6.339631e-01	1.357465e-01	4.311199e+00	9.882023e-01	8.271726e+00	7.274632e-01	2.457749e-01	2.030372e+00	7.999824e-01	1.043693e+00	7.416793e+01	1.416261e+02	2.723907e-01	7.840798e-02	1.734778e-13	
1  107.048	2.349541e+00	1.256054e-01	7.387620e-01	3.011688e+00	9.710617e-01	6.252922e-02	5.983753e-01	1.202251e-01	4.250352e+00	9.866843e-01	8.381093e+00	7.254342e-01	2.458575e-01	2.032706e+00	7.979573e-01	1.043168e+00	7.386752e+01	1.416525e+02	2.744511e-01	7.435793e-02	2.359062e-13	
4  107.188	2.347872e+00	1.254032e-01	7.317030e-01	3.018424e+00	9.736917e-01	6.668095e-02	5.433555e-01	1.238600e-01	4.301432e+00	9.864428e-01	8.769711e+00	7.205246e-01	2.458500e-01	2.046269e+00	8.022364e-01	1.042839e+00	7.316853e+01	1.419636e+02	2.793574e-01	6.798652e-02	2.254725e-13	
3  105.938	2.348579e+00	1.252122e-01	7.378056e-01	3.016311e+00	9.748388e-01	6.384253e-02	5.786084e-01	1.132291e-01	4.331534e+00	9.883465e-01	8.499356e+00	7.254720e-01	2.458529e-01	2.041989e+00	8.003602e-01	1.043181e+00	7.377267e+01	1.418452e+02	2.744173e-01	7.206219e-02	2.279565e-13	
2  104.771	2.342573e+00	1.249229e-01	7.352852e-01	3.013962e+00	9.778543e-01	6.281789e-02	5.711503e-01	9.324148e-02	4.332100e+00	9.889253e-01	8.413547e+00	7.242646e-01	2.458281e-01	2.037024e+00	7.994025e-01	1.042593e+00	7.352750e+01	1.420033e+02	2.756491e-01	7.119910e-02	1.070041e-13	
2  105.422	2.320391e+00	1.263339e-01	7.216025e-01	3.013254e+00	9.771036e-01	6.239876e-02	5.372086e-01	1.047333e-01	4.278440e+00	9.879767e-01	8.448970e+00	7.114749e-01	2.457368e-01	2.035373e+00	8.047954e-01	1.041875e+00	7.217245e+01	1.420433e+02	2.883999e-01	6.722371e-02	-8.706562e-14	
5  105.395	2.320391e+00	1.263339e-01	7.216025e-01	3.013254e+00	9.771036e-01	6.239876e-02	5.372086e-01	1.047333e-01	4.278440e+00	9.870875e-01	8.448970e+00	7.114749e-01	2.457368e-01	2.035373e+00	8.047954e-01	1.041875e+00	7.217245e+01	1.420433e+02	2.883999e-01	6.722371e-02	-8.706562e-14	
4  105.824	2.336392e+00	1.258323e-01	7.249792e-01	3.014460e+00	9.775221e-01	6.077383e-02	5.490816e-01	9.638560e-02	4.241949e+00	9.892771e-01	8.247881e+00	7.147989e-01	2.458019e-01	2.037822e+00	8.025066e-01	1.041506e+00	7.251088e+01	1.419393e+02	2.850757e-01	6.861120e-02	-1.141176e-13	
8  105.16	2.341389e+00	1.259405e-01	7.280020e-01	2.997406e+00	9.770854e-01	5.162848e-02	5.617829e-01	8.455776e-02	4.151562e+00	9.895786e-01	7.325587e+00	7.168940e-01	2.458226e-01	2.003512e+00	7.957036e-01	1.041913e+00	7.280556e+01	1.418079e+02	2.830316e-01	7.009074e-02	-6.365143e-14	
3  104.711	2.338364e+00	1.256996e-01	7.302970e-01	2.981531e+00	9.774955e-01	4.336999e-02	5.645953e-01	6.899423e-02	4.111817e+00	9.902549e-01	6.449084e+00	7.192141e-01	2.458108e-01	1.972105e+00	7.891338e-01	1.042303e+00	7.303181e+01	1.418889e+02	2.807405e-01	7.040203e-02	-1.638830e-14	
5  104.589	2.338364e+00	1.256996e-01	7.302970e-01	2.981531e+00	9.774955e-01	4.336999e-02	5.645953e-01	6.899423e-02	4.111817e+00	9.907137e-01	6.449084e+00	7.192141e-01	2.458108e-01	1.972105e+00	7.891338e-01	1.042303e+00	7.303181e+01	1.418889e+02	2.807405e-01	7.040203e-02	-1.638830e-14	
1  107.542	2.350632e+00	1.242528e-01	7.327036e-01	2.969782e+00	9.796520e-01	3.832537e-02	5.006139e-01	5.768412e-02	4.138992e+00	9.913862e-01	5.836791e+00	7.235188e-01	2.458601e-01	1.949557e+00	7.826487e-01	1.043296e+00	7.326427e+01	1.424148e+02	2.764485e-01	6.285994e-02	2.346315e-13	
3  109.649	2.337133e+00	1.251980e-01	7.342577e-01	2.990717e+00	9.765737e-01	4.652387e-02	5.194346e-01	6.099941e-02	4.198155e+00	9.925014e-01	6.769753e+00	7.230921e-01	2.458038e-01	1.990972e+00	7.939994e-01	1.044433e+00	7.342017e+01	1.422480e+02	2.766916e-01	6.503169e-02	3.613867e-13	
1  104.02	2.358744e+00	1.236042e-01	7.386411e-01	3.012119e+00	9.798453e-01	5.617068e-02	5.406026e-01	6.984560e-02	4.254020e+00	9.948655e-01	7.709059e+00	7.289379e-01	2.458927e-01	2.033376e+00	7.952445e-01	1.042768e+00	7.385763e+01	1.422952e+02	2.710102e-01	6.763596e-02	1.323227e-13	
2  104.367	2.358744e+00	1.236042e-01	7.386411e-01	3.012119e+00	9.798453e-01	5.617068e-02	5.406026e-01	6.984560e-02	4.254020e+00	9.958991e-01	7.709059e+00	7.289379e-01	2.458927e-01	2.033376e+00	7.952445e-01	1.042768e+00	7.385763e+01	1.422952e+02	2.710102e-01	6.763596e-02	1.323227e-13	
6  103.81	2.357098e+00	1.235621e-01	7.377861e-01	3.024687e+00	9.821205e-01	6.082973e-02	5.504683e-01	8.402467e-02	4.223503e+00	9.976395e-01	8.167758e+00	7.284016e-01	2.458857e-01	2.058780e+00	8.001753e-01	1.042202e+00	7.377674e+01	1.422710e+02	2.715364e-01	6.882442e-02	5.409792e-14	
2  103.671	2.360129e+00	1.227958e-01	7.450580e-01	3.019005e+00	9.845152e-01	5.894463e-02	5.652909e-01	7.339292e-02	4.196874e+00	9.977179e-01	7.966679e+00	7.350204e-01	2.458974e-01	2.047323e+00	7.960007e-01	1.042883e+00	7.449989e+01	1.423639e+02	2.649362e-01	7.050187e-02	1.142889e-13	
1  104.99	2.360129e+00	1.227958e-01	7.450580e-01	3.019005e+00	9.845152e-01	5.894463e-02	5.652909e-01	7.339292e-02	4.196874e+00	9.997773e-01	7.966679e+00	7.350204e-01	2.458974e-01	2.047323e+00	7.960007e-01	1.042883e+00	7.449989e+01	1.423639e+02	2.649362e-01	7.050187e-02	1.142889e-13	
9  104.289	2.361499e+00	1.229680e-01	7.507427e-01	3.005597e+00	9.860156e-01	5.181249e-02	6.102423e-01	6.292460e-02	4.144312e+00	1.000088e+00	7.262693e+00	7.387481e-01	2.459022e-01	2.020176e+00	7.905713e-01	1.043126e+00	7.506998e+01	1.421046e+02	2.612178e-01	7.565676e-02	6.797947e-14	
1  104.055	2.361499e+00	1.229680e-01	7.507427e-01	3.005597e+00	9.860156e-01	5.181249e-02	6.102423e-01	6.292460e-02	4.144312e+00	9.996052e-01	7.262693e+00	7.387481e-01	2.459022e-01	2.020176e+00	7.905713e-01	1.043126e+00	7.506998e+01	1.421046e+02	2.612178e-01	7.565676e-02	6.797947e-14	
1  106.989	2.372632e+00	1.235899e-01	7.545122e-01	2.987054e+00	9.882205e-01	4.521030e-02	6.272165e-01	4.726054e-02	4.067139e+00	9.964379e-01	6.556947e+00	7.400583e-01	2.459459e-01	1.983650e+00	7.858981e-01	1.043957e+00	7.544370e+01	1.417739e+02	2.598656e-01	7.747360e-02	2.043311e-13	
2  106.681	2.377955e+00	1.224293e-01	7.606536e-01	2.971244e+00	9.929739e-01	4.177067e-02	6.689264e-01	5.384458e-02	4.079061e+00	9.938980e-01	6.178113e+00	7.462156e-01	2.459686e-01	1.952044e+00	7.749531e-01	1.042935e+00	7.606705e+01	1.417994e+02	2.538066e-01	8.233831e-02	-6.390959e-14	
1  106.98	2.385137e+00	1.230483e-01	7.596299e-01	2.978894e+00	9.933553e-01	4.308143e-02	6.578667e-01	8.181464e-02	4.055021e+00	9.953646e-01	6.307973e+00	7.442975e-01	2.459958e-01	1.967325e+00	7.807037e-01	1.043468e+00	7.595784e+01	1.416323e+02	2.557021e-01	8.100966e-02	7.757768e-14	
2  108.748	2.384603e+00	1.230972e-01	7.557239e-01	2.986782e+00	9.914314e-01	4.724712e-02	6.832896e-01	7.954311e-02	4.066799e+00	9.949556e-01	6.766572e+00	7.415056e-01	2.459964e-01	1.981966e+00	7.811314e-01	1.041606e+00	7.558993e+01	1.414897e+02	2.584047e-01	8.408096e-02	-2.145339e-13	
3  107.198	2.386101e+00	1.220227e-01	7.638291e-01	2.995394e+00	9.940472e-01	5.267523e-02	6.487104e-01	7.287366e-02	4.017491e+00	9.952542e-01	7.286323e+00	7.487599e-01	2.459990e-01	2.000242e+00	7.842611e-01	1.043846e+00	7.637227e+01	1.419127e+02	2.512024e-01	7.995383e-02	1.705924e-13	
7  107.736	2.386101e+00	1.220227e-01	7.638291e-01	2.995394e+00	9.940472e-01	5.267523e-02	6.487104e-01	7.287366e-02	4.017491e+00	9.968414e-01	7.286323e+00	7.487599e-01	2.459990e-01	2.000242e+00	7.842611e-01	1.043846e+00	7.637227e+01	1.419127e+02	2.512024e-01	7.995383e-02	1.705924e-13	
1  107.21	2.392494e+00	1.220370e-01	7.597315e-01	2.997986e+00	9.969152e-01	5.200874e-02	6.497657e-01	8.173366e-02	4.038329e+00	9.986851e-01	7.217849e+00	7.459118e-01	2.460254e-01	2.004693e+00	7.849777e-01	1.042512e+00	7.597489e+01	1.418222e+02	2.540959e-01	8.021603e-02	-7.677488e-14	
1  107.501	2.387313e+00	1.230568e-01	7.545926e-01	2.995512e+00	9.926762e-01	4.848420e-02	6.177859e-01	7.165811e-02	4.010880e+00	9.994549e-01	6.870855e+00	7.407718e-01	2.460044e-01	2.000222e+00	7.880485e-01	1.043345e+00	7.545197e+01	1.417876e+02	2.592185e-01	7.644693e-02	1.466140e-13	
1  105.927	2.380271e+00	1.239466e-01	7.531436e-01	2.989677e+00	9.916678e-01	4.338089e-02	6.665777e-01	9.005424e-02	3.999835e+00	1.000591e+00	6.366016e+00	7.383745e-01	2.459774e-01	1.987962e+00	7.866380e-01	1.042432e+00	7.531797e+01	1.414155e+02	2.616084e-01	8.211897e-02	-6.774254e-14	
2  106.131	2.380271e+00	1.239466e-01	7.531436e-01	2.989677e+00	9.916678e-01	4.338089e-02	6.665777e-01	9.005424e-02	3.999835e+00	1.001170e+00	6.366016e+00	7.383745e-01	2.459774e-01	1.987962e+00	7.866380e-01	1.042432e+00	7.531797e+01	1.414155e+02	2.616084e-01	8.211897e-02	-6.774254e-14	
3  106.753	2.361535e+00	1.243086e-01	7.509951e-01	2.990436e+00	9.945416e-01	4.241117e-02	6.918825e-01	8.471144e-02	3.975066e+00	1.002722e+00	6.300740e+00	7.365690e-01	2.459014e-01	1.989078e+00	7.886991e-01	1.041874e+00	7.511084e+01	1.414035e+02	2.633901e-01	8.504554e-02	-1.727991e-13	
4  106.341	2.353573e+00	1.249968e-01	7.479143e-01	2.988760e+00	9.935618e-01	3.742609e-02	6.841221e-01	8.980024e-02	4.050599e+00	1.005877e+00	5.760599e+00	7.333475e-01	2.458690e-01	1.985811e+00	7.908700e-01	1.042191e+00	7.480045e+01	1.413598e+02	2.666238e-01	8.415271e-02	-1.030616e-13	
1  107.11	2.353142e+00	1.262186e-01	7.443212e-01	2.999454e+00	9.920118e-01	4.171891e-02	6.481144e-01	9.073796e-02	4.062286e+00	1.005402e+00	6.245709e+00	7.285383e-01	2.458661e-01	2.008087e+00	8.009685e-01	1.043644e+00	7.443123e+01	1.412475e+02	2.714430e-01	7.985912e-02	1.275673e-13	
3  108.864	2.353142e+00	1.262186e-01	7.443212e-01	2.999454e+00	9.920118e-01	4.171891e-02	6.481144e-01	9.073796e-02	4.062286e+00	1.007078e+00	6.245709e+00	7.285383e-01	2.458661e-01	2.008087e+00	8.009685e-01	1.043644e+00	7.443123e+01	1.412475e+02	2.714430e-01	7.985912e-02	1.275673e-13	
11  108.675	2.358267e+00	1.273194e-01	7.440827e-01	2.998477e+00	9.869618e-01	3.794117e-02	6.692177e-01	8.336803e-02	4.041342e+00	1.008342e+00	5.823059e+00	7.263256e-01	2.458881e-01	2.006189e+00	8.019543e-01	1.043857e+00	7.441341e+01	1.408459e+02	2.735928e-01	8.221908e-02	2.144240e-13	
2  109.281	2.369174e+00	1.270817e-01	7.355710e-01	3.021218e+00	9.899321e-01	4.949413e-02	6.387000e-01	9.865800e-02	4.054950e+00	1.008379e+00	7.066455e+00	7.200308e-01	2.459336e-01	2.051678e+00	8.101647e-01	1.041907e+00	7.355171e+01	1.409135e+02	2.799472e-01	7.889786e-02	3.050715e-14	
1  108.778	2.369434e+00	1.274601e-01	7.384515e-01	3.017245e+00	9.916008e-01	4.714986e-02	6.541731e-01	7.374854e-02	4.094238e+00	1.008437e+00	6.823140e+00	7.215581e-01	2.459342e-01	2.043829e+00	8.104905e-01	1.042591e+00	7.383721e+01	1.407618e+02	2.784685e-01	8.058675e-02	1.319744e-13	
4  105.807	2.366709e+00	1.282574e-01	7.455863e-01	3.018902e+00	9.902575e-01	4.773470e-02	7.360891e-01	8.471665e-02	4.057789e+00	1.007763e+00	6.905967e+00	7.255048e-01	2.459232e-01	2.047129e+00	8.112633e-01	1.042794e+00	7.455315e+01	1.402391e+02	2.744798e-01	8.980563e-02	1.325972e-13	
3  105.53	2.375906e+00	1.281463e-01	7.502862e-01	3.013026e+00	9.907951e-01	4.780132e-02	7.608584e-01	9.280392e-02	4.050346e+00	1.004969e+00	6.896217e+00	7.289698e-01	2.459600e-01	2.035170e+00	8.077518e-01	1.042940e+00	7.502264e+01	1.400638e+02	2.710203e-01	9.254758e-02	1.150765e-13	
3  105.983	2.375433e+00	1.270970e-01	7.526808e-01	3.015813e+00	9.925149e-01	5.016951e-02	7.731573e-01	9.540953e-02	3.998935e+00	1.005356e+00	7.136424e+00	7.325110e-01	2.459579e-01	2.040425e+00	8.049604e-01	1.042159e+00	7.526796e+01	1.402481e+02	2.674416e-01	9.401326e-02	-5.885958e-17	
1  107.072	2.386697e+00	1.267439e-01	7.563936e-01	2.997287e+00	9.921453e-01	4.257138e-02	7.401042e-01	8.117007e-02	3.978851e+00	1.003924e+00	6.294031e+00	7.356353e-01	2.460017e-01	2.003741e+00	7.979285e-01	1.043616e+00	7.563625e+01	1.403786e+02	2.643347e-01	9.018191e-02	1.831992e-13	
1  104.63	2.366455e+00	1.273986e-01	7.559713e-01	3.004888e+00	9.911666e-01	4.635015e-02	7.839597e-01	7.059869e-02	3.989670e+00	1.003667e+00	6.752286e+00	7.345406e-01	2.459208e-01	2.018681e+00	8.020357e-01	1.043281e+00	7.559438e+01	1.402288e+02	2.654375e-01	9.510851e-02	4.712343e-14	
1  105.289	2.361942e+00	1.277898e-01	7.515504e-01	3.001263e+00	9.881534e-01	4.535305e-02	8.038692e-01	5.727733e-02	4.012235e+00	1.002374e+00	6.665345e+00	7.307609e-01	2.459048e-01	2.010804e+00	7.993806e-01	1.041914e+00	7.516100e+01	1.400876e+02	2.691638e-01	9.742341e-02	-7.227063e-14	
3  105.701	2.361942e+00	1.277898e-01	7.515504e-01	3.001263e+00	9.881534e-01	4.535305e-02	8.038692e-01	5.727733e-02	4.012235e+00	1.001621e+00	6.665345e+00	7.307609e-01	2.459048e-01	2.010804e+00	7.993806e-01	1.041914e+00	7.516100e+01	1.400876e+02	2.691638e-01	9.742341e-02	-7.227063e-14	
1  104.105	2.345370e+00	1.274769e-01	7.528709e-01	3.002989e+00	9.856710e-01	4.642843e-02	7.624429e-01	3.471949e-02	4.017309e+00	1.001971e+00	6.797245e+00	7.325883e-01	2.458360e-01	2.014978e+00	8.015022e-01	1.043771e+00	7.528579e+01	1.405183e+02	2.673406e-01	9.272712e-02	2.742820e-14	
7  105.868	2.350353e+00	1.272866e-01	7.498258e-01	3.001482e+00	9.896937e-01	4.576018e-02	7.884797e-01	2.465445e-02	4.008684e+00	1.002309e+00	6.723093e+00	7.306281e-01	2.458574e-01	2.011175e+00	7.990503e-01	1.041740e+00	7.499076e+01	1.403897e+02	2.692926e-01	9.575924e-02	-9.345636e-14	
1  104.099	2.351181e+00	1.266102e-01	7.501409e-01	3.023974e+00	9.909669e-01	5.800094e-02	7.579760e-01	3.706094e-02	3.976617e+00	1.002188e+00	7.967735e+00	7.319989e-01	2.458601e-01	2.057070e+00	8.073723e-01	1.042118e+00	7.501447e+01	1.406748e+02	2.679619e-01	9.235138e-02	-4.489869e-14	
1  105.261	2.351013e+00	1.273823e-01	7.460406e-01	3.021230e+00	9.906235e-01	5.343781e-02	7.557412e-01	2.627279e-02	4.042792e+00	1.004243e+00	7.522498e+00	7.276542e-01	2.458596e-01	2.051412e+00	8.086156e-01	1.041826e+00	7.460440e+01	1.405061e+02	2.722827e-01	9.210014e-02	-4.927181e-14	
2  104.101	2.344699e+00	1.263486e-01	7.462961e-01	3.020398e+00	9.912540e-01	5.607908e-02	6.921596e-01	2.844675e-02	3.991235e+00	1.002781e+00	7.779651e+00	7.298271e-01	2.458328e-01	2.050126e+00	8.081197e-01	1.043108e+00	7.462263e+01	1.410999e+02	2.701608e-01	8.492131e-02	1.121722e-14	
2  103.874	2.345526e+00	1.263579e-01	7.505750e-01	3.023381e+00	9.903530e-01	5.463257e-02	7.529697e-01	2.758099e-02	3.897921e+00	1.005342e+00	7.638910e+00	7.328966e-01	2.458365e-01	2.055856e+00	8.065718e-01	1.042300e+00	7.505727e+01	1.408148e+02	2.670702e-01	9.180673e-02	-1.421198e-15	
1  103.729	2.356646e+00	1.257676e-01	7.535654e-01	3.024781e+00	9.885816e-01	5.598302e-02	7.509644e-01	2.526931e-02	3.825558e+00	1.004950e+00	7.742725e+00	7.358451e-01	2.458822e-01	2.058694e+00	8.041242e-01	1.042296e+00	7.535741e+01	1.408483e+02	2.641056e-01	9.160024e-02	2.349317e-14	
1  103.24	2.357308e+00	1.254427e-01	7.548816e-01	3.029120e+00	9.882053e-01	5.820780e-02	7.396145e-01	3.556672e-02	3.860208e+00	1.005194e+00	7.954140e+00	7.373270e-01	2.458847e-01	2.067759e+00	8.052306e-01	1.042686e+00	7.548692e+01	1.409701e+02	2.626357e-01	9.030855e-02	4.644171e-14	
5  103.479	2.355884e+00	1.251826e-01	7.568018e-01	3.032732e+00	9.901226e-01	6.125032e-02	7.533159e-01	7.085199e-02	3.886465e+00	1.004540e+00	8.249571e+00	7.391231e-01	2.458788e-01	2.075143e+00	8.059597e-01	1.042544e+00	7.568039e+01	1.409842e+02	2.608474e-01	9.185270e-02	3.315061e-14	
4  106.193	2.356784e+00	1.247696e-01	7.592457e-01	3.035161e+00	9.871881e-01	6.170746e-02	7.872428e-01	5.211857e-02	3.865154e+00	1.005399e+00	8.287893e+00	7.414809e-01	2.458837e-01	2.079837e+00	8.027354e-01	1.041664e+00	7.593504e+01	1.409216e+02	2.584174e-01	9.572417e-02	7.257126e-14	
2  106.455	2.357264e+00	1.244296e-01	7.667055e-01	3.025387e+00	9.872582e-01	5.606647e-02	7.580120e-01	3.250543e-02	3.847404e+00	1.006451e+00	7.724523e+00	7.471285e-01	2.458821e-01	2.060671e+00	8.005640e-01	1.044335e+00	7.667847e+01	1.411344e+02	2.527529e-01	9.215808e-02	-5.159527e-14	
5  106.825	2.357264e+00	1.244296e-01	7.667055e-01	3.025387e+00	9.872582e-01	5.606647e-02	7.580120e-01	3.250543e-02	3.847404e+00	1.004518e+00	7.724523e+00	7.471285e-01	2.458821e-01	2.060671e+00	8.005640e-01	1.044335e+00	7.667847e+01	1.411344e+02	2.527529e-01	9.215808e-02	-5.159527e-14	
1  105.068	2.351609e+00	1.246764e-01	7.546217e-01	3.010549e+00	9.876799e-01	4.898137e-02	6.791712e-01	2.833281e-02	3.865266e+00	1.004145e+00	7.013270e+00	7.386479e-01	2.458596e-01	2.030387e+00	7.980401e-01	1.043972e+00	7.546509e+01	1.414866e+02	2.612614e-01	8.337780e-02	5.385168e-14	
2  104.603	2.358099e+00	1.242642e-01	7.469416e-01	3.040100e+00	9.904648e-01	6.236390e-02	6.171916e-01	3.220317e-02	3.883927e+00	1.005889e+00	8.323077e+00	7.337748e-01	2.458867e-01	2.090921e+00	8.104528e-01	1.043270e+00	7.468904e+01	1.417973e+02	2.661712e-01	7.637657e-02	1.560375e-13	
7  104.816	2.356273e+00	1.248872e-01	7.396223e-01	3.028569e+00	9.890713e-01	5.874981e-02	6.132992e-01	2.075857e-02	3.825884e+00	1.003211e+00	7.993418e+00	7.273487e-01	2.458806e-01	2.066637e+00	8.066770e-01	1.042019e+00	7.395994e+01	1.416758e+02	2.726035e-01	7.603614e-02	-1.393259e-14	
4  102.932	2.343761e+00	1.266977e-01	7.393371e-01	3.026664e+00	9.844482e-01	5.720883e-02	6.463269e-01	3.104098e-02	3.830315e+00	1.001745e+00	7.895301e+00	7.241035e-01	2.458303e-01	2.062952e+00	8.108459e-01	1.043034e+00	7.392580e+01	1.412338e+02	2.758600e-01	7.974423e-02	8.296930e-14	
1  102.992	2.342875e+00	1.270886e-01	7.378472e-01	3.026032e+00	9.837262e-01	5.624987e-02	6.760590e-01	2.973800e-02	3.851928e+00	1.001875e+00	7.812261e+00	7.222760e-01	2.458274e-01	2.061383e+00	8.100218e-01	1.042056e+00	7.378122e+01	1.410117e+02	2.776692e-01	8.317580e-02	-5.581975e-15	
4  102.992	2.342875e+00	1.270886e-01	7.378472e-01	3.026032e+00	9.837262e-01	5.624987e-02	6.760590e-01	2.973800e-02	3.851928e+00	1.001994e+00	7.812261e+00	7.222760e-01	2.458274e-01	2.061383e+00	8.100218e-01	1.042056e+00	7.378122e+01	1.410117e+02	2.776692e-01	8.317580e-02	-5.581975e-15	
5  104.976	2.362029e+00	1.253912e-01	7.395726e-01	3.027219e+00	9.889797e-01	5.989152e-02	6.125994e-01	3.645771e-02	3.811663e+00	1.000989e+00	8.098303e+00	7.262784e-01	2.459041e-01	2.064037e+00	8.079208e-01	1.042388e+00	7.395174e+01	1.415033e+02	2.737008e-01	7.591091e-02	2.104230e-14	
1  105.248	2.361182e+00	1.253182e-01	7.444623e-01	3.016529e+00	9.914206e-01	5.633541e-02	6.670276e-01	3.731943e-02	3.825354e+00	9.996784e-01	7.758087e+00	7.300099e-01	2.459005e-01	2.041893e+00	8.022486e-01	1.041916e+00	7.444820e+01	1.412789e+02	2.699470e-01	8.215807e-02	-1.080815e-13	
1  106.231	2.361182e+00	1.253182e-01	7.444623e-01	3.016529e+00	9.914206e-01	5.633541e-02	6.670276e-01	3.731943e-02	3.825354e+00	9.972433e-01	7.758087e+00	7.300099e-01	2.459005e-01	2.041893e+00	8.022486e-01	1.041916e+00	7.444820e+01	1.412789e+02	2.699470e-01	8.215807e-02	-1.080815e-13	
2  105.644	2.345617e+00	1.259438e-01	7.447123e-01	3.030592e+00	9.879631e-01	5.957561e-02	6.337654e-01	4.853360e-02	3.921491e+00	1.000111e+00	8.106113e+00	7.293516e-01	2.458360e-01	2.071446e+00	8.123031e-01	1.044151e+00	7.446631e+01	1.414566e+02	2.705131e-01	7.819795e-02	1.974726e-13	
4  104.288	2.343457e+00	1.263146e-01	7.362548e-01	3.028305e+00	9.835948e-01	5.990436e-02	6.491023e-01	1.870573e-02	3.953192e+00	9.980688e-01	8.159152e+00	7.224622e-01	2.458299e-01	2.066005e+00	8.087585e-01	1.041695e+00	7.362698e+01	1.413058e+02	2.774520e-01	8.013899e-02	-4.763827e-14	
3  102.856	2.340275e+00	1.262106e-01	7.352143e-01	3.027560e+00	9.833126e-01	6.122504e-02	6.024735e-01	1.449756e-03	3.914989e+00	9.966986e-01	8.286839e+00	7.219362e-01	2.458167e-01	2.064750e+00	8.104938e-01	1.042914e+00	7.351402e+01	1.415818e+02	2.780198e-01	7.474922e-02	7.262938e-14	
10  103.076	2.340275e+00	1.262106e-01	7.352143e-01	3.027560e+00	9.833126e-01	6.122504e-02	6.024735e-01	1.449756e-03	3.914989e+00	9.955974e-01	8.286839e+00	7.219362e-01	2.458167e-01	2.064750e+00	8.104938e-01	1.042914e+00	7.351402e+01	1.415818e+02	2.780198e-01	7.474922e-02	7.262938e-14	
3  102.929	2.340275e+00	1.262106e-01	7.352143e-01	3.027560e+00	9.833126e-01	6.122504e-02	6.024735e-01	1.449756e-03	3.914989e+00	9.960675e-01	8.286839e+00	7.219362e-01	2.458167e-01	2.064750e+00	8.104938e-01	1.042914e+00	7.351402e+01	1.415818e+02	2.780198e-01	7.474922e-02	7.262938e-14	
7  102.899	2.336725e+00	1.264335e-01	7.369708e-01	3.022771e+00	9.839301e-01	5.859733e-02	6.307404e-01	1.915912e-02	3.949349e+00	9.961880e-01	8.044619e+00	7.229295e-01	2.458022e-01	2.054861e+00	8.087360e-01	1.042802e+00	7.369038e+01	1.414361e+02	2.770350e-01	7.799948e-02	2.781414e-14	
3  102.508	2.336725e+00	1.264335e-01	7.369708e-01	3.022771e+00	9.839301e-01	5.859733e-02	6.307404e-01	1.915912e-02	3.949349e+00	9.975907e-01	8.044619e+00	7.229295e-01	2.458022e-01	2.054861e+00	8.087360e-01	1.042802e+00	7.369038e+01	1.414361e+02	2.770350e-01	7.799948e-02	2.781414e-14	
