15  105.057	2.277264e+00	1.288099e-01	7.457081e-01	2.969954e+00	9.781110e-01	3.788317e-02	8.335204e-01	1.544578e-01	3.473850e+00	9.965975e-01	5.982529e+00	7.262940e-01	2.455615e-01	1.949402e+00	7.898103e-01	1.042662e+00	7.458569e+01	1.405884e+02	2.736804e-01	1.007454e-01	8.599833e-14	
1  105.278	2.230103e+00	1.318014e-01	6.969966e-01	2.992624e+00	9.743728e-01	3.266886e-02	5.536450e-01	1.425349e-01	4.382356e+00	1.001366e+00	5.448457e+00	6.813903e-01	2.453663e-01	1.994330e+00	8.155457e-01	1.042137e+00	6.970721e+01	1.416207e+02	3.185942e-01	6.922533e-02	-1.776349e-13	
6  104.997	2.270820e+00	1.387982e-01	7.205424e-01	3.036831e+00	9.589237e-01	4.857109e-02	9.441091e-01	5.793498e-01	3.232498e+00	1.008025e+00	7.333905e+00	6.875426e-01	2.455347e-01	2.084230e+00	8.372787e-01	1.041914e+00	7.204769e+01	1.379365e+02	3.124294e-01	1.123749e-01	-1.446083e-14	
1  106.1	2.294872e+00	1.326814e-01	7.391055e-01	3.138141e+00	9.772164e-01	1.070612e-01	8.810096e-01	4.956689e-01	3.181723e+00	1.005166e+00	1.262283e+01	7.138984e-01	2.456338e-01	2.306440e+00	8.698038e-01	1.042654e+00	7.391763e+01	1.393273e+02	2.860543e-01	1.057009e-01	-3.982186e-14	
2  104.687	2.285588e+00	1.262520e-01	7.283436e-01	3.051411e+00	9.846462e-01	7.494899e-02	5.724895e-01	2.173259e-01	4.104227e+00	9.940503e-01	9.709741e+00	7.175656e-01	2.455928e-01	2.114304e+00	8.243651e-01	1.043483e+00	7.283624e+01	1.422714e+02	2.822714e-01	7.136726e-02	-1.172274e-14	
2  106.593	2.332016e+00	1.218855e-01	7.434978e-01	3.109774e+00	9.948218e-01	1.037031e-01	5.341869e-01	1.109024e-01	3.368807e+00	9.966801e-01	1.193176e+01	7.360968e-01	2.457823e-01	2.241632e+00	8.358114e-01	1.043299e+00	7.435100e+01	1.430311e+02	2.638029e-01	6.672955e-02	1.249008e-13	
3  105.949	2.332016e+00	1.218855e-01	7.434978e-01	3.109774e+00	9.948218e-01	1.037031e-01	5.341869e-01	1.109024e-01	3.368807e+00	9.975344e-01	1.193176e+01	7.360968e-01	2.457823e-01	2.241632e+00	8.358114e-01	1.043299e+00	7.435100e+01	1.430311e+02	2.638029e-01	6.672955e-02	1.249008e-13	
23  104.953	2.337949e+00	1.354502e-01	7.608857e-01	3.019710e+00	9.899625e-01	5.162296e-02	1.105692e+00	4.157867e-03	4.880892e+00	1.007371e+00	7.493631e+00	7.245183e-01	2.458088e-01	2.048691e+00	8.254722e-01	1.043086e+00	7.607944e+01	1.373334e+02	2.754738e-01	1.291797e-01	2.723560e-15	
1  107.789	2.313191e+00	1.364400e-01	7.576924e-01	3.010829e+00	9.949013e-01	4.983130e-02	1.139193e+00	1.110837e-02	4.303658e+00	1.004082e+00	7.373301e+00	7.208996e-01	2.457080e-01	2.030881e+00	8.263521e-01	1.042798e+00	7.576165e+01	1.372208e+02	2.791308e-01	1.327363e-01	-1.135722e-13	
1  105.753	2.306979e+00	1.301644e-01	7.041882e-01	3.011868e+00	9.597075e-01	5.084037e-02	5.127539e-01	8.080029e-01	4.538598e+00	9.939632e-01	7.367335e+00	6.896944e-01	2.456809e-01	2.032510e+00	8.117852e-01	1.041858e+00	7.042062e+01	1.413852e+02	3.102404e-01	6.443022e-02	-9.121746e-14	
7  106.419	2.378332e+00	1.274470e-01	7.487526e-01	3.038856e+00	9.730323e-01	6.814986e-02	7.203972e-01	7.999501e-01	4.386314e+00	9.981070e-01	8.877481e+00	7.289630e-01	2.459739e-01	2.088410e+00	8.109167e-01	1.043057e+00	7.486673e+01	1.403761e+02	2.709500e-01	8.824679e-02	1.518335e-13	
3  106.849	2.321872e+00	1.173995e-01	6.960073e-01	3.005176e+00	9.687195e-01	3.366632e-02	3.504918e-02	2.843836e-01	4.666519e+00	1.006823e+00	5.237244e+00	7.084228e-01	2.457394e-01	2.019464e+00	7.836743e-01	1.042239e+00	6.961044e+01	1.466756e+02	2.914905e-01	4.866518e-03	1.256082e-13	
3  106.102	2.330985e+00	1.223460e-01	7.444640e-01	2.982869e+00	9.916393e-01	4.700987e-02	5.933360e-01	5.623391e-01	4.755155e+00	9.926438e-01	6.819221e+00	7.359862e-01	2.457794e-01	1.974535e+00	7.822593e-01	1.042095e+00	7.445782e+01	1.426380e+02	2.639908e-01	7.384292e-02	-1.649685e-13	
8  104.691	2.205666e+00	1.259537e-01	6.727848e-01	3.045456e+00	9.612114e-01	5.096520e-02	1.932310e-01	6.562744e-01	4.215066e+00	1.000179e+00	7.512651e+00	6.714351e-01	2.452555e-01	2.102104e+00	8.252599e-01	1.041916e+00	6.727485e+01	1.449606e+02	3.285283e-01	2.528449e-02	-2.800301e-15	
3  102.539	2.205666e+00	1.259537e-01	6.727848e-01	3.045456e+00	9.612114e-01	5.096520e-02	1.932310e-01	6.562744e-01	4.215066e+00	1.002092e+00	7.512651e+00	6.714351e-01	2.452555e-01	2.102104e+00	8.252599e-01	1.041916e+00	6.727485e+01	1.449606e+02	3.285283e-01	2.528449e-02	-2.800301e-15	
2  104.519	2.330287e+00	1.214104e-01	7.198479e-01	3.013146e+00	9.764588e-01	3.959698e-02	3.234606e-01	7.955259e-01	3.659804e+00	1.005877e+00	5.969458e+00	7.195159e-01	2.457737e-01	2.035801e+00	7.950552e-01	1.043228e+00	7.199511e+01	1.441542e+02	2.803471e-01	4.149625e-02	1.559671e-13	
2  103.847	2.250850e+00	1.157340e-01	6.917916e-01	2.958764e+00	9.722964e-01	1.973714e-02	8.451973e-03	9.634504e-01	3.612503e+00	9.987115e-01	3.574277e+00	7.097055e-01	2.454477e-01	1.927204e+00	7.643645e-01	1.042013e+00	6.916715e+01	1.480382e+02	2.902471e-01	1.164488e-03	1.219988e-13	
2  104.583	2.286507e+00	1.324813e-01	7.238050e-01	3.033076e+00	9.816180e-01	6.631869e-02	7.495411e-01	3.183386e-01	2.291792e+00	9.926317e-01	9.026236e+00	7.021730e-01	2.455981e-01	2.075937e+00	8.299929e-01	1.042580e+00	7.238153e+01	1.400226e+02	2.977135e-01	9.144405e-02	-2.110690e-13	
2  103.697	2.243623e+00	1.278574e-01	6.785019e-01	3.031894e+00	9.655407e-01	5.049427e-02	2.934052e-01	8.032665e-01	2.923214e+00	1.001636e+00	7.411334e+00	6.721034e-01	2.454149e-01	2.073569e+00	8.221006e-01	1.041104e+00	6.784491e+01	1.436119e+02	3.278139e-01	3.783765e-02	-1.014359e-13	
1  102.671	2.306883e+00	1.240742e-01	7.158568e-01	3.054305e+00	9.727202e-01	7.423402e-02	4.046888e-01	9.623697e-01	4.733970e+00	9.935478e-01	9.531239e+00	7.114511e-01	2.456810e-01	2.120371e+00	8.175040e-01	1.042708e+00	7.158099e+01	1.433560e+02	2.884356e-01	5.150500e-02	6.889664e-14	
