1  502.898	2.316244e+00	1.428145e-01	7.339722e-01	3.127381e+00	9.963560e-01	9.666413e-02	3.183513e-01	1.593971e-01	2.413625e+00	1.394428e+01	9.962996e-01	1.077472e+01	6.736289e-01	2.460113e-01	2.218638e+00	4.118907e-01	1.042928e+00	7.572421e+01	1.444487e+02	3.123506e-01	6.131393e-02	-3.868691e+02	
1  501.028	2.306972e+00	1.420217e-01	7.379586e-01	3.128520e+00	9.983588e-01	9.744765e-02	3.290646e-01	1.576016e-01	2.438359e+00	1.375874e+01	9.973516e-01	1.091787e+01	6.779586e-01	2.459751e-01	2.222456e+00	4.216248e-01	1.043281e+00	7.617858e+01	1.445442e+02	3.072348e-01	6.240723e-02	-3.591268e+02	
7  499.11	2.292725e+00	1.427381e-01	7.434937e-01	3.130961e+00	9.992028e-01	9.808914e-02	3.691642e-01	1.444509e-01	2.436979e+00	1.391682e+01	9.975408e-01	1.110053e+01	6.810847e-01	2.459194e-01	2.225102e+00	4.396474e-01	1.044043e+00	7.673930e+01	1.443601e+02	3.027249e-01	6.619464e-02	-3.320775e+02	
1  500.59	2.292725e+00	1.427381e-01	7.434937e-01	3.130961e+00	9.992028e-01	9.808914e-02	3.691642e-01	1.444509e-01	2.436979e+00	1.391682e+01	1.001057e+00	1.110053e+01	6.810847e-01	2.459194e-01	2.225102e+00	4.396474e-01	1.044043e+00	7.673930e+01	1.443601e+02	3.027249e-01	6.619464e-02	-3.320775e+02	
1  500.337	2.288304e+00	1.417163e-01	7.369397e-01	3.122398e+00	1.000892e+00	9.451868e-02	2.997069e-01	1.508755e-01	2.361625e+00	1.368953e+01	1.001763e+00	1.069174e+01	6.768923e-01	2.458982e-01	2.211365e+00	4.160362e-01	1.043577e+00	7.603655e+01	1.449912e+02	3.083039e-01	6.121600e-02	-3.886982e+02	
2  501.735	2.294097e+00	1.399164e-01	7.412907e-01	3.124033e+00	1.003011e+00	9.895515e-02	2.787578e-01	1.473443e-01	2.322238e+00	1.370988e+01	1.000424e+00	1.102954e+01	6.826471e-01	2.459198e-01	2.219272e+00	4.094090e-01	1.043536e+00	7.648905e+01	1.452758e+02	3.025828e-01	6.063684e-02	-4.045174e+02	
2  500.18	2.279458e+00	1.405317e-01	7.461968e-01	3.101940e+00	9.995584e-01	9.054639e-02	2.938604e-01	1.444888e-01	2.336595e+00	1.365879e+01	9.974745e-01	1.029234e+01	6.847918e-01	2.458595e-01	2.170479e+00	4.137099e-01	1.044591e+00	7.707158e+01	1.451416e+02	3.001386e-01	6.326801e-02	-3.758491e+02	
3  500.293	2.286257e+00	1.398928e-01	7.501064e-01	3.096392e+00	1.003501e+00	8.749484e-02	2.996974e-01	1.342570e-01	2.291841e+00	1.385017e+01	9.985724e-01	9.967862e+00	6.888828e-01	2.458910e-01	2.156684e+00	4.131244e-01	1.044698e+00	7.736128e+01	1.451971e+02	2.961845e-01	6.330692e-02	-3.931932e+02	
7  499.266	2.279439e+00	1.416872e-01	7.448271e-01	3.092834e+00	9.994136e-01	8.430992e-02	2.385452e-01	1.361355e-01	2.338554e+00	1.386736e+01	9.977693e-01	9.663071e+00	6.807076e-01	2.458739e-01	2.149259e+00	4.292763e-01	1.045686e+00	7.703309e+01	1.453992e+02	3.033772e-01	5.707847e-02	-3.558641e+02	
14  498.581	2.289572e+00	1.407966e-01	7.448602e-01	3.092950e+00	1.003381e+00	8.626665e-02	2.443562e-01	1.337880e-01	2.338587e+00	1.385313e+01	9.970697e-01	9.827311e+00	6.830505e-01	2.459050e-01	2.149795e+00	4.284238e-01	1.045038e+00	7.695688e+01	1.454120e+02	3.010236e-01	5.678744e-02	-3.536085e+02	
3  499.841	2.271457e+00	1.422633e-01	7.440682e-01	3.093003e+00	1.002183e+00	8.477206e-02	2.466832e-01	1.495068e-01	2.346976e+00	1.374511e+01	9.972444e-01	9.739271e+00	6.785191e-01	2.458348e-01	2.154460e+00	4.180779e-01	1.045987e+00	7.703453e+01	1.453339e+02	3.062429e-01	5.888373e-02	-3.671508e+02	
11  498.928	2.271457e+00	1.422633e-01	7.440682e-01	3.093003e+00	1.002183e+00	8.477206e-02	2.466832e-01	1.495068e-01	2.346976e+00	1.374511e+01	9.959689e-01	9.739271e+00	6.785191e-01	2.458348e-01	2.154460e+00	4.180779e-01	1.045987e+00	7.703453e+01	1.453339e+02	3.062429e-01	5.888373e-02	-3.671508e+02	
5  498.809	2.271457e+00	1.422633e-01	7.440682e-01	3.093003e+00	1.002183e+00	8.477206e-02	2.466832e-01	1.495068e-01	2.346976e+00	1.374511e+01	9.935712e-01	9.739271e+00	6.785191e-01	2.458348e-01	2.154460e+00	4.180779e-01	1.045987e+00	7.703453e+01	1.453339e+02	3.062429e-01	5.888373e-02	-3.671508e+02	
2  496.812	2.269157e+00	1.409559e-01	7.442171e-01	3.088753e+00	1.005899e+00	8.390391e-02	2.494618e-01	1.476300e-01	2.335205e+00	1.388026e+01	9.941974e-01	9.658143e+00	6.814477e-01	2.458172e-01	2.145773e+00	4.112218e-01	1.045403e+00	7.695569e+01	1.455061e+02	3.037103e-01	5.905289e-02	-3.798788e+02	
1  496.155	2.259689e+00	1.418889e-01	7.409865e-01	3.091805e+00	1.000990e+00	8.383576e-02	2.656514e-01	1.447212e-01	2.324839e+00	1.378914e+01	9.944760e-01	9.709449e+00	6.779623e-01	2.457783e-01	2.148289e+00	4.141295e-01	1.045117e+00	7.657224e+01	1.453672e+02	3.070216e-01	6.061360e-02	-3.809506e+02	
11  496.23	2.252877e+00	1.422123e-01	7.394511e-01	3.084943e+00	1.002024e+00	8.192038e-02	2.643845e-01	1.467994e-01	2.311722e+00	1.392432e+01	9.930189e-01	9.526590e+00	6.761678e-01	2.457422e-01	2.134408e+00	4.062678e-01	1.045102e+00	7.640515e+01	1.453788e+02	3.092948e-01	6.108917e-02	-3.929814e+02	
3  496.487	2.244491e+00	1.432904e-01	7.408706e-01	3.080179e+00	9.989182e-01	7.561283e-02	3.089179e-01	1.249653e-01	2.275994e+00	1.397481e+01	9.953932e-01	8.989813e+00	6.767395e-01	2.457175e-01	2.112361e+00	4.252841e-01	1.045171e+00	7.635254e+01	1.451450e+02	3.078666e-01	6.318493e-02	-3.811095e+02	
11  496.831	2.244491e+00	1.432904e-01	7.408706e-01	3.080179e+00	9.989182e-01	7.561283e-02	3.089179e-01	1.249653e-01	2.275994e+00	1.397481e+01	9.971481e-01	8.989813e+00	6.767395e-01	2.457175e-01	2.112361e+00	4.252841e-01	1.045171e+00	7.635254e+01	1.451450e+02	3.078666e-01	6.318493e-02	-3.811095e+02	
11  497.294	2.244491e+00	1.432904e-01	7.408706e-01	3.080179e+00	9.989182e-01	7.561283e-02	3.089179e-01	1.249653e-01	2.275994e+00	1.397481e+01	9.978617e-01	8.989813e+00	6.767395e-01	2.457175e-01	2.112361e+00	4.252841e-01	1.045171e+00	7.635254e+01	1.451450e+02	3.078666e-01	6.318493e-02	-3.811095e+02	
4  496.872	2.244491e+00	1.432904e-01	7.408706e-01	3.080179e+00	9.989182e-01	7.561283e-02	3.089179e-01	1.249653e-01	2.275994e+00	1.397481e+01	9.972238e-01	8.989813e+00	6.767395e-01	2.457175e-01	2.112361e+00	4.252841e-01	1.045171e+00	7.635254e+01	1.451450e+02	3.078666e-01	6.318493e-02	-3.811095e+02	
2  497.3	2.231474e+00	1.437173e-01	7.350261e-01	3.087927e+00	9.994608e-01	8.349208e-02	3.526883e-01	1.317304e-01	2.258185e+00	1.385255e+01	9.934944e-01	9.866683e+00	6.728238e-01	2.456321e-01	2.132023e+00	4.101200e-01	1.043821e+00	7.565211e+01	1.448985e+02	3.122858e-01	6.918625e-02	-3.982874e+02	
1  496.953	2.227369e+00	1.436478e-01	7.354183e-01	3.103446e+00	9.996680e-01	9.121320e-02	3.195475e-01	1.284469e-01	2.150848e+00	1.366121e+01	9.937084e-01	1.058754e+01	6.714522e-01	2.456232e-01	2.171887e+00	4.019353e-01	1.044189e+00	7.571224e+01	1.452019e+02	3.135814e-01	6.873854e-02	-4.460123e+02	
3  496.663	2.228662e+00	1.432734e-01	7.345382e-01	3.096422e+00	1.000585e+00	8.818594e-02	2.984932e-01	1.246096e-01	2.093858e+00	1.368064e+01	9.937187e-01	1.024788e+01	6.710462e-01	2.456284e-01	2.157005e+00	3.939273e-01	1.044102e+00	7.555029e+01	1.453926e+02	3.145086e-01	6.703788e-02	-4.705110e+02	
1  495.865	2.218294e+00	1.443600e-01	7.224067e-01	3.077520e+00	9.956373e-01	7.676917e-02	2.571412e-01	1.271451e-01	2.120759e+00	1.364583e+01	9.942137e-01	9.112711e+00	6.606262e-01	2.455801e-01	2.109888e+00	3.938878e-01	1.043460e+00	7.426715e+01	1.455588e+02	3.255699e-01	6.088693e-02	-4.611940e+02	
8  496.175	2.218294e+00	1.443600e-01	7.224067e-01	3.077520e+00	9.956373e-01	7.676917e-02	2.571412e-01	1.271451e-01	2.120759e+00	1.364583e+01	9.948638e-01	9.112711e+00	6.606262e-01	2.455801e-01	2.109888e+00	3.938878e-01	1.043460e+00	7.426715e+01	1.455588e+02	3.255699e-01	6.088693e-02	-4.611940e+02	
3  496.485	2.204897e+00	1.445926e-01	7.193244e-01	3.098192e+00	9.905733e-01	8.234205e-02	2.139773e-01	1.186225e-01	2.082433e+00	1.366960e+01	9.988373e-01	9.723148e+00	6.566548e-01	2.455449e-01	2.154352e+00	4.055549e-01	1.043668e+00	7.398239e+01	1.460085e+02	3.283537e-01	5.803455e-02	-4.770973e+02	
5  496.389	2.204897e+00	1.445926e-01	7.193244e-01	3.098192e+00	9.905733e-01	8.234205e-02	2.139773e-01	1.186225e-01	2.082433e+00	1.366960e+01	9.986895e-01	9.723148e+00	6.566548e-01	2.455449e-01	2.154352e+00	4.055549e-01	1.043668e+00	7.398239e+01	1.460085e+02	3.283537e-01	5.803455e-02	-4.770973e+02	
6  496.777	2.207743e+00	1.447815e-01	7.201817e-01	3.096777e+00	9.910469e-01	8.290069e-02	1.969948e-01	1.091929e-01	2.047682e+00	1.356167e+01	9.973065e-01	9.762844e+00	6.567094e-01	2.455587e-01	2.151332e+00	4.134247e-01	1.043949e+00	7.406195e+01	1.461152e+02	3.276235e-01	5.650435e-02	-4.716425e+02	
5  496.553	2.207743e+00	1.447815e-01	7.201817e-01	3.096777e+00	9.910469e-01	8.290069e-02	1.969948e-01	1.091929e-01	2.047682e+00	1.356167e+01	9.967247e-01	9.762844e+00	6.567094e-01	2.455587e-01	2.151332e+00	4.134247e-01	1.043949e+00	7.406195e+01	1.461152e+02	3.276235e-01	5.650435e-02	-4.716425e+02	
2  500.489	2.202172e+00	1.459699e-01	7.233059e-01	3.093696e+00	9.872105e-01	8.269166e-02	1.880619e-01	1.204976e-01	2.017221e+00	1.345833e+01	9.940695e-01	9.692225e+00	6.549516e-01	2.455419e-01	2.150465e+00	3.993721e-01	1.045174e+00	7.455913e+01	1.459743e+02	3.301029e-01	5.840659e-02	-4.934545e+02	
1  496.389	2.204958e+00	1.453932e-01	7.144424e-01	3.089597e+00	9.874220e-01	8.100938e-02	1.878147e-01	1.246291e-01	2.091884e+00	1.339820e+01	9.943032e-01	9.542557e+00	6.512926e-01	2.455352e-01	2.137514e+00	4.022957e-01	1.043594e+00	7.355587e+01	1.459963e+02	3.339937e-01	5.582692e-02	-4.649835e+02	
3  496.88	2.199633e+00	1.452791e-01	7.131612e-01	3.092286e+00	9.885166e-01	8.117608e-02	1.646328e-01	1.201292e-01	2.104053e+00	1.349463e+01	9.957185e-01	9.589982e+00	6.503289e-01	2.455178e-01	2.143071e+00	4.119615e-01	1.043720e+00	7.344865e+01	1.462520e+02	3.342603e-01	5.330040e-02	-4.541282e+02	
6  496.804	2.199633e+00	1.452791e-01	7.131612e-01	3.092286e+00	9.885166e-01	8.117608e-02	1.646328e-01	1.201292e-01	2.104053e+00	1.349463e+01	9.949413e-01	9.589982e+00	6.503289e-01	2.455178e-01	2.143071e+00	4.119615e-01	1.043720e+00	7.344865e+01	1.462520e+02	3.342603e-01	5.330040e-02	-4.541282e+02	
15  497.125	2.209040e+00	1.444982e-01	7.201473e-01	3.088727e+00	9.929085e-01	7.949076e-02	1.990054e-01	1.291351e-01	2.028715e+00	1.325532e+01	9.958224e-01	9.358901e+00	6.562553e-01	2.455577e-01	2.139325e+00	3.869021e-01	1.044064e+00	7.409923e+01	1.460204e+02	3.299093e-01	5.746941e-02	-5.023025e+02	
1  495.622	2.203691e+00	1.455699e-01	7.222763e-01	3.083032e+00	9.915601e-01	7.753334e-02	2.553699e-01	1.179404e-01	2.053937e+00	1.364716e+01	9.938978e-01	9.243240e+00	6.575102e-01	2.455297e-01	2.120265e+00	3.977702e-01	1.044002e+00	7.423299e+01	1.456016e+02	3.281696e-01	6.211738e-02	-4.809921e+02	
1  495.72	2.203691e+00	1.455699e-01	7.222763e-01	3.083032e+00	9.915601e-01	7.753334e-02	2.553699e-01	1.179404e-01	2.053937e+00	1.364716e+01	9.945928e-01	9.243240e+00	6.575102e-01	2.455297e-01	2.120265e+00	3.977702e-01	1.044002e+00	7.423299e+01	1.456016e+02	3.281696e-01	6.211738e-02	-4.809921e+02	
1  495.786	2.215323e+00	1.455968e-01	7.235952e-01	3.088627e+00	9.929177e-01	7.785591e-02	2.380813e-01	1.123700e-01	2.025322e+00	1.337720e+01	9.966269e-01	9.242068e+00	6.580073e-01	2.455911e-01	2.131469e+00	4.061452e-01	1.044330e+00	7.435039e+01	1.457060e+02	3.271570e-01	5.952442e-02	-4.830893e+02	
8  496.834	2.201549e+00	1.456688e-01	7.232711e-01	3.092034e+00	9.937582e-01	7.968919e-02	2.522154e-01	1.063683e-01	2.045417e+00	1.326193e+01	9.968468e-01	9.541113e+00	6.582519e-01	2.455294e-01	2.137837e+00	4.201071e-01	1.044261e+00	7.430138e+01	1.457644e+02	3.257889e-01	6.082482e-02	-4.541191e+02	
11  496.145	2.205956e+00	1.458049e-01	7.199707e-01	3.090088e+00	9.919678e-01	7.807543e-02	2.247713e-01	1.192063e-01	2.007707e+00	1.338078e+01	9.970252e-01	9.269355e+00	6.543119e-01	2.455492e-01	2.137124e+00	3.955734e-01	1.044187e+00	7.399650e+01	1.458103e+02	3.314545e-01	5.918659e-02	-5.035723e+02	
1  496.074	2.188504e+00	1.471896e-01	7.159591e-01	3.092599e+00	9.896947e-01	7.838231e-02	2.610118e-01	1.120580e-01	2.039028e+00	1.327786e+01	9.966574e-01	9.450558e+00	6.501933e-01	2.454687e-01	2.137203e+00	4.123940e-01	1.043803e+00	7.351469e+01	1.456136e+02	3.345611e-01	6.189373e-02	-4.701077e+02	
6  496.055	2.188504e+00	1.471896e-01	7.159591e-01	3.092599e+00	9.896947e-01	7.838231e-02	2.610118e-01	1.120580e-01	2.039028e+00	1.327786e+01	9.965754e-01	9.450558e+00	6.501933e-01	2.454687e-01	2.137203e+00	4.123940e-01	1.043803e+00	7.351469e+01	1.456136e+02	3.345611e-01	6.189373e-02	-4.701077e+02	
4  496.913	2.193997e+00	1.478503e-01	7.166268e-01	3.096713e+00	9.863971e-01	7.713127e-02	2.599226e-01	1.018891e-01	2.046564e+00	1.347309e+01	9.984580e-01	9.323629e+00	6.497584e-01	2.455062e-01	2.140206e+00	4.275663e-01	1.044039e+00	7.354601e+01	1.455609e+02	3.342360e-01	6.046088e-02	-4.594178e+02	
9  496.937	2.185877e+00	1.493493e-01	7.133695e-01	3.103421e+00	9.813114e-01	7.691298e-02	2.791470e-01	1.097030e-01	2.044439e+00	1.361801e+01	9.998773e-01	9.324076e+00	6.442558e-01	2.454778e-01	2.153063e+00	4.187307e-01	1.044033e+00	7.321545e+01	1.453164e+02	3.405206e-01	6.286264e-02	-4.851639e+02	
3  497.2	2.189406e+00	1.492394e-01	7.129255e-01	3.089543e+00	9.819767e-01	7.155631e-02	2.657755e-01	1.084485e-01	2.071925e+00	1.320781e+01	9.985376e-01	8.756772e+00	6.445146e-01	2.454892e-01	2.121049e+00	4.282671e-01	1.044179e+00	7.318451e+01	1.453537e+02	3.399649e-01	5.989552e-02	-4.473931e+02	
11  497.36	2.189406e+00	1.492394e-01	7.129255e-01	3.089543e+00	9.819767e-01	7.155631e-02	2.657755e-01	1.084485e-01	2.071925e+00	1.320781e+01	9.970901e-01	8.756772e+00	6.445146e-01	2.454892e-01	2.121049e+00	4.282671e-01	1.044179e+00	7.318451e+01	1.453537e+02	3.399649e-01	5.989552e-02	-4.473931e+02	
1  498.599	2.189406e+00	1.492394e-01	7.129255e-01	3.089543e+00	9.819767e-01	7.155631e-02	2.657755e-01	1.084485e-01	2.071925e+00	1.320781e+01	9.953288e-01	8.756772e+00	6.445146e-01	2.454892e-01	2.121049e+00	4.282671e-01	1.044179e+00	7.318451e+01	1.453537e+02	3.399649e-01	5.989552e-02	-4.473931e+02	
8  498.85	2.187970e+00	1.482655e-01	7.104532e-01	3.087725e+00	9.837461e-01	7.592007e-02	2.944820e-01	1.083715e-01	2.065322e+00	1.329104e+01	9.917627e-01	9.222853e+00	6.458483e-01	2.454566e-01	2.119499e+00	4.167487e-01	1.042827e+00	7.282401e+01	1.452298e+02	3.391057e-01	6.359430e-02	-4.529216e+02	
2  498.479	2.190429e+00	1.482821e-01	7.133806e-01	3.083406e+00	9.843888e-01	7.522040e-02	3.033590e-01	1.112405e-01	2.070692e+00	1.313990e+01	9.904143e-01	9.141281e+00	6.478941e-01	2.454656e-01	2.111471e+00	4.153800e-01	1.043206e+00	7.317049e+01	1.451236e+02	3.371042e-01	6.466451e-02	-4.449316e+02	
3  498.115	2.190429e+00	1.482821e-01	7.133806e-01	3.083406e+00	9.843888e-01	7.522040e-02	3.033590e-01	1.112405e-01	2.070692e+00	1.313990e+01	9.908019e-01	9.141281e+00	6.478941e-01	2.454656e-01	2.111471e+00	4.153800e-01	1.043206e+00	7.317049e+01	1.451236e+02	3.371042e-01	6.466451e-02	-4.449316e+02	
1  497.894	2.204559e+00	1.466942e-01	7.127676e-01	3.074681e+00	9.893597e-01	7.418670e-02	2.671243e-01	1.152415e-01	2.065106e+00	1.316598e+01	9.895394e-01	8.923455e+00	6.501359e-01	2.455162e-01	2.096880e+00	4.040951e-01	1.042797e+00	7.311707e+01	1.453827e+02	3.356236e-01	6.084640e-02	-4.553038e+02	
3  499.053	2.205928e+00	1.473490e-01	7.116990e-01	3.061752e+00	9.873797e-01	6.788276e-02	2.726299e-01	1.298987e-01	2.073037e+00	1.305570e+01	9.885078e-01	8.201460e+00	6.476892e-01	2.455183e-01	2.069525e+00	3.871008e-01	1.043039e+00	7.306251e+01	1.451167e+02	3.396453e-01	6.099783e-02	-4.691602e+02	
3  500.539	2.194480e+00	1.479304e-01	7.164483e-01	3.059261e+00	9.876424e-01	6.754556e-02	2.617862e-01	1.288176e-01	2.026276e+00	1.279119e+01	9.873758e-01	8.191681e+00	6.486562e-01	2.454780e-01	2.067611e+00	3.880762e-01	1.044340e+00	7.365490e+01	1.452133e+02	3.382004e-01	6.189017e-02	-4.732484e+02	
1  500.128	2.195957e+00	1.469940e-01	7.176377e-01	3.067840e+00	9.883198e-01	7.209916e-02	2.766460e-01	1.349882e-01	2.048475e+00	1.279237e+01	9.881456e-01	8.684967e+00	6.514645e-01	2.454806e-01	2.088755e+00	3.830749e-01	1.043936e+00	7.378149e+01	1.452021e+02	3.354532e-01	6.416579e-02	-4.747321e+02	
2  499.469	2.195957e+00	1.469940e-01	7.176377e-01	3.067840e+00	9.883198e-01	7.209916e-02	2.766460e-01	1.349882e-01	2.048475e+00	1.279237e+01	9.891255e-01	8.684967e+00	6.514645e-01	2.454806e-01	2.088755e+00	3.830749e-01	1.043936e+00	7.378149e+01	1.452021e+02	3.354532e-01	6.416579e-02	-4.747321e+02	
4  500.243	2.185375e+00	1.457408e-01	7.171257e-01	3.075669e+00	9.904089e-01	7.523723e-02	3.042585e-01	1.479838e-01	2.106103e+00	1.259081e+01	9.916021e-01	9.099518e+00	6.538984e-01	2.454284e-01	2.108278e+00	3.780867e-01	1.043289e+00	7.373052e+01	1.452298e+02	3.331559e-01	6.709673e-02	-4.631478e+02	
4  497.381	2.191271e+00	1.461994e-01	7.086969e-01	3.080104e+00	9.890081e-01	7.546578e-02	2.316520e-01	1.446617e-01	2.166214e+00	1.253220e+01	9.926494e-01	9.092287e+00	6.465745e-01	2.454593e-01	2.115965e+00	3.991463e-01	1.043080e+00	7.295510e+01	1.456536e+02	3.393937e-01	5.832336e-02	-4.272656e+02	
1  497.239	2.182639e+00	1.473332e-01	7.083149e-01	3.093208e+00	9.835161e-01	8.059110e-02	2.543770e-01	1.244921e-01	2.175335e+00	1.307341e+01	9.924813e-01	9.713429e+00	6.453547e-01	2.454295e-01	2.138699e+00	4.226446e-01	1.042912e+00	7.285619e+01	1.455208e+02	3.389679e-01	6.068363e-02	-4.050209e+02	
4  497.15	2.182639e+00	1.473332e-01	7.083149e-01	3.093208e+00	9.835161e-01	8.059110e-02	2.543770e-01	1.244921e-01	2.175335e+00	1.307341e+01	9.927670e-01	9.713429e+00	6.453547e-01	2.454295e-01	2.138699e+00	4.226446e-01	1.042912e+00	7.285619e+01	1.455208e+02	3.389679e-01	6.068363e-02	-4.050209e+02	
1  498.787	2.186134e+00	1.466119e-01	7.021967e-01	3.093986e+00	9.849828e-01	8.321479e-02	1.879298e-01	1.261361e-01	2.192272e+00	1.289852e+01	9.915394e-01	9.918689e+00	6.415110e-01	2.454388e-01	2.145201e+00	4.270243e-01	1.042493e+00	7.230580e+01	1.459661e+02	3.422924e-01	5.431198e-02	-3.880343e+02	
5  497.674	2.188483e+00	1.476196e-01	7.031054e-01	3.117532e+00	9.829775e-01	9.113426e-02	2.039019e-01	1.488180e-01	2.236787e+00	1.287518e+01	9.937144e-01	1.069217e+01	6.391159e-01	2.454598e-01	2.202090e+00	4.168522e-01	1.043062e+00	7.259061e+01	1.457295e+02	3.453040e-01	5.709653e-02	-4.086297e+02	
3  499.239	2.201457e+00	1.470673e-01	6.955853e-01	3.111775e+00	9.833972e-01	8.798483e-02	1.609946e-01	1.661685e-01	2.324030e+00	1.280577e+01	9.942633e-01	1.028398e+01	6.343279e-01	2.455076e-01	2.190200e+00	4.111191e-01	1.042354e+00	7.187956e+01	1.458863e+02	3.508820e-01	5.111114e-02	-3.912817e+02	
1  499.193	2.187554e+00	1.470867e-01	6.931567e-01	3.112945e+00	9.827323e-01	9.038279e-02	1.886645e-01	1.680865e-01	2.386007e+00	1.258389e+01	9.928894e-01	1.062814e+01	6.335350e-01	2.454366e-01	2.193351e+00	4.216538e-01	1.041812e+00	7.163929e+01	1.457407e+02	3.509666e-01	5.375212e-02	-3.429576e+02	
3  501.594	2.191513e+00	1.466881e-01	6.901360e-01	3.134580e+00	9.830390e-01	1.010794e-01	1.636744e-01	1.595362e-01	2.363249e+00	1.262722e+01	9.933276e-01	1.161962e+01	6.319948e-01	2.454573e-01	2.243695e+00	4.316968e-01	1.041231e+00	7.132516e+01	1.459346e+02	3.514298e-01	5.160321e-02	-3.462347e+02	
1  501.378	2.184652e+00	1.465938e-01	6.950457e-01	3.139203e+00	9.819397e-01	1.033034e-01	2.383122e-01	1.605716e-01	2.389138e+00	1.264024e+01	9.935846e-01	1.192516e+01	6.372811e-01	2.454228e-01	2.251469e+00	4.319502e-01	1.041019e+00	7.177431e+01	1.454838e+02	3.462819e-01	5.878705e-02	-3.344944e+02	
1  501.594	2.193856e+00	1.465757e-01	7.029232e-01	3.128682e+00	9.811327e-01	9.617067e-02	2.087472e-01	1.351843e-01	2.389076e+00	1.289846e+01	9.950165e-01	1.127065e+01	6.431535e-01	2.454831e-01	2.222995e+00	4.662535e-01	1.042418e+00	7.261302e+01	1.456156e+02	3.381658e-01	5.432039e-02	-2.761560e+02	
1  503.811	2.188239e+00	1.487466e-01	7.039607e-01	3.136082e+00	9.736550e-01	9.972526e-02	2.502873e-01	1.325276e-01	2.416000e+00	1.281695e+01	9.923408e-01	1.167530e+01	6.405047e-01	2.454616e-01	2.238231e+00	4.828831e-01	1.042924e+00	7.278374e+01	1.450289e+02	3.398853e-01	5.842727e-02	-2.248956e+02	
1  504.396	2.180360e+00	1.492148e-01	7.008231e-01	3.136077e+00	9.743987e-01	9.699620e-02	2.195115e-01	1.231241e-01	2.325550e+00	1.270662e+01	9.945800e-01	1.142990e+01	6.364031e-01	2.454366e-01	2.236803e+00	4.810916e-01	1.043039e+00	7.235718e+01	1.453860e+02	3.439466e-01	5.605389e-02	-2.681215e+02	
3  504.075	2.179018e+00	1.491396e-01	7.008414e-01	3.137821e+00	9.784482e-01	9.751020e-02	2.100669e-01	1.242212e-01	2.308567e+00	1.270517e+01	9.953561e-01	1.148351e+01	6.360942e-01	2.454305e-01	2.242546e+00	4.781829e-01	1.043212e+00	7.237300e+01	1.455250e+02	3.442741e-01	5.536877e-02	-2.836625e+02	
1  501.009	2.197934e+00	1.481059e-01	7.022847e-01	3.128603e+00	9.789161e-01	9.661034e-02	2.326118e-01	1.216975e-01	2.244812e+00	1.275484e+01	9.926596e-01	1.127712e+01	6.399769e-01	2.454997e-01	2.219184e+00	4.546921e-01	1.042238e+00	7.234045e+01	1.453623e+02	3.419382e-01	5.764493e-02	-3.420785e+02	
4  499.08	2.200195e+00	1.475151e-01	7.104445e-01	3.121743e+00	9.798013e-01	9.066801e-02	2.749421e-01	1.278353e-01	2.223206e+00	1.253366e+01	9.955971e-01	1.071741e+01	6.468732e-01	2.455192e-01	2.201397e+00	4.421452e-01	1.042896e+00	7.313339e+01	1.452221e+02	3.360894e-01	6.174147e-02	-3.685833e+02	
5  499.48	2.199619e+00	1.475066e-01	7.144954e-01	3.128067e+00	9.793380e-01	9.716678e-02	2.625971e-01	1.336178e-01	2.174921e+00	1.232237e+01	9.925431e-01	1.128361e+01	6.483771e-01	2.455190e-01	2.223115e+00	4.313479e-01	1.043650e+00	7.369377e+01	1.452745e+02	3.347276e-01	6.323461e-02	-3.914656e+02	
10  499.167	2.200499e+00	1.466779e-01	7.093837e-01	3.137259e+00	9.834302e-01	9.962281e-02	2.731312e-01	1.399802e-01	2.203185e+00	1.236366e+01	9.956828e-01	1.153793e+01	6.470062e-01	2.455140e-01	2.242563e+00	4.257020e-01	1.042451e+00	7.306760e+01	1.453285e+02	3.366557e-01	6.297150e-02	-4.036597e+02	
3  501.612	2.200499e+00	1.466779e-01	7.093837e-01	3.137259e+00	9.834302e-01	9.962281e-02	2.731312e-01	1.399802e-01	2.203185e+00	1.236366e+01	9.925741e-01	1.153793e+01	6.470062e-01	2.455140e-01	2.242563e+00	4.257020e-01	1.042451e+00	7.306760e+01	1.453285e+02	3.366557e-01	6.297150e-02	-4.036597e+02	
1  501.714	2.214852e+00	1.465140e-01	7.184845e-01	3.137317e+00	9.839206e-01	1.027474e-01	2.664480e-01	1.503676e-01	2.256357e+00	1.236792e+01	9.896138e-01	1.173812e+01	6.529089e-01	2.455824e-01	2.248864e+00	4.271014e-01	1.043869e+00	7.427430e+01	1.451912e+02	3.305109e-01	6.316050e-02	-3.769669e+02	
1  501.775	2.210092e+00	1.468875e-01	7.199533e-01	3.137055e+00	9.846342e-01	1.026685e-01	2.799459e-01	1.471693e-01	2.265953e+00	1.256777e+01	9.893482e-01	1.177263e+01	6.535574e-01	2.455620e-01	2.247559e+00	4.316881e-01	1.044107e+00	7.443746e+01	1.451056e+02	3.295510e-01	6.447485e-02	-3.685930e+02	
9  500.626	2.212997e+00	1.467077e-01	7.150799e-01	3.134236e+00	9.875656e-01	1.018498e-01	3.016791e-01	1.515536e-01	2.289422e+00	1.229945e+01	9.891777e-01	1.172684e+01	6.515859e-01	2.455570e-01	2.239861e+00	4.288364e-01	1.043018e+00	7.381866e+01	1.449469e+02	3.318873e-01	6.518573e-02	-3.584959e+02	
8  501.105	2.232945e+00	1.456825e-01	7.249485e-01	3.149785e+00	9.888630e-01	1.107278e-01	3.030498e-01	1.547352e-01	2.334906e+00	1.232758e+01	9.888575e-01	1.242894e+01	6.600445e-01	2.456540e-01	2.277545e+00	4.389887e-01	1.043936e+00	7.502248e+01	1.448397e+02	3.225847e-01	6.506719e-02	-3.298727e+02	
3  502.567	2.232945e+00	1.456825e-01	7.249485e-01	3.149785e+00	9.888630e-01	1.107278e-01	3.030498e-01	1.547352e-01	2.334906e+00	1.232758e+01	9.879923e-01	1.242894e+01	6.600445e-01	2.456540e-01	2.277545e+00	4.389887e-01	1.043936e+00	7.502248e+01	1.448397e+02	3.225847e-01	6.506719e-02	-3.298727e+02	
1  503.279	2.239614e+00	1.453206e-01	7.228363e-01	3.166599e+00	9.891552e-01	1.189576e-01	3.187874e-01	1.458179e-01	2.375559e+00	1.262036e+01	9.883781e-01	1.314001e+01	6.606692e-01	2.456755e-01	2.309533e+00	4.557866e-01	1.042979e+00	7.473169e+01	1.446576e+02	3.208505e-01	6.442914e-02	-2.994620e+02	
7  502.324	2.240303e+00	1.452164e-01	7.256488e-01	3.153856e+00	9.922704e-01	1.141366e-01	3.216407e-01	1.511971e-01	2.418844e+00	1.276268e+01	9.873362e-01	1.274534e+01	6.628113e-01	2.456740e-01	2.284336e+00	4.542438e-01	1.043479e+00	7.510760e+01	1.446318e+02	3.188625e-01	6.475452e-02	-2.812191e+02	
2  499.764	2.240303e+00	1.452164e-01	7.256488e-01	3.153856e+00	9.922704e-01	1.141366e-01	3.216407e-01	1.511971e-01	2.418844e+00	1.276268e+01	9.889732e-01	1.274534e+01	6.628113e-01	2.456740e-01	2.284336e+00	4.542438e-01	1.043479e+00	7.510760e+01	1.446318e+02	3.188625e-01	6.475452e-02	-2.812191e+02	
2  501.837	2.234493e+00	1.449569e-01	7.285587e-01	3.164614e+00	9.905761e-01	1.193364e-01	2.691868e-01	1.432618e-01	2.355495e+00	1.288169e+01	9.894067e-01	1.312999e+01	6.634734e-01	2.456683e-01	2.310842e+00	4.581594e-01	1.044469e+00	7.552352e+01	1.450807e+02	3.175081e-01	6.163029e-02	-3.027570e+02	
3  501.896	2.239751e+00	1.451918e-01	7.322818e-01	3.180740e+00	9.914857e-01	1.224757e-01	3.034968e-01	1.350104e-01	2.350913e+00	1.299843e+01	9.935569e-01	1.342362e+01	6.663015e-01	2.457031e-01	2.341303e+00	4.721438e-01	1.044647e+00	7.582463e+01	1.448549e+02	3.139083e-01	6.309900e-02	-2.971340e+02	
3  500.544	2.248419e+00	1.446027e-01	7.312282e-01	3.207979e+00	9.948625e-01	1.356204e-01	3.586342e-01	1.436182e-01	2.345275e+00	1.281776e+01	9.946519e-01	1.441293e+01	6.676748e-01	2.457295e-01	2.394815e+00	4.608616e-01	1.043400e+00	7.556857e+01	1.445247e+02	3.134368e-01	6.684776e-02	-3.275338e+02	
1  498.964	2.249208e+00	1.443331e-01	7.235356e-01	3.208106e+00	9.931946e-01	1.354042e-01	2.987828e-01	1.638780e-01	2.405619e+00	1.292298e+01	9.950346e-01	1.432248e+01	6.613724e-01	2.457348e-01	2.401205e+00	4.464452e-01	1.043083e+00	7.493537e+01	1.449298e+02	3.209044e-01	6.170330e-02	-3.403718e+02	
2  497.059	2.249208e+00	1.443331e-01	7.235356e-01	3.208106e+00	9.931946e-01	1.354042e-01	2.987828e-01	1.638780e-01	2.405619e+00	1.292298e+01	9.974102e-01	1.432248e+01	6.613724e-01	2.457348e-01	2.401205e+00	4.464452e-01	1.043083e+00	7.493537e+01	1.449298e+02	3.209044e-01	6.170330e-02	-3.403718e+02	
2  497.814	2.267491e+00	1.437389e-01	7.252847e-01	3.226074e+00	9.932536e-01	1.447029e-01	2.614848e-01	1.626134e-01	2.466652e+00	1.275533e+01	9.972826e-01	1.490667e+01	6.629975e-01	2.458192e-01	2.439451e+00	4.722931e-01	1.043495e+00	7.526090e+01	1.449755e+02	3.173892e-01	5.601673e-02	-2.713312e+02	
3  498.416	2.266745e+00	1.433109e-01	7.367232e-01	3.211812e+00	9.935768e-01	1.356003e-01	3.373054e-01	1.585391e-01	2.452079e+00	1.278772e+01	9.995919e-01	1.431665e+01	6.729859e-01	2.458246e-01	2.408112e+00	4.671739e-01	1.044149e+00	7.635629e+01	1.446026e+02	3.080606e-01	6.373893e-02	-2.840816e+02	
3  498.391	2.265266e+00	1.427832e-01	7.378263e-01	3.228701e+00	9.979043e-01	1.426583e-01	3.421300e-01	1.561236e-01	2.407905e+00	1.294089e+01	1.001797e+00	1.481437e+01	6.744754e-01	2.458223e-01	2.441668e+00	4.622203e-01	1.044019e+00	7.639610e+01	1.447455e+02	3.068222e-01	6.398515e-02	-3.220425e+02	
1  498.979	2.277997e+00	1.427499e-01	7.370080e-01	3.234125e+00	9.930695e-01	1.452076e-01	3.338686e-01	1.612103e-01	2.442701e+00	1.290728e+01	1.001249e+00	1.491931e+01	6.738726e-01	2.458809e-01	2.451950e+00	4.638029e-01	1.043837e+00	7.635223e+01	1.446404e+02	3.075436e-01	6.247759e-02	-3.082797e+02	
2  498.916	2.277997e+00	1.427499e-01	7.370080e-01	3.234125e+00	9.930695e-01	1.452076e-01	3.338686e-01	1.612103e-01	2.442701e+00	1.290728e+01	1.001677e+00	1.491931e+01	6.738726e-01	2.458809e-01	2.451950e+00	4.638029e-01	1.043837e+00	7.635223e+01	1.446404e+02	3.075436e-01	6.247759e-02	-3.082797e+02	
8  498.877	2.279334e+00	1.433108e-01	7.430115e-01	3.219558e+00	9.933290e-01	1.404079e-01	3.440793e-01	1.612523e-01	2.440896e+00	1.288923e+01	9.988246e-01	1.457417e+01	6.766599e-01	2.458874e-01	2.424875e+00	4.632319e-01	1.044899e+00	7.708588e+01	1.444649e+02	3.046608e-01	6.471174e-02	-2.957583e+02	
1  498.021	2.280570e+00	1.428183e-01	7.307742e-01	3.204478e+00	9.941132e-01	1.371083e-01	2.791527e-01	1.511755e-01	2.374146e+00	1.292714e+01	9.955469e-01	1.427850e+01	6.694108e-01	2.458689e-01	2.390705e+00	4.523641e-01	1.043226e+00	7.564635e+01	1.449285e+02	3.122987e-01	5.902913e-02	-3.334501e+02	
2  497.927	2.280570e+00	1.428183e-01	7.307742e-01	3.204478e+00	9.941132e-01	1.371083e-01	2.791527e-01	1.511755e-01	2.374146e+00	1.292714e+01	9.973388e-01	1.427850e+01	6.694108e-01	2.458689e-01	2.390705e+00	4.523641e-01	1.043226e+00	7.564635e+01	1.449285e+02	3.122987e-01	5.902913e-02	-3.334501e+02	
1  498.349	2.266725e+00	1.427586e-01	7.395521e-01	3.204468e+00	9.989013e-01	1.404962e-01	2.737569e-01	1.451521e-01	2.333134e+00	1.314419e+01	9.950691e-01	1.454685e+01	6.743611e-01	2.458148e-01	2.394547e+00	4.548180e-01	1.044792e+00	7.670301e+01	1.450952e+02	3.066508e-01	6.071899e-02	-3.346837e+02	
1  497.71	2.253200e+00	1.433510e-01	7.255022e-01	3.203820e+00	9.992381e-01	1.412315e-01	2.448740e-01	1.365283e-01	2.276105e+00	1.334776e+01	9.938449e-01	1.464542e+01	6.641755e-01	2.457379e-01	2.389261e+00	4.480973e-01	1.043082e+00	7.505630e+01	1.453579e+02	3.171170e-01	5.786600e-02	-3.705149e+02	
3  497.504	2.256374e+00	1.427267e-01	7.242207e-01	3.223059e+00	1.002008e+00	1.505777e-01	2.571357e-01	1.581928e-01	2.330189e+00	1.323115e+01	9.948904e-01	1.525245e+01	6.639724e-01	2.457487e-01	2.430164e+00	4.349902e-01	1.042704e+00	7.498486e+01	1.453413e+02	3.184317e-01	5.834368e-02	-3.777976e+02	
1  498.594	2.236706e+00	1.433164e-01	7.224665e-01	3.220717e+00	1.001005e+00	1.536656e-01	3.071265e-01	1.500204e-01	2.325663e+00	1.341126e+01	9.908064e-01	1.558186e+01	6.632514e-01	2.456443e-01	2.419597e+00	4.376994e-01	1.041996e+00	7.470200e+01	1.449955e+02	3.188189e-01	6.359635e-02	-3.621359e+02	
1  499.209	2.223388e+00	1.445859e-01	7.251171e-01	3.192153e+00	9.992520e-01	1.410064e-01	2.695005e-01	1.456868e-01	2.321216e+00	1.332965e+01	9.881963e-01	1.476324e+01	6.616312e-01	2.455943e-01	2.369134e+00	4.459215e-01	1.043661e+00	7.519164e+01	1.451656e+02	3.195980e-01	6.250797e-02	-3.353901e+02	
2  499.561	2.221285e+00	1.441087e-01	7.278746e-01	3.188491e+00	9.999371e-01	1.430379e-01	2.981317e-01	1.577630e-01	2.307115e+00	1.336004e+01	9.853100e-01	1.486191e+01	6.643716e-01	2.455774e-01	2.362383e+00	4.216735e-01	1.043564e+00	7.547344e+01	1.450467e+02	3.186286e-01	6.694159e-02	-3.692983e+02	
4  499.625	2.221285e+00	1.441087e-01	7.278746e-01	3.188491e+00	9.999371e-01	1.430379e-01	2.981317e-01	1.577630e-01	2.307115e+00	1.336004e+01	9.857710e-01	1.486191e+01	6.643716e-01	2.455774e-01	2.362383e+00	4.216735e-01	1.043564e+00	7.547344e+01	1.450467e+02	3.186286e-01	6.694159e-02	-3.692983e+02	
7  499.91	2.239512e+00	1.433436e-01	7.227328e-01	3.195878e+00	9.993291e-01	1.484602e-01	2.940687e-01	1.574018e-01	2.298210e+00	1.325923e+01	9.844976e-01	1.514595e+01	6.630180e-01	2.456416e-01	2.372923e+00	4.163789e-01	1.042129e+00	7.479227e+01	1.449919e+02	3.204609e-01	6.501786e-02	-3.784254e+02	
3  500.713	2.239512e+00	1.433436e-01	7.227328e-01	3.195878e+00	9.993291e-01	1.484602e-01	2.940687e-01	1.574018e-01	2.298210e+00	1.325923e+01	9.863282e-01	1.514595e+01	6.630180e-01	2.456416e-01	2.372923e+00	4.163789e-01	1.042129e+00	7.479227e+01	1.449919e+02	3.204609e-01	6.501786e-02	-3.784254e+02	
2  500.154	2.242712e+00	1.438232e-01	7.262841e-01	3.202302e+00	9.975123e-01	1.506260e-01	3.117094e-01	1.626803e-01	2.309838e+00	1.342806e+01	9.865273e-01	1.527005e+01	6.642830e-01	2.456637e-01	2.385630e+00	4.128976e-01	1.042674e+00	7.521967e+01	1.448060e+02	3.195943e-01	6.690929e-02	-3.862072e+02	
1  502.577	2.240470e+00	1.445742e-01	7.222478e-01	3.217409e+00	9.982372e-01	1.573341e-01	3.226263e-01	1.783304e-01	2.317202e+00	1.342759e+01	9.865957e-01	1.569462e+01	6.595461e-01	2.456522e-01	2.416407e+00	3.989759e-01	1.042418e+00	7.481385e+01	1.446965e+02	3.255003e-01	6.774013e-02	-4.082125e+02	
1  502.208	2.223785e+00	1.450418e-01	7.308507e-01	3.194073e+00	9.983168e-01	1.449155e-01	3.591318e-01	1.671539e-01	2.305222e+00	1.325727e+01	9.872314e-01	1.500186e+01	6.652139e-01	2.455886e-01	2.372455e+00	4.103266e-01	1.043677e+00	7.574612e+01	1.445343e+02	3.188406e-01	7.280215e-02	-3.859200e+02	
1  499.883	2.231135e+00	1.445365e-01	7.298476e-01	3.194759e+00	1.000039e+00	1.460456e-01	3.564230e-01	1.560090e-01	2.309308e+00	1.314160e+01	9.870127e-01	1.509238e+01	6.663595e-01	2.456115e-01	2.370428e+00	4.248275e-01	1.043126e+00	7.555875e+01	1.445274e+02	3.165775e-01	7.101665e-02	-3.588777e+02	
6  500.031	2.249872e+00	1.429709e-01	7.326342e-01	3.216407e+00	1.002033e+00	1.578171e-01	3.344746e-01	1.524077e-01	2.348356e+00	1.292085e+01	9.874934e-01	1.579513e+01	6.710129e-01	2.456920e-01	2.410460e+00	4.447661e-01	1.042970e+00	7.587812e+01	1.446215e+02	3.103012e-01	6.647823e-02	-3.112462e+02	
4  501.675	2.244933e+00	1.427711e-01	7.323011e-01	3.213513e+00	1.001105e+00	1.571619e-01	3.672161e-01	1.552668e-01	2.324714e+00	1.295134e+01	9.870373e-01	1.576750e+01	6.717944e-01	2.456654e-01	2.402718e+00	4.298340e-01	1.042396e+00	7.573327e+01	1.445008e+02	3.107260e-01	7.033709e-02	-3.416271e+02	
1  501.641	2.247246e+00	1.428024e-01	7.239299e-01	3.224630e+00	1.004440e+00	1.643601e-01	2.970573e-01	1.551151e-01	2.331932e+00	1.293628e+01	9.857225e-01	1.617562e+01	6.648834e-01	2.456690e-01	2.425590e+00	4.383358e-01	1.041999e+00	7.493383e+01	1.448980e+02	3.167330e-01	6.271380e-02	-3.263367e+02	
2  501.433	2.258919e+00	1.428606e-01	7.336009e-01	3.216637e+00	1.007386e+00	1.604940e-01	3.546831e-01	1.717631e-01	2.317298e+00	1.298577e+01	9.855015e-01	1.586086e+01	6.713581e-01	2.457224e-01	2.412683e+00	4.097095e-01	1.042843e+00	7.595167e+01	1.445391e+02	3.126894e-01	6.961460e-02	-3.751557e+02	
1  499.754	2.257514e+00	1.427097e-01	7.332972e-01	3.222558e+00	1.008038e+00	1.626455e-01	3.331326e-01	1.587203e-01	2.290688e+00	1.294835e+01	9.864814e-01	1.601394e+01	6.712929e-01	2.457205e-01	2.422536e+00	4.248623e-01	1.042914e+00	7.589408e+01	1.447136e+02	3.114464e-01	6.689889e-02	-3.628655e+02	
2  499.31	2.257514e+00	1.427097e-01	7.332972e-01	3.222558e+00	1.008038e+00	1.626455e-01	3.331326e-01	1.587203e-01	2.290688e+00	1.294835e+01	9.850496e-01	1.601394e+01	6.712929e-01	2.457205e-01	2.422536e+00	4.248623e-01	1.042914e+00	7.589408e+01	1.447136e+02	3.114464e-01	6.689889e-02	-3.628655e+02	
2  499.042	2.260145e+00	1.443034e-01	7.316430e-01	3.235705e+00	1.002566e+00	1.646248e-01	3.941551e-01	1.600609e-01	2.296154e+00	1.301414e+01	9.869864e-01	1.619276e+01	6.683110e-01	2.457369e-01	2.443527e+00	4.247586e-01	1.042468e+00	7.560069e+01	1.441318e+02	3.148827e-01	7.139242e-02	-3.740720e+02	
2  498.579	2.247641e+00	1.446846e-01	7.323487e-01	3.222821e+00	9.972675e-01	1.594377e-01	3.573904e-01	1.571390e-01	2.330559e+00	1.297122e+01	9.853256e-01	1.590342e+01	6.673534e-01	2.456910e-01	2.422242e+00	4.384054e-01	1.043387e+00	7.587279e+01	1.443217e+02	3.146798e-01	6.933989e-02	-3.319697e+02	
6  499.5	2.250137e+00	1.442678e-01	7.347864e-01	3.208663e+00	9.963978e-01	1.508424e-01	3.565662e-01	1.462226e-01	2.312088e+00	1.266980e+01	9.870275e-01	1.536884e+01	6.703252e-01	2.457049e-01	2.395061e+00	4.491398e-01	1.043524e+00	7.606500e+01	1.443519e+02	3.108311e-01	6.907678e-02	-3.137549e+02	
2  501.84	2.243025e+00	1.443826e-01	7.381119e-01	3.201421e+00	9.961001e-01	1.462603e-01	3.324399e-01	1.296778e-01	2.244107e+00	1.275293e+01	9.879409e-01	1.507554e+01	6.718222e-01	2.456862e-01	2.381157e+00	4.586299e-01	1.044340e+00	7.639783e+01	1.445969e+02	3.083631e-01	6.784842e-02	-3.203643e+02	
1  502.462	2.253770e+00	1.428778e-01	7.479639e-01	3.193096e+00	1.000323e+00	1.434631e-01	3.768215e-01	1.297399e-01	2.270882e+00	1.306151e+01	9.883963e-01	1.484728e+01	6.821986e-01	2.457291e-01	2.363012e+00	4.527510e-01	1.044549e+00	7.737976e+01	1.444175e+02	2.985099e-01	7.181186e-02	-3.236821e+02	
6  501.41	2.270007e+00	1.415339e-01	7.475034e-01	3.218423e+00	1.002900e+00	1.567064e-01	4.045936e-01	1.414039e-01	2.282465e+00	1.336532e+01	9.890826e-01	1.563127e+01	6.847726e-01	2.457918e-01	2.408176e+00	4.334539e-01	1.043332e+00	7.721322e+01	1.443048e+02	2.976113e-01	7.302063e-02	-3.665947e+02	
1  502.315	2.276837e+00	1.407778e-01	7.490549e-01	3.228782e+00	1.004275e+00	1.655946e-01	3.258097e-01	1.391024e-01	2.344065e+00	1.314120e+01	9.864503e-01	1.612443e+01	6.855456e-01	2.458220e-01	2.431225e+00	4.627087e-01	1.044302e+00	7.765170e+01	1.446737e+02	2.942228e-01	6.464043e-02	-2.812778e+02	
5  502.263	2.276837e+00	1.407778e-01	7.490549e-01	3.228782e+00	1.004275e+00	1.655946e-01	3.258097e-01	1.391024e-01	2.344065e+00	1.314120e+01	9.861815e-01	1.612443e+01	6.855456e-01	2.458220e-01	2.431225e+00	4.627087e-01	1.044302e+00	7.765170e+01	1.446737e+02	2.942228e-01	6.464043e-02	-2.812778e+02	
5  501.446	2.272456e+00	1.407804e-01	7.421075e-01	3.225797e+00	1.005122e+00	1.634114e-01	3.688592e-01	1.494987e-01	2.306706e+00	1.285172e+01	9.869913e-01	1.602488e+01	6.820153e-01	2.457900e-01	2.423709e+00	4.352847e-01	1.042701e+00	7.669736e+01	1.445400e+02	3.000413e-01	6.895136e-02	-3.402068e+02	
3  500.165	2.275017e+00	1.406670e-01	7.463401e-01	3.222665e+00	1.004850e+00	1.622728e-01	3.663467e-01	1.524232e-01	2.344856e+00	1.311916e+01	9.866394e-01	1.593060e+01	6.847414e-01	2.458064e-01	2.419341e+00	4.370711e-01	1.043383e+00	7.725519e+01	1.445223e+02	2.972409e-01	6.907830e-02	-3.283042e+02	
9  499.082	2.267108e+00	1.415715e-01	7.426074e-01	3.219705e+00	1.003458e+00	1.603967e-01	3.427008e-01	1.492095e-01	2.316943e+00	1.320065e+01	9.861209e-01	1.583392e+01	6.800698e-01	2.457751e-01	2.414806e+00	4.370598e-01	1.043536e+00	7.689346e+01	1.446496e+02	3.018332e-01	6.764208e-02	-3.400253e+02	
7  499.278	2.267108e+00	1.415715e-01	7.426074e-01	3.219705e+00	1.003458e+00	1.603967e-01	3.427008e-01	1.492095e-01	2.316943e+00	1.320065e+01	9.867633e-01	1.583392e+01	6.800698e-01	2.457751e-01	2.414806e+00	4.370598e-01	1.043536e+00	7.689346e+01	1.446496e+02	3.018332e-01	6.764208e-02	-3.400253e+02	
1  501.098	2.271160e+00	1.409840e-01	7.493114e-01	3.205943e+00	1.006350e+00	1.559758e-01	3.447430e-01	1.355921e-01	2.275011e+00	1.334841e+01	9.853082e-01	1.552505e+01	6.859205e-01	2.457900e-01	2.387193e+00	4.409795e-01	1.044085e+00	7.755524e+01	1.446796e+02	2.954683e-01	6.859038e-02	-3.407169e+02	
3  500.991	2.266540e+00	1.416614e-01	7.435909e-01	3.195529e+00	1.005607e+00	1.524853e-01	3.105360e-01	1.440534e-01	2.231120e+00	1.318500e+01	9.830910e-01	1.525550e+01	6.798220e-01	2.457671e-01	2.370893e+00	4.219919e-01	1.044012e+00	7.699698e+01	1.448994e+02	3.029548e-01	6.742193e-02	-3.779874e+02	
2  500.984	2.266540e+00	1.416614e-01	7.435909e-01	3.195529e+00	1.005607e+00	1.524853e-01	3.105360e-01	1.440534e-01	2.231120e+00	1.318500e+01	9.830593e-01	1.525550e+01	6.798220e-01	2.457671e-01	2.370893e+00	4.219919e-01	1.044012e+00	7.699698e+01	1.448994e+02	3.029548e-01	6.742193e-02	-3.779874e+02	
3  502.727	2.259594e+00	1.415259e-01	7.486262e-01	3.200820e+00	1.005353e+00	1.528706e-01	3.350688e-01	1.606234e-01	2.294993e+00	1.342134e+01	9.854067e-01	1.529637e+01	6.828398e-01	2.457518e-01	2.385568e+00	4.135375e-01	1.044785e+00	7.766371e+01	1.448036e+02	3.007689e-01	7.048714e-02	-3.806696e+02	
4  503.792	2.239915e+00	1.418240e-01	7.435578e-01	3.184520e+00	1.003785e+00	1.455855e-01	3.507539e-01	1.639262e-01	2.288571e+00	1.345227e+01	9.846854e-01	1.489779e+01	6.795036e-01	2.456569e-01	2.354201e+00	4.011061e-01	1.044129e+00	7.706354e+01	1.448078e+02	3.049611e-01	7.330894e-02	-3.947200e+02	
1  503.52	2.239391e+00	1.437218e-01	7.351007e-01	3.188215e+00	9.981026e-01	1.478666e-01	2.751874e-01	1.491125e-01	2.283845e+00	1.368755e+01	9.818005e-01	1.504723e+01	6.694989e-01	2.456578e-01	2.359524e+00	4.247817e-01	1.044367e+00	7.631454e+01	1.450240e+02	3.131605e-01	6.572542e-02	-3.663430e+02	
1  504.505	2.226169e+00	1.433753e-01	7.284880e-01	3.193114e+00	9.982621e-01	1.516559e-01	2.267250e-01	1.474130e-01	2.253283e+00	1.363644e+01	9.812950e-01	1.530340e+01	6.647151e-01	2.455989e-01	2.370073e+00	4.235625e-01	1.043926e+00	7.563380e+01	1.454848e+02	3.178144e-01	6.180046e-02	-3.757524e+02	
2  504.894	2.226169e+00	1.433753e-01	7.284880e-01	3.193114e+00	9.982621e-01	1.516559e-01	2.267250e-01	1.474130e-01	2.253283e+00	1.363644e+01	9.823886e-01	1.530340e+01	6.647151e-01	2.455989e-01	2.370073e+00	4.235625e-01	1.043926e+00	7.563380e+01	1.454848e+02	3.178144e-01	6.180046e-02	-3.757524e+02	
4  502.615	2.240995e+00	1.433431e-01	7.303069e-01	3.188062e+00	9.984334e-01	1.498523e-01	2.706004e-01	1.526977e-01	2.303292e+00	1.363143e+01	9.814118e-01	1.517263e+01	6.673869e-01	2.456516e-01	2.357957e+00	4.211927e-01	1.043486e+00	7.577335e+01	1.450508e+02	3.155432e-01	6.470507e-02	-3.609742e+02	
7  500.51	2.247928e+00	1.437417e-01	7.268569e-01	3.211914e+00	9.983994e-01	1.604391e-01	2.910282e-01	1.401660e-01	2.181873e+00	1.354470e+01	9.820002e-01	1.582438e+01	6.646908e-01	2.456791e-01	2.397298e+00	4.161306e-01	1.042488e+00	7.514231e+01	1.449170e+02	3.186305e-01	6.551535e-02	-4.120286e+02	
2  500.177	2.250580e+00	1.443021e-01	7.251656e-01	3.228761e+00	9.975547e-01	1.657867e-01	2.998640e-01	1.267250e-01	2.187410e+00	1.358495e+01	9.840421e-01	1.621769e+01	6.632218e-01	2.456939e-01	2.424833e+00	4.395911e-01	1.042173e+00	7.488000e+01	1.447514e+02	3.183280e-01	6.391402e-02	-3.846155e+02	
3  499.84	2.257515e+00	1.430091e-01	7.284235e-01	3.208134e+00	9.988847e-01	1.567400e-01	2.707351e-01	1.341019e-01	2.164587e+00	1.364493e+01	9.842284e-01	1.554039e+01	6.669927e-01	2.457267e-01	2.390520e+00	4.179693e-01	1.042519e+00	7.526929e+01	1.451083e+02	3.161565e-01	6.322123e-02	-4.226649e+02	
3  499.793	2.258049e+00	1.437805e-01	7.264542e-01	3.200438e+00	9.971983e-01	1.506626e-01	2.594712e-01	1.265416e-01	2.155595e+00	1.344223e+01	9.852850e-01	1.517831e+01	6.643838e-01	2.457332e-01	2.376237e+00	4.291770e-01	1.042645e+00	7.505017e+01	1.450936e+02	3.179107e-01	6.170475e-02	-4.093522e+02	
1  500.873	2.240756e+00	1.449677e-01	7.284002e-01	3.213299e+00	9.955310e-01	1.556854e-01	2.838670e-01	1.141315e-01	2.155588e+00	1.367833e+01	9.855811e-01	1.563436e+01	6.638866e-01	2.456657e-01	2.397897e+00	4.503829e-01	1.043205e+00	7.526380e+01	1.448896e+02	3.167205e-01	6.358051e-02	-3.804523e+02	
1  500.74	2.240756e+00	1.449677e-01	7.284002e-01	3.213299e+00	9.955310e-01	1.556854e-01	2.838670e-01	1.141315e-01	2.155588e+00	1.367833e+01	9.844752e-01	1.563436e+01	6.638866e-01	2.456657e-01	2.397897e+00	4.503829e-01	1.043205e+00	7.526380e+01	1.448896e+02	3.167205e-01	6.358051e-02	-3.804523e+02	
2  501.447	2.253026e+00	1.447314e-01	7.291090e-01	3.200983e+00	9.947998e-01	1.522634e-01	2.697630e-01	1.270338e-01	2.204111e+00	1.338231e+01	9.818828e-01	1.533349e+01	6.644762e-01	2.457130e-01	2.377445e+00	4.433610e-01	1.043424e+00	7.546585e+01	1.448493e+02	3.167342e-01	6.280306e-02	-3.632404e+02	
4  499.775	2.245450e+00	1.437737e-01	7.268257e-01	3.216371e+00	9.977289e-01	1.591208e-01	3.163533e-01	1.362103e-01	2.174410e+00	1.340846e+01	9.840855e-01	1.580122e+01	6.652252e-01	2.456731e-01	2.404652e+00	4.210891e-01	1.042196e+00	7.503641e+01	1.448043e+02	3.177995e-01	6.700936e-02	-4.129209e+02	
3  498.759	2.239627e+00	1.447756e-01	7.283500e-01	3.218821e+00	9.949008e-01	1.565500e-01	3.026894e-01	1.503138e-01	2.229491e+00	1.338737e+01	9.863737e-01	1.565191e+01	6.630490e-01	2.456680e-01	2.415959e+00	4.218707e-01	1.043405e+00	7.541859e+01	1.448394e+02	3.200741e-01	6.639614e-02	-4.041752e+02	
1  500.411	2.258247e+00	1.447625e-01	7.293261e-01	3.221474e+00	9.963607e-01	1.574698e-01	2.912963e-01	1.539564e-01	2.170831e+00	1.324753e+01	9.864059e-01	1.558369e+01	6.630846e-01	2.457502e-01	2.422227e+00	4.078176e-01	1.043491e+00	7.547572e+01	1.448462e+02	3.211294e-01	6.539635e-02	-4.440723e+02	
4  501.465	2.258247e+00	1.447625e-01	7.293261e-01	3.221474e+00	9.963607e-01	1.574698e-01	2.912963e-01	1.539564e-01	2.170831e+00	1.324753e+01	9.841538e-01	1.558369e+01	6.630846e-01	2.457502e-01	2.422227e+00	4.078176e-01	1.043491e+00	7.547572e+01	1.448462e+02	3.211294e-01	6.539635e-02	-4.440723e+02	
8  500.999	2.261045e+00	1.437343e-01	7.270436e-01	3.216733e+00	9.970082e-01	1.556429e-01	3.288331e-01	1.500852e-01	2.213938e+00	1.333041e+01	9.847458e-01	1.552361e+01	6.654472e-01	2.457456e-01	2.408106e+00	4.108345e-01	1.042078e+00	7.506667e+01	1.446484e+02	3.186702e-01	6.735341e-02	-4.255870e+02	
3  498.358	2.239233e+00	1.447473e-01	7.287259e-01	3.215664e+00	9.935612e-01	1.523913e-01	2.940190e-01	1.491977e-01	2.267088e+00	1.340664e+01	9.863979e-01	1.541180e+01	6.633846e-01	2.456741e-01	2.411436e+00	4.317725e-01	1.043643e+00	7.550693e+01	1.448973e+02	3.190813e-01	6.503884e-02	-3.836406e+02	
7  498.44	2.228377e+00	1.445825e-01	7.266032e-01	3.220521e+00	9.975534e-01	1.565663e-01	2.989946e-01	1.481318e-01	2.248922e+00	1.320758e+01	9.855894e-01	1.573862e+01	6.623392e-01	2.456175e-01	2.420347e+00	4.326752e-01	1.043312e+00	7.524084e+01	1.449681e+02	3.198663e-01	6.550547e-02	-3.791704e+02	
3  499.553	2.228377e+00	1.445825e-01	7.266032e-01	3.220521e+00	9.975534e-01	1.565663e-01	2.989946e-01	1.481318e-01	2.248922e+00	1.320758e+01	9.841997e-01	1.573862e+01	6.623392e-01	2.456175e-01	2.420347e+00	4.326752e-01	1.043312e+00	7.524084e+01	1.449681e+02	3.198663e-01	6.550547e-02	-3.791704e+02	
6  499.205	2.220004e+00	1.458521e-01	7.209778e-01	3.224508e+00	9.925084e-01	1.571663e-01	3.231785e-01	1.446923e-01	2.277419e+00	1.338566e+01	9.838967e-01	1.586500e+01	6.571389e-01	2.455770e-01	2.424596e+00	4.408223e-01	1.042636e+00	7.459789e+01	1.446718e+02	3.247136e-01	6.696864e-02	-3.620667e+02	
2  499.643	2.225621e+00	1.450356e-01	7.223268e-01	3.222213e+00	9.894165e-01	1.543552e-01	3.269560e-01	1.439432e-01	2.268506e+00	1.320739e+01	9.858819e-01	1.565440e+01	6.597714e-01	2.456072e-01	2.419525e+00	4.382513e-01	1.042374e+00	7.467044e+01	1.447137e+02	3.223498e-01	6.723142e-02	-3.701504e+02	
2  499.789	2.225621e+00	1.450356e-01	7.223268e-01	3.222213e+00	9.894165e-01	1.543552e-01	3.269560e-01	1.439432e-01	2.268506e+00	1.320739e+01	9.857186e-01	1.565440e+01	6.597714e-01	2.456072e-01	2.419525e+00	4.382513e-01	1.042374e+00	7.467044e+01	1.447137e+02	3.223498e-01	6.723142e-02	-3.701504e+02	
1  499.047	2.223503e+00	1.450103e-01	7.267056e-01	3.220941e+00	9.898818e-01	1.509754e-01	3.377750e-01	1.418128e-01	2.285840e+00	1.333403e+01	9.883330e-01	1.546904e+01	6.628763e-01	2.456088e-01	2.418109e+00	4.451622e-01	1.043010e+00	7.516241e+01	1.446982e+02	3.187824e-01	6.806409e-02	-3.615233e+02	
8  499.091	2.232618e+00	1.459842e-01	7.242350e-01	3.221437e+00	9.865680e-01	1.492185e-01	3.298963e-01	1.425998e-01	2.250908e+00	1.339113e+01	9.886076e-01	1.529068e+01	6.589857e-01	2.456549e-01	2.418958e+00	4.372383e-01	1.042972e+00	7.487233e+01	1.446221e+02	3.234344e-01	6.746036e-02	-3.941459e+02	
7  497.906	2.232618e+00	1.459842e-01	7.242350e-01	3.221437e+00	9.865680e-01	1.492185e-01	3.298963e-01	1.425998e-01	2.250908e+00	1.339113e+01	9.907027e-01	1.529068e+01	6.589857e-01	2.456549e-01	2.418958e+00	4.372383e-01	1.042972e+00	7.487233e+01	1.446221e+02	3.234344e-01	6.746036e-02	-3.941459e+02	
4  498.036	2.249173e+00	1.448875e-01	7.226900e-01	3.233263e+00	9.909382e-01	1.551978e-01	2.955858e-01	1.527706e-01	2.225831e+00	1.331332e+01	9.917477e-01	1.554711e+01	6.588289e-01	2.457260e-01	2.444479e+00	4.212952e-01	1.042636e+00	7.470267e+01	1.449151e+02	3.247265e-01	6.379706e-02	-4.318782e+02	
2  498.188	2.249173e+00	1.448875e-01	7.226900e-01	3.233263e+00	9.909382e-01	1.551978e-01	2.955858e-01	1.527706e-01	2.225831e+00	1.331332e+01	9.913498e-01	1.554711e+01	6.588289e-01	2.457260e-01	2.444479e+00	4.212952e-01	1.042636e+00	7.470267e+01	1.449151e+02	3.247265e-01	6.379706e-02	-4.318782e+02	
1  498.192	2.253491e+00	1.446344e-01	7.237269e-01	3.236870e+00	9.920322e-01	1.561582e-01	3.011324e-01	1.325265e-01	2.194483e+00	1.336680e+01	9.923648e-01	1.564186e+01	6.610305e-01	2.457438e-01	2.445800e+00	4.406146e-01	1.042329e+00	7.466503e+01	1.448749e+02	3.210463e-01	6.288680e-02	-4.161929e+02	
2  497.904	2.266629e+00	1.432364e-01	7.352982e-01	3.231614e+00	9.958911e-01	1.575608e-01	2.888339e-01	1.391755e-01	2.193691e+00	1.306099e+01	9.901900e-01	1.561691e+01	6.703976e-01	2.458056e-01	2.439884e+00	4.360393e-01	1.043715e+00	7.603870e+01	1.449917e+02	3.117341e-01	6.295592e-02	-4.059349e+02	
2  498.895	2.261216e+00	1.422819e-01	7.355918e-01	3.237083e+00	9.982495e-01	1.640310e-01	3.101193e-01	1.471084e-01	2.189794e+00	1.309924e+01	9.881421e-01	1.600996e+01	6.725141e-01	2.457698e-01	2.448280e+00	4.205324e-01	1.043139e+00	7.602173e+01	1.449868e+02	3.106701e-01	6.558681e-02	-4.215130e+02	
4  497.226	2.254513e+00	1.446283e-01	7.264494e-01	3.238676e+00	9.936794e-01	1.607179e-01	2.868853e-01	1.467049e-01	2.242723e+00	1.315931e+01	9.891582e-01	1.589369e+01	6.618623e-01	2.457459e-01	2.453556e+00	4.383476e-01	1.043144e+00	7.516392e+01	1.448947e+02	3.202415e-01	6.224240e-02	-3.902401e+02	
1  497.01	2.254513e+00	1.446283e-01	7.264494e-01	3.238676e+00	9.936794e-01	1.607179e-01	2.868853e-01	1.467049e-01	2.242723e+00	1.315931e+01	9.895697e-01	1.589369e+01	6.618623e-01	2.457459e-01	2.453556e+00	4.383476e-01	1.043144e+00	7.516392e+01	1.448947e+02	3.202415e-01	6.224240e-02	-3.902401e+02	
4  496.478	2.263455e+00	1.436122e-01	7.302250e-01	3.254359e+00	9.990748e-01	1.662973e-01	2.979469e-01	1.400648e-01	2.256852e+00	1.343840e+01	9.929186e-01	1.623842e+01	6.667980e-01	2.457876e-01	2.480780e+00	4.496617e-01	1.043059e+00	7.548430e+01	1.449140e+02	3.145092e-01	6.110555e-02	-3.825926e+02	
3  496.882	2.264194e+00	1.433284e-01	7.308134e-01	3.238047e+00	9.978151e-01	1.597467e-01	2.838252e-01	1.415066e-01	2.194867e+00	1.350280e+01	9.916557e-01	1.575790e+01	6.672127e-01	2.457915e-01	2.451424e+00	4.281086e-01	1.043121e+00	7.552484e+01	1.450851e+02	3.156075e-01	6.205239e-02	-4.319834e+02	
1  497.508	2.274787e+00	1.426218e-01	7.373207e-01	3.245964e+00	9.981238e-01	1.638108e-01	2.999434e-01	1.421973e-01	2.185237e+00	1.363940e+01	9.920635e-01	1.594173e+01	6.727931e-01	2.458443e-01	2.465090e+00	4.240889e-01	1.043493e+00	7.619429e+01	1.449939e+02	3.103764e-01	6.350761e-02	-4.438670e+02	
2  496.739	2.270044e+00	1.432046e-01	7.313908e-01	3.261215e+00	9.973565e-01	1.691412e-01	2.516083e-01	1.381348e-01	2.204780e+00	1.366868e+01	9.935669e-01	1.629459e+01	6.668093e-01	2.458317e-01	2.494864e+00	4.424368e-01	1.043527e+00	7.564520e+01	1.452878e+02	3.149719e-01	5.763499e-02	-4.203038e+02	
1  498.402	2.270044e+00	1.432046e-01	7.313908e-01	3.261215e+00	9.973565e-01	1.691412e-01	2.516083e-01	1.381348e-01	2.204780e+00	1.366868e+01	9.916868e-01	1.629459e+01	6.668093e-01	2.458317e-01	2.494864e+00	4.424368e-01	1.043527e+00	7.564520e+01	1.452878e+02	3.149719e-01	5.763499e-02	-4.203038e+02	
10  497.813	2.259731e+00	1.439761e-01	7.306838e-01	3.258164e+00	9.968529e-01	1.649659e-01	2.659417e-01	1.504682e-01	2.269810e+00	1.357389e+01	9.934934e-01	1.612226e+01	6.647643e-01	2.457929e-01	2.494716e+00	4.433172e-01	1.043960e+00	7.569489e+01	1.451863e+02	3.171408e-01	5.914396e-02	-4.015918e+02	
4  498.331	2.259731e+00	1.439761e-01	7.306838e-01	3.258164e+00	9.968529e-01	1.649659e-01	2.659417e-01	1.504682e-01	2.269810e+00	1.357389e+01	9.930415e-01	1.612226e+01	6.647643e-01	2.457929e-01	2.494716e+00	4.433172e-01	1.043960e+00	7.569489e+01	1.451863e+02	3.171408e-01	5.914396e-02	-4.015918e+02	
5  499.572	2.281412e+00	1.420937e-01	7.431346e-01	3.270725e+00	1.000148e+00	1.729709e-01	3.051663e-01	1.441714e-01	2.185140e+00	1.339336e+01	9.931980e-01	1.646597e+01	6.768288e-01	2.458918e-01	2.512852e+00	4.336651e-01	1.044222e+00	7.682503e+01	1.450292e+02	3.057194e-01	6.270139e-02	-4.354222e+02	
2  500.598	2.288855e+00	1.411727e-01	7.436511e-01	3.257836e+00	1.004561e+00	1.701133e-01	2.535759e-01	1.422429e-01	2.232770e+00	1.325063e+01	9.911158e-01	1.626160e+01	6.784854e-01	2.459136e-01	2.492014e+00	4.473174e-01	1.044564e+00	7.702842e+01	1.453301e+02	3.027869e-01	5.747295e-02	-3.873727e+02	
2  498.49	2.288855e+00	1.411727e-01	7.436511e-01	3.257836e+00	1.004561e+00	1.701133e-01	2.535759e-01	1.422429e-01	2.232770e+00	1.325063e+01	9.935157e-01	1.626160e+01	6.784854e-01	2.459136e-01	2.492014e+00	4.473174e-01	1.044564e+00	7.702842e+01	1.453301e+02	3.027869e-01	5.747295e-02	-3.873727e+02	
1  498.227	2.269874e+00	1.424002e-01	7.367775e-01	3.268768e+00	9.974834e-01	1.712973e-01	2.871724e-01	1.555957e-01	2.215579e+00	1.305503e+01	9.959730e-01	1.641003e+01	6.714555e-01	2.458412e-01	2.513491e+00	4.294336e-01	1.043893e+00	7.622997e+01	1.451836e+02	3.113956e-01	6.149822e-02	-4.274020e+02	
1  497.389	2.276292e+00	1.412868e-01	7.396511e-01	3.289073e+00	1.001142e+00	1.808131e-01	2.662529e-01	1.424760e-01	2.187006e+00	1.329356e+01	9.978625e-01	1.692359e+01	6.750733e-01	2.458761e-01	2.546994e+00	4.437124e-01	1.043957e+00	7.645713e+01	1.454455e+02	3.066241e-01	5.793764e-02	-4.237576e+02	
6  497.169	2.271935e+00	1.420115e-01	7.373509e-01	3.290062e+00	1.003263e+00	1.817267e-01	2.851738e-01	1.439653e-01	2.176930e+00	1.312072e+01	9.969946e-01	1.702402e+01	6.725224e-01	2.458487e-01	2.548009e+00	4.423344e-01	1.043732e+00	7.617274e+01	1.452834e+02	3.092578e-01	5.954091e-02	-4.236627e+02	
6  496.977	2.257276e+00	1.423156e-01	7.327843e-01	3.269135e+00	1.004225e+00	1.753971e-01	2.831964e-01	1.498512e-01	2.200034e+00	1.334580e+01	9.933857e-01	1.671072e+01	6.693013e-01	2.457664e-01	2.510249e+00	4.293143e-01	1.043304e+00	7.575430e+01	1.453151e+02	3.132893e-01	6.106363e-02	-4.278300e+02	
3  496.926	2.267293e+00	1.420448e-01	7.388691e-01	3.277117e+00	1.003637e+00	1.784250e-01	2.747789e-01	1.454816e-01	2.186660e+00	1.371478e+01	9.942395e-01	1.680929e+01	6.732754e-01	2.458245e-01	2.524416e+00	4.318031e-01	1.044081e+00	7.643192e+01	1.453529e+02	3.091804e-01	6.023219e-02	-4.391996e+02	
1  497.489	2.277980e+00	1.408756e-01	7.414512e-01	3.277157e+00	1.007208e+00	1.835833e-01	2.756155e-01	1.374453e-01	2.212018e+00	1.375780e+01	9.908464e-01	1.707198e+01	6.780325e-01	2.458516e-01	2.517988e+00	4.437191e-01	1.043689e+00	7.666921e+01	1.452940e+02	3.033094e-01	5.896237e-02	-4.002623e+02	
2  497.295	2.267952e+00	1.400905e-01	7.419957e-01	3.277268e+00	1.007605e+00	1.832035e-01	2.872839e-01	1.414605e-01	2.163610e+00	1.375926e+01	9.923661e-01	1.704360e+01	6.795658e-01	2.458128e-01	2.518776e+00	4.251026e-01	1.043424e+00	7.663717e+01	1.454647e+02	3.031693e-01	6.152431e-02	-4.434522e+02	
1  497.3	2.267952e+00	1.400905e-01	7.419957e-01	3.277268e+00	1.007605e+00	1.832035e-01	2.872839e-01	1.414605e-01	2.163610e+00	1.375926e+01	9.923537e-01	1.704360e+01	6.795658e-01	2.458128e-01	2.518776e+00	4.251026e-01	1.043424e+00	7.663717e+01	1.454647e+02	3.031693e-01	6.152431e-02	-4.434522e+02	
4  497.926	2.266263e+00	1.405716e-01	7.404952e-01	3.279323e+00	1.006151e+00	1.832257e-01	2.504493e-01	1.328143e-01	2.134035e+00	1.350412e+01	9.926730e-01	1.705143e+01	6.769115e-01	2.458135e-01	2.524120e+00	4.390108e-01	1.043857e+00	7.652171e+01	1.456653e+02	3.046139e-01	5.796801e-02	-4.301942e+02	
4  498.589	2.274242e+00	1.411695e-01	7.418093e-01	3.269982e+00	1.001613e+00	1.766435e-01	2.381149e-01	1.344689e-01	2.102478e+00	1.361960e+01	9.932009e-01	1.659919e+01	6.760910e-01	2.458611e-01	2.510477e+00	4.280664e-01	1.044357e+00	7.669971e+01	1.456532e+02	3.064106e-01	5.819274e-02	-4.641101e+02	
2  501.521	2.268729e+00	1.416743e-01	7.289916e-01	3.272420e+00	9.996493e-01	1.774638e-01	2.475168e-01	1.160584e-01	2.099026e+00	1.337706e+01	9.929970e-01	1.678284e+01	6.687927e-01	2.458125e-01	2.506138e+00	4.504171e-01	1.042196e+00	7.509129e+01	1.454986e+02	3.119675e-01	5.613089e-02	-4.277848e+02	
1  501.136	2.268729e+00	1.416743e-01	7.289916e-01	3.272420e+00	9.996493e-01	1.774638e-01	2.475168e-01	1.160584e-01	2.099026e+00	1.337706e+01	9.942069e-01	1.678284e+01	6.687927e-01	2.458125e-01	2.506138e+00	4.504171e-01	1.042196e+00	7.509129e+01	1.454986e+02	3.119675e-01	5.613089e-02	-4.277848e+02	
9  500.026	2.280160e+00	1.412185e-01	7.309305e-01	3.274754e+00	1.000363e+00	1.786259e-01	2.320700e-01	1.212413e-01	2.114261e+00	1.352218e+01	9.944666e-01	1.676846e+01	6.704289e-01	2.458660e-01	2.511716e+00	4.455022e-01	1.042438e+00	7.535239e+01	1.455868e+02	3.107977e-01	5.453897e-02	-4.362469e+02	
1  500.487	2.278142e+00	1.419150e-01	7.417935e-01	3.273543e+00	9.958779e-01	1.767999e-01	2.785966e-01	1.415141e-01	2.079738e+00	1.376877e+01	9.945095e-01	1.656923e+01	6.749860e-01	2.458821e-01	2.515385e+00	4.102850e-01	1.044049e+00	7.661903e+01	1.452837e+02	3.090567e-01	6.255761e-02	-5.008308e+02	
8  500.762	2.278142e+00	1.419150e-01	7.417935e-01	3.273543e+00	9.958779e-01	1.767999e-01	2.785966e-01	1.415141e-01	2.079738e+00	1.376877e+01	9.959701e-01	1.656923e+01	6.749860e-01	2.458821e-01	2.515385e+00	4.102850e-01	1.044049e+00	7.661903e+01	1.452837e+02	3.090567e-01	6.255761e-02	-5.008308e+02	
1  497.763	2.274466e+00	1.414300e-01	7.376304e-01	3.281602e+00	9.968079e-01	1.828308e-01	2.580919e-01	1.310158e-01	2.133671e+00	1.361863e+01	9.948310e-01	1.699515e+01	6.738192e-01	2.458540e-01	2.524797e+00	4.383395e-01	1.043405e+00	7.617163e+01	1.454146e+02	3.080139e-01	5.844843e-02	-4.380572e+02	
2  498.412	2.286678e+00	1.414555e-01	7.489434e-01	3.290302e+00	1.000156e+00	1.876064e-01	3.193967e-01	1.311359e-01	2.107618e+00	1.381378e+01	9.943794e-01	1.720674e+01	6.816503e-01	2.459119e-01	2.537009e+00	4.319731e-01	1.044250e+00	7.730405e+01	1.449582e+02	3.007724e-01	6.416225e-02	-4.562283e+02	
9  498.281	2.286678e+00	1.414555e-01	7.489434e-01	3.290302e+00	1.000156e+00	1.876064e-01	3.193967e-01	1.311359e-01	2.107618e+00	1.381378e+01	9.936721e-01	1.720674e+01	6.816503e-01	2.459119e-01	2.537009e+00	4.319731e-01	1.044250e+00	7.730405e+01	1.449582e+02	3.007724e-01	6.416225e-02	-4.562283e+02	
2  497.725	2.273761e+00	1.411636e-01	7.451009e-01	3.281351e+00	1.000385e+00	1.830817e-01	3.126719e-01	1.309710e-01	2.118094e+00	1.399058e+01	9.943830e-01	1.701511e+01	6.799571e-01	2.458508e-01	2.521928e+00	4.281374e-01	1.043749e+00	7.688667e+01	1.451337e+02	3.026874e-01	6.413141e-02	-4.616279e+02	
4  497.646	2.273761e+00	1.411636e-01	7.451009e-01	3.281351e+00	1.000385e+00	1.830817e-01	3.126719e-01	1.309710e-01	2.118094e+00	1.399058e+01	9.937867e-01	1.701511e+01	6.799571e-01	2.458508e-01	2.521928e+00	4.281374e-01	1.043749e+00	7.688667e+01	1.451337e+02	3.026874e-01	6.413141e-02	-4.616279e+02	
7  497.029	2.265950e+00	1.401017e-01	7.384733e-01	3.295711e+00	1.004762e+00	1.915255e-01	2.406992e-01	1.341669e-01	2.165183e+00	1.393779e+01	9.943201e-01	1.748907e+01	6.761997e-01	2.458134e-01	2.549744e+00	4.408689e-01	1.043407e+00	7.630153e+01	1.457708e+02	3.052456e-01	5.604859e-02	-4.276945e+02	
3  497.686	2.265950e+00	1.401017e-01	7.384733e-01	3.295711e+00	1.004762e+00	1.915255e-01	2.406992e-01	1.341669e-01	2.165183e+00	1.393779e+01	9.925669e-01	1.748907e+01	6.761997e-01	2.458134e-01	2.549744e+00	4.408689e-01	1.043407e+00	7.630153e+01	1.457708e+02	3.052456e-01	5.604859e-02	-4.276945e+02	
8  497.87	2.275671e+00	1.401610e-01	7.411288e-01	3.289968e+00	1.007674e+00	1.890098e-01	2.713934e-01	1.318663e-01	2.160242e+00	1.398187e+01	9.921838e-01	1.734560e+01	6.788576e-01	2.458471e-01	2.537667e+00	4.387973e-01	1.043297e+00	7.650991e+01	1.454974e+02	3.028384e-01	5.838472e-02	-4.321577e+02	
9  497.411	2.275671e+00	1.401610e-01	7.411288e-01	3.289968e+00	1.007674e+00	1.890098e-01	2.713934e-01	1.318663e-01	2.160242e+00	1.398187e+01	9.929390e-01	1.734560e+01	6.788576e-01	2.458471e-01	2.537667e+00	4.387973e-01	1.043297e+00	7.650991e+01	1.454974e+02	3.028384e-01	5.838472e-02	-4.321577e+02	
2  500.004	2.273769e+00	1.407580e-01	7.317068e-01	3.297537e+00	1.006059e+00	1.899055e-01	3.025927e-01	1.511735e-01	2.244395e+00	1.391200e+01	9.948321e-01	1.746033e+01	6.723045e-01	2.458286e-01	2.552618e+00	4.289873e-01	1.041891e+00	7.547173e+01	1.452300e+02	3.105787e-01	5.984950e-02	-4.282359e+02	
1  499.872	2.273769e+00	1.407580e-01	7.317068e-01	3.297537e+00	1.006059e+00	1.899055e-01	3.025927e-01	1.511735e-01	2.244395e+00	1.391200e+01	9.962757e-01	1.746033e+01	6.723045e-01	2.458286e-01	2.552618e+00	4.289873e-01	1.041891e+00	7.547173e+01	1.452300e+02	3.105787e-01	5.984950e-02	-4.282359e+02	
10  499.417	2.285882e+00	1.403737e-01	7.410360e-01	3.303725e+00	1.008951e+00	1.947028e-01	2.606100e-01	1.335921e-01	2.268932e+00	1.387085e+01	9.950673e-01	1.768566e+01	6.784757e-01	2.458893e-01	2.563754e+00	4.689153e-01	1.043567e+00	7.663424e+01	1.453358e+02	3.009525e-01	5.415118e-02	-3.501374e+02	
4  499.453	2.285882e+00	1.403737e-01	7.410360e-01	3.303725e+00	1.008951e+00	1.947028e-01	2.606100e-01	1.335921e-01	2.268932e+00	1.387085e+01	9.947442e-01	1.768566e+01	6.784757e-01	2.458893e-01	2.563754e+00	4.689153e-01	1.043567e+00	7.663424e+01	1.453358e+02	3.009525e-01	5.415118e-02	-3.501374e+02	
2  498.966	2.295560e+00	1.389614e-01	7.432181e-01	3.299922e+00	1.011892e+00	1.963251e-01	2.864009e-01	1.425781e-01	2.196368e+00	1.393016e+01	9.930547e-01	1.764136e+01	6.827241e-01	2.459216e-01	2.552370e+00	4.304724e-01	1.042759e+00	7.668658e+01	1.453786e+02	2.997390e-01	5.830368e-02	-4.283843e+02	
2  499.161	2.293118e+00	1.403969e-01	7.500207e-01	3.301977e+00	1.009798e+00	1.947542e-01	2.479661e-01	1.344546e-01	2.111601e+00	1.398182e+01	9.937682e-01	1.750064e+01	6.822854e-01	2.459438e-01	2.562459e+00	4.353521e-01	1.044995e+00	7.756409e+01	1.455666e+02	2.997186e-01	5.690192e-02	-4.543618e+02	
3  498.612	2.290844e+00	1.397236e-01	7.470393e-01	3.306224e+00	1.009933e+00	1.948790e-01	2.666041e-01	1.236241e-01	2.108943e+00	1.363579e+01	9.963677e-01	1.759470e+01	6.829582e-01	2.459265e-01	2.566282e+00	4.507156e-01	1.043948e+00	7.706696e+01	1.455274e+02	2.978242e-01	5.651710e-02	-4.297748e+02	
5  498.588	2.290844e+00	1.397236e-01	7.470393e-01	3.306224e+00	1.009933e+00	1.948790e-01	2.666041e-01	1.236241e-01	2.108943e+00	1.363579e+01	9.965354e-01	1.759470e+01	6.829582e-01	2.459265e-01	2.566282e+00	4.507156e-01	1.043948e+00	7.706696e+01	1.455274e+02	2.978242e-01	5.651710e-02	-4.297748e+02	
3  498.537	2.285651e+00	1.407060e-01	7.449267e-01	3.301545e+00	1.010947e+00	1.906789e-01	2.852538e-01	1.343440e-01	2.226579e+00	1.349567e+01	9.973984e-01	1.748718e+01	6.804033e-01	2.458983e-01	2.563884e+00	4.649649e-01	1.044148e+00	7.700500e+01	1.452405e+02	2.994642e-01	5.697699e-02	-3.698360e+02	
14  498.802	2.284245e+00	1.390096e-01	7.433362e-01	3.283501e+00	1.012810e+00	1.850384e-01	2.722793e-01	1.414101e-01	2.228796e+00	1.351953e+01	9.963460e-01	1.712970e+01	6.827803e-01	2.458799e-01	2.532009e+00	4.435862e-01	1.043334e+00	7.681216e+01	1.455394e+02	2.986131e-01	5.729192e-02	-3.971486e+02	
3  498.933	2.284245e+00	1.390096e-01	7.433362e-01	3.283501e+00	1.012810e+00	1.850384e-01	2.722793e-01	1.414101e-01	2.228796e+00	1.351953e+01	9.967973e-01	1.712970e+01	6.827803e-01	2.458799e-01	2.532009e+00	4.435862e-01	1.043334e+00	7.681216e+01	1.455394e+02	2.986131e-01	5.729192e-02	-3.971486e+02	
2  498.592	2.261276e+00	1.402633e-01	7.371967e-01	3.273520e+00	1.012247e+00	1.834722e-01	2.995836e-01	1.621624e-01	2.253371e+00	1.375836e+01	9.928912e-01	1.710757e+01	6.762816e-01	2.457664e-01	2.515075e+00	4.146186e-01	1.042929e+00	7.623069e+01	1.453791e+02	3.073046e-01	6.239611e-02	-4.252226e+02	
2  500.173	2.262634e+00	1.392259e-01	7.470235e-01	3.275449e+00	1.015456e+00	1.862499e-01	3.742292e-01	1.521975e-01	2.233093e+00	1.378697e+01	9.925825e-01	1.729695e+01	6.863890e-01	2.457660e-01	2.511332e+00	4.178102e-01	1.042889e+00	7.709124e+01	1.449915e+02	2.969549e-01	6.895050e-02	-4.185280e+02	
4  501.339	2.268026e+00	1.397932e-01	7.487120e-01	3.259412e+00	1.011671e+00	1.777991e-01	4.026322e-01	1.537075e-01	2.264725e+00	1.366669e+01	9.919342e-01	1.684193e+01	6.874414e-01	2.457865e-01	2.483332e+00	4.181962e-01	1.042969e+00	7.728873e+01	1.446425e+02	2.960242e-01	7.193825e-02	-4.054479e+02	
4  501.891	2.268026e+00	1.397932e-01	7.487120e-01	3.259412e+00	1.011671e+00	1.777991e-01	4.026322e-01	1.537075e-01	2.264725e+00	1.366669e+01	9.926589e-01	1.684193e+01	6.874414e-01	2.457865e-01	2.483332e+00	4.181962e-01	1.042969e+00	7.728873e+01	1.446425e+02	2.960242e-01	7.193825e-02	-4.054479e+02	
2  500.557	2.272450e+00	1.404322e-01	7.435552e-01	3.260065e+00	1.009433e+00	1.790059e-01	3.798624e-01	1.510707e-01	2.288805e+00	1.373037e+01	9.908774e-01	1.691121e+01	6.829872e-01	2.457982e-01	2.482696e+00	4.268109e-01	1.042584e+00	7.677982e+01	1.446217e+02	2.998331e-01	6.891620e-02	-3.860244e+02	
2  500.209	2.269908e+00	1.389664e-01	7.437274e-01	3.267716e+00	1.012743e+00	1.832946e-01	3.444734e-01	1.638571e-01	2.350183e+00	1.376363e+01	9.923536e-01	1.712055e+01	6.846646e-01	2.457917e-01	2.501064e+00	4.250260e-01	1.042712e+00	7.693029e+01	1.450389e+02	2.982135e-01	6.537256e-02	-3.707363e+02	
3  499.672	2.267878e+00	1.399898e-01	7.434891e-01	3.272584e+00	1.010189e+00	1.862031e-01	3.019126e-01	1.590365e-01	2.389657e+00	1.332181e+01	9.906626e-01	1.731621e+01	6.814901e-01	2.457883e-01	2.513034e+00	4.560376e-01	1.043808e+00	7.712843e+01	1.450757e+02	2.987893e-01	6.071954e-02	-2.932005e+02	
11  499.49	2.267878e+00	1.399898e-01	7.434891e-01	3.272584e+00	1.010189e+00	1.862031e-01	3.019126e-01	1.590365e-01	2.389657e+00	1.332181e+01	9.872015e-01	1.731621e+01	6.814901e-01	2.457883e-01	2.513034e+00	4.560376e-01	1.043808e+00	7.712843e+01	1.450757e+02	2.987893e-01	6.071954e-02	-2.932005e+02	
11  499.657	2.267878e+00	1.399898e-01	7.434891e-01	3.272584e+00	1.010189e+00	1.862031e-01	3.019126e-01	1.590365e-01	2.389657e+00	1.332181e+01	9.869390e-01	1.731621e+01	6.814901e-01	2.457883e-01	2.513034e+00	4.560376e-01	1.043808e+00	7.712843e+01	1.450757e+02	2.987893e-01	6.071954e-02	-2.932005e+02	
4  499.626	2.267878e+00	1.399898e-01	7.434891e-01	3.272584e+00	1.010189e+00	1.862031e-01	3.019126e-01	1.590365e-01	2.389657e+00	1.332181e+01	9.869851e-01	1.731621e+01	6.814901e-01	2.457883e-01	2.513034e+00	4.560376e-01	1.043808e+00	7.712843e+01	1.450757e+02	2.987893e-01	6.071954e-02	-2.932005e+02	
1  500.587	2.255854e+00	1.411884e-01	7.416859e-01	3.266960e+00	1.007024e+00	1.825200e-01	3.001984e-01	1.572012e-01	2.401136e+00	1.339698e+01	9.865430e-01	1.718210e+01	6.780156e-01	2.457400e-01	2.504716e+00	4.625511e-01	1.044214e+00	7.701984e+01	1.450003e+02	3.017972e-01	6.130023e-02	-2.777815e+02	
2  498.511	2.252925e+00	1.408626e-01	7.387111e-01	3.274934e+00	1.005838e+00	1.892052e-01	3.319066e-01	1.721521e-01	2.415592e+00	1.362660e+01	9.844049e-01	1.752553e+01	6.768980e-01	2.457184e-01	2.513897e+00	4.375362e-01	1.043199e+00	7.661948e+01	1.448866e+02	3.049956e-01	6.478943e-02	-3.166964e+02	
4  502.342	2.243159e+00	1.412394e-01	7.516173e-01	3.272571e+00	1.003436e+00	1.880099e-01	3.705147e-01	1.582508e-01	2.339382e+00	1.389110e+01	9.840638e-01	1.746652e+01	6.846161e-01	2.456971e-01	2.507640e+00	4.390023e-01	1.044835e+00	7.798495e+01	1.446823e+02	2.970486e-01	7.078104e-02	-3.378133e+02	
8  502.982	2.243159e+00	1.412394e-01	7.516173e-01	3.272571e+00	1.003436e+00	1.880099e-01	3.705147e-01	1.582508e-01	2.339382e+00	1.389110e+01	9.832073e-01	1.746652e+01	6.846161e-01	2.456971e-01	2.507640e+00	4.390023e-01	1.044835e+00	7.798495e+01	1.446823e+02	2.970486e-01	7.078104e-02	-3.378133e+02	
3  503.257	2.247298e+00	1.405139e-01	7.481975e-01	3.257193e+00	1.003413e+00	1.821179e-01	3.581648e-01	1.740196e-01	2.371629e+00	1.388609e+01	9.822581e-01	1.707860e+01	6.836288e-01	2.457062e-01	2.483307e+00	4.169999e-01	1.044210e+00	7.765489e+01	1.448140e+02	2.997693e-01	7.069403e-02	-3.608115e+02	
2  503.436	2.247298e+00	1.405139e-01	7.481975e-01	3.257193e+00	1.003413e+00	1.821179e-01	3.581648e-01	1.740196e-01	2.371629e+00	1.388609e+01	9.820387e-01	1.707860e+01	6.836288e-01	2.457062e-01	2.483307e+00	4.169999e-01	1.044210e+00	7.765489e+01	1.448140e+02	2.997693e-01	7.069403e-02	-3.608115e+02	
2  505.732	2.242218e+00	1.405477e-01	7.525632e-01	3.242312e+00	1.003451e+00	1.744605e-01	3.922018e-01	1.724580e-01	2.357829e+00	1.387356e+01	9.823469e-01	1.667353e+01	6.871260e-01	2.456854e-01	2.457707e+00	4.113699e-01	1.044522e+00	7.808397e+01	1.446262e+02	2.966713e-01	7.511740e-02	-3.707211e+02	
2  501.634	2.245761e+00	1.397767e-01	7.466614e-01	3.248451e+00	1.005042e+00	1.787434e-01	3.289757e-01	1.670142e-01	2.377355e+00	1.375554e+01	9.821041e-01	1.690516e+01	6.841306e-01	2.456934e-01	2.468125e+00	4.264771e-01	1.044011e+00	7.750339e+01	1.450710e+02	2.983906e-01	6.776649e-02	-3.393257e+02	
5  501.244	2.242631e+00	1.396152e-01	7.339461e-01	3.253951e+00	1.005956e+00	1.823978e-01	2.924679e-01	1.653590e-01	2.353604e+00	1.376293e+01	9.816045e-01	1.711733e+01	6.761090e-01	2.456631e-01	2.475041e+00	4.215059e-01	1.042324e+00	7.602829e+01	1.453829e+02	3.067105e-01	6.323582e-02	-3.569852e+02	
1  501.007	2.242631e+00	1.396152e-01	7.339461e-01	3.253951e+00	1.005956e+00	1.823978e-01	2.924679e-01	1.653590e-01	2.353604e+00	1.376293e+01	9.818775e-01	1.711733e+01	6.761090e-01	2.456631e-01	2.475041e+00	4.215059e-01	1.042324e+00	7.602829e+01	1.453829e+02	3.067105e-01	6.323582e-02	-3.569852e+02	
4  501.372	2.239008e+00	1.392962e-01	7.304390e-01	3.255444e+00	1.005457e+00	1.818689e-01	2.730171e-01	1.638197e-01	2.330822e+00	1.376797e+01	9.834249e-01	1.708395e+01	6.740873e-01	2.456495e-01	2.478525e+00	4.183894e-01	1.041904e+00	7.561068e+01	1.456162e+02	3.089366e-01	6.141756e-02	-3.735669e+02	
1  502.67	2.232374e+00	1.392571e-01	7.383057e-01	3.241765e+00	1.009034e+00	1.761302e-01	2.635903e-01	1.439151e-01	2.306587e+00	1.365894e+01	9.829474e-01	1.682298e+01	6.796066e-01	2.456242e-01	2.455105e+00	4.430619e-01	1.043230e+00	7.652369e+01	1.456700e+02	3.011573e-01	6.112905e-02	-3.325837e+02	
1  500.04	2.234545e+00	1.395560e-01	7.415921e-01	3.249423e+00	1.008820e+00	1.773085e-01	2.928307e-01	1.523552e-01	2.271662e+00	1.360078e+01	9.849562e-01	1.685785e+01	6.807674e-01	2.456460e-01	2.470566e+00	4.272706e-01	1.043588e+00	7.682407e+01	1.455379e+02	3.014067e-01	6.455883e-02	-3.757252e+02	
2  500.259	2.246362e+00	1.403993e-01	7.344713e-01	3.255815e+00	1.008507e+00	1.766931e-01	2.542177e-01	1.617465e-01	2.244666e+00	1.351319e+01	9.871888e-01	1.673969e+01	6.733035e-01	2.457038e-01	2.486900e+00	4.150314e-01	1.043330e+00	7.607764e+01	1.457183e+02	3.099750e-01	6.035899e-02	-4.161337e+02	
1  500.829	2.229266e+00	1.408761e-01	7.310470e-01	3.248603e+00	1.006379e+00	1.724804e-01	2.847084e-01	1.341311e-01	2.188414e+00	1.339437e+01	9.874928e-01	1.666633e+01	6.721842e-01	2.456191e-01	2.466758e+00	4.364116e-01	1.042424e+00	7.549229e+01	1.455508e+02	3.093198e-01	6.254786e-02	-3.958174e+02	
12  500.502	2.228987e+00	1.412712e-01	7.283651e-01	3.251704e+00	1.004663e+00	1.767812e-01	2.713372e-01	1.507566e-01	2.226984e+00	1.324573e+01	9.844319e-01	1.686976e+01	6.686858e-01	2.456144e-01	2.474259e+00	4.260125e-01	1.042510e+00	7.534214e+01	1.455446e+02	3.136537e-01	6.208907e-02	-3.905367e+02	
3  499.622	2.228987e+00	1.412712e-01	7.283651e-01	3.251704e+00	1.004663e+00	1.767812e-01	2.713372e-01	1.507566e-01	2.226984e+00	1.324573e+01	9.879022e-01	1.686976e+01	6.686858e-01	2.456144e-01	2.474259e+00	4.260125e-01	1.042510e+00	7.534214e+01	1.455446e+02	3.136537e-01	6.208907e-02	-3.905367e+02	
3  499.172	2.225209e+00	1.415302e-01	7.271593e-01	3.259601e+00	1.004233e+00	1.775299e-01	2.463505e-01	1.438232e-01	2.186457e+00	1.324532e+01	9.905849e-01	1.692042e+01	6.666132e-01	2.456109e-01	2.490373e+00	4.324222e-01	1.042782e+00	7.520174e+01	1.457777e+02	3.151858e-01	5.958097e-02	-4.030135e+02	
3  499.116	2.227104e+00	1.426724e-01	7.215662e-01	3.248980e+00	1.002831e+00	1.706094e-01	2.622527e-01	1.403365e-01	2.129167e+00	1.350144e+01	9.906750e-01	1.651358e+01	6.614449e-01	2.456124e-01	2.469640e+00	4.172367e-01	1.042011e+00	7.446635e+01	1.455956e+02	3.217209e-01	6.147670e-02	-4.515732e+02	
6  499.914	2.213006e+00	1.444376e-01	7.222527e-01	3.261091e+00	1.000101e+00	1.757424e-01	2.550575e-01	1.174578e-01	2.084612e+00	1.354321e+01	9.897449e-01	1.692420e+01	6.584459e-01	2.455615e-01	2.488399e+00	4.491670e-01	1.042862e+00	7.455183e+01	1.455060e+02	3.220866e-01	6.040417e-02	-4.170656e+02	
3  501.498	2.213743e+00	1.451494e-01	7.181065e-01	3.269127e+00	9.993100e-01	1.758907e-01	2.551563e-01	1.074422e-01	2.075550e+00	1.371656e+01	9.924087e-01	1.698034e+01	6.548105e-01	2.455673e-01	2.501545e+00	4.618878e-01	1.042383e+00	7.401522e+01	1.454451e+02	3.248771e-01	5.874942e-02	-4.144653e+02	
2  502.042	2.221153e+00	1.455880e-01	7.222386e-01	3.263136e+00	9.972396e-01	1.723846e-01	2.063455e-01	1.096411e-01	2.043459e+00	1.370084e+01	9.920506e-01	1.666720e+01	6.549191e-01	2.456193e-01	2.496201e+00	4.576923e-01	1.043836e+00	7.462151e+01	1.457219e+02	3.250230e-01	5.594246e-02	-4.335856e+02	
2  501.894	2.217224e+00	1.449368e-01	7.152901e-01	3.271475e+00	9.981340e-01	1.761251e-01	2.305192e-01	1.072421e-01	2.068262e+00	1.371676e+01	9.933009e-01	1.695570e+01	6.528413e-01	2.455858e-01	2.506616e+00	4.610174e-01	1.042120e+00	7.371019e+01	1.456220e+02	3.269473e-01	5.625046e-02	-4.232090e+02	
1  502.028	2.217224e+00	1.449368e-01	7.152901e-01	3.271475e+00	9.981340e-01	1.761251e-01	2.305192e-01	1.072421e-01	2.068262e+00	1.371676e+01	9.942297e-01	1.695570e+01	6.528413e-01	2.455858e-01	2.506616e+00	4.610174e-01	1.042120e+00	7.371019e+01	1.456220e+02	3.269473e-01	5.625046e-02	-4.232090e+02	
1  501.771	2.215958e+00	1.443009e-01	7.079231e-01	3.263429e+00	9.998317e-01	1.748767e-01	2.224761e-01	1.295885e-01	2.063064e+00	1.379702e+01	9.925691e-01	1.678964e+01	6.483669e-01	2.455657e-01	2.494484e+00	4.208281e-01	1.040997e+00	7.292292e+01	1.458128e+02	3.346749e-01	5.716117e-02	-4.812444e+02	
5  502.005	2.230387e+00	1.440172e-01	7.105425e-01	3.250176e+00	1.001146e+00	1.697953e-01	2.159989e-01	1.391265e-01	2.046029e+00	1.385601e+01	9.912266e-01	1.637168e+01	6.503276e-01	2.456248e-01	2.473018e+00	4.006665e-01	1.041300e+00	7.323996e+01	1.458060e+02	3.342353e-01	5.751435e-02	-5.092100e+02	
1  501.483	2.237873e+00	1.434346e-01	7.139197e-01	3.250294e+00	1.003292e+00	1.696486e-01	1.900699e-01	1.261793e-01	2.083340e+00	1.385273e+01	9.920257e-01	1.638243e+01	6.540132e-01	2.456618e-01	2.472356e+00	4.270281e-01	1.041748e+00	7.365452e+01	1.459525e+02	3.283681e-01	5.364147e-02	-4.672050e+02	
3  501.029	2.230244e+00	1.426489e-01	7.163414e-01	3.261067e+00	1.001136e+00	1.734054e-01	1.886693e-01	1.218870e-01	2.107861e+00	1.388239e+01	9.943466e-01	1.665124e+01	6.570674e-01	2.456390e-01	2.491116e+00	4.399102e-01	1.041888e+00	7.391698e+01	1.460883e+02	3.242885e-01	5.301846e-02	-4.458215e+02	
1  500.811	2.230244e+00	1.426489e-01	7.163414e-01	3.261067e+00	1.001136e+00	1.734054e-01	1.886693e-01	1.218870e-01	2.107861e+00	1.388239e+01	9.936318e-01	1.665124e+01	6.570674e-01	2.456390e-01	2.491116e+00	4.399102e-01	1.041888e+00	7.391698e+01	1.460883e+02	3.242885e-01	5.301846e-02	-4.458215e+02	
6  498.751	2.228884e+00	1.427734e-01	7.251211e-01	3.272442e+00	1.000118e+00	1.781792e-01	2.236738e-01	1.211167e-01	2.144199e+00	1.398036e+01	9.942667e-01	1.697231e+01	6.629371e-01	2.456446e-01	2.510648e+00	4.526725e-01	1.042930e+00	7.490888e+01	1.458179e+02	3.174886e-01	5.596027e-02	-4.165560e+02	
4  497.882	2.232219e+00	1.418817e-01	7.308783e-01	3.276543e+00	1.002480e+00	1.803300e-01	2.186908e-01	1.361494e-01	2.137664e+00	1.389352e+01	9.952363e-01	1.700422e+01	6.670616e-01	2.456716e-01	2.522810e+00	4.341484e-01	1.043729e+00	7.560650e+01	1.460085e+02	3.147524e-01	5.682742e-02	-4.466196e+02	
4  498.712	2.232219e+00	1.418817e-01	7.308783e-01	3.276543e+00	1.002480e+00	1.803300e-01	2.186908e-01	1.361494e-01	2.137664e+00	1.389352e+01	9.966608e-01	1.700422e+01	6.670616e-01	2.456716e-01	2.522810e+00	4.341484e-01	1.043729e+00	7.560650e+01	1.460085e+02	3.147524e-01	5.682742e-02	-4.466196e+02	
1  498.607	2.234435e+00	1.418202e-01	7.264103e-01	3.278548e+00	1.000845e+00	1.784095e-01	2.058711e-01	1.394138e-01	2.127440e+00	1.384926e+01	9.991876e-01	1.687372e+01	6.639491e-01	2.456850e-01	2.528345e+00	4.275901e-01	1.043189e+00	7.508226e+01	1.461473e+02	3.184920e-01	5.525665e-02	-4.683434e+02	
