1  496.672	2.227975e+00	1.461345e-01	7.272793e-01	3.139346e+00	9.975714e-01	1.073015e-01	3.263164e-01	1.318829e-01	2.112334e+00	1.374522e+01	9.933195e-01	1.207764e+01	6.609130e-01	2.456240e-01	2.251865e+00	4.006926e-01	1.043681e+00	7.490868e+01	1.449085e+02	3.240601e-01	6.984632e-02	-4.781982e+02	
5  497.065	2.244979e+00	1.451532e-01	7.321026e-01	3.162989e+00	1.001513e+00	1.183367e-01	3.573852e-01	1.413581e-01	2.192454e+00	1.392227e+01	9.949567e-01	1.298061e+01	6.667164e-01	2.456985e-01	2.303122e+00	4.050531e-01	1.043529e+00	7.548528e+01	1.446600e+02	3.181035e-01	7.122229e-02	-4.619919e+02	
1  498.028	2.231415e+00	1.459204e-01	7.265167e-01	3.165874e+00	1.004262e+00	1.178319e-01	3.786101e-01	1.296997e-01	2.151101e+00	1.397873e+01	9.964770e-01	1.305339e+01	6.624005e-01	2.456328e-01	2.304559e+00	4.112492e-01	1.042735e+00	7.471977e+01	1.446333e+02	3.220264e-01	7.239692e-02	-4.703732e+02	
1  496.832	2.242562e+00	1.451206e-01	7.380553e-01	3.163220e+00	1.007773e+00	1.192966e-01	3.583574e-01	1.414752e-01	2.154230e+00	1.399022e+01	9.948084e-01	1.305031e+01	6.700327e-01	2.456937e-01	2.308308e+00	4.008184e-01	1.044543e+00	7.615680e+01	1.447401e+02	3.149131e-01	7.239330e-02	-4.775673e+02	
3  496.806	2.242562e+00	1.451206e-01	7.380553e-01	3.163220e+00	1.007773e+00	1.192966e-01	3.583574e-01	1.414752e-01	2.154230e+00	1.399022e+01	9.945818e-01	1.305031e+01	6.700327e-01	2.456937e-01	2.308308e+00	4.008184e-01	1.044543e+00	7.615680e+01	1.447401e+02	3.149131e-01	7.239330e-02	-4.775673e+02	
3  497.19	2.223390e+00	1.472335e-01	7.366602e-01	3.152945e+00	1.004173e+00	1.133611e-01	3.814715e-01	1.159665e-01	2.180630e+00	1.396907e+01	9.932461e-01	1.275844e+01	6.668097e-01	2.456082e-01	2.277996e+00	4.420327e-01	1.044921e+00	7.596176e+01	1.445236e+02	3.151855e-01	7.290594e-02	-4.036550e+02	
9  494.642	2.237312e+00	1.472439e-01	7.321485e-01	3.148920e+00	1.006295e+00	1.074407e-01	3.658957e-01	1.283813e-01	2.208692e+00	1.387437e+01	9.966162e-01	1.219340e+01	6.634310e-01	2.456710e-01	2.269615e+00	4.314939e-01	1.044531e+00	7.546852e+01	1.445796e+02	3.197866e-01	7.004102e-02	-4.213689e+02	
6  495.406	2.248431e+00	1.467491e-01	7.263249e-01	3.148701e+00	1.006523e+00	1.084129e-01	3.525459e-01	1.377183e-01	2.219772e+00	1.370744e+01	9.958996e-01	1.220745e+01	6.604666e-01	2.457065e-01	2.269961e+00	4.191577e-01	1.043483e+00	7.482701e+01	1.445852e+02	3.237228e-01	6.824943e-02	-4.330005e+02	
1  497.044	2.253305e+00	1.473239e-01	7.288810e-01	3.154163e+00	1.004741e+00	1.111224e-01	3.900349e-01	1.570533e-01	2.251826e+00	1.362735e+01	9.950280e-01	1.241552e+01	6.610389e-01	2.457272e-01	2.285164e+00	4.026400e-01	1.043763e+00	7.518599e+01	1.441718e+02	3.244387e-01	7.255547e-02	-4.454988e+02	
3  497.148	2.253305e+00	1.473239e-01	7.288810e-01	3.154163e+00	1.004741e+00	1.111224e-01	3.900349e-01	1.570533e-01	2.251826e+00	1.362735e+01	9.944117e-01	1.241552e+01	6.610389e-01	2.457272e-01	2.285164e+00	4.026400e-01	1.043763e+00	7.518599e+01	1.441718e+02	3.244387e-01	7.255547e-02	-4.454988e+02	
1  499.998	2.247551e+00	1.481517e-01	7.311030e-01	3.139723e+00	9.978491e-01	1.029175e-01	2.977280e-01	1.334507e-01	2.301740e+00	1.353643e+01	9.940076e-01	1.172160e+01	6.597708e-01	2.457281e-01	2.251887e+00	4.544892e-01	1.045720e+00	7.565302e+01	1.446842e+02	3.220412e-01	6.293484e-02	-3.425037e+02	
3  498.116	2.227491e+00	1.484393e-01	7.187930e-01	3.125788e+00	9.976850e-01	9.591117e-02	2.632902e-01	1.385381e-01	2.303378e+00	1.350374e+01	9.942434e-01	1.113095e+01	6.504258e-01	2.456290e-01	2.220544e+00	4.439270e-01	1.044675e+00	7.430524e+01	1.450439e+02	3.322340e-01	5.974802e-02	-3.565135e+02	
1  496.386	2.222562e+00	1.478086e-01	7.250113e-01	3.128817e+00	9.994460e-01	9.800530e-02	3.533856e-01	1.329825e-01	2.308714e+00	1.325004e+01	9.946585e-01	1.144317e+01	6.581073e-01	2.455978e-01	2.223241e+00	4.495669e-01	1.044196e+00	7.479338e+01	1.445690e+02	3.241155e-01	6.756996e-02	-3.347501e+02	
4  495.326	2.212829e+00	1.490676e-01	7.183870e-01	3.135540e+00	9.923550e-01	9.682398e-02	3.422579e-01	1.390682e-01	2.306738e+00	1.326211e+01	9.970892e-01	1.135403e+01	6.504682e-01	2.455680e-01	2.235691e+00	4.446735e-01	1.043995e+00	7.411118e+01	1.445913e+02	3.324249e-01	6.699750e-02	-3.580950e+02	
1  495.632	2.214447e+00	1.477580e-01	7.230926e-01	3.120463e+00	9.930834e-01	9.019979e-02	3.620358e-01	1.537613e-01	2.355543e+00	1.319103e+01	9.976919e-01	1.069668e+01	6.562801e-01	2.455736e-01	2.203438e+00	4.292692e-01	1.044181e+00	7.464097e+01	1.445392e+02	3.279061e-01	6.898212e-02	-3.573787e+02	
3  495.678	2.219535e+00	1.485806e-01	7.206151e-01	3.111557e+00	9.924671e-01	8.711517e-02	3.158365e-01	1.543151e-01	2.334865e+00	1.321783e+01	9.953994e-01	1.031635e+01	6.519282e-01	2.455962e-01	2.185566e+00	4.265977e-01	1.044685e+00	7.446146e+01	1.446875e+02	3.324587e-01	6.490687e-02	-3.643082e+02	
6  496.434	2.226243e+00	1.476585e-01	7.120006e-01	3.117325e+00	9.935388e-01	8.777986e-02	2.534869e-01	1.585937e-01	2.289561e+00	1.305391e+01	9.983146e-01	1.028849e+01	6.464115e-01	2.456253e-01	2.199920e+00	4.138689e-01	1.043715e+00	7.350031e+01	1.451801e+02	3.387961e-01	5.867460e-02	-4.092188e+02	
1  496.476	2.226243e+00	1.476585e-01	7.120006e-01	3.117325e+00	9.935388e-01	8.777986e-02	2.534869e-01	1.585937e-01	2.289561e+00	1.305391e+01	9.986982e-01	1.028849e+01	6.464115e-01	2.456253e-01	2.199920e+00	4.138689e-01	1.043715e+00	7.350031e+01	1.451801e+02	3.387961e-01	5.867460e-02	-4.092188e+02	
1  495.686	2.226035e+00	1.478652e-01	7.113986e-01	3.108711e+00	9.907699e-01	8.579008e-02	2.514100e-01	1.529706e-01	2.311231e+00	1.287779e+01	9.961547e-01	1.009969e+01	6.461030e-01	2.456197e-01	2.178801e+00	4.250117e-01	1.043670e+00	7.344231e+01	1.451103e+02	3.384356e-01	5.800583e-02	-3.714361e+02	
1  496.849	2.209074e+00	1.490804e-01	7.116229e-01	3.135530e+00	9.888211e-01	9.532130e-02	2.898065e-01	1.581151e-01	2.277693e+00	1.324319e+01	9.986197e-01	1.111517e+01	6.435567e-01	2.455571e-01	2.240713e+00	4.153952e-01	1.043826e+00	7.349283e+01	1.449394e+02	3.413166e-01	6.381764e-02	-4.216257e+02	
1  497.326	2.199846e+00	1.493846e-01	7.108850e-01	3.123543e+00	9.874551e-01	8.768012e-02	2.632504e-01	1.355499e-01	2.300941e+00	1.313383e+01	9.999237e-01	1.047051e+01	6.430261e-01	2.455261e-01	2.207045e+00	4.528878e-01	1.044262e+00	7.336476e+01	1.451898e+02	3.396186e-01	5.920172e-02	-3.473177e+02	
4  495.725	2.197134e+00	1.488750e-01	7.081274e-01	3.117042e+00	9.910512e-01	8.752748e-02	2.892147e-01	1.486824e-01	2.270231e+00	1.295925e+01	9.980282e-01	1.043743e+01	6.422541e-01	2.454934e-01	2.195772e+00	4.235175e-01	1.043349e+00	7.299717e+01	1.450714e+02	3.422180e-01	6.272368e-02	-3.941301e+02	
3  496.552	2.202492e+00	1.494849e-01	7.093484e-01	3.128469e+00	9.882351e-01	9.150515e-02	2.621652e-01	1.450211e-01	2.251316e+00	1.297901e+01	9.985723e-01	1.078693e+01	6.410140e-01	2.455318e-01	2.222466e+00	4.317064e-01	1.044020e+00	7.321403e+01	1.451683e+02	3.427647e-01	6.069638e-02	-3.972761e+02	
11  496.538	2.202492e+00	1.494849e-01	7.093484e-01	3.128469e+00	9.882351e-01	9.150515e-02	2.621652e-01	1.450211e-01	2.251316e+00	1.297901e+01	9.979200e-01	1.078693e+01	6.410140e-01	2.455318e-01	2.222466e+00	4.317064e-01	1.044020e+00	7.321403e+01	1.451683e+02	3.427647e-01	6.069638e-02	-3.972761e+02	
2  496.531	2.202492e+00	1.494849e-01	7.093484e-01	3.128469e+00	9.882351e-01	9.150515e-02	2.621652e-01	1.450211e-01	2.251316e+00	1.297901e+01	9.980115e-01	1.078693e+01	6.410140e-01	2.455318e-01	2.222466e+00	4.317064e-01	1.044020e+00	7.321403e+01	1.451683e+02	3.427647e-01	6.069638e-02	-3.972761e+02	
1  497.007	2.199705e+00	1.497073e-01	7.044813e-01	3.123679e+00	9.879962e-01	9.010547e-02	3.387807e-01	1.573882e-01	2.312617e+00	1.273052e+01	9.969248e-01	1.072394e+01	6.392779e-01	2.454945e-01	2.208319e+00	4.212360e-01	1.042473e+00	7.256233e+01	1.445716e+02	3.456496e-01	6.673865e-02	-3.819697e+02	
19  498.026	2.207465e+00	1.499825e-01	7.014497e-01	3.122040e+00	9.897323e-01	8.908841e-02	3.237955e-01	1.640222e-01	2.296593e+00	1.276171e+01	9.967615e-01	1.055879e+01	6.361115e-01	2.455240e-01	2.206147e+00	4.092312e-01	1.042283e+00	7.223950e+01	1.445731e+02	3.497013e-01	6.516276e-02	-4.079215e+02	
5  498.603	2.207465e+00	1.499825e-01	7.014497e-01	3.122040e+00	9.897323e-01	8.908841e-02	3.237955e-01	1.640222e-01	2.296593e+00	1.276171e+01	9.986522e-01	1.055879e+01	6.361115e-01	2.455240e-01	2.206147e+00	4.092312e-01	1.042283e+00	7.223950e+01	1.445731e+02	3.497013e-01	6.516276e-02	-4.079215e+02	
1  496.173	2.217389e+00	1.488786e-01	7.172607e-01	3.119865e+00	9.937524e-01	8.768557e-02	3.661953e-01	1.477649e-01	2.321802e+00	1.271100e+01	1.000205e+00	1.047755e+01	6.506116e-01	2.455819e-01	2.197796e+00	4.369719e-01	1.043649e+00	7.389180e+01	1.444283e+02	3.333124e-01	6.772006e-02	-3.515927e+02	
1  496.054	2.210446e+00	1.491007e-01	7.178162e-01	3.119382e+00	9.935665e-01	8.753708e-02	3.424017e-01	1.402755e-01	2.258875e+00	1.276101e+01	1.000043e+00	1.046181e+01	6.497186e-01	2.455586e-01	2.197871e+00	4.360551e-01	1.044115e+00	7.394667e+01	1.446674e+02	3.339782e-01	6.664415e-02	-3.745677e+02	
4  495.822	2.221754e+00	1.479768e-01	7.167891e-01	3.101362e+00	9.971177e-01	8.255882e-02	3.389049e-01	1.461528e-01	2.251359e+00	1.286307e+01	9.976091e-01	9.867481e+00	6.514905e-01	2.455897e-01	2.158983e+00	4.153722e-01	1.043400e+00	7.376551e+01	1.446620e+02	3.337626e-01	6.588995e-02	-3.974005e+02	
3  495.687	2.221754e+00	1.479768e-01	7.167891e-01	3.101362e+00	9.971177e-01	8.255882e-02	3.389049e-01	1.461528e-01	2.251359e+00	1.286307e+01	9.974211e-01	9.867481e+00	6.514905e-01	2.455897e-01	2.158983e+00	4.153722e-01	1.043400e+00	7.376551e+01	1.446620e+02	3.337626e-01	6.588995e-02	-3.974005e+02	
2  496.285	2.223875e+00	1.480074e-01	7.132923e-01	3.098153e+00	9.982286e-01	8.019524e-02	3.000000e-01	1.580460e-01	2.284479e+00	1.296240e+01	9.981210e-01	9.574101e+00	6.479450e-01	2.455998e-01	2.154718e+00	4.081044e-01	1.043564e+00	7.351039e+01	1.448526e+02	3.379744e-01	6.190483e-02	-4.028068e+02	
3  496.027	2.221844e+00	1.486941e-01	7.131861e-01	3.105415e+00	9.968543e-01	8.168056e-02	2.753250e-01	1.403433e-01	2.265898e+00	1.294986e+01	9.992666e-01	9.765026e+00	6.464070e-01	2.456048e-01	2.167717e+00	4.337941e-01	1.044042e+00	7.349538e+01	1.450487e+02	3.376979e-01	5.892082e-02	-3.765067e+02	
3  496.79	2.227688e+00	1.486427e-01	7.099241e-01	3.135524e+00	9.950145e-01	9.545680e-02	3.034963e-01	1.582024e-01	2.299227e+00	1.315527e+01	1.000150e+00	1.109246e+01	6.442890e-01	2.456249e-01	2.238804e+00	4.171855e-01	1.043026e+00	7.320898e+01	1.447743e+02	3.407145e-01	6.295922e-02	-4.119310e+02	
2  496.448	2.227688e+00	1.486427e-01	7.099241e-01	3.135524e+00	9.950145e-01	9.545680e-02	3.034963e-01	1.582024e-01	2.299227e+00	1.315527e+01	9.988038e-01	1.109246e+01	6.442890e-01	2.456249e-01	2.238804e+00	4.171855e-01	1.043026e+00	7.320898e+01	1.447743e+02	3.407145e-01	6.295922e-02	-4.119310e+02	
6  496.941	2.222870e+00	1.496724e-01	7.016156e-01	3.128474e+00	9.930768e-01	9.249839e-02	2.776454e-01	1.601246e-01	2.339937e+00	1.309966e+01	9.971571e-01	1.081810e+01	6.363887e-01	2.455960e-01	2.222250e+00	4.238989e-01	1.042598e+00	7.237209e+01	1.448063e+02	3.483816e-01	5.970038e-02	-3.842706e+02	
4  498.898	2.218280e+00	1.496850e-01	7.038704e-01	3.118887e+00	9.909492e-01	9.090346e-02	2.511364e-01	1.771847e-01	2.378529e+00	1.319350e+01	9.941852e-01	1.061177e+01	6.365842e-01	2.455751e-01	2.207297e+00	4.106161e-01	1.043560e+00	7.283738e+01	1.449127e+02	3.489344e-01	5.885556e-02	-3.830117e+02	
1  501.033	2.215258e+00	1.496862e-01	6.993559e-01	3.118420e+00	9.905415e-01	9.274358e-02	2.015639e-01	1.713046e-01	2.350089e+00	1.336051e+01	9.923421e-01	1.074590e+01	6.325757e-01	2.455595e-01	2.208364e+00	4.115421e-01	1.043387e+00	7.239630e+01	1.452563e+02	3.526241e-01	5.488428e-02	-3.913223e+02	
7  499.905	2.224070e+00	1.495646e-01	7.112807e-01	3.123242e+00	9.898656e-01	9.323899e-02	2.396024e-01	1.673428e-01	2.419499e+00	1.342763e+01	9.939289e-01	1.083963e+01	6.419324e-01	2.456160e-01	2.217153e+00	4.343446e-01	1.044707e+00	7.375537e+01	1.449527e+02	3.419196e-01	5.760121e-02	-3.349401e+02	
3  500.668	2.232025e+00	1.482750e-01	7.062412e-01	3.122769e+00	9.926080e-01	9.576576e-02	1.976850e-01	1.624744e-01	2.479869e+00	1.350248e+01	9.928225e-01	1.104595e+01	6.411110e-01	2.456388e-01	2.217172e+00	4.495593e-01	1.043801e+00	7.324184e+01	1.452121e+02	3.415235e-01	5.200441e-02	-2.843766e+02	
2  500.042	2.236540e+00	1.481654e-01	7.157519e-01	3.143164e+00	9.927833e-01	1.060768e-01	2.430192e-01	1.537628e-01	2.452625e+00	1.340159e+01	9.927156e-01	1.203225e+01	6.486468e-01	2.456655e-01	2.263346e+00	4.616131e-01	1.044422e+00	7.425988e+01	1.448904e+02	3.327984e-01	5.687319e-02	-2.738733e+02	
1  495.613	2.235908e+00	1.479742e-01	7.121202e-01	3.129317e+00	9.953742e-01	9.828986e-02	2.713397e-01	1.605725e-01	2.466619e+00	1.378568e+01	9.939513e-01	1.132642e+01	6.474299e-01	2.456516e-01	2.228759e+00	4.414572e-01	1.043463e+00	7.372046e+01	1.448009e+02	3.358500e-01	5.873968e-02	-3.130616e+02	
3  495.972	2.230536e+00	1.482053e-01	7.156252e-01	3.138915e+00	9.935340e-01	1.018708e-01	3.067197e-01	1.514544e-01	2.504621e+00	1.387034e+01	9.947835e-01	1.175372e+01	6.505443e-01	2.456323e-01	2.247354e+00	4.633498e-01	1.043637e+00	7.408945e+01	1.445350e+02	3.312660e-01	6.121623e-02	-2.637279e+02	
4  494.044	2.250793e+00	1.475720e-01	7.196290e-01	3.130874e+00	9.941330e-01	9.662820e-02	3.185667e-01	1.682203e-01	2.505429e+00	1.375394e+01	9.961167e-01	1.114237e+01	6.540899e-01	2.457250e-01	2.229733e+00	4.385631e-01	1.043836e+00	7.450062e+01	1.444222e+02	3.298360e-01	6.227594e-02	-3.087056e+02	
3  494.498	2.250793e+00	1.475720e-01	7.196290e-01	3.130874e+00	9.941330e-01	9.662820e-02	3.185667e-01	1.682203e-01	2.505429e+00	1.375394e+01	9.975983e-01	1.114237e+01	6.540899e-01	2.457250e-01	2.229733e+00	4.385631e-01	1.043836e+00	7.450062e+01	1.444222e+02	3.298360e-01	6.227594e-02	-3.087056e+02	
6  495.053	2.241649e+00	1.480359e-01	7.164177e-01	3.119015e+00	9.907996e-01	9.093064e-02	3.433207e-01	1.737086e-01	2.509328e+00	1.386549e+01	9.968571e-01	1.062260e+01	6.515350e-01	2.456781e-01	2.200366e+00	4.247350e-01	1.043308e+00	7.408354e+01	1.442475e+02	3.336322e-01	6.488610e-02	-3.261794e+02	
7  495.152	2.241281e+00	1.479546e-01	7.161971e-01	3.126858e+00	9.908019e-01	9.210634e-02	3.296827e-01	1.754203e-01	2.516920e+00	1.384623e+01	9.994406e-01	1.074145e+01	6.510024e-01	2.456866e-01	2.218237e+00	4.286284e-01	1.043518e+00	7.410138e+01	1.443831e+02	3.339453e-01	6.337997e-02	-3.272257e+02	
1  495.782	2.239527e+00	1.474827e-01	7.295347e-01	3.114584e+00	9.933912e-01	8.609898e-02	3.882650e-01	1.537655e-01	2.527032e+00	1.399201e+01	1.000100e+00	1.025283e+01	6.629815e-01	2.456871e-01	2.184708e+00	4.547513e-01	1.044629e+00	7.540750e+01	1.441193e+02	3.204202e-01	6.738953e-02	-2.680513e+02	
2  497.189	2.252511e+00	1.474650e-01	7.330459e-01	3.118527e+00	9.960024e-01	8.502948e-02	3.933933e-01	1.407350e-01	2.497145e+00	1.392055e+01	1.002769e+00	1.013320e+01	6.658772e-01	2.457529e-01	2.189424e+00	4.696686e-01	1.044937e+00	7.567005e+01	1.440768e+02	3.167184e-01	6.593784e-02	-2.590181e+02	
2  497.753	2.244943e+00	1.480161e-01	7.220654e-01	3.103727e+00	9.926047e-01	7.766456e-02	3.747760e-01	1.387947e-01	2.488886e+00	1.375560e+01	1.002071e+00	9.392560e+00	6.578493e-01	2.457095e-01	2.150824e+00	4.655934e-01	1.043710e+00	7.437914e+01	1.441648e+02	3.255698e-01	6.281422e-02	-2.629499e+02	
2  495.39	2.250646e+00	1.475408e-01	7.171189e-01	3.113437e+00	9.957136e-01	8.205776e-02	3.185569e-01	1.660835e-01	2.454532e+00	1.377801e+01	1.003104e+00	9.704752e+00	6.525556e-01	2.457346e-01	2.183014e+00	4.258499e-01	1.043604e+00	7.402276e+01	1.445392e+02	3.330745e-01	6.044222e-02	-3.568339e+02	
1  494.941	2.251875e+00	1.488088e-01	7.145550e-01	3.109709e+00	9.940728e-01	8.007405e-02	3.119425e-01	1.701821e-01	2.461235e+00	1.376791e+01	1.001695e+00	9.482691e+00	6.480407e-01	2.457389e-01	2.174438e+00	4.247138e-01	1.043868e+00	7.380247e+01	1.444075e+02	3.378504e-01	5.957033e-02	-3.549265e+02	
3  496.076	2.261877e+00	1.473946e-01	7.196887e-01	3.112264e+00	1.000163e+00	8.263978e-02	3.661296e-01	1.619059e-01	2.503239e+00	1.390872e+01	1.002287e+00	9.786352e+00	6.564183e-01	2.457715e-01	2.177486e+00	4.360771e-01	1.043159e+00	7.420523e+01	1.441647e+02	3.287728e-01	6.290866e-02	-3.211713e+02	
8  498.109	2.265911e+00	1.460452e-01	7.256884e-01	3.113906e+00	1.006378e+00	8.475086e-02	3.969669e-01	1.762143e-01	2.539554e+00	1.392258e+01	1.002971e+00	9.998406e+00	6.632164e-01	2.457833e-01	2.186805e+00	4.229550e-01	1.043282e+00	7.488719e+01	1.440784e+02	3.227122e-01	6.630692e-02	-3.267467e+02	
1  499.491	2.269894e+00	1.452465e-01	7.291116e-01	3.103252e+00	1.007255e+00	7.781908e-02	3.485071e-01	1.870160e-01	2.531144e+00	1.369850e+01	1.005266e+00	9.214515e+00	6.652849e-01	2.458174e-01	2.167824e+00	4.132326e-01	1.044429e+00	7.538642e+01	1.444186e+02	3.215309e-01	6.192110e-02	-3.422260e+02	
2  500.399	2.256566e+00	1.455420e-01	7.273069e-01	3.104213e+00	1.007097e+00	7.642398e-02	2.998999e-01	1.624817e-01	2.589303e+00	1.373887e+01	1.006977e+00	9.198647e+00	6.635299e-01	2.457728e-01	2.166414e+00	4.655494e-01	1.045141e+00	7.527408e+01	1.448533e+02	3.199412e-01	5.485872e-02	-2.320278e+02	
1  501.763	2.258350e+00	1.457047e-01	7.187088e-01	3.092394e+00	1.005949e+00	7.074808e-02	2.473590e-01	1.615220e-01	2.541622e+00	1.362956e+01	1.006463e+00	8.516619e+00	6.566404e-01	2.457774e-01	2.137869e+00	4.544531e-01	1.044470e+00	7.429858e+01	1.451613e+02	3.278919e-01	4.908095e-02	-2.699413e+02	
3  500.95	2.278389e+00	1.442892e-01	7.277522e-01	3.071405e+00	1.007036e+00	6.018201e-02	2.860183e-01	1.739783e-01	2.511492e+00	1.371450e+01	1.007645e+00	7.230696e+00	6.661286e-01	2.458699e-01	2.091150e+00	4.207172e-01	1.044709e+00	7.518703e+01	1.448200e+02	3.216065e-01	5.177220e-02	-3.391212e+02	
2  499.585	2.262349e+00	1.461424e-01	7.227671e-01	3.073882e+00	1.006410e+00	5.973939e-02	2.907657e-01	1.652408e-01	2.494007e+00	1.367748e+01	1.007545e+00	7.285137e+00	6.593709e-01	2.458006e-01	2.092557e+00	4.336780e-01	1.044805e+00	7.461446e+01	1.448073e+02	3.275481e-01	5.175305e-02	-3.265683e+02	
2  500.17	2.262349e+00	1.461424e-01	7.227671e-01	3.073882e+00	1.006410e+00	5.973939e-02	2.907657e-01	1.652408e-01	2.494007e+00	1.367748e+01	1.008156e+00	7.285137e+00	6.593709e-01	2.458006e-01	2.092557e+00	4.336780e-01	1.044805e+00	7.461446e+01	1.448073e+02	3.275481e-01	5.175305e-02	-3.265683e+02	
4  501.059	2.261410e+00	1.462027e-01	7.257179e-01	3.082495e+00	1.007479e+00	6.271454e-02	2.708657e-01	1.540556e-01	2.456269e+00	1.376503e+01	1.009406e+00	7.629694e+00	6.606491e-01	2.458092e-01	2.112271e+00	4.451018e-01	1.045489e+00	7.493499e+01	1.450397e+02	3.251407e-01	5.057579e-02	-3.267691e+02	
5  499.809	2.269421e+00	1.456747e-01	7.339439e-01	3.081828e+00	1.007289e+00	6.257764e-02	3.220732e-01	1.562437e-01	2.512981e+00	1.383670e+01	1.009573e+00	7.633276e+00	6.684318e-01	2.458475e-01	2.110158e+00	4.512088e-01	1.045890e+00	7.582268e+01	1.446626e+02	3.172231e-01	5.479625e-02	-2.932297e+02	
2  498.172	2.269421e+00	1.456747e-01	7.339439e-01	3.081828e+00	1.007289e+00	6.257764e-02	3.220732e-01	1.562437e-01	2.512981e+00	1.383670e+01	1.007542e+00	7.633276e+00	6.684318e-01	2.458475e-01	2.110158e+00	4.512088e-01	1.045890e+00	7.582268e+01	1.446626e+02	3.172231e-01	5.479625e-02	-2.932297e+02	
9  497.573	2.251312e+00	1.461825e-01	7.341963e-01	3.095180e+00	1.006750e+00	6.674820e-02	3.486349e-01	1.500291e-01	2.436739e+00	1.389187e+01	1.009676e+00	8.179087e+00	6.675224e-01	2.457749e-01	2.138304e+00	4.449700e-01	1.045817e+00	7.574009e+01	1.447004e+02	3.179674e-01	5.966479e-02	-3.408745e+02	
2  497.174	2.251312e+00	1.461825e-01	7.341963e-01	3.095180e+00	1.006750e+00	6.674820e-02	3.486349e-01	1.500291e-01	2.436739e+00	1.389187e+01	1.008661e+00	8.179087e+00	6.675224e-01	2.457749e-01	2.138304e+00	4.449700e-01	1.045817e+00	7.574009e+01	1.447004e+02	3.179674e-01	5.966479e-02	-3.408745e+02	
9  497.183	2.246422e+00	1.473596e-01	7.282524e-01	3.100953e+00	1.006923e+00	6.963739e-02	3.222794e-01	1.508596e-01	2.372605e+00	1.398560e+01	1.007535e+00	8.467731e+00	6.601520e-01	2.457488e-01	2.152973e+00	4.330218e-01	1.045622e+00	7.510331e+01	1.448227e+02	3.256708e-01	5.878555e-02	-3.872469e+02	
4  497.478	2.246422e+00	1.473596e-01	7.282524e-01	3.100953e+00	1.006923e+00	6.963739e-02	3.222794e-01	1.508596e-01	2.372605e+00	1.398560e+01	1.008993e+00	8.467731e+00	6.601520e-01	2.457488e-01	2.152973e+00	4.330218e-01	1.045622e+00	7.510331e+01	1.448227e+02	3.256708e-01	5.878555e-02	-3.872469e+02	
4  497.787	2.248609e+00	1.468605e-01	7.337945e-01	3.101440e+00	1.006960e+00	6.852226e-02	3.582924e-01	1.483613e-01	2.363474e+00	1.394866e+01	1.010708e+00	8.366251e+00	6.655443e-01	2.457661e-01	2.152083e+00	4.328876e-01	1.045809e+00	7.562191e+01	1.446456e+02	3.204477e-01	6.199595e-02	-3.920627e+02	
8  498.704	2.245154e+00	1.474925e-01	7.337829e-01	3.089480e+00	1.003687e+00	6.122398e-02	3.539409e-01	1.440213e-01	2.332920e+00	1.386250e+01	1.011058e+00	7.566443e+00	6.642783e-01	2.457609e-01	2.121648e+00	4.328614e-01	1.046213e+00	7.559154e+01	1.446014e+02	3.221783e-01	6.056361e-02	-4.020775e+02	
6  497.771	2.247054e+00	1.491070e-01	7.205365e-01	3.100575e+00	1.000124e+00	6.529960e-02	3.193532e-01	1.403735e-01	2.364064e+00	1.364954e+01	1.010315e+00	8.021198e+00	6.522202e-01	2.457581e-01	2.141566e+00	4.510200e-01	1.045123e+00	7.416188e+01	1.446739e+02	3.332235e-01	5.575911e-02	-3.664906e+02	
8  497.797	2.247054e+00	1.491070e-01	7.205365e-01	3.100575e+00	1.000124e+00	6.529960e-02	3.193532e-01	1.403735e-01	2.364064e+00	1.364954e+01	1.010382e+00	8.021198e+00	6.522202e-01	2.457581e-01	2.141566e+00	4.510200e-01	1.045123e+00	7.416188e+01	1.446739e+02	3.332235e-01	5.575911e-02	-3.664906e+02	
1  499.806	2.252267e+00	1.494556e-01	7.196301e-01	3.119960e+00	9.978914e-01	7.052697e-02	3.170775e-01	1.414911e-01	2.433073e+00	1.377019e+01	1.013729e+00	8.608699e+00	6.509569e-01	2.457938e-01	2.183308e+00	4.707794e-01	1.045210e+00	7.412775e+01	1.446282e+02	3.334343e-01	5.472469e-02	-3.270519e+02	
11  500.343	2.246033e+00	1.499731e-01	7.233667e-01	3.117776e+00	9.962344e-01	6.645279e-02	3.534668e-01	1.567050e-01	2.431549e+00	1.389645e+01	1.015908e+00	8.179070e+00	6.522575e-01	2.457792e-01	2.178828e+00	4.493882e-01	1.045838e+00	7.457779e+01	1.443722e+02	3.338795e-01	5.911011e-02	-3.738280e+02	
8  502.331	2.241756e+00	1.499308e-01	7.248654e-01	3.110357e+00	9.942099e-01	6.236356e-02	3.272418e-01	1.521819e-01	2.427558e+00	1.365536e+01	1.016245e+00	7.742504e+00	6.528424e-01	2.457721e-01	2.162128e+00	4.600968e-01	1.046573e+00	7.479391e+01	1.445609e+02	3.328252e-01	5.603404e-02	-3.502261e+02	
1  501.603	2.256468e+00	1.477886e-01	7.166489e-01	3.094900e+00	9.983916e-01	6.010846e-02	2.380057e-01	1.446765e-01	2.379991e+00	1.385701e+01	1.013551e+00	7.317086e+00	6.505771e-01	2.458147e-01	2.129380e+00	4.464673e-01	1.045094e+00	7.384061e+01	1.451989e+02	3.358211e-01	4.668424e-02	-3.857667e+02	
4  503.793	2.257077e+00	1.471674e-01	7.143934e-01	3.091732e+00	1.003706e+00	6.191540e-02	2.119423e-01	1.264159e-01	2.262004e+00	1.382175e+01	1.011565e+00	7.488440e+00	6.500385e-01	2.458048e-01	2.123401e+00	4.425274e-01	1.044439e+00	7.342208e+01	1.455571e+02	3.359073e-01	4.481377e-02	-4.213511e+02	
3  504.206	2.257077e+00	1.471674e-01	7.143934e-01	3.091732e+00	1.003706e+00	6.191540e-02	2.119423e-01	1.264159e-01	2.262004e+00	1.382175e+01	1.012514e+00	7.488440e+00	6.500385e-01	2.458048e-01	2.123401e+00	4.425274e-01	1.044439e+00	7.342208e+01	1.455571e+02	3.359073e-01	4.481377e-02	-4.213511e+02	
5  503.177	2.249670e+00	1.471139e-01	7.197819e-01	3.095736e+00	1.008379e+00	6.409846e-02	2.621974e-01	1.267646e-01	2.289408e+00	1.386282e+01	1.012980e+00	7.836144e+00	6.547847e-01	2.457692e-01	2.133574e+00	4.482917e-01	1.044773e+00	7.398108e+01	1.453653e+02	3.305806e-01	4.988183e-02	-4.000603e+02	
3  503.891	2.268163e+00	1.452949e-01	7.230991e-01	3.100490e+00	1.012137e+00	6.937537e-02	2.874543e-01	1.359541e-01	2.271641e+00	1.392582e+01	1.012127e+00	8.304640e+00	6.609824e-01	2.458341e-01	2.148471e+00	4.238433e-01	1.043846e+00	7.427037e+01	1.452019e+02	3.256171e-01	5.376610e-02	-4.371896e+02	
7  503.082	2.268163e+00	1.452949e-01	7.230991e-01	3.100490e+00	1.012137e+00	6.937537e-02	2.874543e-01	1.359541e-01	2.271641e+00	1.392582e+01	1.010457e+00	8.304640e+00	6.609824e-01	2.458341e-01	2.148471e+00	4.238433e-01	1.043846e+00	7.427037e+01	1.452019e+02	3.256171e-01	5.376610e-02	-4.371896e+02	
1  502.098	2.258854e+00	1.451011e-01	7.274182e-01	3.080130e+00	1.010406e+00	5.982633e-02	2.774907e-01	1.524698e-01	2.261544e+00	1.368294e+01	1.010203e+00	7.242877e+00	6.629819e-01	2.458022e-01	2.109151e+00	4.029568e-01	1.045036e+00	7.488158e+01	1.451675e+02	3.252206e-01	5.356693e-02	-4.593408e+02	
1  502.062	2.245793e+00	1.462637e-01	7.334686e-01	3.067123e+00	1.008302e+00	5.355509e-02	2.688671e-01	1.397328e-01	2.279123e+00	1.388253e+01	1.008918e+00	6.610429e+00	6.646955e-01	2.457655e-01	2.078343e+00	4.259297e-01	1.046832e+00	7.563868e+01	1.452202e+02	3.222905e-01	5.199459e-02	-4.220952e+02	
2  502.211	2.242469e+00	1.453690e-01	7.339158e-01	3.061273e+00	1.010361e+00	5.381382e-02	2.930233e-01	1.560382e-01	2.273827e+00	1.364670e+01	1.007242e+00	6.626434e+00	6.666076e-01	2.457332e-01	2.071506e+00	4.008179e-01	1.046308e+00	7.569443e+01	1.450379e+02	3.216277e-01	5.591074e-02	-4.445239e+02	
2  501.983	2.242469e+00	1.453690e-01	7.339158e-01	3.061273e+00	1.010361e+00	5.381382e-02	2.930233e-01	1.560382e-01	2.273827e+00	1.364670e+01	1.006445e+00	6.626434e+00	6.666076e-01	2.457332e-01	2.071506e+00	4.008179e-01	1.046308e+00	7.569443e+01	1.450379e+02	3.216277e-01	5.591074e-02	-4.445239e+02	
3  502.089	2.244741e+00	1.461562e-01	7.294876e-01	3.059618e+00	1.008228e+00	5.128158e-02	2.867197e-01	1.498480e-01	2.215888e+00	1.372954e+01	1.006920e+00	6.302765e+00	6.621146e-01	2.457433e-01	2.063424e+00	3.958622e-01	1.045864e+00	7.511647e+01	1.449819e+02	3.266831e-01	5.443037e-02	-4.762825e+02	
2  498.269	2.241416e+00	1.464035e-01	7.298037e-01	3.076623e+00	1.007219e+00	5.919698e-02	3.655712e-01	1.345146e-01	2.223947e+00	1.362290e+01	1.007171e+00	7.331425e+00	6.643555e-01	2.457193e-01	2.092395e+00	4.140582e-01	1.044700e+00	7.490619e+01	1.446972e+02	3.230349e-01	6.196942e-02	-4.461788e+02	
3  498.212	2.234981e+00	1.474680e-01	7.297099e-01	3.076259e+00	1.004267e+00	5.699468e-02	3.700440e-01	1.236190e-01	2.274999e+00	1.342932e+01	1.007788e+00	7.181154e+00	6.631111e-01	2.457009e-01	2.085492e+00	4.455971e-01	1.045234e+00	7.490775e+01	1.446840e+02	3.226512e-01	6.007070e-02	-3.831075e+02	
1  499.185	2.244416e+00	1.461117e-01	7.278735e-01	3.059532e+00	1.008879e+00	5.094270e-02	3.312123e-01	1.346049e-01	2.252961e+00	1.338518e+01	1.007299e+00	6.367422e+00	6.635616e-01	2.457349e-01	2.054271e+00	4.215146e-01	1.044932e+00	7.475529e+01	1.448991e+02	3.241373e-01	5.583126e-02	-4.235912e+02	
1  499.295	2.244416e+00	1.461117e-01	7.278735e-01	3.059532e+00	1.008879e+00	5.094270e-02	3.312123e-01	1.346049e-01	2.252961e+00	1.338518e+01	1.007750e+00	6.367422e+00	6.635616e-01	2.457349e-01	2.054271e+00	4.215146e-01	1.044932e+00	7.475529e+01	1.448991e+02	3.241373e-01	5.583126e-02	-4.235912e+02	
2  500.08	2.252871e+00	1.450083e-01	7.311581e-01	3.066834e+00	1.009410e+00	5.380301e-02	3.110074e-01	1.369284e-01	2.325911e+00	1.333692e+01	1.009469e+00	6.685562e+00	6.677670e-01	2.457804e-01	2.072520e+00	4.365823e-01	1.045308e+00	7.522175e+01	1.450848e+02	3.189875e-01	5.345614e-02	-3.794719e+02	
4  501.686	2.262069e+00	1.443389e-01	7.403521e-01	3.060558e+00	1.010264e+00	4.896251e-02	3.551476e-01	1.498691e-01	2.354805e+00	1.351467e+01	1.011576e+00	6.085796e+00	6.755469e-01	2.458338e-01	2.060411e+00	4.215180e-01	1.046046e+00	7.625723e+01	1.446844e+02	3.126923e-01	5.749580e-02	-4.023253e+02	
4  501.854	2.273538e+00	1.425537e-01	7.416116e-01	3.069008e+00	1.017869e+00	5.860961e-02	3.416992e-01	1.377148e-01	2.352980e+00	1.338676e+01	1.008891e+00	7.170724e+00	6.802924e-01	2.458607e-01	2.083630e+00	4.348528e-01	1.045241e+00	7.630330e+01	1.450359e+02	3.062300e-01	5.662172e-02	-3.615045e+02	
7  501.48	2.273538e+00	1.425537e-01	7.416116e-01	3.069008e+00	1.017869e+00	5.860961e-02	3.416992e-01	1.377148e-01	2.352980e+00	1.338676e+01	1.007022e+00	7.170724e+00	6.802924e-01	2.458607e-01	2.083630e+00	4.348528e-01	1.045241e+00	7.630330e+01	1.450359e+02	3.062300e-01	5.662172e-02	-3.615045e+02	
10  501.579	2.272761e+00	1.426356e-01	7.445884e-01	3.056104e+00	1.017264e+00	5.129750e-02	3.443372e-01	1.560739e-01	2.380503e+00	1.313942e+01	1.007699e+00	6.316074e+00	6.813705e-01	2.458669e-01	2.059430e+00	4.203570e-01	1.046122e+00	7.677526e+01	1.448555e+02	3.066294e-01	5.676264e-02	-3.731628e+02	
7  502.533	2.290278e+00	1.415857e-01	7.474956e-01	3.052934e+00	1.022500e+00	5.341090e-02	3.635375e-01	1.646342e-01	2.454522e+00	1.311381e+01	1.005457e+00	6.507814e+00	6.860666e-01	2.459250e-01	2.056834e+00	4.204623e-01	1.045739e+00	7.711551e+01	1.446928e+02	3.020157e-01	5.761246e-02	-3.349199e+02	
3  501.681	2.293021e+00	1.410975e-01	7.566856e-01	3.056384e+00	1.021562e+00	5.597368e-02	3.903292e-01	1.457260e-01	2.426853e+00	1.302975e+01	1.005066e+00	6.835377e+00	6.937177e-01	2.459454e-01	2.062450e+00	4.401393e-01	1.046412e+00	7.800925e+01	1.446408e+02	2.927381e-01	6.043039e-02	-3.046284e+02	
6  502.963	2.295457e+00	1.407020e-01	7.554136e-01	3.052369e+00	1.021908e+00	5.230229e-02	3.662499e-01	1.651184e-01	2.473320e+00	1.294845e+01	1.006971e+00	6.371464e+00	6.926330e-01	2.459636e-01	2.058365e+00	4.272333e-01	1.046690e+00	7.804021e+01	1.446892e+02	2.951313e-01	5.806439e-02	-3.158506e+02	
2  502.984	2.295457e+00	1.407020e-01	7.554136e-01	3.052369e+00	1.021908e+00	5.230229e-02	3.662499e-01	1.651184e-01	2.473320e+00	1.294845e+01	1.006445e+00	6.371464e+00	6.926330e-01	2.459636e-01	2.058365e+00	4.272333e-01	1.046690e+00	7.804021e+01	1.446892e+02	2.951313e-01	5.806439e-02	-3.158506e+02	
4  502.019	2.305483e+00	1.412331e-01	7.521958e-01	3.056928e+00	1.020964e+00	5.738738e-02	3.457647e-01	1.651860e-01	2.483647e+00	1.280132e+01	1.002992e+00	6.896809e+00	6.891804e-01	2.459927e-01	2.069213e+00	4.323106e-01	1.046413e+00	7.773482e+01	1.446643e+02	2.978213e-01	5.647923e-02	-2.911870e+02	
3  503.644	2.314755e+00	1.409434e-01	7.598062e-01	3.068193e+00	1.022239e+00	6.149570e-02	3.487638e-01	1.571568e-01	2.483778e+00	1.274787e+01	1.004546e+00	7.347718e+00	6.943314e-01	2.460472e-01	2.095833e+00	4.497203e-01	1.047396e+00	7.857709e+01	1.446670e+02	2.913168e-01	5.699891e-02	-2.610341e+02	
1  506.111	2.305008e+00	1.410133e-01	7.642607e-01	3.060727e+00	1.017740e+00	5.377145e-02	3.439331e-01	1.578222e-01	2.445977e+00	1.299353e+01	1.007977e+00	6.479038e+00	6.964596e-01	2.460373e-01	2.078583e+00	4.394037e-01	1.048467e+00	7.910425e+01	1.446757e+02	2.903979e-01	5.722983e-02	-3.119220e+02	
8  503.847	2.302680e+00	1.412319e-01	7.602726e-01	3.085402e+00	1.018499e+00	6.405750e-02	3.595887e-01	1.652543e-01	2.494301e+00	1.295449e+01	1.009704e+00	7.677524e+00	6.935464e-01	2.460193e-01	2.133354e+00	4.448474e-01	1.047761e+00	7.869194e+01	1.446587e+02	2.925257e-01	5.955741e-02	-2.905274e+02	
1  503.755	2.290781e+00	1.409083e-01	7.497634e-01	3.089772e+00	1.019478e+00	6.667579e-02	3.762717e-01	1.611423e-01	2.456849e+00	1.269325e+01	1.010034e+00	8.035166e+00	6.886120e-01	2.459430e-01	2.136881e+00	4.374905e-01	1.045588e+00	7.733790e+01	1.447785e+02	2.977214e-01	6.068935e-02	-3.144553e+02	
1  503.254	2.270252e+00	1.417041e-01	7.552675e-01	3.087105e+00	1.015371e+00	6.504837e-02	3.664716e-01	1.642263e-01	2.477924e+00	1.244899e+01	1.009630e+00	7.955107e+00	6.893446e-01	2.458728e-01	2.136140e+00	4.496930e-01	1.047464e+00	7.815014e+01	1.448355e+02	2.958255e-01	6.169964e-02	-2.732426e+02	
3  503.864	2.268795e+00	1.409702e-01	7.569464e-01	3.087323e+00	1.017927e+00	6.602241e-02	3.597594e-01	1.533763e-01	2.442521e+00	1.247597e+01	1.009877e+00	8.071460e+00	6.919395e-01	2.458654e-01	2.136801e+00	4.549300e-01	1.047394e+00	7.824972e+01	1.450458e+02	2.926506e-01	6.111502e-02	-2.749059e+02	
5  504.43	2.271952e+00	1.406492e-01	7.614281e-01	3.091946e+00	1.018757e+00	6.936346e-02	4.358235e-01	1.520825e-01	2.444503e+00	1.245236e+01	1.009269e+00	8.460258e+00	6.971542e-01	2.458676e-01	2.143905e+00	4.511262e-01	1.046751e+00	7.857191e+01	1.446033e+02	2.875835e-01	6.835361e-02	-2.769395e+02	
2  502.52	2.286498e+00	1.403037e-01	7.584226e-01	3.097066e+00	1.022871e+00	7.384222e-02	3.771465e-01	1.651513e-01	2.447814e+00	1.233624e+01	1.007865e+00	8.811579e+00	6.940593e-01	2.459246e-01	2.163867e+00	4.398757e-01	1.046812e+00	7.840334e+01	1.448690e+02	2.911185e-01	6.386230e-02	-2.924753e+02	
1  503.157	2.284219e+00	1.411640e-01	7.545844e-01	3.086100e+00	1.021464e+00	6.899385e-02	3.515373e-01	1.747012e-01	2.414780e+00	1.233097e+01	1.006321e+00	8.248856e+00	6.889882e-01	2.459139e-01	2.141241e+00	4.206429e-01	1.046988e+00	7.804690e+01	1.448738e+02	2.975484e-01	6.219072e-02	-3.344450e+02	
3  506.823	2.285802e+00	1.406346e-01	7.467969e-01	3.084545e+00	1.020212e+00	6.932965e-02	3.094574e-01	1.876290e-01	2.374131e+00	1.223357e+01	1.005732e+00	8.195604e+00	6.838473e-01	2.459083e-01	2.140823e+00	3.939044e-01	1.045990e+00	7.720551e+01	1.450811e+02	3.041804e-01	5.929843e-02	-3.874017e+02	
1  507.096	2.290819e+00	1.393578e-01	7.485614e-01	3.089980e+00	1.023108e+00	7.297875e-02	2.660755e-01	1.803419e-01	2.347034e+00	1.241265e+01	1.006358e+00	8.525451e+00	6.865443e-01	2.459350e-01	2.156676e+00	3.967235e-01	1.046128e+00	7.740587e+01	1.455353e+02	3.009996e-01	5.601940e-02	-3.957450e+02	
5  506.581	2.270443e+00	1.410481e-01	7.369547e-01	3.103713e+00	1.017097e+00	7.523518e-02	2.630523e-01	1.817698e-01	2.347587e+00	1.254975e+01	1.008741e+00	8.863375e+00	6.756999e-01	2.458480e-01	2.180500e+00	3.973880e-01	1.045252e+00	7.614340e+01	1.455730e+02	3.116839e-01	5.570950e-02	-4.134877e+02	
10  505.515	2.276381e+00	1.407828e-01	7.376652e-01	3.104995e+00	1.019634e+00	7.463454e-02	2.890223e-01	1.609069e-01	2.355799e+00	1.253881e+01	1.010213e+00	8.855425e+00	6.785421e-01	2.458741e-01	2.175256e+00	4.230061e-01	1.044707e+00	7.605506e+01	1.455392e+02	3.076282e-01	5.548451e-02	-3.756543e+02	
5  504.181	2.277872e+00	1.400086e-01	7.466349e-01	3.110772e+00	1.021721e+00	8.041176e-02	2.872993e-01	1.438370e-01	2.363160e+00	1.263526e+01	1.008545e+00	9.477667e+00	6.859635e-01	2.458841e-01	2.191112e+00	4.490269e-01	1.045645e+00	7.705734e+01	1.456599e+02	2.978297e-01	5.583031e-02	-3.242114e+02	
1  504.678	2.277872e+00	1.400086e-01	7.466349e-01	3.110772e+00	1.021721e+00	8.041176e-02	2.872993e-01	1.438370e-01	2.363160e+00	1.263526e+01	1.007263e+00	9.477667e+00	6.859635e-01	2.458841e-01	2.191112e+00	4.490269e-01	1.045645e+00	7.705734e+01	1.456599e+02	2.978297e-01	5.583031e-02	-3.242114e+02	
1  505.27	2.281070e+00	1.407777e-01	7.406793e-01	3.118745e+00	1.022651e+00	8.175386e-02	2.995836e-01	1.607594e-01	2.372211e+00	1.285466e+01	1.008833e+00	9.582943e+00	6.805130e-01	2.458941e-01	2.208562e+00	4.265933e-01	1.044925e+00	7.641490e+01	1.454812e+02	3.051025e-01	5.715466e-02	-3.736646e+02	
2  502.836	2.255980e+00	1.419609e-01	7.465684e-01	3.108117e+00	1.019328e+00	7.663045e-02	3.152035e-01	1.599130e-01	2.395609e+00	1.280572e+01	1.007765e+00	9.190865e+00	6.816364e-01	2.457992e-01	2.186922e+00	4.385019e-01	1.046665e+00	7.719219e+01	1.454031e+02	3.030542e-01	5.997595e-02	-3.368437e+02	
5  503.016	2.261432e+00	1.423224e-01	7.450418e-01	3.119195e+00	1.015056e+00	8.058775e-02	3.036781e-01	1.705558e-01	2.432226e+00	1.276761e+01	1.008310e+00	9.557218e+00	6.792718e-01	2.458292e-01	2.213276e+00	4.366800e-01	1.046744e+00	7.714978e+01	1.453270e+02	3.055074e-01	5.948749e-02	-3.353187e+02	
1  501.946	2.260865e+00	1.429781e-01	7.345689e-01	3.129336e+00	1.005872e+00	8.356767e-02	2.521588e-01	1.695640e-01	2.452462e+00	1.277064e+01	1.008746e+00	9.828373e+00	6.704451e-01	2.458296e-01	2.231484e+00	4.449278e-01	1.045912e+00	7.608429e+01	1.455414e+02	3.137822e-01	5.425026e-02	-3.274213e+02	
1  504.676	2.260392e+00	1.419650e-01	7.266089e-01	3.125040e+00	1.006519e+00	8.295657e-02	2.105232e-01	1.664969e-01	2.519617e+00	1.249849e+01	1.008501e+00	9.787660e+00	6.673148e-01	2.458130e-01	2.220828e+00	4.637305e-01	1.044832e+00	7.524959e+01	1.458478e+02	3.157063e-01	4.816316e-02	-2.590118e+02	
1  504.635	2.260392e+00	1.419650e-01	7.266089e-01	3.125040e+00	1.006519e+00	8.295657e-02	2.105232e-01	1.664969e-01	2.519617e+00	1.249849e+01	1.008571e+00	9.787660e+00	6.673148e-01	2.458130e-01	2.220828e+00	4.637305e-01	1.044832e+00	7.524959e+01	1.458478e+02	3.157063e-01	4.816316e-02	-2.590118e+02	
2  504.01	2.268462e+00	1.410445e-01	7.281561e-01	3.128868e+00	1.006678e+00	8.410637e-02	2.144947e-01	1.776095e-01	2.522855e+00	1.249068e+01	1.010054e+00	9.834558e+00	6.698831e-01	2.458511e-01	2.231169e+00	4.474452e-01	1.044604e+00	7.541991e+01	1.458688e+02	3.143370e-01	4.899310e-02	-2.934736e+02	
6  503.538	2.262034e+00	1.418819e-01	7.282116e-01	3.116512e+00	1.001548e+00	7.757871e-02	1.929789e-01	1.599506e-01	2.471447e+00	1.252934e+01	1.009224e+00	9.187347e+00	6.682491e-01	2.458344e-01	2.198223e+00	4.596795e-01	1.045177e+00	7.537407e+01	1.459552e+02	3.153647e-01	4.666708e-02	-2.864197e+02	
1  506.994	2.253851e+00	1.417209e-01	7.405787e-01	3.128841e+00	9.999662e-01	8.107332e-02	2.312525e-01	1.491458e-01	2.490662e+00	1.264514e+01	1.011884e+00	9.655502e+00	6.770566e-01	2.458231e-01	2.227782e+00	4.851109e-01	1.046763e+00	7.675765e+01	1.457922e+02	3.047052e-01	5.121085e-02	-2.332473e+02	
1  507.243	2.251668e+00	1.414725e-01	7.352874e-01	3.139232e+00	1.001510e+00	8.465760e-02	2.975087e-01	1.450998e-01	2.466579e+00	1.258151e+01	1.013787e+00	1.008187e+01	6.763643e-01	2.457942e-01	2.242176e+00	4.774624e-01	1.044693e+00	7.589260e+01	1.454986e+02	3.060867e-01	5.613098e-02	-2.695997e+02	
2  507.405	2.251668e+00	1.414725e-01	7.352874e-01	3.139232e+00	1.001510e+00	8.465760e-02	2.975087e-01	1.450998e-01	2.466579e+00	1.258151e+01	1.013029e+00	1.008187e+01	6.763643e-01	2.457942e-01	2.242176e+00	4.774624e-01	1.044693e+00	7.589260e+01	1.454986e+02	3.060867e-01	5.613098e-02	-2.695997e+02	
2  506.189	2.250356e+00	1.418770e-01	7.345753e-01	3.125008e+00	1.001281e+00	8.033331e-02	2.541834e-01	1.482082e-01	2.507386e+00	1.247226e+01	1.010092e+00	9.638124e+00	6.741021e-01	2.457865e-01	2.215063e+00	4.864466e-01	1.045527e+00	7.599741e+01	1.456395e+02	3.076830e-01	5.190090e-02	-2.175825e+02	
3  507.367	2.258483e+00	1.416906e-01	7.309968e-01	3.130476e+00	9.997506e-01	8.097436e-02	1.945134e-01	1.541858e-01	2.488485e+00	1.222351e+01	1.011854e+00	9.607604e+00	6.703186e-01	2.458352e-01	2.230350e+00	4.825419e-01	1.045708e+00	7.570592e+01	1.460005e+02	3.117667e-01	4.659731e-02	-2.387285e+02	
4  507.595	2.255824e+00	1.409331e-01	7.268670e-01	3.117183e+00	1.003059e+00	7.494548e-02	1.913717e-01	1.692052e-01	2.548315e+00	1.221455e+01	1.012459e+00	8.983846e+00	6.692260e-01	2.458122e-01	2.201096e+00	4.692462e-01	1.045061e+00	7.529314e+01	1.460914e+02	3.142668e-01	4.505801e-02	-2.390428e+02	
1  508.162	2.255824e+00	1.409331e-01	7.268670e-01	3.117183e+00	1.003059e+00	7.494548e-02	1.913717e-01	1.692052e-01	2.548315e+00	1.221455e+01	1.016059e+00	8.983846e+00	6.692260e-01	2.458122e-01	2.201096e+00	4.692462e-01	1.045061e+00	7.529314e+01	1.460914e+02	3.142668e-01	4.505801e-02	-2.390428e+02	
8  506.597	2.259476e+00	1.418737e-01	7.258779e-01	3.114026e+00	9.999360e-01	7.173261e-02	2.024529e-01	1.616563e-01	2.471674e+00	1.205962e+01	1.016190e+00	8.616691e+00	6.670735e-01	2.458338e-01	2.188341e+00	4.634899e-01	1.044959e+00	7.504810e+01	1.459349e+02	3.171034e-01	4.576025e-02	-2.812034e+02	
2  506.834	2.253391e+00	1.427138e-01	7.273303e-01	3.122610e+00	1.003395e+00	7.713096e-02	1.944906e-01	1.749216e-01	2.492946e+00	1.214903e+01	1.014723e+00	9.198565e+00	6.649815e-01	2.458056e-01	2.216117e+00	4.578917e-01	1.045898e+00	7.540292e+01	1.459650e+02	3.188667e-01	4.718754e-02	-2.822039e+02	
5  507.157	2.253391e+00	1.427138e-01	7.273303e-01	3.122610e+00	1.003395e+00	7.713096e-02	1.944906e-01	1.749216e-01	2.492946e+00	1.214903e+01	1.015258e+00	9.198565e+00	6.649815e-01	2.458056e-01	2.216117e+00	4.578917e-01	1.045898e+00	7.540292e+01	1.459650e+02	3.188667e-01	4.718754e-02	-2.822039e+02	
3  506.242	2.260341e+00	1.427865e-01	7.181445e-01	3.102375e+00	9.999105e-01	6.826533e-02	2.319738e-01	1.792440e-01	2.480092e+00	1.188698e+01	1.013597e+00	8.210804e+00	6.606922e-01	2.458105e-01	2.160504e+00	4.362800e-01	1.043716e+00	7.416243e+01	1.455512e+02	3.255435e-01	4.812507e-02	-3.161219e+02	
3  504.019	2.247172e+00	1.431814e-01	7.256907e-01	3.097635e+00	1.000426e+00	6.627334e-02	2.421439e-01	1.834584e-01	2.487484e+00	1.199859e+01	1.013212e+00	8.058845e+00	6.642862e-01	2.457646e-01	2.154543e+00	4.361221e-01	1.045296e+00	7.511747e+01	1.455270e+02	3.216978e-01	5.060563e-02	-3.093762e+02	
3  503.958	2.247172e+00	1.431814e-01	7.256907e-01	3.097635e+00	1.000426e+00	6.627334e-02	2.421439e-01	1.834584e-01	2.487484e+00	1.199859e+01	1.013138e+00	8.058845e+00	6.642862e-01	2.457646e-01	2.154543e+00	4.361221e-01	1.045296e+00	7.511747e+01	1.455270e+02	3.216978e-01	5.060563e-02	-3.093762e+02	
3  502.573	2.244416e+00	1.444257e-01	7.242002e-01	3.103405e+00	9.963137e-01	6.742792e-02	2.275101e-01	1.675590e-01	2.433609e+00	1.242560e+01	1.013103e+00	8.179461e+00	6.607167e-01	2.457638e-01	2.162598e+00	4.439946e-01	1.045524e+00	7.489855e+01	1.455801e+02	3.246741e-01	4.962885e-02	-3.308011e+02	
1  501.616	2.242744e+00	1.450329e-01	7.271228e-01	3.110616e+00	9.967472e-01	7.082862e-02	2.817217e-01	1.711203e-01	2.445323e+00	1.236521e+01	1.012712e+00	8.601440e+00	6.623675e-01	2.457524e-01	2.178600e+00	4.429858e-01	1.045541e+00	7.518209e+01	1.451954e+02	3.229298e-01	5.538593e-02	-3.257665e+02	
2  500.97	2.246874e+00	1.436350e-01	7.311433e-01	3.089860e+00	1.000061e+00	6.383478e-02	2.810798e-01	1.636841e-01	2.464309e+00	1.259942e+01	1.011323e+00	7.829788e+00	6.687400e-01	2.457647e-01	2.131356e+00	4.454107e-01	1.045537e+00	7.556760e+01	1.452645e+02	3.168283e-01	5.364721e-02	-3.061741e+02	
3  501.634	2.240242e+00	1.440774e-01	7.236877e-01	3.083665e+00	9.954471e-01	6.032386e-02	2.949715e-01	1.637092e-01	2.477352e+00	1.247043e+01	1.011015e+00	7.473145e+00	6.638756e-01	2.457252e-01	2.111301e+00	4.437717e-01	1.044357e+00	7.466509e+01	1.451295e+02	3.223485e-01	5.358957e-02	-3.036712e+02	
3  502.32	2.242351e+00	1.448999e-01	7.274748e-01	3.091371e+00	9.914949e-01	6.088581e-02	2.680959e-01	1.671961e-01	2.489684e+00	1.248763e+01	1.012736e+00	7.510157e+00	6.633776e-01	2.457602e-01	2.130553e+00	4.526586e-01	1.045840e+00	7.525211e+01	1.451704e+02	3.222808e-01	5.173972e-02	-2.917384e+02	
1  502.783	2.239763e+00	1.457199e-01	7.188809e-01	3.093899e+00	9.886683e-01	6.252432e-02	2.480036e-01	1.461291e-01	2.492113e+00	1.266542e+01	1.011347e+00	7.739141e+00	6.570191e-01	2.457389e-01	2.129045e+00	4.784516e-01	1.044794e+00	7.418353e+01	1.452641e+02	3.271457e-01	4.797673e-02	-2.450900e+02	
6  501.989	2.235257e+00	1.461854e-01	7.244068e-01	3.084296e+00	9.865745e-01	5.746304e-02	2.489841e-01	1.441642e-01	2.437590e+00	1.305027e+01	1.011035e+00	7.139148e+00	6.592922e-01	2.457348e-01	2.106899e+00	4.649140e-01	1.045857e+00	7.480425e+01	1.452502e+02	3.258025e-01	4.905841e-02	-2.989694e+02	
1  501.981	2.235257e+00	1.461854e-01	7.244068e-01	3.084296e+00	9.865745e-01	5.746304e-02	2.489841e-01	1.441642e-01	2.437590e+00	1.305027e+01	1.011020e+00	7.139148e+00	6.592922e-01	2.457348e-01	2.106899e+00	4.649140e-01	1.045857e+00	7.480425e+01	1.452502e+02	3.258025e-01	4.905841e-02	-2.989694e+02	
1  501.258	2.230501e+00	1.473581e-01	7.218929e-01	3.097460e+00	9.845067e-01	6.342432e-02	2.698170e-01	1.327713e-01	2.375547e+00	1.307596e+01	1.010266e+00	7.841352e+00	6.556634e-01	2.457100e-01	2.132686e+00	4.685407e-01	1.045382e+00	7.439407e+01	1.451373e+02	3.285930e-01	5.230066e-02	-3.170256e+02	
1  500.914	2.241669e+00	1.474043e-01	7.164638e-01	3.091361e+00	9.853370e-01	6.019232e-02	2.920193e-01	1.336758e-01	2.369748e+00	1.321387e+01	1.010176e+00	7.425737e+00	6.530802e-01	2.457449e-01	2.113450e+00	4.558964e-01	1.044011e+00	7.364583e+01	1.448909e+02	3.326694e-01	5.242579e-02	-3.499040e+02	
1  499.225	2.243397e+00	1.472457e-01	7.120109e-01	3.088486e+00	9.858521e-01	5.980138e-02	2.304348e-01	1.530052e-01	2.414428e+00	1.320017e+01	1.009397e+00	7.292054e+00	6.483183e-01	2.457499e-01	2.114481e+00	4.434534e-01	1.044299e+00	7.341369e+01	1.451824e+02	3.381839e-01	4.732269e-02	-3.549959e+02	
1  500.263	2.246773e+00	1.471154e-01	7.080530e-01	3.082621e+00	9.864488e-01	5.638216e-02	2.197463e-01	1.656468e-01	2.506806e+00	1.313265e+01	1.009949e+00	6.895006e+00	6.459331e-01	2.457596e-01	2.101840e+00	4.470006e-01	1.044037e+00	7.308430e+01	1.451440e+02	3.411163e-01	4.427525e-02	-3.173630e+02	
1  499.876	2.241356e+00	1.482888e-01	7.077599e-01	3.064219e+00	9.847541e-01	4.946974e-02	2.289355e-01	1.544617e-01	2.491128e+00	1.295487e+01	1.006631e+00	6.147609e+00	6.443318e-01	2.457320e-01	2.057558e+00	4.585717e-01	1.044395e+00	7.299780e+01	1.449472e+02	3.425435e-01	4.336569e-02	-2.869560e+02	
1  501.309	2.244808e+00	1.488565e-01	7.160755e-01	3.052842e+00	9.840662e-01	4.631289e-02	2.963165e-01	1.814740e-01	2.515250e+00	1.311156e+01	1.003592e+00	5.722430e+00	6.490910e-01	2.457382e-01	2.037023e+00	4.234276e-01	1.045199e+00	7.405075e+01	1.442079e+02	3.398730e-01	5.144275e-02	-3.320463e+02	
2  498.63	2.255454e+00	1.459687e-01	7.202530e-01	3.043861e+00	9.886456e-01	4.742550e-02	2.699676e-01	1.631893e-01	2.489472e+00	1.292410e+01	1.001705e+00	5.826171e+00	6.583200e-01	2.457763e-01	2.020020e+00	4.336051e-01	1.044621e+00	7.437697e+01	1.446759e+02	3.296701e-01	4.871469e-02	-3.047631e+02	
1  501.279	2.251409e+00	1.465896e-01	7.227737e-01	3.042558e+00	9.854055e-01	4.310097e-02	2.604169e-01	1.601148e-01	2.435307e+00	1.312773e+01	1.004213e+00	5.287865e+00	6.580486e-01	2.457808e-01	2.014377e+00	4.280728e-01	1.045466e+00	7.466882e+01	1.446785e+02	3.304830e-01	4.797332e-02	-3.515765e+02	
1  498.633	2.246519e+00	1.478123e-01	7.166793e-01	3.046844e+00	9.852105e-01	4.536415e-02	2.906698e-01	1.438013e-01	2.443800e+00	1.300616e+01	1.002902e+00	5.667775e+00	6.534024e-01	2.457465e-01	2.017010e+00	4.510562e-01	1.044482e+00	7.380595e+01	1.445453e+02	3.339527e-01	4.902272e-02	-3.020425e+02	
3  498.568	2.246519e+00	1.478123e-01	7.166793e-01	3.046844e+00	9.852105e-01	4.536415e-02	2.906698e-01	1.438013e-01	2.443800e+00	1.300616e+01	1.002355e+00	5.667775e+00	6.534024e-01	2.457465e-01	2.017010e+00	4.510562e-01	1.044482e+00	7.380595e+01	1.445453e+02	3.339527e-01	4.902272e-02	-3.020425e+02	
3  497.172	2.222941e+00	1.489825e-01	7.066600e-01	3.052001e+00	9.847306e-01	4.828182e-02	2.756016e-01	1.672070e-01	2.486478e+00	1.309525e+01	1.001348e+00	6.052117e+00	6.425760e-01	2.456259e-01	2.033762e+00	4.321901e-01	1.044037e+00	7.290146e+01	1.446103e+02	3.455767e-01	4.992370e-02	-3.182844e+02	
11  497.583	2.205443e+00	1.490811e-01	7.032958e-01	3.052971e+00	9.826551e-01	5.268225e-02	2.392163e-01	1.641587e-01	2.468097e+00	1.281089e+01	9.979520e-01	6.609334e+00	6.389381e-01	2.455411e-01	2.040477e+00	4.374168e-01	1.044100e+00	7.262217e+01	1.449486e+02	3.480054e-01	4.901661e-02	-2.925954e+02	
2  496.864	2.213750e+00	1.488091e-01	7.045495e-01	3.052614e+00	9.844147e-01	5.160873e-02	2.627998e-01	1.598619e-01	2.476021e+00	1.284979e+01	9.989935e-01	6.490793e+00	6.414410e-01	2.455771e-01	2.037079e+00	4.413798e-01	1.043762e+00	7.266055e+01	1.448017e+02	3.456032e-01	4.976973e-02	-2.876951e+02	
8  499.215	2.201547e+00	1.498107e-01	6.975940e-01	3.037205e+00	9.863130e-01	4.581986e-02	2.472472e-01	1.626005e-01	2.509771e+00	1.286825e+01	9.966665e-01	5.850935e+00	6.346166e-01	2.455104e-01	2.004085e+00	4.442581e-01	1.043598e+00	7.194852e+01	1.448159e+02	3.528844e-01	4.661270e-02	-2.633009e+02	
2  500.6	2.199894e+00	1.491039e-01	6.935533e-01	3.032019e+00	9.880964e-01	4.542009e-02	2.511697e-01	1.630411e-01	2.521971e+00	1.293077e+01	9.956240e-01	5.797251e+00	6.337809e-01	2.454893e-01	1.993893e+00	4.385760e-01	1.042558e+00	7.144324e+01	1.448597e+02	3.542335e-01	4.656894e-02	-2.656631e+02	
4  501.806	2.208451e+00	1.495221e-01	6.974030e-01	3.032139e+00	9.869540e-01	4.530533e-02	2.107607e-01	1.754923e-01	2.498966e+00	1.280109e+01	9.950250e-01	5.679069e+00	6.334648e-01	2.455368e-01	1.997759e+00	4.271808e-01	1.043960e+00	7.206499e+01	1.449178e+02	3.548338e-01	4.415549e-02	-2.929283e+02	
1  501.706	2.208451e+00	1.495221e-01	6.974030e-01	3.032139e+00	9.869540e-01	4.530533e-02	2.107607e-01	1.754923e-01	2.498966e+00	1.280109e+01	9.958960e-01	5.679069e+00	6.334648e-01	2.455368e-01	1.997759e+00	4.271808e-01	1.043960e+00	7.206499e+01	1.449178e+02	3.548338e-01	4.415549e-02	-2.929283e+02	
2  499.166	2.219512e+00	1.486044e-01	6.980549e-01	3.048784e+00	9.897609e-01	5.514489e-02	2.579158e-01	1.626209e-01	2.450560e+00	1.273276e+01	9.954345e-01	6.838409e+00	6.374479e-01	2.455731e-01	2.033621e+00	4.271902e-01	1.042485e+00	7.189494e+01	1.447883e+02	3.499872e-01	5.000007e-02	-3.033781e+02	
2  499.095	2.224383e+00	1.480773e-01	7.029767e-01	3.063595e+00	9.897048e-01	5.931555e-02	2.842616e-01	1.717146e-01	2.405493e+00	1.259644e+01	9.987935e-01	7.292425e+00	6.413933e-01	2.456023e-01	2.067190e+00	4.100221e-01	1.042656e+00	7.239986e+01	1.446836e+02	3.466304e-01	5.445859e-02	-3.560158e+02	
2  497.858	2.241396e+00	1.483363e-01	7.054114e-01	3.071089e+00	9.889897e-01	6.528005e-02	2.418602e-01	1.596627e-01	2.468085e+00	1.263015e+01	9.960043e-01	7.913124e+00	6.424633e-01	2.456838e-01	2.084912e+00	4.449380e-01	1.043417e+00	7.280120e+01	1.447977e+02	3.429193e-01	4.990798e-02	-2.691857e+02	
2  498.22	2.247667e+00	1.477105e-01	7.080660e-01	3.077930e+00	9.888837e-01	6.822729e-02	2.851593e-01	1.535269e-01	2.474899e+00	1.271566e+01	9.969281e-01	8.258236e+00	6.470323e-01	2.457086e-01	2.097044e+00	4.488146e-01	1.042755e+00	7.295701e+01	1.445676e+02	3.380804e-01	5.357594e-02	-2.644835e+02	
2  499.471	2.243326e+00	1.480646e-01	7.079955e-01	3.067033e+00	9.867624e-01	6.128807e-02	2.350697e-01	1.483153e-01	2.483655e+00	1.275094e+01	9.978485e-01	7.495358e+00	6.453542e-01	2.457060e-01	2.071753e+00	4.623767e-01	1.043785e+00	7.304328e+01	1.448525e+02	3.394389e-01	4.732147e-02	-2.368700e+02	
1  499.701	2.243326e+00	1.480646e-01	7.079955e-01	3.067033e+00	9.867624e-01	6.128807e-02	2.350697e-01	1.483153e-01	2.483655e+00	1.275094e+01	9.965682e-01	7.495358e+00	6.453542e-01	2.457060e-01	2.071753e+00	4.623767e-01	1.043785e+00	7.304328e+01	1.448525e+02	3.394389e-01	4.732147e-02	-2.368700e+02	
3  498.727	2.235338e+00	1.483750e-01	7.136222e-01	3.073093e+00	9.854509e-01	6.140316e-02	2.837449e-01	1.524974e-01	2.529769e+00	1.262418e+01	9.989717e-01	7.620582e+00	6.493316e-01	2.456804e-01	2.083727e+00	4.724783e-01	1.044463e+00	7.368050e+01	1.445699e+02	3.350256e-01	5.186819e-02	-1.998440e+02	
7  497.047	2.227403e+00	1.486415e-01	7.172347e-01	3.075040e+00	9.864909e-01	5.942865e-02	3.570477e-01	1.539601e-01	2.508392e+00	1.275879e+01	1.001651e+00	7.477559e+00	6.526348e-01	2.456480e-01	2.083398e+00	4.609085e-01	1.044277e+00	7.392379e+01	1.442479e+02	3.327779e-01	5.867790e-02	-2.438847e+02	
9  497.142	2.227403e+00	1.486415e-01	7.172347e-01	3.075040e+00	9.864909e-01	5.942865e-02	3.570477e-01	1.539601e-01	2.508392e+00	1.275879e+01	1.000829e+00	7.477559e+00	6.526348e-01	2.456480e-01	2.083398e+00	4.609085e-01	1.044277e+00	7.392379e+01	1.442479e+02	3.327779e-01	5.867790e-02	-2.438847e+02	
2  497.213	2.228398e+00	1.490834e-01	7.179261e-01	3.094845e+00	9.863569e-01	6.628636e-02	3.890918e-01	1.664441e-01	2.528799e+00	1.261107e+01	1.003067e+00	8.257463e+00	6.519772e-01	2.456555e-01	2.129088e+00	4.557804e-01	1.044241e+00	7.404290e+01	1.440238e+02	3.334221e-01	6.315418e-02	-2.544626e+02	
4  497.272	2.228398e+00	1.490834e-01	7.179261e-01	3.094845e+00	9.863569e-01	6.628636e-02	3.890918e-01	1.664441e-01	2.528799e+00	1.261107e+01	1.004509e+00	8.257463e+00	6.519772e-01	2.456555e-01	2.129088e+00	4.557804e-01	1.044241e+00	7.404290e+01	1.440238e+02	3.334221e-01	6.315418e-02	-2.544626e+02	
7  497.134	2.236404e+00	1.483496e-01	7.175497e-01	3.089656e+00	9.919849e-01	6.283960e-02	3.484959e-01	1.655026e-01	2.508456e+00	1.249513e+01	1.006340e+00	7.830860e+00	6.523591e-01	2.456950e-01	2.119498e+00	4.556216e-01	1.044482e+00	7.401224e+01	1.443462e+02	3.332513e-01	5.809081e-02	-2.660034e+02	
1  497.128	2.236404e+00	1.483496e-01	7.175497e-01	3.089656e+00	9.919849e-01	6.283960e-02	3.484959e-01	1.655026e-01	2.508456e+00	1.249513e+01	1.006319e+00	7.830860e+00	6.523591e-01	2.456950e-01	2.119498e+00	4.556216e-01	1.044482e+00	7.401224e+01	1.443462e+02	3.332513e-01	5.809081e-02	-2.660034e+02	
10  497.071	2.213396e+00	1.487945e-01	7.043942e-01	3.100378e+00	9.894983e-01	7.095262e-02	3.106164e-01	1.820865e-01	2.550559e+00	1.259945e+01	1.003706e+00	8.739539e+00	6.409156e-01	2.455726e-01	2.149721e+00	4.423473e-01	1.043286e+00	7.274823e+01	1.446394e+02	3.447095e-01	5.763950e-02	-2.731967e+02	
1  497.427	2.213396e+00	1.487945e-01	7.043942e-01	3.100378e+00	9.894983e-01	7.095262e-02	3.106164e-01	1.820865e-01	2.550559e+00	1.259945e+01	1.004675e+00	8.739539e+00	6.409156e-01	2.455726e-01	2.149721e+00	4.423473e-01	1.043286e+00	7.274823e+01	1.446394e+02	3.447095e-01	5.763950e-02	-2.731967e+02	
5  497.416	2.189296e+00	1.498733e-01	7.040853e-01	3.109597e+00	9.857831e-01	7.448606e-02	3.016773e-01	1.798671e-01	2.518372e+00	1.276212e+01	1.004790e+00	9.201505e+00	6.375326e-01	2.454772e-01	2.172505e+00	4.438906e-01	1.044008e+00	7.280556e+01	1.448334e+02	3.474142e-01	5.943254e-02	-2.878212e+02	
2  498.82	2.187773e+00	1.495083e-01	6.982370e-01	3.100720e+00	9.932720e-01	7.294027e-02	2.978105e-01	1.864811e-01	2.567123e+00	1.273118e+01	1.003225e+00	9.055233e+00	6.345798e-01	2.454475e-01	2.154853e+00	4.416761e-01	1.043143e+00	7.217023e+01	1.448639e+02	3.506075e-01	5.777488e-02	-2.647101e+02	
14  497.727	2.200647e+00	1.495216e-01	7.016747e-01	3.101460e+00	9.934322e-01	7.462418e-02	3.247281e-01	1.849976e-01	2.603670e+00	1.261797e+01	1.001704e+00	9.227139e+00	6.379609e-01	2.454999e-01	2.156240e+00	4.517803e-01	1.043175e+00	7.253851e+01	1.445259e+02	3.466457e-01	5.941477e-02	-2.235109e+02	
12  498.359	2.200647e+00	1.495216e-01	7.016747e-01	3.101460e+00	9.934322e-01	7.462418e-02	3.247281e-01	1.849976e-01	2.603670e+00	1.261797e+01	1.002689e+00	9.227139e+00	6.379609e-01	2.454999e-01	2.156240e+00	4.517803e-01	1.043175e+00	7.253851e+01	1.445259e+02	3.466457e-01	5.941477e-02	-2.235109e+02	
1  500.284	2.191130e+00	1.489826e-01	7.060010e-01	3.110993e+00	9.923603e-01	8.008996e-02	3.960177e-01	1.742186e-01	2.546742e+00	1.270386e+01	1.002770e+00	9.889205e+00	6.438244e-01	2.454523e-01	2.174800e+00	4.458860e-01	1.042419e+00	7.280247e+01	1.442774e+02	3.407333e-01	6.767764e-02	-2.577088e+02	
1  500.409	2.184459e+00	1.486419e-01	7.034221e-01	3.095828e+00	9.906486e-01	7.604624e-02	3.730623e-01	1.949886e-01	2.582832e+00	1.275211e+01	9.999588e-01	9.407400e+00	6.414887e-01	2.454136e-01	2.145665e+00	4.219838e-01	1.042458e+00	7.266165e+01	1.443876e+02	3.446483e-01	6.669758e-02	-2.744161e+02	
2  499.281	2.198887e+00	1.486914e-01	7.059794e-01	3.109505e+00	9.907668e-01	8.187155e-02	3.393513e-01	2.041730e-01	2.576506e+00	1.262917e+01	1.000458e+00	9.916994e+00	6.415956e-01	2.454881e-01	2.181896e+00	4.188172e-01	1.043270e+00	7.309322e+01	1.444991e+02	3.443205e-01	6.447233e-02	-2.899874e+02	
12  498.641	2.192226e+00	1.485519e-01	7.085643e-01	3.118851e+00	9.903714e-01	8.520558e-02	3.226523e-01	1.944330e-01	2.685512e+00	1.288998e+01	1.001949e+00	1.035847e+01	6.437916e-01	2.454714e-01	2.203765e+00	4.603519e-01	1.044054e+00	7.355061e+01	1.446230e+02	3.394397e-01	6.185053e-02	-1.760897e+02	
1  499.309	2.179048e+00	1.486437e-01	7.075231e-01	3.111971e+00	9.877318e-01	8.251238e-02	3.403145e-01	1.836484e-01	2.674853e+00	1.300987e+01	1.001292e+00	1.015960e+01	6.439385e-01	2.454093e-01	2.184296e+00	4.660391e-01	1.043665e+00	7.333916e+01	1.445880e+02	3.390882e-01	6.344237e-02	-1.639614e+02	
4  499.295	2.197150e+00	1.490311e-01	7.039390e-01	3.126638e+00	9.911877e-01	9.017770e-02	3.670869e-01	2.011769e-01	2.599927e+00	1.283583e+01	1.000393e+00	1.080359e+01	6.404033e-01	2.454755e-01	2.220544e+00	4.264053e-01	1.042589e+00	7.285274e+01	1.443145e+02	3.448595e-01	6.715582e-02	-2.795636e+02	
4  499.326	2.197150e+00	1.490311e-01	7.039390e-01	3.126638e+00	9.911877e-01	9.017770e-02	3.670869e-01	2.011769e-01	2.599927e+00	1.283583e+01	1.000431e+00	1.080359e+01	6.404033e-01	2.454755e-01	2.220544e+00	4.264053e-01	1.042589e+00	7.285274e+01	1.443145e+02	3.448595e-01	6.715582e-02	-2.795636e+02	
5  500.507	2.200266e+00	1.489291e-01	7.046033e-01	3.122498e+00	9.942034e-01	8.939016e-02	3.886058e-01	1.981640e-01	2.572635e+00	1.296515e+01	9.995521e-01	1.072288e+01	6.417959e-01	2.454805e-01	2.210259e+00	4.186416e-01	1.042223e+00	7.282052e+01	1.441810e+02	3.439533e-01	6.909373e-02	-3.008854e+02	
2  498.347	2.198949e+00	1.482681e-01	7.083226e-01	3.124537e+00	9.950653e-01	9.110813e-02	3.716258e-01	1.725971e-01	2.567403e+00	1.334324e+01	9.997258e-01	1.093330e+01	6.464265e-01	2.454813e-01	2.212059e+00	4.470848e-01	1.042486e+00	7.318858e+01	1.443987e+02	3.372470e-01	6.675447e-02	-2.592365e+02	
2  497.572	2.198949e+00	1.482681e-01	7.083226e-01	3.124537e+00	9.950653e-01	9.110813e-02	3.716258e-01	1.725971e-01	2.567403e+00	1.334324e+01	9.962107e-01	1.093330e+01	6.464265e-01	2.454813e-01	2.212059e+00	4.470848e-01	1.042486e+00	7.318858e+01	1.443987e+02	3.372470e-01	6.675447e-02	-2.592365e+02	
3  500.168	2.203847e+00	1.480453e-01	7.142450e-01	3.121383e+00	9.944479e-01	8.945710e-02	4.490727e-01	1.861947e-01	2.603527e+00	1.315015e+01	9.963437e-01	1.079287e+01	6.521801e-01	2.454979e-01	2.203428e+00	4.336271e-01	1.042403e+00	7.376097e+01	1.438654e+02	3.327209e-01	7.384188e-02	-2.615343e+02	
3  499.774	2.195259e+00	1.488959e-01	7.056832e-01	3.117360e+00	9.932430e-01	8.817030e-02	4.163118e-01	1.818713e-01	2.604586e+00	1.326953e+01	9.948976e-01	1.067915e+01	6.443698e-01	2.454532e-01	2.193765e+00	4.383181e-01	1.041855e+00	7.285072e+01	1.440140e+02	3.402953e-01	7.057916e-02	-2.529675e+02	
2  500.523	2.208117e+00	1.484468e-01	7.141043e-01	3.118032e+00	9.941128e-01	8.593151e-02	4.121020e-01	2.006073e-01	2.541861e+00	1.314615e+01	9.974642e-01	1.033635e+01	6.492224e-01	2.455277e-01	2.200094e+00	4.063371e-01	1.043172e+00	7.381790e+01	1.440482e+02	3.373480e-01	7.180239e-02	-3.351260e+02	
1  498.092	2.217553e+00	1.486143e-01	7.162604e-01	3.112934e+00	9.978206e-01	8.059437e-02	3.654484e-01	1.962002e-01	2.532317e+00	1.291039e+01	9.998962e-01	9.755337e+00	6.493362e-01	2.455849e-01	2.188664e+00	4.198683e-01	1.044331e+00	7.412478e+01	1.443356e+02	3.366251e-01	6.599039e-02	-3.188629e+02	
2  498.055	2.217553e+00	1.486143e-01	7.162604e-01	3.112934e+00	9.978206e-01	8.059437e-02	3.654484e-01	1.962002e-01	2.532317e+00	1.291039e+01	9.999789e-01	9.755337e+00	6.493362e-01	2.455849e-01	2.188664e+00	4.198683e-01	1.044331e+00	7.412478e+01	1.443356e+02	3.366251e-01	6.599039e-02	-3.188629e+02	
2  496.561	2.226563e+00	1.481123e-01	7.135772e-01	3.113258e+00	1.000248e+00	8.162753e-02	3.595000e-01	1.798728e-01	2.496795e+00	1.309218e+01	9.996980e-01	9.834670e+00	6.493995e-01	2.456163e-01	2.185444e+00	4.263723e-01	1.043374e+00	7.367127e+01	1.444111e+02	3.361604e-01	6.432930e-02	-3.246353e+02	
3  495.374	2.223526e+00	1.484055e-01	7.152438e-01	3.111119e+00	9.976706e-01	8.027175e-02	3.669931e-01	1.761380e-01	2.509026e+00	1.290379e+01	9.995087e-01	9.731000e+00	6.502298e-01	2.456075e-01	2.178992e+00	4.370700e-01	1.043722e+00	7.386589e+01	1.443374e+02	3.347391e-01	6.473962e-02	-2.957540e+02	
2  495.474	2.214811e+00	1.489458e-01	7.201954e-01	3.106257e+00	9.978904e-01	8.237622e-02	3.867855e-01	1.700572e-01	2.536898e+00	1.290690e+01	9.950538e-01	1.002041e+01	6.531406e-01	2.455616e-01	2.170993e+00	4.526086e-01	1.044507e+00	7.448978e+01	1.441560e+02	3.303848e-01	6.732675e-02	-2.368768e+02	
2  494.938	2.215089e+00	1.492491e-01	7.181489e-01	3.105727e+00	9.971961e-01	8.025316e-02	4.166506e-01	1.807731e-01	2.549992e+00	1.292988e+01	9.963541e-01	9.802777e+00	6.515410e-01	2.455606e-01	2.167591e+00	4.381343e-01	1.044016e+00	7.421715e+01	1.439364e+02	3.333290e-01	6.980710e-02	-2.652330e+02	
3  494.699	2.215089e+00	1.492491e-01	7.181489e-01	3.105727e+00	9.971961e-01	8.025316e-02	4.166506e-01	1.807731e-01	2.549992e+00	1.292988e+01	9.970275e-01	9.802777e+00	6.515410e-01	2.455606e-01	2.167591e+00	4.381343e-01	1.044016e+00	7.421715e+01	1.439364e+02	3.333290e-01	6.980710e-02	-2.652330e+02	
7  494.53	2.219380e+00	1.490947e-01	7.191407e-01	3.109153e+00	1.001419e+00	8.090390e-02	4.158980e-01	1.689895e-01	2.500448e+00	1.313855e+01	9.983987e-01	9.867022e+00	6.528245e-01	2.455814e-01	2.173543e+00	4.409489e-01	1.043921e+00	7.421185e+01	1.440351e+02	3.317608e-01	6.921623e-02	-2.886844e+02	
1  496.911	2.213323e+00	1.481603e-01	7.222728e-01	3.105287e+00	1.006049e+00	8.232953e-02	4.042576e-01	1.861680e-01	2.481297e+00	1.296192e+01	9.968881e-01	9.982617e+00	6.553800e-01	2.455499e-01	2.174707e+00	4.166069e-01	1.044430e+00	7.466305e+01	1.442278e+02	3.302600e-01	7.061957e-02	-3.241947e+02	
2  496.987	2.213323e+00	1.481603e-01	7.222728e-01	3.105287e+00	1.006049e+00	8.232953e-02	4.042576e-01	1.861680e-01	2.481297e+00	1.296192e+01	9.966455e-01	9.982617e+00	6.553800e-01	2.455499e-01	2.174707e+00	4.166069e-01	1.044430e+00	7.466305e+01	1.442278e+02	3.302600e-01	7.061957e-02	-3.241947e+02	
9  495.717	2.215944e+00	1.481332e-01	7.240471e-01	3.094807e+00	1.007122e+00	7.908111e-02	3.986179e-01	1.696590e-01	2.463645e+00	1.297597e+01	9.948988e-01	9.656750e+00	6.573243e-01	2.455584e-01	2.148381e+00	4.318300e-01	1.044591e+00	7.478549e+01	1.442767e+02	3.273669e-01	6.899258e-02	-2.948889e+02	
12  495.47	2.215944e+00	1.481332e-01	7.240471e-01	3.094807e+00	1.007122e+00	7.908111e-02	3.986179e-01	1.696590e-01	2.463645e+00	1.297597e+01	9.963535e-01	9.656750e+00	6.573243e-01	2.455584e-01	2.148381e+00	4.318300e-01	1.044591e+00	7.478549e+01	1.442767e+02	3.273669e-01	6.899258e-02	-2.948889e+02	
2  495.463	2.235018e+00	1.473520e-01	7.277178e-01	3.104516e+00	1.005744e+00	8.288914e-02	4.003974e-01	1.711621e-01	2.397885e+00	1.298221e+01	9.975311e-01	9.923649e+00	6.608914e-01	2.456490e-01	2.170873e+00	4.145104e-01	1.044442e+00	7.510345e+01	1.442097e+02	3.248006e-01	7.027987e-02	-3.556087e+02	
3  495.719	2.253126e+00	1.469191e-01	7.271252e-01	3.097128e+00	1.009053e+00	7.905510e-02	3.764310e-01	1.561313e-01	2.390661e+00	1.256917e+01	9.979471e-01	9.489633e+00	6.618904e-01	2.457265e-01	2.150581e+00	4.365366e-01	1.044261e+00	7.494661e+01	1.443296e+02	3.226282e-01	6.488346e-02	-3.124412e+02	
5  496.508	2.267119e+00	1.467612e-01	7.333545e-01	3.106025e+00	1.008620e+00	8.375462e-02	4.395719e-01	1.505640e-01	2.399580e+00	1.259729e+01	9.974887e-01	9.964100e+00	6.680211e-01	2.457833e-01	2.166880e+00	4.425809e-01	1.044001e+00	7.549986e+01	1.438367e+02	3.160664e-01	7.018680e-02	-3.005171e+02	
2  496.794	2.267119e+00	1.467612e-01	7.333545e-01	3.106025e+00	1.008620e+00	8.375462e-02	4.395719e-01	1.505640e-01	2.399580e+00	1.259729e+01	9.963408e-01	9.964100e+00	6.680211e-01	2.457833e-01	2.166880e+00	4.425809e-01	1.044001e+00	7.549986e+01	1.438367e+02	3.160664e-01	7.018680e-02	-3.005171e+02	
2  495.055	2.270574e+00	1.471681e-01	7.391793e-01	3.103929e+00	1.006758e+00	8.195013e-02	4.427519e-01	1.510267e-01	2.411128e+00	1.276718e+01	9.963532e-01	9.759879e+00	6.708164e-01	2.458107e-01	2.162452e+00	4.458114e-01	1.045097e+00	7.620247e+01	1.437401e+02	3.132031e-01	7.075033e-02	-2.934349e+02	
7  497.566	2.274795e+00	1.463797e-01	7.413116e-01	3.098973e+00	1.006502e+00	8.430664e-02	4.638385e-01	1.412731e-01	2.398312e+00	1.280047e+01	9.926785e-01	9.981939e+00	6.748495e-01	2.458122e-01	2.150355e+00	4.478270e-01	1.044464e+00	7.632524e+01	1.436189e+02	3.086601e-01	7.285819e-02	-2.807368e+02	
2  497.451	2.274795e+00	1.463797e-01	7.413116e-01	3.098973e+00	1.006502e+00	8.430664e-02	4.638385e-01	1.412731e-01	2.398312e+00	1.280047e+01	9.929250e-01	9.981939e+00	6.748495e-01	2.458122e-01	2.150355e+00	4.478270e-01	1.044464e+00	7.632524e+01	1.436189e+02	3.086601e-01	7.285819e-02	-2.807368e+02	
1  495.385	2.260869e+00	1.468965e-01	7.367881e-01	3.107190e+00	1.005084e+00	8.869860e-02	4.402771e-01	1.503781e-01	2.412524e+00	1.303015e+01	9.923405e-01	1.044640e+01	6.698496e-01	2.457519e-01	2.172896e+00	4.400013e-01	1.044463e+00	7.598239e+01	1.437779e+02	3.139229e-01	7.257783e-02	-2.977785e+02	
1  496.864	2.254147e+00	1.471005e-01	7.376466e-01	3.106452e+00	1.006566e+00	8.722783e-02	4.593119e-01	1.442416e-01	2.396484e+00	1.261803e+01	9.934183e-01	1.037984e+01	6.705096e-01	2.457229e-01	2.169610e+00	4.512137e-01	1.044570e+00	7.600670e+01	1.437351e+02	3.124591e-01	7.353916e-02	-2.739659e+02	
4  497.432	2.265350e+00	1.469401e-01	7.392000e-01	3.112447e+00	1.007019e+00	9.066713e-02	3.910603e-01	1.393653e-01	2.340431e+00	1.258550e+01	9.929367e-01	1.060501e+01	6.699349e-01	2.457837e-01	2.187949e+00	4.535373e-01	1.045445e+00	7.628194e+01	1.441196e+02	3.124805e-01	6.834528e-02	-2.925998e+02	
5  497.079	2.263400e+00	1.476055e-01	7.373490e-01	3.105419e+00	1.004114e+00	8.831368e-02	4.020749e-01	1.355800e-01	2.318093e+00	1.261345e+01	9.909855e-01	1.037600e+01	6.679294e-01	2.457700e-01	2.169345e+00	4.500782e-01	1.045172e+00	7.601614e+01	1.439808e+02	3.147725e-01	6.950182e-02	-3.009674e+02	
1  497.162	2.282280e+00	1.458729e-01	7.441203e-01	3.114977e+00	1.009693e+00	9.420011e-02	4.429536e-01	1.517296e-01	2.289567e+00	1.247788e+01	9.918080e-01	1.083662e+01	6.756827e-01	2.458467e-01	2.195981e+00	4.196783e-01	1.044806e+00	7.667909e+01	1.437835e+02	3.090793e-01	7.474852e-02	-3.631165e+02	
3  500.072	2.286907e+00	1.453412e-01	7.490065e-01	3.091020e+00	1.007346e+00	8.526936e-02	4.324008e-01	1.662670e-01	2.334862e+00	1.267388e+01	9.893174e-01	9.875092e+00	6.792914e-01	2.458667e-01	2.146863e+00	4.025885e-01	1.045620e+00	7.732974e+01	1.437156e+02	3.069511e-01	7.486148e-02	-3.625175e+02	
2  497.362	2.279338e+00	1.450319e-01	7.457380e-01	3.097562e+00	1.009750e+00	8.748278e-02	3.943390e-01	1.616220e-01	2.361012e+00	1.257613e+01	9.909941e-01	1.015053e+01	6.772060e-01	2.458377e-01	2.162349e+00	4.198520e-01	1.045648e+00	7.705424e+01	1.441069e+02	3.076950e-01	7.051686e-02	-3.300711e+02	
1  498.104	2.282018e+00	1.443492e-01	7.476706e-01	3.099950e+00	1.011904e+00	8.983414e-02	4.420902e-01	1.673594e-01	2.374759e+00	1.245906e+01	9.907807e-01	1.039686e+01	6.807778e-01	2.458383e-01	2.167837e+00	4.115385e-01	1.044997e+00	7.717451e+01	1.438482e+02	3.046972e-01	7.489683e-02	-3.337177e+02	
1  497.977	2.299879e+00	1.441156e-01	7.440446e-01	3.118903e+00	1.010140e+00	9.589460e-02	3.371951e-01	1.554727e-01	2.402610e+00	1.269426e+01	9.935159e-01	1.087686e+01	6.771386e-01	2.459360e-01	2.210131e+00	4.421406e-01	1.045466e+00	7.697014e+01	1.444150e+02	3.061236e-01	6.333853e-02	-2.979122e+02	
1  498.639	2.299805e+00	1.440126e-01	7.419415e-01	3.112441e+00	1.010059e+00	9.249658e-02	4.109234e-01	1.644137e-01	2.390255e+00	1.282810e+01	9.937796e-01	1.057165e+01	6.777378e-01	2.459200e-01	2.191026e+00	4.145817e-01	1.044039e+00	7.651948e+01	1.439592e+02	3.078366e-01	7.011718e-02	-3.485441e+02	
1  499.087	2.299805e+00	1.440126e-01	7.419415e-01	3.112441e+00	1.010059e+00	9.249658e-02	4.109234e-01	1.644137e-01	2.390255e+00	1.282810e+01	9.930284e-01	1.057165e+01	6.777378e-01	2.459200e-01	2.191026e+00	4.145817e-01	1.044039e+00	7.651948e+01	1.439592e+02	3.078366e-01	7.011718e-02	-3.485441e+02	
4  497.372	2.296396e+00	1.445034e-01	7.434663e-01	3.098412e+00	1.008830e+00	8.727155e-02	3.909688e-01	1.483201e-01	2.391384e+00	1.273971e+01	9.908763e-01	1.009207e+01	6.779932e-01	2.459068e-01	2.157323e+00	4.374921e-01	1.044731e+00	7.669562e+01	1.440602e+02	3.059485e-01	6.723588e-02	-2.969442e+02	
6  498.681	2.305053e+00	1.433821e-01	7.479413e-01	3.093854e+00	1.011459e+00	8.688059e-02	3.706139e-01	1.429467e-01	2.373388e+00	1.270525e+01	9.903632e-01	9.993152e+00	6.826678e-01	2.459452e-01	2.149690e+00	4.399993e-01	1.045086e+00	7.717176e+01	1.442603e+02	3.009498e-01	6.541022e-02	-2.921362e+02	
2  497.912	2.305053e+00	1.433821e-01	7.479413e-01	3.093854e+00	1.011459e+00	8.688059e-02	3.706139e-01	1.429467e-01	2.373388e+00	1.270525e+01	9.916654e-01	9.993152e+00	6.826678e-01	2.459452e-01	2.149690e+00	4.399993e-01	1.045086e+00	7.717176e+01	1.442603e+02	3.009498e-01	6.541022e-02	-2.921362e+02	
1  498.26	2.305536e+00	1.432251e-01	7.537709e-01	3.092332e+00	1.010451e+00	8.686300e-02	4.158115e-01	1.423939e-01	2.281218e+00	1.316713e+01	9.910625e-01	9.937800e+00	6.870031e-01	2.459489e-01	2.146017e+00	4.106081e-01	1.045089e+00	7.763873e+01	1.440223e+02	2.986257e-01	7.232010e-02	-3.780387e+02	
8  496.081	2.295764e+00	1.447236e-01	7.445643e-01	3.088069e+00	1.008404e+00	8.456436e-02	3.781836e-01	1.434573e-01	2.329207e+00	1.337875e+01	9.896954e-01	9.754851e+00	6.779102e-01	2.459025e-01	2.135016e+00	4.199998e-01	1.044941e+00	7.676887e+01	1.441457e+02	3.071571e-01	6.774054e-02	-3.516194e+02	
4  497.599	2.295764e+00	1.447236e-01	7.445643e-01	3.088069e+00	1.008404e+00	8.456436e-02	3.781836e-01	1.434573e-01	2.329207e+00	1.337875e+01	9.879248e-01	9.754851e+00	6.779102e-01	2.459025e-01	2.135016e+00	4.199998e-01	1.044941e+00	7.676887e+01	1.441457e+02	3.071571e-01	6.774054e-02	-3.516194e+02	
7  498.002	2.295040e+00	1.462903e-01	7.420137e-01	3.087216e+00	1.008416e+00	8.261186e-02	4.050598e-01	1.363424e-01	2.304548e+00	1.308978e+01	9.876595e-01	9.614067e+00	6.741004e-01	2.458965e-01	2.128333e+00	4.294637e-01	1.044835e+00	7.639743e+01	1.438772e+02	3.104551e-01	6.872395e-02	-3.403311e+02	
11  496.535	2.295040e+00	1.462903e-01	7.420137e-01	3.087216e+00	1.008416e+00	8.261186e-02	4.050598e-01	1.363424e-01	2.304548e+00	1.308978e+01	9.889962e-01	9.614067e+00	6.741004e-01	2.458965e-01	2.128333e+00	4.294637e-01	1.044835e+00	7.639743e+01	1.438772e+02	3.104551e-01	6.872395e-02	-3.403311e+02	
2  495.602	2.295040e+00	1.462903e-01	7.420137e-01	3.087216e+00	1.008416e+00	8.261186e-02	4.050598e-01	1.363424e-01	2.304548e+00	1.308978e+01	9.917324e-01	9.614067e+00	6.741004e-01	2.458965e-01	2.128333e+00	4.294637e-01	1.044835e+00	7.639743e+01	1.438772e+02	3.104551e-01	6.872395e-02	-3.403311e+02	
3  495.879	2.288590e+00	1.476482e-01	7.333176e-01	3.095427e+00	1.007214e+00	8.239289e-02	3.893401e-01	1.470672e-01	2.229699e+00	1.308285e+01	9.942668e-01	9.580050e+00	6.645538e-01	2.458732e-01	2.147378e+00	4.047314e-01	1.044388e+00	7.544076e+01	1.439067e+02	3.218238e-01	6.842344e-02	-4.171254e+02	
1  495.56	2.290107e+00	1.471405e-01	7.405088e-01	3.090203e+00	1.006931e+00	8.174461e-02	3.854104e-01	1.423816e-01	2.240694e+00	1.323013e+01	9.929678e-01	9.493848e+00	6.701443e-01	2.458862e-01	2.137271e+00	4.114265e-01	1.045305e+00	7.627330e+01	1.439610e+02	3.156611e-01	6.871971e-02	-3.998555e+02	
2  496.693	2.286056e+00	1.489700e-01	7.280227e-01	3.089358e+00	1.003682e+00	7.919840e-02	4.347998e-01	1.342491e-01	2.247853e+00	1.331208e+01	9.927769e-01	9.318037e+00	6.605982e-01	2.458515e-01	2.123912e+00	4.164498e-01	1.043315e+00	7.469492e+01	1.435078e+02	3.253691e-01	7.042618e-02	-3.954149e+02	
3  495.241	2.273828e+00	1.490105e-01	7.371668e-01	3.075141e+00	1.002749e+00	7.371295e-02	4.089166e-01	1.312795e-01	2.249902e+00	1.343772e+01	9.915041e-01	8.763470e+00	6.655412e-01	2.458156e-01	2.095779e+00	4.236901e-01	1.045390e+00	7.584493e+01	1.437498e+02	3.198423e-01	6.926474e-02	-3.749170e+02	
2  495.265	2.273828e+00	1.490105e-01	7.371668e-01	3.075141e+00	1.002749e+00	7.371295e-02	4.089166e-01	1.312795e-01	2.249902e+00	1.343772e+01	9.918322e-01	8.763470e+00	6.655412e-01	2.458156e-01	2.095779e+00	4.236901e-01	1.045390e+00	7.584493e+01	1.437498e+02	3.198423e-01	6.926474e-02	-3.749170e+02	
2  495.554	2.257508e+00	1.494287e-01	7.319852e-01	3.094602e+00	1.004910e+00	8.110467e-02	3.700164e-01	1.440087e-01	2.240230e+00	1.357717e+01	9.940840e-01	9.572006e+00	6.593354e-01	2.457505e-01	2.146679e+00	4.133219e-01	1.045566e+00	7.545464e+01	1.440999e+02	3.262590e-01	6.822801e-02	-4.105541e+02	
12  495.585	2.253015e+00	1.490445e-01	7.387114e-01	3.101666e+00	1.005887e+00	8.798522e-02	4.198800e-01	1.374419e-01	2.210532e+00	1.368754e+01	9.916389e-01	1.030042e+01	6.654180e-01	2.457245e-01	2.164081e+00	4.123101e-01	1.045615e+00	7.610825e+01	1.438728e+02	3.197369e-01	7.477508e-02	-4.155365e+02	
6  495.782	2.245442e+00	1.494016e-01	7.235355e-01	3.108998e+00	1.007344e+00	8.883714e-02	3.467969e-01	1.322029e-01	2.271965e+00	1.352138e+01	9.941206e-01	1.045373e+01	6.541502e-01	2.456871e-01	2.178177e+00	4.389480e-01	1.044512e+00	7.454855e+01	1.443888e+02	3.292349e-01	6.492527e-02	-3.635281e+02	
7  495.79	2.245442e+00	1.494016e-01	7.235355e-01	3.108998e+00	1.007344e+00	8.883714e-02	3.467969e-01	1.322029e-01	2.271965e+00	1.352138e+01	9.936894e-01	1.045373e+01	6.541502e-01	2.456871e-01	2.178177e+00	4.389480e-01	1.044512e+00	7.454855e+01	1.443888e+02	3.292349e-01	6.492527e-02	-3.635281e+02	
1  496.164	2.240359e+00	1.495096e-01	7.267407e-01	3.113835e+00	1.008343e+00	9.009405e-02	3.556228e-01	1.499239e-01	2.289968e+00	1.365416e+01	9.948365e-01	1.057541e+01	6.551742e-01	2.456727e-01	2.194332e+00	4.217470e-01	1.045246e+00	7.502566e+01	1.443470e+02	3.294371e-01	6.754165e-02	-3.924368e+02	
3  496.764	2.241621e+00	1.497429e-01	7.292184e-01	3.106026e+00	1.008230e+00	8.773253e-02	3.691232e-01	1.493103e-01	2.324665e+00	1.359335e+01	9.931521e-01	1.035834e+01	6.569203e-01	2.456745e-01	2.176254e+00	4.293745e-01	1.045590e+00	7.531937e+01	1.441923e+02	3.272648e-01	6.821119e-02	-3.591083e+02	
2  496.874	2.241621e+00	1.497429e-01	7.292184e-01	3.106026e+00	1.008230e+00	8.773253e-02	3.691232e-01	1.493103e-01	2.324665e+00	1.359335e+01	9.941229e-01	1.035834e+01	6.569203e-01	2.456745e-01	2.176254e+00	4.293745e-01	1.045590e+00	7.531937e+01	1.441923e+02	3.272648e-01	6.821119e-02	-3.591083e+02	
3  496.806	2.247311e+00	1.481413e-01	7.232793e-01	3.112406e+00	1.014563e+00	9.219133e-02	3.732780e-01	1.509653e-01	2.336000e+00	1.343759e+01	9.950583e-01	1.079183e+01	6.567665e-01	2.456798e-01	2.191164e+00	4.251398e-01	1.043820e+00	7.456197e+01	1.443061e+02	3.275440e-01	6.722921e-02	-3.612692e+02	
4  497.339	2.255158e+00	1.475744e-01	7.295752e-01	3.101715e+00	1.016174e+00	8.975584e-02	3.731496e-01	1.626899e-01	2.382133e+00	1.335752e+01	9.929664e-01	1.050057e+01	6.616866e-01	2.457118e-01	2.172219e+00	4.194899e-01	1.044695e+00	7.536193e+01	1.442438e+02	3.230627e-01	6.766859e-02	-3.417996e+02	
2  495.984	2.251460e+00	1.473644e-01	7.274446e-01	3.099101e+00	1.012061e+00	8.604785e-02	3.725797e-01	1.471926e-01	2.373324e+00	1.344546e+01	9.951245e-01	1.017405e+01	6.614894e-01	2.457020e-01	2.158724e+00	4.333524e-01	1.044161e+00	7.500340e+01	1.443206e+02	3.225344e-01	6.618112e-02	-3.280229e+02	
3  495.519	2.251460e+00	1.473644e-01	7.274446e-01	3.099101e+00	1.012061e+00	8.604785e-02	3.725797e-01	1.471926e-01	2.373324e+00	1.344546e+01	9.935152e-01	1.017405e+01	6.614894e-01	2.457020e-01	2.158724e+00	4.333524e-01	1.044161e+00	7.500340e+01	1.443206e+02	3.225344e-01	6.618112e-02	-3.280229e+02	
1  495.31	2.251850e+00	1.483949e-01	7.336515e-01	3.092030e+00	1.008441e+00	8.027767e-02	4.137636e-01	1.659197e-01	2.393537e+00	1.322605e+01	9.941411e-01	9.583914e+00	6.633772e-01	2.457160e-01	2.143539e+00	4.177446e-01	1.045368e+00	7.575749e+01	1.438800e+02	3.222160e-01	7.092409e-02	-3.423781e+02	
7  494.607	2.263922e+00	1.486651e-01	7.268827e-01	3.088066e+00	1.007695e+00	7.770116e-02	4.043893e-01	1.591987e-01	2.351079e+00	1.331589e+01	9.940301e-01	9.249965e+00	6.588451e-01	2.457599e-01	2.129717e+00	4.117182e-01	1.044212e+00	7.486932e+01	1.438358e+02	3.274597e-01	6.849972e-02	-3.702115e+02	
