1  2e+29	1.674149e+00	9.485561e-02	9.405237e-01	2.569788e+00	1.137253e+00	4.121022e-02	1.079769e+00	4.671585e-01	4.254539e+00	1.324303e+01	1.093496e+00	1.233332e+01	8.760470e-01	2.438964e-01	1.576022e+00	2.804332e-01	1.068729e+00	8.986470e+01	1.505563e+02	1.257254e-01	5.954668e-02	8.423370e+01	
1  2e+29	1.660524e+00	9.501992e-02	9.347146e-01	2.567429e+00	1.137697e+00	4.114782e-02	1.107241e+00	4.553210e-01	4.298693e+00	1.339269e+01	1.092689e+00	1.212899e+01	8.696806e-01	2.438594e-01	1.562607e+00	2.839430e-01	1.066827e+00	8.910704e+01	1.505155e+02	1.315042e-01	6.230245e-02	8.408813e+01	
1  2e+29	1.660524e+00	9.501992e-02	9.347146e-01	2.567429e+00	1.137697e+00	4.114782e-02	1.107241e+00	4.553210e-01	4.298693e+00	1.339269e+01	1.093542e+00	1.212899e+01	8.696806e-01	2.438594e-01	1.562607e+00	2.839430e-01	1.066827e+00	8.910704e+01	1.505155e+02	1.315042e-01	6.230245e-02	8.408813e+01	
1  2e+29	1.632317e+00	9.646273e-02	9.260886e-01	2.551677e+00	1.132219e+00	3.208660e-02	1.100356e+00	4.616956e-01	4.325057e+00	1.314715e+01	1.093351e+00	1.164243e+01	8.608659e-01	2.437750e-01	1.552066e+00	2.761200e-01	1.066500e+00	8.827534e+01	1.504189e+02	1.377541e-01	6.219067e-02	8.793658e+01	
1  2e+29	1.629415e+00	9.704088e-02	9.315170e-01	2.533624e+00	1.128116e+00	2.149869e-02	1.070700e+00	4.591917e-01	4.362337e+00	1.317683e+01	1.093902e+00	1.080605e+01	8.635891e-01	2.437827e-01	1.552687e+00	2.808586e-01	1.069031e+00	8.871918e+01	1.503498e+02	1.336621e-01	5.958202e-02	8.627500e+01	
1  2e+29	1.630566e+00	9.728922e-02	9.374576e-01	2.537723e+00	1.129535e+00	2.259645e-02	1.127356e+00	4.240839e-01	4.327036e+00	1.318471e+01	1.094587e+00	1.045621e+01	8.631588e-01	2.438189e-01	1.544092e+00	3.025094e-01	1.068994e+00	8.877388e+01	1.500058e+02	1.355956e-01	6.451753e-02	7.849218e+01	
1  2e+29	1.629443e+00	9.773483e-02	9.354909e-01	2.527251e+00	1.129068e+00	1.878135e-02	1.065042e+00	4.461236e-01	4.332242e+00	1.328395e+01	1.092820e+00	1.047761e+01	8.644791e-01	2.438070e-01	1.551941e+00	2.894068e-01	1.070752e+00	8.896761e+01	1.501421e+02	1.326548e-01	5.913460e-02	8.162479e+01	
2  2e+29	1.639090e+00	9.742523e-02	9.404206e-01	2.513900e+00	1.129049e+00	1.303691e-02	1.083741e+00	4.374672e-01	4.369916e+00	1.322044e+01	1.092073e+00	9.858459e+00	8.665130e-01	2.438316e-01	1.543072e+00	2.969767e-01	1.070852e+00	8.922792e+01	1.500683e+02	1.300466e-01	6.076540e-02	8.029470e+01	
1  2e+29	1.632195e+00	9.706174e-02	9.399998e-01	2.522267e+00	1.127220e+00	1.824177e-02	1.107779e+00	4.303273e-01	4.328275e+00	1.327276e+01	1.091546e+00	1.033955e+01	8.656441e-01	2.438257e-01	1.544882e+00	3.001283e-01	1.069877e+00	8.908670e+01	1.500818e+02	1.317549e-01	6.249283e-02	8.007910e+01	
1  2e+29	1.636878e+00	9.564194e-02	9.468129e-01	2.536117e+00	1.128925e+00	2.651131e-02	1.042332e+00	4.326267e-01	4.354615e+00	1.301444e+01	1.091848e+00	1.091442e+01	8.755761e-01	2.438706e-01	1.573212e+00	3.068007e-01	1.072133e+00	9.003024e+01	1.504910e+02	1.235145e-01	5.674455e-02	7.793255e+01	
1  2e+29	1.611204e+00	9.768256e-02	9.561818e-01	2.540527e+00	1.125838e+00	2.437988e-02	1.047915e+00	4.541679e-01	4.332882e+00	1.308490e+01	1.093997e+00	1.105637e+01	8.787417e-01	2.438376e-01	1.595299e+00	3.013499e-01	1.076254e+00	9.092801e+01	1.500329e+02	1.205062e-01	5.492022e-02	7.951480e+01	
1  2e+29	1.618968e+00	9.783726e-02	9.651713e-01	2.530869e+00	1.124880e+00	1.903604e-02	9.552569e-01	4.489769e-01	4.347914e+00	1.309852e+01	1.094034e+00	1.040138e+01	8.878482e-01	2.438833e-01	1.615302e+00	3.161249e-01	1.080980e+00	9.214951e+01	1.500916e+02	1.111805e-01	4.773811e-02	7.558083e+01	
1  2e+29	1.618968e+00	9.783726e-02	9.651713e-01	2.530869e+00	1.124880e+00	1.903604e-02	9.552569e-01	4.489769e-01	4.347914e+00	1.309852e+01	1.092211e+00	1.040138e+01	8.878482e-01	2.438833e-01	1.615302e+00	3.161249e-01	1.080980e+00	9.214951e+01	1.500916e+02	1.111805e-01	4.773811e-02	7.558083e+01	
1  2e+29	1.628897e+00	9.735754e-02	9.566149e-01	2.528736e+00	1.126557e+00	1.734517e-02	9.342077e-01	4.526055e-01	4.320243e+00	1.302463e+01	1.093182e+00	1.026278e+01	8.845358e-01	2.438706e-01	1.606324e+00	3.069675e-01	1.079155e+00	9.149433e+01	1.503732e+02	1.139381e-01	4.689345e-02	7.696492e+01	
1  2e+29	1.618936e+00	9.741523e-02	9.676770e-01	2.515430e+00	1.127134e+00	1.421417e-02	9.080883e-01	4.424814e-01	4.317849e+00	1.305466e+01	1.090234e+00	9.905461e+00	8.912987e-01	2.438874e-01	1.616773e+00	3.230989e-01	1.082586e+00	9.255788e+01	1.502766e+02	1.067298e-01	4.422950e-02	7.376686e+01	
2  2e+29	1.633219e+00	9.765042e-02	9.726311e-01	2.512174e+00	1.130436e+00	1.375727e-02	8.813254e-01	4.326442e-01	4.327457e+00	1.281134e+01	1.088837e+00	9.584288e+00	8.951566e-01	2.439400e-01	1.622105e+00	3.356988e-01	1.084544e+00	9.316843e+01	1.501504e+02	1.032930e-01	4.268398e-02	6.994447e+01	
1  2e+29	1.633869e+00	9.660837e-02	9.731737e-01	2.526869e+00	1.134899e+00	2.114637e-02	9.231647e-01	4.179363e-01	4.318379e+00	1.299547e+01	1.090253e+00	1.008800e+01	8.946025e-01	2.439518e-01	1.610963e+00	3.398379e-01	1.082682e+00	9.283485e+01	1.502518e+02	1.055668e-01	4.621967e-02	6.665839e+01	
2  2e+29	1.646806e+00	9.640170e-02	9.757603e-01	2.512576e+00	1.135755e+00	1.822553e-02	9.848289e-01	4.295553e-01	4.408955e+00	1.299576e+01	1.086393e+00	9.963676e+00	8.942611e-01	2.439698e-01	1.599387e+00	3.326892e-01	1.081041e+00	9.283922e+01	1.500834e+02	1.047841e-01	5.002033e-02	7.009370e+01	
3  2e+29	1.645958e+00	9.597346e-02	9.756262e-01	2.509622e+00	1.133164e+00	1.885987e-02	1.002718e+00	4.144386e-01	4.410008e+00	1.285253e+01	1.084739e+00	9.990811e+00	8.930998e-01	2.439806e-01	1.591922e+00	3.408050e-01	1.080039e+00	9.263890e+01	1.500844e+02	1.057706e-01	5.237238e-02	6.879697e+01	
1  2e+29	1.645958e+00	9.597346e-02	9.756262e-01	2.509622e+00	1.133164e+00	1.885987e-02	1.002718e+00	4.144386e-01	4.410008e+00	1.285253e+01	1.082029e+00	9.990811e+00	8.930998e-01	2.439806e-01	1.591922e+00	3.408050e-01	1.080039e+00	9.263890e+01	1.500844e+02	1.057706e-01	5.237238e-02	6.879697e+01	
1  2e+29	1.651736e+00	9.787294e-02	9.681176e-01	2.511947e+00	1.129326e+00	1.742683e-02	9.017851e-01	4.166092e-01	4.421407e+00	1.301763e+01	1.081892e+00	9.852572e+00	8.906778e-01	2.440013e-01	1.607423e+00	3.424467e-01	1.082731e+00	9.258957e+01	1.499442e+02	1.078046e-01	4.599144e-02	6.740772e+01	
1  2e+29	1.635129e+00	1.003106e-01	9.699053e-01	2.539873e+00	1.123229e+00	2.915147e-02	9.483646e-01	4.077965e-01	4.393044e+00	1.310363e+01	1.081205e+00	1.099088e+01	8.864336e-01	2.440159e-01	1.621312e+00	3.507503e-01	1.084039e+00	9.260069e+01	1.491967e+02	1.140285e-01	4.980926e-02	6.486115e+01	
1  2e+29	1.638558e+00	9.974967e-02	9.800857e-01	2.541576e+00	1.123555e+00	3.145642e-02	9.276153e-01	4.100207e-01	4.399654e+00	1.307885e+01	1.080422e+00	1.113429e+01	8.948142e-01	2.440467e-01	1.637784e+00	3.601323e-01	1.086423e+00	9.371634e+01	1.492301e+02	1.064181e-01	4.725131e-02	6.435162e+01	
2  2e+29	1.647096e+00	9.956242e-02	9.748700e-01	2.552078e+00	1.122807e+00	3.509684e-02	9.625023e-01	4.218593e-01	4.389788e+00	1.331856e+01	1.081796e+00	1.161510e+01	8.915773e-01	2.440427e-01	1.635247e+00	3.453305e-01	1.084051e+00	9.311356e+01	1.492632e+02	1.105160e-01	4.931448e-02	6.688960e+01	
1  2e+29	1.655170e+00	9.810953e-02	9.874007e-01	2.562542e+00	1.126466e+00	4.015745e-02	9.451387e-01	4.147588e-01	4.315049e+00	1.336760e+01	1.083593e+00	1.185692e+01	9.023788e-01	2.440809e-01	1.651351e+00	3.582768e-01	1.086246e+00	9.432559e+01	1.494636e+02	1.018259e-01	4.698589e-02	6.359943e+01	
1  2e+29	1.653539e+00	9.693971e-02	9.859555e-01	2.549509e+00	1.125946e+00	3.840188e-02	9.285815e-01	4.048854e-01	4.336231e+00	1.357792e+01	1.080527e+00	1.177117e+01	9.027354e-01	2.440811e-01	1.640969e+00	3.631850e-01	1.085345e+00	9.416013e+01	1.497607e+02	1.003645e-01	4.639296e-02	6.327906e+01	
2  2e+29	1.655170e+00	9.803534e-02	9.863194e-01	2.554674e+00	1.121278e+00	4.079748e-02	9.147822e-01	3.990617e-01	4.289412e+00	1.341770e+01	1.079090e+00	1.205574e+01	9.021683e-01	2.441040e-01	1.651097e+00	3.700960e-01	1.086672e+00	9.436436e+01	1.494812e+02	1.011105e-01	4.605376e-02	6.212903e+01	
1  2e+29	1.657270e+00	9.600391e-02	9.861832e-01	2.546829e+00	1.122819e+00	4.262202e-02	8.745018e-01	4.089062e-01	4.323214e+00	1.334086e+01	1.076119e+00	1.233964e+01	9.071664e-01	2.441043e-01	1.655720e+00	3.666341e-01	1.086012e+00	9.459718e+01	1.500726e+02	9.577084e-02	4.233111e-02	6.491490e+01	
1  2e+29	1.657270e+00	9.600391e-02	9.861832e-01	2.546829e+00	1.122819e+00	4.262202e-02	8.745018e-01	4.089062e-01	4.323214e+00	1.334086e+01	1.076018e+00	1.233964e+01	9.071664e-01	2.441043e-01	1.655720e+00	3.666341e-01	1.086012e+00	9.459718e+01	1.500726e+02	9.577084e-02	4.233111e-02	6.491490e+01	
1  2e+29	1.676596e+00	9.482290e-02	9.819085e-01	2.544913e+00	1.123040e+00	4.383260e-02	8.735802e-01	4.134695e-01	4.278565e+00	1.319224e+01	1.074840e+00	1.256139e+01	9.072127e-01	2.441249e-01	1.652697e+00	3.580212e-01	1.083882e+00	9.426042e+01	1.503709e+02	9.576626e-02	4.229350e-02	6.650568e+01	
1  2e+29	1.686721e+00	9.396565e-02	9.809542e-01	2.538877e+00	1.124729e+00	4.026601e-02	8.875938e-01	4.071280e-01	4.214533e+00	1.298360e+01	1.076145e+00	1.219298e+01	9.070560e-01	2.441268e-01	1.641898e+00	3.565737e-01	1.082477e+00	9.403025e+01	1.505373e+02	9.562652e-02	4.379432e-02	6.588971e+01	
2  2e+29	1.680535e+00	9.377532e-02	9.859580e-01	2.509559e+00	1.124597e+00	3.078348e-02	9.439746e-01	3.942063e-01	4.232253e+00	1.279508e+01	1.071820e+00	1.141921e+01	9.059997e-01	2.441181e-01	1.618395e+00	3.641336e-01	1.081762e+00	9.406625e+01	1.503543e+02	9.417829e-02	4.836168e-02	6.564641e+01	
3  2e+29	1.688502e+00	9.355474e-02	9.818726e-01	2.501969e+00	1.121732e+00	2.776484e-02	9.911827e-01	3.929453e-01	4.229693e+00	1.268314e+01	1.070918e+00	1.126369e+01	9.016743e-01	2.441144e-01	1.603257e+00	3.581356e-01	1.079100e+00	9.343923e+01	1.503097e+02	9.765834e-02	5.241137e-02	6.770397e+01	
1  2e+29	1.684631e+00	9.370916e-02	9.757161e-01	2.505980e+00	1.122557e+00	3.155720e-02	9.728914e-01	3.948700e-01	4.290900e+00	1.267209e+01	1.069291e+00	1.157424e+01	8.984982e-01	2.441101e-01	1.601732e+00	3.557324e-01	1.078343e+00	9.299092e+01	1.503908e+02	1.008594e-01	5.154165e-02	6.816073e+01	
1  2e+29	1.678191e+00	9.445347e-02	9.751303e-01	2.493780e+00	1.121124e+00	2.356321e-02	9.769380e-01	3.896920e-01	4.281612e+00	1.284505e+01	1.070274e+00	1.090103e+01	8.959160e-01	2.440868e-01	1.591570e+00	3.567460e-01	1.078769e+00	9.282557e+01	1.502314e+02	1.021152e-01	5.228129e-02	6.765042e+01	
1  2e+29	1.692620e+00	9.364085e-02	9.908743e-01	2.519097e+00	1.123790e+00	3.607578e-02	9.995702e-01	4.179038e-01	4.364680e+00	1.285375e+01	1.071106e+00	1.192986e+01	9.087180e-01	2.441454e-01	1.628141e+00	3.542946e-01	1.080951e+00	9.441135e+01	1.501810e+02	9.257680e-02	5.071688e-02	7.019883e+01	
1  2e+29	1.692620e+00	9.364085e-02	9.908743e-01	2.519097e+00	1.123790e+00	3.607578e-02	9.995702e-01	4.179038e-01	4.364680e+00	1.285375e+01	1.069866e+00	1.192986e+01	9.087180e-01	2.441454e-01	1.628141e+00	3.542946e-01	1.080951e+00	9.441135e+01	1.501810e+02	9.257680e-02	5.071688e-02	7.019883e+01	
1  2e+29	1.689965e+00	9.261621e-02	9.883842e-01	2.523256e+00	1.128183e+00	3.931666e-02	1.000573e+00	4.031335e-01	4.387622e+00	1.282956e+01	1.070334e+00	1.194913e+01	9.075530e-01	2.441431e-01	1.616423e+00	3.606160e-01	1.079519e+00	9.401236e+01	1.504323e+02	9.435903e-02	5.171126e-02	6.749361e+01	
1  2e+29	1.690447e+00	9.203899e-02	9.866891e-01	2.520162e+00	1.130141e+00	3.612372e-02	1.002959e+00	3.785256e-01	4.493831e+00	1.276380e+01	1.072601e+00	1.119386e+01	9.052864e-01	2.441496e-01	1.591158e+00	3.771552e-01	1.078360e+00	9.358464e+01	1.505191e+02	9.661052e-02	5.397247e-02	6.344231e+01	
1  2e+29	1.685643e+00	9.466652e-02	9.846611e-01	2.515564e+00	1.120458e+00	2.652555e-02	1.003584e+00	3.945895e-01	4.549093e+00	1.252673e+01	1.075747e+00	1.051974e+01	9.012552e-01	2.441276e-01	1.602908e+00	3.676315e-01	1.080021e+00	9.353514e+01	1.499715e+02	9.932345e-02	5.433250e-02	6.735889e+01	
2  2e+29	1.665957e+00	9.549009e-02	9.911325e-01	2.550586e+00	1.117533e+00	3.981575e-02	9.668186e-01	4.029739e-01	4.608131e+00	1.222646e+01	1.078920e+00	1.149073e+01	9.068018e-01	2.441322e-01	1.640929e+00	3.760023e-01	1.083466e+00	9.442734e+01	1.498330e+02	9.666100e-02	5.095624e-02	6.695198e+01	
1  2e+29	1.669076e+00	9.584532e-02	9.794796e-01	2.570005e+00	1.119842e+00	4.894390e-02	9.475090e-01	4.105987e-01	4.591348e+00	1.209538e+01	1.079162e+00	1.231160e+01	9.011716e-01	2.441269e-01	1.648415e+00	3.643883e-01	1.081765e+00	9.357522e+01	1.499638e+02	1.034109e-01	4.987468e-02	6.753165e+01	
1  2e+29	1.664874e+00	9.530119e-02	9.826174e-01	2.577638e+00	1.121905e+00	5.504911e-02	9.733574e-01	4.023218e-01	4.536205e+00	1.192293e+01	1.077934e+00	1.278483e+01	9.024367e-01	2.441313e-01	1.649589e+00	3.699260e-01	1.081414e+00	9.369160e+01	1.499798e+02	1.031262e-01	5.169025e-02	6.582063e+01	
1  2e+29	1.672862e+00	9.480993e-02	9.715264e-01	2.597651e+00	1.122939e+00	6.596645e-02	9.205545e-01	3.799276e-01	4.606930e+00	1.193993e+01	1.077494e+00	1.336613e+01	8.979980e-01	2.441610e-01	1.645754e+00	3.839809e-01	1.079818e+00	9.282583e+01	1.502524e+02	1.090524e-01	5.044194e-02	6.133850e+01	
1  2e+29	1.663991e+00	9.480032e-02	9.667900e-01	2.584739e+00	1.119036e+00	6.020007e-02	9.007623e-01	3.795765e-01	4.614253e+00	1.200056e+01	1.076789e+00	1.304646e+01	8.954202e-01	2.441314e-01	1.635984e+00	3.810949e-01	1.079290e+00	9.244524e+01	1.503809e+02	1.103220e-01	4.950050e-02	6.301971e+01	
1  2e+29	1.690831e+00	9.192465e-02	9.715309e-01	2.587801e+00	1.130282e+00	6.493965e-02	9.010231e-01	3.864193e-01	4.651089e+00	1.189691e+01	1.077201e+00	1.315832e+01	9.032301e-01	2.441735e-01	1.637764e+00	3.784389e-01	1.077706e+00	9.288888e+01	1.509670e+02	1.037615e-01	4.816342e-02	6.309189e+01	
1  2e+29	1.690831e+00	9.192465e-02	9.715309e-01	2.587801e+00	1.130282e+00	6.493965e-02	9.010231e-01	3.864193e-01	4.651089e+00	1.189691e+01	1.080258e+00	1.315832e+01	9.032301e-01	2.441735e-01	1.637764e+00	3.784389e-01	1.077706e+00	9.288888e+01	1.509670e+02	1.037615e-01	4.816342e-02	6.309189e+01	
1  2e+29	1.697671e+00	9.130172e-02	9.649575e-01	2.596907e+00	1.131282e+00	6.869414e-02	9.405156e-01	4.048403e-01	4.691020e+00	1.150061e+01	1.081550e+00	1.342748e+01	8.999614e-01	2.441522e-01	1.642703e+00	3.608496e-01	1.074441e+00	9.229723e+01	1.511352e+02	1.072901e-01	5.046973e-02	6.848216e+01	
1  2e+29	1.695505e+00	9.057243e-02	9.634992e-01	2.583104e+00	1.133204e+00	6.438325e-02	9.626576e-01	3.906072e-01	4.623153e+00	1.137948e+01	1.080203e+00	1.303840e+01	8.978507e-01	2.441342e-01	1.620253e+00	3.654817e-01	1.072857e+00	9.194485e+01	1.512444e+02	1.086045e-01	5.270226e-02	6.708987e+01	
1  2e+29	1.705033e+00	9.012173e-02	9.563933e-01	2.583337e+00	1.135031e+00	6.363062e-02	9.541768e-01	4.118191e-01	4.600834e+00	1.136797e+01	1.081386e+00	1.310859e+01	8.959556e-01	2.441119e-01	1.624697e+00	3.456745e-01	1.071020e+00	9.155145e+01	1.515131e+02	1.095560e-01	5.136180e-02	7.226327e+01	
1  2e+29	1.720464e+00	8.869179e-02	9.492314e-01	2.592487e+00	1.139312e+00	7.010206e-02	9.205131e-01	4.230115e-01	4.578847e+00	1.129657e+01	1.081147e+00	1.362546e+01	8.962539e-01	2.441135e-01	1.632771e+00	3.352734e-01	1.068969e+00	9.123002e+01	1.520130e+02	1.092746e-01	4.867393e-02	7.521212e+01	
1  2e+29	1.710702e+00	8.957717e-02	9.453154e-01	2.565231e+00	1.138044e+00	5.944515e-02	9.431919e-01	4.413511e-01	4.588141e+00	1.123825e+01	1.077671e+00	1.313686e+01	8.913910e-01	2.440671e-01	1.614078e+00	3.199556e-01	1.068228e+00	9.087337e+01	1.518794e+02	1.109597e-01	4.981454e-02	8.070886e+01	
1  2e+29	1.714267e+00	8.904619e-02	9.525878e-01	2.572207e+00	1.140225e+00	6.216006e-02	9.631403e-01	4.428335e-01	4.575038e+00	1.106862e+01	1.079026e+00	1.326724e+01	8.962611e-01	2.440847e-01	1.622162e+00	3.231003e-01	1.068889e+00	9.146088e+01	1.518693e+02	1.072589e-01	5.058260e-02	7.987405e+01	
1  2e+29	1.721227e+00	8.897744e-02	9.370196e-01	2.561455e+00	1.141084e+00	5.776001e-02	9.903734e-01	4.572530e-01	4.654941e+00	1.126968e+01	1.078119e+00	1.292421e+01	8.857572e-01	2.440318e-01	1.593704e+00	3.060121e-01	1.064135e+00	9.013805e+01	1.519685e+02	1.151305e-01	5.384956e-02	8.760905e+01	
1  2e+29	1.729223e+00	8.816680e-02	9.421899e-01	2.563557e+00	1.141396e+00	6.030360e-02	9.644333e-01	4.466869e-01	4.749572e+00	1.128580e+01	1.077450e+00	1.290948e+01	8.908505e-01	2.440815e-01	1.600361e+00	3.187250e-01	1.065162e+00	9.059990e+01	1.521111e+02	1.111086e-01	5.181202e-02	8.419387e+01	
1  2e+29	1.743542e+00	8.746216e-02	9.282078e-01	2.559837e+00	1.141937e+00	6.234285e-02	9.221254e-01	4.320484e-01	4.735822e+00	1.115969e+01	1.074346e+00	1.292824e+01	8.843323e-01	2.440874e-01	1.586616e+00	3.217009e-01	1.062165e+00	8.954169e+01	1.524339e+02	1.165158e-01	5.042357e-02	8.404141e+01	
1  2e+29	1.744904e+00	8.729192e-02	9.142446e-01	2.539987e+00	1.142296e+00	5.247285e-02	9.559204e-01	4.255942e-01	4.864669e+00	1.100489e+01	1.074494e+00	1.180210e+01	8.728304e-01	2.440282e-01	1.542177e+00	3.224452e-01	1.057246e+00	8.818378e+01	1.524676e+02	1.253029e-01	5.461414e-02	8.892373e+01	
1  2e+29	1.744904e+00	8.729192e-02	9.142446e-01	2.539987e+00	1.142296e+00	5.247285e-02	9.559204e-01	4.255942e-01	4.864669e+00	1.100489e+01	1.075516e+00	1.180210e+01	8.728304e-01	2.440282e-01	1.542177e+00	3.224452e-01	1.057246e+00	8.818378e+01	1.524676e+02	1.253029e-01	5.461414e-02	8.892373e+01	
1  2e+29	1.744725e+00	8.743382e-02	9.148628e-01	2.545316e+00	1.141284e+00	5.695678e-02	9.592463e-01	4.197798e-01	4.888110e+00	1.100650e+01	1.073625e+00	1.211888e+01	8.728181e-01	2.440500e-01	1.546615e+00	3.283900e-01	1.057421e+00	8.822774e+01	1.523732e+02	1.262146e-01	5.500535e-02	8.729433e+01	
1  2e+29	1.747303e+00	8.650837e-02	9.066205e-01	2.541646e+00	1.141478e+00	5.393453e-02	9.693697e-01	4.178341e-01	4.881664e+00	1.086535e+01	1.075647e+00	1.171283e+01	8.681734e-01	2.440003e-01	1.529192e+00	3.275375e-01	1.054099e+00	8.755663e+01	1.526130e+02	1.297738e-01	5.636735e-02	9.145231e+01	
1  2e+29	1.737126e+00	8.572551e-02	9.102345e-01	2.524766e+00	1.143829e+00	4.937882e-02	1.021678e+00	4.332131e-01	4.893619e+00	1.095647e+01	1.073424e+00	1.159174e+01	8.689854e-01	2.439513e-01	1.516314e+00	3.185872e-01	1.052839e+00	8.773778e+01	1.526749e+02	1.273417e-01	5.915740e-02	9.728281e+01	
1  2e+29	1.722928e+00	8.736936e-02	9.154176e-01	2.529438e+00	1.141103e+00	4.683717e-02	9.368972e-01	4.499762e-01	4.890692e+00	1.098101e+01	1.076228e+00	1.174530e+01	8.743689e-01	2.439651e-01	1.551933e+00	3.060777e-01	1.058568e+00	8.833633e+01	1.526907e+02	1.222169e-01	5.179168e-02	9.414490e+01	
1  2e+29	1.712064e+00	8.684574e-02	9.115821e-01	2.527378e+00	1.140545e+00	4.958154e-02	9.576477e-01	4.482832e-01	4.941632e+00	1.104747e+01	1.073587e+00	1.196390e+01	8.711147e-01	2.439327e-01	1.544914e+00	3.074968e-01	1.056645e+00	8.793864e+01	1.527737e+02	1.252597e-01	5.331131e-02	9.671365e+01	
1  2e+29	1.724913e+00	8.609897e-02	9.171835e-01	2.532989e+00	1.141392e+00	5.120870e-02	9.246452e-01	4.401277e-01	4.913671e+00	1.119510e+01	1.075195e+00	1.199822e+01	8.774525e-01	2.439811e-01	1.554628e+00	3.141429e-01	1.058136e+00	8.848676e+01	1.529403e+02	1.201495e-01	5.061587e-02	9.256596e+01	
1  2e+29	1.728075e+00	8.551047e-02	9.155862e-01	2.556745e+00	1.142603e+00	6.306390e-02	9.478781e-01	4.337676e-01	4.897543e+00	1.119031e+01	1.075840e+00	1.268831e+01	8.769563e-01	2.439872e-01	1.566759e+00	3.199118e-01	1.056573e+00	8.838806e+01	1.529429e+02	1.227168e-01	5.264413e-02	9.213344e+01	
1  2e+29	1.713671e+00	8.441429e-02	9.106048e-01	2.556997e+00	1.141347e+00	6.506860e-02	1.000095e+00	4.365995e-01	4.906724e+00	1.116583e+01	1.075561e+00	1.280496e+01	8.727078e-01	2.439099e-01	1.558527e+00	3.186167e-01	1.052977e+00	8.789520e+01	1.530966e+02	1.266207e-01	5.636619e-02	9.854820e+01	
1  2e+29	1.712771e+00	8.418821e-02	9.122183e-01	2.565756e+00	1.142448e+00	6.836569e-02	1.050280e+00	4.668450e-01	4.849297e+00	1.099737e+01	1.076892e+00	1.331487e+01	8.738216e-01	2.438681e-01	1.571504e+00	3.006786e-01	1.051870e+00	8.816559e+01	1.530541e+02	1.251450e-01	5.968862e-02	1.068707e+02	
1  2e+29	1.713680e+00	8.338889e-02	9.139435e-01	2.556945e+00	1.147571e+00	6.667488e-02	1.080140e+00	4.496195e-01	4.842932e+00	1.111751e+01	1.075693e+00	1.291204e+01	8.735859e-01	2.438660e-01	1.550312e+00	3.120369e-01	1.050551e+00	8.811653e+01	1.530676e+02	1.253223e-01	6.172632e-02	1.041202e+02	
1  2e+29	1.713680e+00	8.338889e-02	9.139435e-01	2.556945e+00	1.147571e+00	6.667488e-02	1.080140e+00	4.496195e-01	4.842932e+00	1.111751e+01	1.076248e+00	1.291204e+01	8.735859e-01	2.438660e-01	1.550312e+00	3.120369e-01	1.050551e+00	8.811653e+01	1.530676e+02	1.253223e-01	6.172632e-02	1.041202e+02	
2  2e+29	1.703329e+00	8.390226e-02	9.118988e-01	2.547525e+00	1.146561e+00	6.155903e-02	1.112608e+00	4.588597e-01	4.816232e+00	1.091187e+01	1.076256e+00	1.271481e+01	8.700039e-01	2.438176e-01	1.539800e+00	3.049339e-01	1.049709e+00	8.786356e+01	1.529409e+02	1.276871e-01	6.418873e-02	1.082434e+02	
3  2e+29	1.682292e+00	8.574837e-02	9.153672e-01	2.545793e+00	1.146003e+00	5.890087e-02	1.133563e+00	4.675303e-01	4.728667e+00	1.084531e+01	1.076401e+00	1.286027e+01	8.685732e-01	2.437932e-01	1.545711e+00	2.951874e-01	1.052161e+00	8.796433e+01	1.525654e+02	1.290295e-01	6.508315e-02	1.069576e+02	
1  2e+29	1.680981e+00	8.610995e-02	9.145810e-01	2.541043e+00	1.144362e+00	5.816379e-02	1.078020e+00	4.417908e-01	4.735708e+00	1.089869e+01	1.074428e+00	1.266033e+01	8.684579e-01	2.438368e-01	1.544465e+00	3.091989e-01	1.053915e+00	8.783381e+01	1.526114e+02	1.295516e-01	6.118718e-02	9.883088e+01	
1  2e+29	1.669117e+00	8.740471e-02	9.156176e-01	2.527429e+00	1.144412e+00	5.131437e-02	1.092685e+00	4.490799e-01	4.672711e+00	1.079944e+01	1.073402e+00	1.242099e+01	8.661871e-01	2.438127e-01	1.536645e+00	3.009061e-01	1.055148e+00	8.779147e+01	1.523568e+02	1.303397e-01	6.196852e-02	9.925846e+01	
2  2e+29	1.682921e+00	8.835013e-02	9.255199e-01	2.544386e+00	1.143857e+00	5.731633e-02	1.131397e+00	4.444701e-01	4.598846e+00	1.069154e+01	1.074231e+00	1.282057e+01	8.707899e-01	2.438876e-01	1.553547e+00	3.077776e-01	1.057166e+00	8.858671e+01	1.518740e+02	1.281264e-01	6.473324e-02	9.454690e+01	
1  2e+29	1.701076e+00	8.736396e-02	9.167266e-01	2.559257e+00	1.146418e+00	6.653379e-02	1.148481e+00	4.406011e-01	4.619547e+00	1.041573e+01	1.073404e+00	1.317511e+01	8.669153e-01	2.438920e-01	1.552143e+00	3.128015e-01	1.053340e+00	8.804190e+01	1.520017e+02	1.326309e-01	6.736229e-02	9.753228e+01	
2  2e+29	1.701076e+00	8.736396e-02	9.167266e-01	2.559257e+00	1.146418e+00	6.653379e-02	1.148481e+00	4.406011e-01	4.619547e+00	1.041573e+01	1.074338e+00	1.317511e+01	8.669153e-01	2.438920e-01	1.552143e+00	3.128015e-01	1.053340e+00	8.804190e+01	1.520017e+02	1.326309e-01	6.736229e-02	9.753228e+01	
1  2e+29	1.684397e+00	8.793956e-02	9.186223e-01	2.558053e+00	1.143345e+00	6.577031e-02	1.187452e+00	4.371559e-01	4.692547e+00	1.047640e+01	1.074036e+00	1.309041e+01	8.648402e-01	2.438713e-01	1.548679e+00	3.181497e-01	1.053328e+00	8.798653e+01	1.517805e+02	1.352894e-01	6.986630e-02	9.774799e+01	
1  2e+29	1.685347e+00	8.906660e-02	9.142298e-01	2.570933e+00	1.139654e+00	7.141704e-02	1.155926e+00	4.464870e-01	4.658344e+00	1.065277e+01	1.073208e+00	1.373505e+01	8.629563e-01	2.438849e-01	1.567232e+00	3.095275e-01	1.054361e+00	8.781238e+01	1.516538e+02	1.374598e-01	6.814774e-02	9.838361e+01	
1  2e+29	1.682995e+00	8.831691e-02	9.079999e-01	2.555202e+00	1.141151e+00	6.543860e-02	1.230374e+00	4.462527e-01	4.598367e+00	1.064159e+01	1.072494e+00	1.327218e+01	8.562843e-01	2.438090e-01	1.533301e+00	3.088059e-01	1.049898e+00	8.714753e+01	1.516393e+02	1.423896e-01	7.427645e-02	1.053596e+02	
1  2e+29	1.673753e+00	8.976944e-02	9.046025e-01	2.568710e+00	1.139219e+00	7.044198e-02	1.238837e+00	4.363114e-01	4.600582e+00	1.046849e+01	1.072593e+00	1.350243e+01	8.516946e-01	2.438123e-01	1.542446e+00	3.155475e-01	1.050341e+00	8.679613e+01	1.513271e+02	1.482166e-01	7.549524e-02	1.022014e+02	
1  2e+29	1.678803e+00	8.934052e-02	9.057805e-01	2.559241e+00	1.135745e+00	6.525846e-02	1.221858e+00	4.339001e-01	4.709457e+00	1.026599e+01	1.073051e+00	1.304648e+01	8.530732e-01	2.438302e-01	1.535804e+00	3.208679e-01	1.050415e+00	8.691649e+01	1.514443e+02	1.464655e-01	7.424230e-02	1.024389e+02	
1  2e+29	1.691712e+00	8.864044e-02	9.067346e-01	2.571788e+00	1.140117e+00	7.048430e-02	1.239274e+00	4.164187e-01	4.688754e+00	1.049182e+01	1.074776e+00	1.298957e+01	8.543370e-01	2.438547e-01	1.533369e+00	3.345298e-01	1.049306e+00	8.698788e+01	1.514408e+02	1.468491e-01	7.588528e-02	9.850468e+01	
1  2e+29	1.705601e+00	8.873254e-02	8.897591e-01	2.567429e+00	1.139506e+00	6.761861e-02	1.229837e+00	4.169649e-01	4.675844e+00	1.037571e+01	1.074904e+00	1.263596e+01	8.441054e-01	2.438114e-01	1.509413e+00	3.337574e-01	1.045089e+00	8.583392e+01	1.514843e+02	1.548460e-01	7.758979e-02	1.048134e+02	
1  2e+29	1.721144e+00	8.881264e-02	8.969537e-01	2.576417e+00	1.139112e+00	6.890384e-02	1.277807e+00	4.355292e-01	4.644210e+00	1.039759e+01	1.077299e+00	1.287391e+01	8.488091e-01	2.438383e-01	1.522593e+00	3.245521e-01	1.045300e+00	8.649706e+01	1.512396e+02	1.508072e-01	8.140081e-02	1.088019e+02	
1  2e+29	1.737367e+00	8.915908e-02	8.988837e-01	2.577641e+00	1.137995e+00	6.984562e-02	1.335134e+00	4.351268e-01	4.620345e+00	1.046628e+01	1.076126e+00	1.293735e+01	8.483593e-01	2.438713e-01	1.515576e+00	3.294298e-01	1.044043e+00	8.665411e+01	1.508764e+02	1.517474e-01	8.647108e-02	1.106356e+02	
1  2e+29	1.737367e+00	8.915908e-02	8.988837e-01	2.577641e+00	1.137995e+00	6.984562e-02	1.335134e+00	4.351268e-01	4.620345e+00	1.046628e+01	1.078761e+00	1.293735e+01	8.483593e-01	2.438713e-01	1.515576e+00	3.294298e-01	1.044043e+00	8.665411e+01	1.508764e+02	1.517474e-01	8.647108e-02	1.106356e+02	
1  2e+29	1.729282e+00	8.957075e-02	9.035505e-01	2.554932e+00	1.137199e+00	5.893017e-02	1.336294e+00	4.406537e-01	4.555807e+00	1.057368e+01	1.078084e+00	1.254137e+01	8.496160e-01	2.438564e-01	1.498785e+00	3.192457e-01	1.045704e+00	8.681940e+01	1.508361e+02	1.490141e-01	8.564892e-02	1.103501e+02	
1  2e+29	1.726284e+00	9.036270e-02	8.937584e-01	2.556035e+00	1.134858e+00	5.956284e-02	1.325393e+00	4.449942e-01	4.583974e+00	1.052263e+01	1.077043e+00	1.263896e+01	8.426234e-01	2.438286e-01	1.493965e+00	3.163202e-01	1.044346e+00	8.609807e+01	1.507499e+02	1.551079e-01	8.625527e-02	1.138405e+02	
1  2e+29	1.717513e+00	8.957384e-02	8.946426e-01	2.551645e+00	1.138160e+00	5.956551e-02	1.318217e+00	4.379645e-01	4.604752e+00	1.063500e+01	1.076391e+00	1.249295e+01	8.436405e-01	2.438103e-01	1.488622e+00	3.204974e-01	1.044187e+00	8.610621e+01	1.509720e+02	1.539697e-01	8.477415e-02	1.121215e+02	
1  2e+29	1.700984e+00	8.956427e-02	8.988048e-01	2.545507e+00	1.136860e+00	5.702609e-02	1.289741e+00	4.342238e-01	4.567218e+00	1.058557e+01	1.076235e+00	1.246552e+01	8.461779e-01	2.438014e-01	1.495947e+00	3.180136e-01	1.046445e+00	8.631967e+01	1.511346e+02	1.513758e-01	8.120900e-02	1.084280e+02	
1  2e+29	1.707086e+00	8.943310e-02	8.962593e-01	2.531866e+00	1.135398e+00	4.930008e-02	1.309245e+00	4.401751e-01	4.564770e+00	1.043412e+01	1.076935e+00	1.200554e+01	8.438007e-01	2.437754e-01	1.475950e+00	3.151078e-01	1.044828e+00	8.610864e+01	1.511155e+02	1.522840e-01	8.337882e-02	1.132257e+02	
1  2e+29	1.694101e+00	8.884192e-02	8.944505e-01	2.530450e+00	1.134994e+00	4.792674e-02	1.262078e+00	4.441030e-01	4.544077e+00	1.053519e+01	1.078467e+00	1.201261e+01	8.448530e-01	2.437352e-01	1.483425e+00	3.073874e-01	1.045545e+00	8.599850e+01	1.514832e+02	1.505919e-01	7.929024e-02	1.135887e+02	
2  2e+29	1.700838e+00	8.862217e-02	8.978085e-01	2.519207e+00	1.133908e+00	3.945455e-02	1.263039e+00	4.141641e-01	4.516553e+00	1.055869e+01	1.081043e+00	1.102062e+01	8.457106e-01	2.437613e-01	1.461074e+00	3.261367e-01	1.045800e+00	8.608952e+01	1.514584e+02	1.500769e-01	7.919604e-02	1.064822e+02	
2  2e+29	1.701000e+00	8.786050e-02	8.893295e-01	2.529231e+00	1.136257e+00	4.638374e-02	1.238271e+00	4.232096e-01	4.516708e+00	1.039186e+01	1.080295e+00	1.152299e+01	8.432282e-01	2.437262e-01	1.469092e+00	3.208873e-01	1.043813e+00	8.564824e+01	1.517458e+02	1.521142e-01	7.796927e-02	1.110842e+02	
1  2e+29	1.701000e+00	8.786050e-02	8.893295e-01	2.529231e+00	1.136257e+00	4.638374e-02	1.238271e+00	4.232096e-01	4.516708e+00	1.039186e+01	1.078267e+00	1.152299e+01	8.432282e-01	2.437262e-01	1.469092e+00	3.208873e-01	1.043813e+00	8.564824e+01	1.517458e+02	1.521142e-01	7.796927e-02	1.110842e+02	
1  2e+29	1.712713e+00	8.741793e-02	8.947817e-01	2.540182e+00	1.135212e+00	5.200066e-02	1.196602e+00	4.257463e-01	4.506719e+00	1.029513e+01	1.078217e+00	1.198027e+01	8.500347e-01	2.437900e-01	1.496706e+00	3.189601e-01	1.045959e+00	8.626329e+01	1.519019e+02	1.463973e-01	7.441157e-02	1.078631e+02	
1  2e+29	1.714790e+00	8.649625e-02	8.958375e-01	2.544670e+00	1.136481e+00	5.255841e-02	1.170923e+00	4.340908e-01	4.500615e+00	1.081302e+01	1.080782e+00	1.204766e+01	8.538325e-01	2.437760e-01	1.504093e+00	3.107046e-01	1.046178e+00	8.644144e+01	1.521841e+02	1.425530e-01	7.226161e-02	1.094204e+02	
1  2e+29	1.718663e+00	8.664169e-02	8.991475e-01	2.559786e+00	1.135345e+00	5.791973e-02	1.249635e+00	4.349323e-01	4.524524e+00	1.064698e+01	1.082414e+00	1.227719e+01	8.537032e-01	2.437803e-01	1.510130e+00	3.188995e-01	1.044641e+00	8.670103e+01	1.518374e+02	1.445368e-01	7.845843e-02	1.119591e+02	
1  2e+29	1.715687e+00	8.797666e-02	9.050987e-01	2.558753e+00	1.132641e+00	5.714940e-02	1.203664e+00	4.187675e-01	4.386339e+00	1.047566e+01	1.081070e+00	1.240166e+01	8.565522e-01	2.438452e-01	1.525144e+00	3.213066e-01	1.049011e+00	8.705286e+01	1.516742e+02	1.424301e-01	7.428643e-02	1.014919e+02	
1  2e+29	1.728529e+00	8.747072e-02	9.090973e-01	2.560677e+00	1.137966e+00	5.837295e-02	1.184455e+00	4.114704e-01	4.351518e+00	1.034004e+01	1.081491e+00	1.232699e+01	8.608068e-01	2.438873e-01	1.527034e+00	3.256523e-01	1.049942e+00	8.741997e+01	1.517697e+02	1.386133e-01	7.265051e-02	9.699749e+01	
1  2e+29	1.740438e+00	8.593423e-02	9.115280e-01	2.563137e+00	1.140364e+00	6.241704e-02	1.209653e+00	4.000243e-01	4.370559e+00	1.070984e+01	1.080471e+00	1.236077e+01	8.634877e-01	2.439069e-01	1.517852e+00	3.379543e-01	1.048084e+00	8.763828e+01	1.519023e+02	1.368293e-01	7.429737e-02	9.651586e+01	
1  2e+29	1.748346e+00	8.494206e-02	9.128650e-01	2.557246e+00	1.142577e+00	5.997818e-02	1.210887e+00	3.827327e-01	4.359083e+00	1.091097e+01	1.081060e+00	1.194661e+01	8.647651e-01	2.439174e-01	1.498049e+00	3.508673e-01	1.047188e+00	8.768836e+01	1.520318e+02	1.357791e-01	7.427672e-02	9.344394e+01	
1  2e+29	1.751433e+00	8.468099e-02	9.099978e-01	2.559439e+00	1.138360e+00	6.177842e-02	1.195608e+00	4.070427e-01	4.336312e+00	1.082365e+01	1.080267e+00	1.243790e+01	8.654975e-01	2.439014e-01	1.517289e+00	3.329552e-01	1.046738e+00	8.769971e+01	1.521898e+02	1.339309e-01	7.343437e-02	1.008397e+02	
1  2e+29	1.759618e+00	8.474118e-02	9.137704e-01	2.571892e+00	1.139651e+00	6.806511e-02	1.189331e+00	4.166287e-01	4.309050e+00	1.084838e+01	1.080036e+00	1.298752e+01	8.694690e-01	2.439371e-01	1.538904e+00	3.266053e-01	1.047954e+00	8.812795e+01	1.521518e+02	1.308239e-01	7.289258e-02	1.004583e+02	
1  2e+29	1.771005e+00	8.511412e-02	9.129200e-01	2.577352e+00	1.135639e+00	6.854382e-02	1.144101e+00	4.142502e-01	4.257674e+00	1.099335e+01	1.081055e+00	1.310659e+01	8.707813e-01	2.439763e-01	1.549872e+00	3.245344e-01	1.049325e+00	8.818427e+01	1.521711e+02	1.297535e-01	7.012359e-02	9.806941e+01	
1  2e+29	1.771005e+00	8.511412e-02	9.129200e-01	2.577352e+00	1.135639e+00	6.854382e-02	1.144101e+00	4.142502e-01	4.257674e+00	1.099335e+01	1.081896e+00	1.310659e+01	8.707813e-01	2.439763e-01	1.549872e+00	3.245344e-01	1.049325e+00	8.818427e+01	1.521711e+02	1.297535e-01	7.012359e-02	9.806941e+01	
1  2e+29	1.780595e+00	8.654786e-02	9.086718e-01	2.581972e+00	1.130046e+00	7.203273e-02	1.107465e+00	3.910691e-01	4.268472e+00	1.105785e+01	1.078580e+00	1.325016e+01	8.667349e-01	2.440487e-01	1.551410e+00	3.394155e-01	1.050514e+00	8.783048e+01	1.518821e+02	1.347436e-01	6.857020e-02	9.086062e+01	
1  2e+29	1.777107e+00	8.670608e-02	9.104786e-01	2.582048e+00	1.130011e+00	7.337358e-02	1.104896e+00	3.997245e-01	4.179209e+00	1.101179e+01	1.077312e+00	1.363500e+01	8.682578e-01	2.440442e-01	1.561771e+00	3.304355e-01	1.051428e+00	8.800893e+01	1.518887e+02	1.329905e-01	6.795437e-02	9.174125e+01	
1  2e+29	1.775198e+00	8.669793e-02	9.185478e-01	2.570969e+00	1.133006e+00	6.984171e-02	1.113292e+00	4.045466e-01	4.184760e+00	1.099087e+01	1.075806e+00	1.354038e+01	8.727004e-01	2.440625e-01	1.558556e+00	3.278695e-01	1.053213e+00	8.856358e+01	1.518456e+02	1.283513e-01	6.744931e-02	9.014440e+01	
1  2e+29	1.790311e+00	8.648402e-02	9.318063e-01	2.571500e+00	1.130927e+00	6.829147e-02	1.045613e+00	4.209096e-01	4.220215e+00	1.088259e+01	1.077128e+00	1.376488e+01	8.853637e-01	2.441438e-01	1.587215e+00	3.215849e-01	1.058064e+00	8.990347e+01	1.520192e+02	1.164865e-01	6.101199e-02	8.757404e+01	
1  2e+29	1.777587e+00	8.753213e-02	9.476920e-01	2.562711e+00	1.128045e+00	6.205573e-02	1.071872e+00	4.364301e-01	4.239149e+00	1.085702e+01	1.077773e+00	1.368295e+01	8.929807e-01	2.441578e-01	1.599453e+00	3.182101e-01	1.062289e+00	9.109994e+01	1.516722e+02	1.093841e-01	6.084558e-02	8.693344e+01	
1  2e+29	1.785158e+00	8.773862e-02	9.313970e-01	2.564760e+00	1.129614e+00	6.129373e-02	1.070276e+00	4.467323e-01	4.207805e+00	1.080473e+01	1.079114e+00	1.359343e+01	8.834888e-01	2.441063e-01	1.582774e+00	3.038850e-01	1.058504e+00	8.990314e+01	1.517635e+02	1.170672e-01	6.274904e-02	9.308819e+01	
1  2e+29	1.771655e+00	8.848136e-02	9.427119e-01	2.569887e+00	1.127633e+00	6.103886e-02	1.089361e+00	4.390692e-01	4.159580e+00	1.077447e+01	1.081052e+00	1.361127e+01	8.882807e-01	2.441205e-01	1.597519e+00	3.115183e-01	1.061618e+00	9.065131e+01	1.514928e+02	1.140541e-01	6.282148e-02	8.810502e+01	
1  2e+29	1.778123e+00	8.825636e-02	9.317977e-01	2.577870e+00	1.127481e+00	6.541605e-02	1.091805e+00	4.298357e-01	4.165489e+00	1.083394e+01	1.080758e+00	1.367814e+01	8.816706e-01	2.441083e-01	1.589413e+00	3.138884e-01	1.058571e+00	8.978426e+01	1.515549e+02	1.205097e-01	6.467151e-02	8.942905e+01	
1  2e+29	1.783940e+00	8.886557e-02	9.389772e-01	2.582548e+00	1.126557e+00	6.603785e-02	1.161704e+00	4.443691e-01	4.259769e+00	1.068240e+01	1.081439e+00	1.376680e+01	8.837158e-01	2.441314e-01	1.591691e+00	3.125008e-01	1.058608e+00	9.030460e+01	1.511382e+02	1.194997e-01	6.955183e-02	9.247412e+01	
1  2e+29	1.767385e+00	8.945412e-02	9.253194e-01	2.574700e+00	1.119336e+00	6.190783e-02	1.237015e+00	4.496797e-01	4.229540e+00	1.072459e+01	1.080821e+00	1.365115e+01	8.708057e-01	2.440285e-01	1.567594e+00	3.059960e-01	1.053749e+00	8.902167e+01	1.509173e+02	1.307364e-01	7.687145e-02	1.025056e+02	
1  2e+29	1.767385e+00	8.945412e-02	9.253194e-01	2.574700e+00	1.119336e+00	6.190783e-02	1.237015e+00	4.496797e-01	4.229540e+00	1.072459e+01	1.078495e+00	1.365115e+01	8.708057e-01	2.440285e-01	1.567594e+00	3.059960e-01	1.053749e+00	8.902167e+01	1.509173e+02	1.307364e-01	7.687145e-02	1.025056e+02	
1  2e+29	1.776719e+00	8.809861e-02	9.218556e-01	2.585726e+00	1.120691e+00	6.530135e-02	1.201004e+00	4.432740e-01	4.289036e+00	1.074824e+01	1.081734e+00	1.349845e+01	8.722910e-01	2.440309e-01	1.573895e+00	3.113309e-01	1.052487e+00	8.891927e+01	1.513032e+02	1.297019e-01	7.477577e-02	1.023204e+02	
1  2e+29	1.773186e+00	8.841754e-02	9.303716e-01	2.594757e+00	1.123862e+00	7.144509e-02	1.235007e+00	4.436354e-01	4.303193e+00	1.068544e+01	1.080258e+00	1.393061e+01	8.761529e-01	2.440629e-01	1.586852e+00	3.151012e-01	1.054009e+00	8.950705e+01	1.510767e+02	1.276084e-01	7.614862e-02	9.933308e+01	
1  2e+29	1.754649e+00	9.029831e-02	9.335807e-01	2.609369e+00	1.116482e+00	7.221390e-02	1.180959e+00	4.543737e-01	4.351769e+00	1.068359e+01	1.084028e+00	1.426358e+01	8.778622e-01	2.440679e-01	1.617566e+00	3.088003e-01	1.058439e+00	8.982979e+01	1.509009e+02	1.271035e-01	7.132094e-02	9.675831e+01	
1  2e+29	1.750468e+00	9.174369e-02	9.296146e-01	2.620346e+00	1.112126e+00	7.666491e-02	1.205067e+00	4.462083e-01	4.392314e+00	1.037569e+01	1.083158e+00	1.444311e+01	8.722335e-01	2.440788e-01	1.624159e+00	3.164532e-01	1.058082e+00	8.942485e+01	1.505195e+02	1.336212e-01	7.402091e-02	9.577440e+01	
1  2e+29	1.743515e+00	9.127774e-02	9.263706e-01	2.628064e+00	1.112016e+00	8.131591e-02	1.224459e+00	4.507958e-01	4.375273e+00	1.046418e+01	1.083094e+00	1.480817e+01	8.703816e-01	2.440429e-01	1.629509e+00	3.133229e-01	1.056481e+00	8.917787e+01	1.506116e+02	1.358076e-01	7.558308e-02	9.909644e+01	
1  2e+29	1.744756e+00	9.081939e-02	9.370691e-01	2.633048e+00	1.115197e+00	8.495816e-02	1.216212e+00	4.272081e-01	4.376796e+00	1.034372e+01	1.082767e+00	1.472695e+01	8.771805e-01	2.441000e-01	1.639095e+00	3.315136e-01	1.058878e+00	8.989806e+01	1.506237e+02	1.308889e-01	7.381515e-02	9.002663e+01	
1  2e+29	1.752179e+00	9.092948e-02	9.425711e-01	2.636959e+00	1.117643e+00	8.447325e-02	1.229561e+00	4.402965e-01	4.336048e+00	1.031796e+01	1.084880e+00	1.483622e+01	8.811261e-01	2.441136e-01	1.644589e+00	3.237775e-01	1.059870e+00	9.040720e+01	1.505255e+02	1.273688e-01	7.427427e-02	9.092075e+01	
1  2e+29	1.727670e+00	9.216516e-02	9.313397e-01	2.620478e+00	1.113445e+00	7.602538e-02	1.246672e+00	4.316752e-01	4.303864e+00	1.029535e+01	1.084036e+00	1.429243e+01	8.697934e-01	2.440328e-01	1.619995e+00	3.227757e-01	1.058083e+00	8.925037e+01	1.503741e+02	1.366237e-01	7.647730e-02	9.292262e+01	
1  2e+29	1.744975e+00	9.220765e-02	9.231258e-01	2.641096e+00	1.113675e+00	8.499149e-02	1.211094e+00	4.176399e-01	4.351736e+00	1.014185e+01	1.084771e+00	1.448439e+01	8.667513e-01	2.440722e-01	1.633106e+00	3.333922e-01	1.056908e+00	8.878990e+01	1.504268e+02	1.407749e-01	7.567229e-02	9.007489e+01	
1  2e+29	1.742862e+00	9.164577e-02	9.234128e-01	2.647022e+00	1.117266e+00	9.282958e-02	1.244615e+00	4.202675e-01	4.362216e+00	9.999854e+00	1.081288e+00	1.499277e+01	8.667037e-01	2.440674e-01	1.639474e+00	3.351746e-01	1.055590e+00	8.881036e+01	1.504521e+02	1.414056e-01	7.776766e-02	9.174281e+01	
1  2e+29	1.742862e+00	9.164577e-02	9.234128e-01	2.647022e+00	1.117266e+00	9.282958e-02	1.244615e+00	4.202675e-01	4.362216e+00	9.999854e+00	1.080291e+00	1.499277e+01	8.667037e-01	2.440674e-01	1.639474e+00	3.351746e-01	1.055590e+00	8.881036e+01	1.504521e+02	1.414056e-01	7.776766e-02	9.174281e+01	
1  2e+29	1.748404e+00	9.093850e-02	9.123239e-01	2.638694e+00	1.123691e+00	8.705065e-02	1.217008e+00	4.176511e-01	4.415843e+00	9.959405e+00	1.082919e+00	1.421873e+01	8.613454e-01	2.440232e-01	1.616495e+00	3.342103e-01	1.052850e+00	8.800960e+01	1.507569e+02	1.447476e-01	7.706600e-02	9.372331e+01	
1  2e+29	1.758971e+00	9.135270e-02	9.189600e-01	2.643596e+00	1.123859e+00	8.633361e-02	1.186486e+00	4.018431e-01	4.344029e+00	9.906973e+00	1.085098e+00	1.407020e+01	8.660856e-01	2.440843e-01	1.622998e+00	3.426531e-01	1.055643e+00	8.851596e+01	1.506594e+02	1.412399e-01	7.469349e-02	8.574915e+01	
1  2e+29	1.777946e+00	9.053078e-02	9.064413e-01	2.656601e+00	1.124982e+00	9.254639e-02	1.285227e+00	4.025863e-01	4.424532e+00	9.838078e+00	1.085839e+00	1.394254e+01	8.570877e-01	2.440457e-01	1.612295e+00	3.533030e-01	1.048317e+00	8.768753e+01	1.504957e+02	1.499775e-01	8.439571e-02	9.564892e+01	
1  2e+29	1.781909e+00	9.074737e-02	9.016520e-01	2.633595e+00	1.125405e+00	8.132186e-02	1.275916e+00	4.117992e-01	4.370240e+00	9.674222e+00	1.085314e+00	1.341246e+01	8.538009e-01	2.440182e-01	1.583827e+00	3.420276e-01	1.047453e+00	8.730692e+01	1.505159e+02	1.505944e-01	8.441530e-02	9.954855e+01	
1  2e+29	1.772998e+00	9.127610e-02	9.034728e-01	2.636110e+00	1.120393e+00	8.135351e-02	1.304805e+00	3.938292e-01	4.374870e+00	9.836825e+00	1.085668e+00	1.326696e+01	8.520456e-01	2.440208e-01	1.580723e+00	3.563668e-01	1.047636e+00	8.726764e+01	1.503062e+02	1.537738e-01	8.617569e-02	9.601315e+01	
1  2e+29	1.755902e+00	9.236949e-02	9.032468e-01	2.611576e+00	1.114030e+00	7.016527e-02	1.293189e+00	3.762162e-01	4.375721e+00	9.959139e+00	1.083446e+00	1.263392e+01	8.480405e-01	2.440112e-01	1.550333e+00	3.637605e-01	1.049101e+00	8.692610e+01	1.501513e+02	1.570924e-01	8.492410e-02	9.151629e+01	
1  2e+29	1.755177e+00	9.320582e-02	9.070208e-01	2.620701e+00	1.115803e+00	7.440534e-02	1.228546e+00	3.753222e-01	4.349820e+00	9.947748e+00	1.083003e+00	1.304922e+01	8.520948e-01	2.440597e-01	1.573799e+00	3.591055e-01	1.052937e+00	8.725871e+01	1.501449e+02	1.537334e-01	7.993235e-02	8.489651e+01	
1  2e+29	1.754531e+00	9.206854e-02	9.003628e-01	2.617128e+00	1.115337e+00	7.420119e-02	1.239728e+00	3.460309e-01	4.305708e+00	1.004019e+01	1.082760e+00	1.269194e+01	8.474433e-01	2.440283e-01	1.544879e+00	3.823469e-01	1.049789e+00	8.665962e+01	1.503228e+02	1.588472e-01	8.145342e-02	8.248015e+01	
1  2e+29	1.738805e+00	9.374489e-02	9.051585e-01	2.612304e+00	1.111820e+00	7.158776e-02	1.206730e+00	3.428384e-01	4.304967e+00	1.058201e+01	1.081262e+00	1.281679e+01	8.485636e-01	2.440498e-01	1.550216e+00	3.777913e-01	1.053861e+00	8.681199e+01	1.500660e+02	1.579230e-01	7.881115e-02	7.697459e+01	
1  2e+29	1.749475e+00	9.378191e-02	9.027954e-01	2.618670e+00	1.111099e+00	7.746023e-02	1.234633e+00	3.595957e-01	4.354587e+00	1.071511e+01	1.078442e+00	1.330351e+01	8.474230e-01	2.440660e-01	1.563524e+00	3.690061e-01	1.052359e+00	8.679025e+01	1.499677e+02	1.587841e-01	8.088838e-02	8.270145e+01	
1  2e+29	1.749475e+00	9.378191e-02	9.027954e-01	2.618670e+00	1.111099e+00	7.746023e-02	1.234633e+00	3.595957e-01	4.354587e+00	1.071511e+01	1.076742e+00	1.330351e+01	8.474230e-01	2.440660e-01	1.563524e+00	3.690061e-01	1.052359e+00	8.679025e+01	1.499677e+02	1.587841e-01	8.088838e-02	8.270145e+01	
1  2e+29	1.737128e+00	9.443794e-02	9.152706e-01	2.615018e+00	1.109745e+00	7.645897e-02	1.222331e+00	3.637472e-01	4.420197e+00	1.065244e+01	1.075495e+00	1.349161e+01	8.544453e-01	2.441013e-01	1.576729e+00	3.675506e-01	1.056556e+00	8.763961e+01	1.498210e+02	1.526592e-01	7.862496e-02	7.890261e+01	
1  2e+29	1.728177e+00	9.459680e-02	9.078791e-01	2.615153e+00	1.109945e+00	7.511951e-02	1.186953e+00	3.759844e-01	4.458594e+00	1.084699e+01	1.076847e+00	1.347162e+01	8.511018e-01	2.440576e-01	1.579896e+00	3.553602e-01	1.056101e+00	8.715320e+01	1.500105e+02	1.547564e-01	7.621985e-02	8.226549e+01	
1  2e+29	1.725023e+00	9.486231e-02	9.070937e-01	2.607987e+00	1.111089e+00	7.387557e-02	1.227859e+00	3.762128e-01	4.423314e+00	1.065912e+01	1.074621e+00	1.343386e+01	8.483289e-01	2.440424e-01	1.568619e+00	3.554884e-01	1.055004e+00	8.698875e+01	1.498542e+02	1.570242e-01	7.916670e-02	8.381447e+01	
1  2e+29	1.728566e+00	9.471722e-02	9.076609e-01	2.615231e+00	1.107764e+00	7.746069e-02	1.210494e+00	3.516940e-01	4.448621e+00	1.075431e+01	1.074434e+00	1.344452e+01	8.488504e-01	2.440768e-01	1.565728e+00	3.757786e-01	1.055376e+00	8.697643e+01	1.498365e+02	1.582680e-01	7.865928e-02	7.781894e+01	
1  2e+29	1.721540e+00	9.494136e-02	8.936803e-01	2.619775e+00	1.108608e+00	7.817062e-02	1.163798e+00	3.548851e-01	4.419274e+00	1.084516e+01	1.075858e+00	1.346717e+01	8.416283e-01	2.440199e-01	1.566972e+00	3.674458e-01	1.053740e+00	8.600124e+01	1.500735e+02	1.641448e-01	7.621256e-02	8.015632e+01	
1  2e+29	1.713567e+00	9.554362e-02	8.987812e-01	2.617844e+00	1.110882e+00	7.739680e-02	1.130791e+00	3.432007e-01	4.442814e+00	1.067553e+01	1.075434e+00	1.340231e+01	8.444564e-01	2.440443e-01	1.564332e+00	3.761500e-01	1.056596e+00	8.628407e+01	1.499989e+02	1.620629e-01	7.379125e-02	7.329414e+01	
1  2e+29	1.725334e+00	9.529562e-02	8.979591e-01	2.620655e+00	1.111363e+00	7.810154e-02	1.114127e+00	3.461807e-01	4.422553e+00	1.075763e+01	1.076076e+00	1.344358e+01	8.455228e-01	2.440638e-01	1.570345e+00	3.727167e-01	1.056521e+00	8.634422e+01	1.500755e+02	1.607657e-01	7.271408e-02	7.367761e+01	
1  2e+29	1.734965e+00	9.452840e-02	8.827137e-01	2.610861e+00	1.117946e+00	7.488926e-02	1.111216e+00	3.222160e-01	4.451567e+00	1.097920e+01	1.075681e+00	1.264611e+01	8.352231e-01	2.440256e-01	1.517222e+00	3.919336e-01	1.051788e+00	8.505523e+01	1.502430e+02	1.699718e-01	7.423371e-02	7.195520e+01	
1  2e+29	1.736118e+00	9.400962e-02	8.895774e-01	2.620065e+00	1.120739e+00	7.773282e-02	1.148409e+00	3.089447e-01	4.431865e+00	1.080827e+01	1.078027e+00	1.258877e+01	8.384558e-01	2.440344e-01	1.511592e+00	4.088939e-01	1.051833e+00	8.547995e+01	1.501646e+02	1.685673e-01	7.677478e-02	6.798424e+01	
1  2e+29	1.751075e+00	9.436319e-02	8.940375e-01	2.635152e+00	1.119005e+00	8.377964e-02	1.199027e+00	3.002811e-01	4.433664e+00	1.070795e+01	1.078471e+00	1.278391e+01	8.394334e-01	2.440842e-01	1.518072e+00	4.239157e-01	1.051446e+00	8.583897e+01	1.498155e+02	1.693061e-01	8.093779e-02	6.594307e+01	
1  2e+29	1.751075e+00	9.436319e-02	8.940375e-01	2.635152e+00	1.119005e+00	8.377964e-02	1.199027e+00	3.002811e-01	4.433664e+00	1.070795e+01	1.080357e+00	1.278391e+01	8.394334e-01	2.440842e-01	1.518072e+00	4.239157e-01	1.051446e+00	8.583897e+01	1.498155e+02	1.693061e-01	8.093779e-02	6.594307e+01	
1  2e+29	1.760465e+00	9.291253e-02	8.928042e-01	2.626723e+00	1.117436e+00	8.182046e-02	1.203030e+00	2.889643e-01	4.514235e+00	1.069654e+01	1.079496e+00	1.240318e+01	8.394768e-01	2.440877e-01	1.483686e+00	4.420103e-01	1.049173e+00	8.576759e+01	1.500115e+02	1.698806e-01	8.150178e-02	6.629312e+01	
1  2e+29	1.753417e+00	9.375309e-02	8.892083e-01	2.619352e+00	1.114435e+00	7.745279e-02	1.274557e+00	3.066885e-01	4.499045e+00	1.051878e+01	1.079154e+00	1.225594e+01	8.341709e-01	2.440413e-01	1.489495e+00	4.263323e-01	1.047114e+00	8.550395e+01	1.497492e+02	1.738085e-01	8.626105e-02	7.495746e+01	
1  2e+29	1.769028e+00	9.326143e-02	8.806532e-01	2.622377e+00	1.113739e+00	7.947692e-02	1.215756e+00	2.957094e-01	4.448516e+00	1.072862e+01	1.078758e+00	1.229750e+01	8.315860e-01	2.440582e-01	1.481760e+00	4.334324e-01	1.045943e+00	8.502061e+01	1.499592e+02	1.758189e-01	8.320049e-02	7.302795e+01	
1  2e+29	1.782109e+00	9.262276e-02	8.902803e-01	2.620985e+00	1.114188e+00	7.991147e-02	1.182302e+00	2.882197e-01	4.436903e+00	1.047028e+01	1.078121e+00	1.237781e+01	8.396611e-01	2.441296e-01	1.481849e+00	4.400429e-01	1.048487e+00	8.577338e+01	1.500530e+02	1.688876e-01	8.062833e-02	6.741615e+01	
1  2e+29	1.798233e+00	9.315904e-02	8.858789e-01	2.631785e+00	1.113587e+00	8.420003e-02	1.181738e+00	2.849668e-01	4.416177e+00	1.017758e+01	1.078089e+00	1.253670e+01	8.369591e-01	2.441632e-01	1.489529e+00	4.457152e-01	1.047586e+00	8.558534e+01	1.498846e+02	1.717094e-01	8.160828e-02	6.693056e+01	
1  2e+29	1.800202e+00	9.334610e-02	8.884745e-01	2.620144e+00	1.111095e+00	7.785944e-02	1.164120e+00	2.946404e-01	4.364857e+00	1.016401e+01	1.078116e+00	1.238089e+01	8.394127e-01	2.441740e-01	1.495979e+00	4.296597e-01	1.049015e+00	8.581135e+01	1.499216e+02	1.681415e-01	8.000018e-02	6.863397e+01	
1  2e+29	1.808657e+00	9.203042e-02	8.899117e-01	2.614134e+00	1.114454e+00	7.545696e-02	1.102112e+00	2.829593e-01	4.377074e+00	1.015519e+01	1.079047e+00	1.210278e+01	8.435032e-01	2.441954e-01	1.474677e+00	4.400111e-01	1.049684e+00	8.594215e+01	1.502989e+02	1.642764e-01	7.561632e-02	6.400076e+01	
1  2e+29	1.807648e+00	9.213357e-02	8.895874e-01	2.597323e+00	1.112682e+00	6.749268e-02	1.130441e+00	2.935693e-01	4.378900e+00	1.031627e+01	1.078430e+00	1.167330e+01	8.420927e-01	2.441747e-01	1.465211e+00	4.275663e-01	1.048854e+00	8.589760e+01	1.502419e+02	1.640815e-01	7.723130e-02	6.891679e+01	
1  2e+29	1.806391e+00	9.214950e-02	8.780853e-01	2.617332e+00	1.114830e+00	7.680366e-02	1.133414e+00	2.997724e-01	4.315034e+00	1.027662e+01	1.079234e+00	1.223235e+01	8.360021e-01	2.441282e-01	1.490475e+00	4.222207e-01	1.046108e+00	8.521452e+01	1.503316e+02	1.695803e-01	7.786771e-02	7.322006e+01	
1  2e+29	1.794599e+00	9.355981e-02	8.719961e-01	2.613860e+00	1.110466e+00	7.362015e-02	1.123725e+00	2.762954e-01	4.279441e+00	1.020651e+01	1.078981e+00	1.195557e+01	8.285778e-01	2.441081e-01	1.455451e+00	4.423739e-01	1.046189e+00	8.447685e+01	1.500513e+02	1.778121e-01	7.862385e-02	6.724169e+01	
1  2e+29	1.794599e+00	9.355981e-02	8.719961e-01	2.613860e+00	1.110466e+00	7.362015e-02	1.123725e+00	2.762954e-01	4.279441e+00	1.020651e+01	1.079054e+00	1.195557e+01	8.285778e-01	2.441081e-01	1.455451e+00	4.423739e-01	1.046189e+00	8.447685e+01	1.500513e+02	1.778121e-01	7.862385e-02	6.724169e+01	
1  2e+29	1.807593e+00	9.213895e-02	8.662855e-01	2.627511e+00	1.116301e+00	8.045473e-02	1.192880e+00	2.710263e-01	4.287857e+00	1.018873e+01	1.080707e+00	1.194666e+01	8.248187e-01	2.440716e-01	1.442590e+00	4.632033e-01	1.040828e+00	8.427379e+01	1.500778e+02	1.816677e-01	8.367457e-02	7.170242e+01	
1  2e+29	1.807050e+00	9.310034e-02	8.805827e-01	2.633507e+00	1.113075e+00	7.901707e-02	1.218563e+00	2.688492e-01	4.299920e+00	1.038252e+01	1.083450e+00	1.187832e+01	8.317388e-01	2.441283e-01	1.457509e+00	4.626577e-01	1.044727e+00	8.516527e+01	1.497398e+02	1.766704e-01	8.521792e-02	6.646875e+01	
1  2e+29	1.818238e+00	9.389373e-02	8.784061e-01	2.612720e+00	1.108813e+00	6.673010e-02	1.222941e+00	2.724487e-01	4.320859e+00	1.048662e+01	1.083707e+00	1.107081e+01	8.288462e-01	2.441452e-01	1.430917e+00	4.559871e-01	1.044393e+00	8.498553e+01	1.495305e+02	1.779600e-01	8.618528e-02	6.901636e+01	
1  2e+29	1.812164e+00	9.476412e-02	8.751252e-01	2.606801e+00	1.107205e+00	6.282973e-02	1.215731e+00	2.579513e-01	4.236301e+00	1.088793e+01	1.083658e+00	1.084286e+01	8.243701e-01	2.441291e-01	1.405973e+00	4.642084e-01	1.044662e+00	8.451820e+01	1.493638e+02	1.820462e-01	8.643525e-02	6.493784e+01	
1  2e+29	1.813602e+00	9.538055e-02	8.831584e-01	2.615537e+00	1.106735e+00	6.688327e-02	1.204070e+00	2.713488e-01	4.287610e+00	1.107039e+01	1.083201e+00	1.128530e+01	8.304186e-01	2.441815e-01	1.449120e+00	4.475886e-01	1.047882e+00	8.516309e+01	1.492690e+02	1.764809e-01	8.500787e-02	6.424919e+01	
1  2e+29	1.816411e+00	9.492298e-02	8.847652e-01	2.606170e+00	1.105409e+00	6.516938e-02	1.242121e+00	2.646414e-01	4.295080e+00	1.107012e+01	1.080819e+00	1.114511e+01	8.298520e-01	2.441839e-01	1.424327e+00	4.587723e-01	1.046492e+00	8.522714e+01	1.491955e+02	1.773275e-01	8.761856e-02	6.490605e+01	
1  2e+29	1.811227e+00	9.487522e-02	8.980257e-01	2.620270e+00	1.110785e+00	7.399199e-02	1.297491e+00	2.481401e-01	4.300868e+00	1.110706e+01	1.079824e+00	1.158752e+01	8.353018e-01	2.442172e-01	1.419981e+00	4.835718e-01	1.048205e+00	8.597121e+01	1.489381e+02	1.745757e-01	9.099388e-02	5.703870e+01	
1  2e+29	1.806970e+00	9.548738e-02	8.951262e-01	2.627561e+00	1.109097e+00	7.750619e-02	1.268283e+00	2.537305e-01	4.356210e+00	1.095740e+01	1.079250e+00	1.186957e+01	8.343027e-01	2.442224e-01	1.440030e+00	4.775763e-01	1.049059e+00	8.580890e+01	1.489316e+02	1.757568e-01	8.928530e-02	5.730700e+01	
1  2e+29	1.812141e+00	9.357974e-02	8.963001e-01	2.618660e+00	1.112792e+00	7.744395e-02	1.272724e+00	2.601972e-01	4.350763e+00	1.095475e+01	1.077485e+00	1.190724e+01	8.376276e-01	2.442107e-01	1.436054e+00	4.724954e-01	1.047365e+00	8.604774e+01	1.493174e+02	1.717967e-01	8.841213e-02	6.111858e+01	
1  2e+29	1.836408e+00	9.230524e-02	8.931952e-01	2.613209e+00	1.119029e+00	7.679383e-02	1.289065e+00	2.485409e-01	4.326729e+00	1.097500e+01	1.076873e+00	1.156670e+01	8.362512e-01	2.442305e-01	1.397039e+00	4.912773e-01	1.044137e+00	8.595517e+01	1.493950e+02	1.724812e-01	8.992597e-02	6.055284e+01	
1  2e+29	1.836408e+00	9.230524e-02	8.931952e-01	2.613209e+00	1.119029e+00	7.679383e-02	1.289065e+00	2.485409e-01	4.326729e+00	1.097500e+01	1.074347e+00	1.156670e+01	8.362512e-01	2.442305e-01	1.397039e+00	4.912773e-01	1.044137e+00	8.595517e+01	1.493950e+02	1.724812e-01	8.992597e-02	6.055284e+01	
1  2e+29	1.831226e+00	9.312588e-02	8.935720e-01	2.622730e+00	1.115905e+00	7.914174e-02	1.290522e+00	2.502060e-01	4.370397e+00	1.073547e+01	1.075523e+00	1.169477e+01	8.357477e-01	2.442351e-01	1.412497e+00	4.915088e-01	1.045085e+00	8.595783e+01	1.492429e+02	1.739802e-01	9.041569e-02	6.001697e+01	
1  2e+29	1.829114e+00	9.360158e-02	8.842898e-01	2.613075e+00	1.115428e+00	7.593119e-02	1.332305e+00	2.651536e-01	4.330926e+00	1.059398e+01	1.073570e+00	1.161452e+01	8.286068e-01	2.441851e-01	1.416938e+00	4.758153e-01	1.042054e+00	8.538660e+01	1.491447e+02	1.788146e-01	9.335288e-02	6.889058e+01	
1  2e+29	1.816326e+00	9.484119e-02	8.830202e-01	2.604107e+00	1.113627e+00	6.812336e-02	1.316829e+00	2.397172e-01	4.411441e+00	1.044649e+01	1.075449e+00	1.083088e+01	8.236363e-01	2.441714e-01	1.351189e+00	5.060164e-01	1.043084e+00	8.487419e+01	1.488725e+02	1.853328e-01	9.372108e-02	6.007096e+01	
1  2e+29	1.782448e+00	9.635647e-02	8.989647e-01	2.591435e+00	1.107077e+00	6.006539e-02	1.320848e+00	2.450425e-01	4.507736e+00	1.030641e+01	1.075718e+00	1.054389e+01	8.307056e-01	2.441724e-01	1.358581e+00	4.945024e-01	1.049080e+00	8.561176e+01	1.486111e+02	1.798854e-01	9.352167e-02	5.653799e+01	
1  2e+29	1.793327e+00	9.482363e-02	8.960289e-01	2.589303e+00	1.109583e+00	6.252475e-02	1.342516e+00	2.197631e-01	4.583898e+00	1.035514e+01	1.074087e+00	1.036829e+01	8.283609e-01	2.441742e-01	1.284411e+00	5.381541e-01	1.045430e+00	8.532557e+01	1.486894e+02	1.845531e-01	9.591459e-02	5.287251e+01	
1  2e+29	1.805537e+00	9.316963e-02	8.951640e-01	2.594496e+00	1.114287e+00	6.466816e-02	1.333714e+00	2.099724e-01	4.608045e+00	1.033086e+01	1.076344e+00	1.028186e+01	8.300565e-01	2.441752e-01	1.254458e+00	5.588871e-01	1.043379e+00	8.538608e+01	1.489555e+02	1.839944e-01	9.525830e-02	5.127090e+01	
1  2e+29	1.799657e+00	9.369227e-02	8.993809e-01	2.598461e+00	1.113454e+00	6.483140e-02	1.389507e+00	1.933005e-01	4.665135e+00	1.046685e+01	1.077514e+00	1.015136e+01	8.290053e-01	2.441732e-01	1.212728e+00	5.897278e-01	1.042969e+00	8.542765e+01	1.486055e+02	1.876227e-01	9.984878e-02	4.715431e+01	
1  2e+29	1.802161e+00	9.461614e-02	9.059939e-01	2.622039e+00	1.108701e+00	7.486345e-02	1.367482e+00	1.863626e-01	4.673088e+00	1.073219e+01	1.077639e+00	1.086525e+01	8.340623e-01	2.442411e-01	1.251922e+00	5.970404e-01	1.046255e+00	8.586880e+01	1.483779e+02	1.847744e-01	9.932910e-02	4.169125e+01	
1  2e+29	1.797731e+00	9.414551e-02	9.102375e-01	2.623326e+00	1.106990e+00	7.689801e-02	1.419039e+00	1.623546e-01	4.701504e+00	1.078432e+01	1.076845e+00	1.105439e+01	8.347346e-01	2.442423e-01	1.193648e+00	6.416093e-01	1.044839e+00	8.594397e+01	1.481981e+02	1.879138e-01	1.036864e-01	3.745121e+01	
1  2e+29	1.788658e+00	9.295426e-02	9.310659e-01	2.615144e+00	1.109254e+00	7.351441e-02	1.381021e+00	1.698691e-01	4.709069e+00	1.098506e+01	1.077900e+00	1.089609e+01	8.514056e-01	2.442891e-01	1.219871e+00	6.237391e-01	1.050545e+00	8.745609e+01	1.484775e+02	1.715745e-01	9.994435e-02	3.486775e+01	
1  2e+29	1.788658e+00	9.295426e-02	9.310659e-01	2.615144e+00	1.109254e+00	7.351441e-02	1.381021e+00	1.698691e-01	4.709069e+00	1.098506e+01	1.077232e+00	1.089609e+01	8.514056e-01	2.442891e-01	1.219871e+00	6.237391e-01	1.050545e+00	8.745609e+01	1.484775e+02	1.715745e-01	9.994435e-02	3.486775e+01	
1  2e+29	1.766185e+00	9.261437e-02	9.392501e-01	2.611014e+00	1.110218e+00	7.414757e-02	1.446542e+00	1.779013e-01	4.757850e+00	1.088754e+01	1.075796e+00	1.094628e+01	8.539471e-01	2.442433e-01	1.225197e+00	6.162505e-01	1.050828e+00	8.783888e+01	1.484716e+02	1.696651e-01	1.027981e-01	3.748721e+01	
1  2e+29	1.781217e+00	9.145366e-02	9.292861e-01	2.600388e+00	1.111043e+00	6.923363e-02	1.405376e+00	1.755095e-01	4.803947e+00	1.106217e+01	1.076372e+00	1.055116e+01	8.500457e-01	2.442359e-01	1.189762e+00	6.215538e-01	1.047924e+00	8.728686e+01	1.487854e+02	1.726387e-01	1.002963e-01	3.922397e+01	
1  2e+29	1.784920e+00	9.168838e-02	9.253779e-01	2.606597e+00	1.109072e+00	7.146942e-02	1.338049e+00	1.556593e-01	4.773005e+00	1.099310e+01	1.076646e+00	1.087304e+01	8.505723e-01	2.442721e-01	1.166049e+00	6.495402e-01	1.048753e+00	8.703812e+01	1.487908e+02	1.741900e-01	9.802422e-02	3.329228e+01	
1  2e+29	1.793870e+00	9.149832e-02	9.198392e-01	2.595735e+00	1.108361e+00	6.734502e-02	1.289512e+00	1.637587e-01	4.797379e+00	1.081514e+01	1.075388e+00	1.058885e+01	8.490801e-01	2.442831e-01	1.167884e+00	6.338848e-01	1.048483e+00	8.679282e+01	1.489716e+02	1.739644e-01	9.476915e-02	3.538703e+01	
1  2e+29	1.794985e+00	9.156432e-02	9.201022e-01	2.596067e+00	1.105773e+00	6.597524e-02	1.299463e+00	1.464863e-01	4.791367e+00	1.071783e+01	1.076468e+00	1.056092e+01	8.490400e-01	2.442971e-01	1.127480e+00	6.641966e-01	1.047870e+00	8.674479e+01	1.488204e+02	1.764131e-01	9.682333e-02	3.239910e+01	
1  2e+29	1.794234e+00	9.194623e-02	9.166900e-01	2.614373e+00	1.106604e+00	7.120004e-02	1.318845e+00	1.615872e-01	4.804081e+00	1.087163e+01	1.079700e+00	1.068184e+01	8.457469e-01	2.442592e-01	1.176749e+00	6.425866e-01	1.047204e+00	8.655046e+01	1.488327e+02	1.782715e-01	9.694485e-02	3.585478e+01	
1  2e+29	1.782157e+00	9.056306e-02	9.092678e-01	2.620787e+00	1.107991e+00	7.770331e-02	1.342640e+00	1.650781e-01	4.812598e+00	1.080574e+01	1.078595e+00	1.118376e+01	8.412528e-01	2.441752e-01	1.176892e+00	6.440834e-01	1.043537e+00	8.604514e+01	1.491897e+02	1.831546e-01	9.721178e-02	4.022528e+01	
1  2e+29	1.782561e+00	9.140956e-02	9.092448e-01	2.630147e+00	1.106933e+00	8.015015e-02	1.354985e+00	1.786003e-01	4.848099e+00	1.094823e+01	1.079612e+00	1.116477e+01	8.402449e-01	2.441768e-01	1.220789e+00	6.236344e-01	1.044297e+00	8.610521e+01	1.490604e+02	1.828552e-01	9.750189e-02	4.283923e+01	
1  2e+29	1.796258e+00	9.062827e-02	9.073197e-01	2.629874e+00	1.106667e+00	8.233543e-02	1.402640e+00	1.946118e-01	4.816110e+00	1.108406e+01	1.077968e+00	1.121380e+01	8.386315e-01	2.441695e-01	1.251513e+00	6.033154e-01	1.041734e+00	8.625694e+01	1.491489e+02	1.823058e-01	9.891057e-02	5.045362e+01	
1  2e+29	1.800759e+00	8.986772e-02	9.028454e-01	2.618527e+00	1.105486e+00	7.950832e-02	1.401212e+00	1.884277e-01	4.834582e+00	1.103692e+01	1.075993e+00	1.107806e+01	8.360853e-01	2.441588e-01	1.212133e+00	6.158406e-01	1.039508e+00	8.598148e+01	1.492577e+02	1.851445e-01	9.899320e-02	5.167239e+01	
1  2e+29	1.800759e+00	8.986772e-02	9.028454e-01	2.618527e+00	1.105486e+00	7.950832e-02	1.401212e+00	1.884277e-01	4.834582e+00	1.103692e+01	1.078483e+00	1.107806e+01	8.360853e-01	2.441588e-01	1.212133e+00	6.158406e-01	1.039508e+00	8.598148e+01	1.492577e+02	1.851445e-01	9.899320e-02	5.167239e+01	
1  2e+29	1.792638e+00	9.121792e-02	9.016663e-01	2.632696e+00	1.103563e+00	8.536074e-02	1.308903e+00	1.898988e-01	4.838330e+00	1.093703e+01	1.078191e+00	1.162099e+01	8.381446e-01	2.441943e-01	1.260173e+00	6.031829e-01	1.043670e+00	8.582122e+01	1.492675e+02	1.833035e-01	9.406945e-02	4.660236e+01	
1  2e+29	1.789977e+00	9.096494e-02	9.015960e-01	2.614251e+00	1.102211e+00	7.712983e-02	1.273451e+00	2.006945e-01	4.822757e+00	1.092040e+01	1.077533e+00	1.121113e+01	8.396254e-01	2.441874e-01	1.263799e+00	5.800155e-01	1.044692e+00	8.586097e+01	1.494789e+02	1.798817e-01	9.108933e-02	4.941676e+01	
1  2e+29	1.780774e+00	9.135237e-02	8.881562e-01	2.637526e+00	1.101987e+00	8.776583e-02	1.271210e+00	1.940743e-01	4.805074e+00	1.073462e+01	1.078219e+00	1.186091e+01	8.309032e-01	2.441248e-01	1.273616e+00	5.952068e-01	1.041827e+00	8.490853e+01	1.495085e+02	1.896325e-01	9.160116e-02	4.977020e+01	
1  2e+29	1.756808e+00	9.170611e-02	8.937764e-01	2.624903e+00	1.100552e+00	8.121282e-02	1.270711e+00	2.183802e-01	4.836751e+00	1.079553e+01	1.078560e+00	1.156686e+01	8.343209e-01	2.440858e-01	1.313134e+00	5.545042e-01	1.044539e+00	8.524849e+01	1.496384e+02	1.842540e-01	8.992417e-02	5.501591e+01	
1  2e+29	1.765328e+00	9.056442e-02	8.931962e-01	2.629428e+00	1.104555e+00	8.659027e-02	1.317211e+00	2.223398e-01	4.769600e+00	1.093823e+01	1.077062e+00	1.188308e+01	8.339086e-01	2.440713e-01	1.325344e+00	5.535341e-01	1.041960e+00	8.538662e+01	1.497570e+02	1.838608e-01	9.183495e-02	5.877200e+01	
1  2e+29	1.762499e+00	9.172921e-02	9.033724e-01	2.630929e+00	1.103054e+00	8.628856e-02	1.352612e+00	2.286873e-01	4.733854e+00	1.057422e+01	1.076720e+00	1.197635e+01	8.381642e-01	2.441108e-01	1.352680e+00	5.423321e-01	1.044849e+00	8.602760e+01	1.494159e+02	1.798413e-01	9.405190e-02	5.762668e+01	
1  2e+29	1.746835e+00	9.309676e-02	9.041892e-01	2.633648e+00	1.100988e+00	8.422366e-02	1.405892e+00	2.060080e-01	4.791183e+00	1.053515e+01	1.078592e+00	1.166256e+01	8.334174e-01	2.440823e-01	1.295499e+00	5.785704e-01	1.044501e+00	8.565457e+01	1.489363e+02	1.875308e-01	9.935230e-02	5.180537e+01	
1  2e+29	1.736477e+00	9.393410e-02	9.145255e-01	2.623136e+00	1.100475e+00	8.104083e-02	1.393729e+00	2.108399e-01	4.795602e+00	1.039531e+01	1.076045e+00	1.166038e+01	8.394562e-01	2.441202e-01	1.307173e+00	5.652882e-01	1.048532e+00	8.623963e+01	1.487746e+02	1.812897e-01	9.850757e-02	4.929119e+01	
1  2e+29	1.723706e+00	9.373406e-02	9.135043e-01	2.611192e+00	1.100061e+00	7.240082e-02	1.377105e+00	2.101136e-01	4.786920e+00	1.027287e+01	1.078983e+00	1.109653e+01	8.389848e-01	2.440740e-01	1.283242e+00	5.632322e-01	1.048678e+00	8.606152e+01	1.489199e+02	1.814895e-01	9.752098e-02	4.970512e+01	
1  2e+29	1.732477e+00	9.452232e-02	9.047727e-01	2.610201e+00	1.097438e+00	6.629121e-02	1.349953e+00	2.108587e-01	4.851635e+00	1.034005e+01	1.082804e+00	1.046928e+01	8.334979e-01	2.440687e-01	1.270904e+00	5.630587e-01	1.047714e+00	8.550278e+01	1.488413e+02	1.862024e-01	9.675073e-02	5.084716e+01	
1  2e+29	1.732477e+00	9.452232e-02	9.047727e-01	2.610201e+00	1.097438e+00	6.629121e-02	1.349953e+00	2.108587e-01	4.851635e+00	1.034005e+01	1.082682e+00	1.046928e+01	8.334979e-01	2.440687e-01	1.270904e+00	5.630587e-01	1.047714e+00	8.550278e+01	1.488413e+02	1.862024e-01	9.675073e-02	5.084716e+01	
1  2e+29	1.740985e+00	9.324373e-02	9.038177e-01	2.608778e+00	1.098968e+00	6.586575e-02	1.356965e+00	2.092772e-01	4.850717e+00	1.023267e+01	1.083701e+00	1.035567e+01	8.341624e-01	2.440598e-01	1.255529e+00	5.698211e-01	1.045809e+00	8.555627e+01	1.490563e+02	1.859097e-01	9.675455e-02	5.241058e+01	
1  2e+29	1.747324e+00	9.233390e-02	9.125767e-01	2.599680e+00	1.097632e+00	6.185297e-02	1.348791e+00	2.053550e-01	4.786354e+00	1.011747e+01	1.083922e+00	1.019582e+01	8.411735e-01	2.440938e-01	1.246010e+00	5.712010e-01	1.047231e+00	8.620760e+01	1.491640e+02	1.793077e-01	9.606824e-02	5.077870e+01	
1  2e+29	1.746783e+00	9.248920e-02	9.171511e-01	2.620645e+00	1.097869e+00	7.116657e-02	1.325345e+00	2.116385e-01	4.761576e+00	1.030376e+01	1.084830e+00	1.087748e+01	8.459582e-01	2.441215e-01	1.302443e+00	5.605040e-01	1.049580e+00	8.664140e+01	1.492121e+02	1.746951e-01	9.397583e-02	4.940585e+01	
1  2e+29	1.742781e+00	9.283727e-02	9.189675e-01	2.630091e+00	1.097763e+00	7.426064e-02	1.335019e+00	2.067945e-01	4.790789e+00	1.041886e+01	1.086021e+00	1.100593e+01	8.463701e-01	2.441234e-01	1.303003e+00	5.697244e-01	1.050075e+00	8.669424e+01	1.490932e+02	1.754177e-01	9.500723e-02	4.736742e+01	
1  2e+29	1.739434e+00	9.401604e-02	9.250018e-01	2.611525e+00	1.095036e+00	6.473406e-02	1.303745e+00	1.982283e-01	4.794908e+00	1.047295e+01	1.084861e+00	1.045853e+01	8.494769e-01	2.441669e-01	1.274250e+00	5.749686e-01	1.053398e+00	8.697340e+01	1.488163e+02	1.720668e-01	9.447826e-02	4.288525e+01	
1  2e+29	1.734305e+00	9.382885e-02	9.144798e-01	2.621033e+00	1.092977e+00	6.984031e-02	1.322153e+00	1.908401e-01	4.840067e+00	1.014469e+01	1.084688e+00	1.074452e+01	8.423517e-01	2.441190e-01	1.253054e+00	5.924727e-01	1.049907e+00	8.617205e+01	1.488599e+02	1.812172e-01	9.638117e-02	4.414323e+01	
1  2e+29	1.735554e+00	9.492446e-02	9.047994e-01	2.628937e+00	1.090562e+00	7.253625e-02	1.306749e+00	1.891437e-01	4.935193e+00	1.020935e+01	1.084418e+00	1.081123e+01	8.356158e-01	2.441151e-01	1.251763e+00	5.988268e-01	1.048792e+00	8.547225e+01	1.487017e+02	1.882417e-01	9.642312e-02	4.424567e+01	
1  2e+29	1.733762e+00	9.474306e-02	9.037604e-01	2.609065e+00	1.092611e+00	6.386422e-02	1.340821e+00	1.983437e-01	4.896295e+00	1.027094e+01	1.083700e+00	1.024960e+01	8.327549e-01	2.440795e-01	1.238080e+00	5.825978e-01	1.047521e+00	8.535409e+01	1.487287e+02	1.887624e-01	9.758459e-02	4.844591e+01	
1  2e+29	1.715981e+00	9.524745e-02	8.909373e-01	2.632357e+00	1.090813e+00	7.270837e-02	1.376333e+00	1.964427e-01	4.965491e+00	1.014524e+01	1.085983e+00	1.068413e+01	8.225154e-01	2.439865e-01	1.243132e+00	5.973213e-01	1.043927e+00	8.437589e+01	1.487057e+02	2.005985e-01	1.001201e-01	5.136639e+01	
1  2e+29	1.725914e+00	9.467438e-02	8.953428e-01	2.642706e+00	1.092364e+00	8.003662e-02	1.345937e+00	1.989725e-01	4.945089e+00	1.016340e+01	1.084505e+00	1.122547e+01	8.282568e-01	2.440375e-01	1.276972e+00	5.917953e-01	1.045433e+00	8.484948e+01	1.488414e+02	1.950251e-01	9.772198e-02	4.968332e+01	
1  2e+29	1.725914e+00	9.467438e-02	8.953428e-01	2.642706e+00	1.092364e+00	8.003662e-02	1.345937e+00	1.989725e-01	4.945089e+00	1.016340e+01	1.083412e+00	1.122547e+01	8.282568e-01	2.440375e-01	1.276972e+00	5.917953e-01	1.045433e+00	8.484948e+01	1.488414e+02	1.950251e-01	9.772198e-02	4.968332e+01	
1  2e+29	1.745460e+00	9.405095e-02	8.921122e-01	2.644901e+00	1.093992e+00	8.191144e-02	1.304502e+00	1.943441e-01	4.918979e+00	1.011584e+01	1.083011e+00	1.133728e+01	8.289976e-01	2.440773e-01	1.273862e+00	5.979511e-01	1.044845e+00	8.480641e+01	1.489864e+02	1.941056e-01	9.537073e-02	4.813982e+01	
1  2e+29	1.745254e+00	9.404936e-02	8.876279e-01	2.650008e+00	1.092077e+00	8.630888e-02	1.273173e+00	1.953396e-01	4.925901e+00	1.025401e+01	1.081177e+00	1.171589e+01	8.276167e-01	2.440789e-01	1.290164e+00	5.946927e-01	1.044723e+00	8.454488e+01	1.490999e+02	1.953103e-01	9.333846e-02	4.851036e+01	
2  2e+29	1.746337e+00	9.390954e-02	8.935208e-01	2.664420e+00	1.096437e+00	9.245130e-02	1.243037e+00	1.859294e-01	4.967804e+00	1.029133e+01	1.082615e+00	1.208416e+01	8.333109e-01	2.441172e-01	1.295629e+00	6.115071e-01	1.046816e+00	8.492939e+01	1.491200e+02	1.914319e-01	9.195641e-02	4.247356e+01	
1  2e+29	1.727244e+00	9.594333e-02	8.956110e-01	2.679347e+00	1.092247e+00	9.855015e-02	1.255680e+00	1.687881e-01	4.967925e+00	9.920373e+00	1.081801e+00	1.264484e+01	8.324503e-01	2.441231e-01	1.294701e+00	6.386561e-01	1.048916e+00	8.481531e+01	1.486519e+02	1.953060e-01	9.501900e-02	3.651551e+01	
2  2e+29	1.726579e+00	9.545990e-02	8.872711e-01	2.682271e+00	1.090764e+00	1.004197e-01	1.251047e+00	1.474727e-01	4.972944e+00	9.798485e+00	1.081837e+00	1.294004e+01	8.278003e-01	2.440965e-01	1.250692e+00	6.792351e-01	1.045923e+00	8.412904e+01	1.487383e+02	2.024651e-01	9.603931e-02	3.429995e+01	
1  2e+29	1.707845e+00	9.563696e-02	8.823508e-01	2.671839e+00	1.084757e+00	9.652413e-02	1.259720e+00	1.469216e-01	4.972972e+00	9.624657e+00	1.080430e+00	1.284193e+01	8.234730e-01	2.440372e-01	1.231097e+00	6.773655e-01	1.044786e+00	8.363966e+01	1.487876e+02	2.072213e-01	9.683642e-02	3.684137e+01	
1  2e+29	1.716048e+00	9.404940e-02	8.790281e-01	2.666986e+00	1.092344e+00	9.844182e-02	1.321278e+00	1.432457e-01	4.970345e+00	9.551742e+00	1.078608e+00	1.293091e+01	8.195539e-01	2.439991e-01	1.191931e+00	6.961725e-01	1.040228e+00	8.341845e+01	1.489335e+02	2.112235e-01	9.971304e-02	3.901052e+01	
1  2e+29	1.716517e+00	9.355383e-02	8.773401e-01	2.653275e+00	1.094466e+00	9.208775e-02	1.256529e+00	1.240609e-01	4.914562e+00	9.527637e+00	1.078861e+00	1.295829e+01	8.218098e-01	2.440161e-01	1.143698e+00	7.231724e-01	1.040789e+00	8.323038e+01	1.491397e+02	2.102506e-01	9.668422e-02	3.402917e+01	
1  2e+29	1.716517e+00	9.355383e-02	8.773401e-01	2.653275e+00	1.094466e+00	9.208775e-02	1.256529e+00	1.240609e-01	4.914562e+00	9.527637e+00	1.079806e+00	1.295829e+01	8.218098e-01	2.440161e-01	1.143698e+00	7.231724e-01	1.040789e+00	8.323038e+01	1.491397e+02	2.102506e-01	9.668422e-02	3.402917e+01	
1  2e+29	1.711229e+00	9.419694e-02	8.846261e-01	2.670866e+00	1.090611e+00	9.836757e-02	1.226100e+00	1.331404e-01	4.858810e+00	9.294781e+00	1.081199e+00	1.330798e+01	8.285607e-01	2.440479e-01	1.212842e+00	6.985632e-01	1.044782e+00	8.386799e+01	1.491177e+02	2.034514e-01	9.470581e-02	3.299773e+01	
1  2e+29	1.723516e+00	9.350101e-02	8.870947e-01	2.680567e+00	1.092243e+00	1.026754e-01	1.219996e+00	1.276100e-01	4.859056e+00	9.465640e+00	1.082251e+00	1.360038e+01	8.317696e-01	2.440810e-01	1.218338e+00	7.123559e-01	1.044638e+00	8.415091e+01	1.491906e+02	2.010936e-01	9.423438e-02	3.148884e+01	
1  2e+29	1.730223e+00	9.244468e-02	8.872903e-01	2.672104e+00	1.094811e+00	9.953557e-02	1.222477e+00	1.288672e-01	4.918315e+00	9.235740e+00	1.082440e+00	1.331410e+01	8.328535e-01	2.440841e-01	1.190594e+00	7.168808e-01	1.043281e+00	8.423750e+01	1.493489e+02	2.004511e-01	9.399456e-02	3.274401e+01	
1  2e+29	1.732502e+00	9.278282e-02	8.884991e-01	2.668402e+00	1.094879e+00	9.592809e-02	1.305492e+00	1.319117e-01	4.873585e+00	8.877674e+00	1.083627e+00	1.287944e+01	8.292181e-01	2.440580e-01	1.172194e+00	7.159942e-01	1.041377e+00	8.426102e+01	1.490549e+02	2.037692e-01	9.918191e-02	3.516121e+01	
1  2e+29	1.739968e+00	9.214911e-02	8.840844e-01	2.661640e+00	1.095893e+00	9.378592e-02	1.263434e+00	1.455562e-01	4.833820e+00	9.016429e+00	1.083081e+00	1.266564e+01	8.283650e-01	2.440499e-01	1.192791e+00	6.855306e-01	1.041163e+00	8.411669e+01	1.493492e+02	2.019388e-01	9.524482e-02	3.830996e+01	
1  2e+29	1.759054e+00	9.149719e-02	8.949599e-01	2.664836e+00	1.101671e+00	9.646000e-02	1.251493e+00	1.440957e-01	4.784821e+00	8.885093e+00	1.082797e+00	1.283350e+01	8.375612e-01	2.441368e-01	1.205672e+00	6.864094e-01	1.043456e+00	8.505287e+01	1.493499e+02	1.929587e-01	9.428976e-02	3.457912e+01	
1  2e+29	1.754256e+00	9.085948e-02	8.918361e-01	2.666503e+00	1.106185e+00	9.702144e-02	1.211550e+00	1.314848e-01	4.814318e+00	8.926495e+00	1.084221e+00	1.307441e+01	8.380814e-01	2.441241e-01	1.178698e+00	7.125839e-01	1.042974e+00	8.477735e+01	1.495889e+02	1.938940e-01	9.210158e-02	3.148984e+01	
1  2e+29	1.750413e+00	9.073873e-02	8.927571e-01	2.663932e+00	1.106741e+00	9.514849e-02	1.189091e+00	1.473479e-01	4.812888e+00	8.963324e+00	1.085030e+00	1.278264e+01	8.394984e-01	2.441087e-01	1.209353e+00	6.798595e-01	1.044276e+00	8.490766e+01	1.497605e+02	1.904733e-01	8.959910e-02	3.394779e+01	
1  2e+29	1.750658e+00	8.928888e-02	8.911906e-01	2.674208e+00	1.110010e+00	9.931871e-02	1.193703e+00	1.416403e-01	4.779494e+00	9.129636e+00	1.087713e+00	1.312216e+01	8.399915e-01	2.440714e-01	1.203659e+00	6.952904e-01	1.042254e+00	8.483243e+01	1.500616e+02	1.908421e-01	8.917602e-02	3.417420e+01	
1  2e+29	1.745975e+00	9.083017e-02	8.883781e-01	2.659499e+00	1.109462e+00	9.258261e-02	1.148885e+00	1.533446e-01	4.822684e+00	9.155253e+00	1.085594e+00	1.259331e+01	8.377690e-01	2.440867e-01	1.215916e+00	6.657711e-01	1.044699e+00	8.457652e+01	1.499396e+02	1.906022e-01	8.650552e-02	3.443692e+01	
1  2e+29	1.745975e+00	9.083017e-02	8.883781e-01	2.659499e+00	1.109462e+00	9.258261e-02	1.148885e+00	1.533446e-01	4.822684e+00	9.155253e+00	1.084806e+00	1.259331e+01	8.377690e-01	2.440867e-01	1.215916e+00	6.657711e-01	1.044699e+00	8.457652e+01	1.499396e+02	1.906022e-01	8.650552e-02	3.443692e+01	
1  2e+29	1.745062e+00	9.124546e-02	8.846530e-01	2.661304e+00	1.108607e+00	9.053710e-02	1.072067e+00	1.502582e-01	4.787240e+00	9.179928e+00	1.086991e+00	1.258873e+01	8.384478e-01	2.440973e-01	1.226641e+00	6.634536e-01	1.046514e+00	8.433924e+01	1.501073e+02	1.895714e-01	8.192720e-02	3.211935e+01	
1  2e+29	1.733570e+00	9.063442e-02	8.634447e-01	2.642362e+00	1.110703e+00	8.430635e-02	1.042097e+00	1.706995e-01	4.786093e+00	9.025853e+00	1.085184e+00	1.212957e+01	8.252637e-01	2.439647e-01	1.219070e+00	6.263295e-01	1.041914e+00	8.279219e+01	1.506267e+02	1.989478e-01	7.787207e-02	4.118089e+01	
1  2e+29	1.737225e+00	8.940854e-02	8.744122e-01	2.633483e+00	1.115411e+00	8.288416e-02	1.065442e+00	1.712417e-01	4.721485e+00	9.046756e+00	1.084061e+00	1.211929e+01	8.326248e-01	2.439900e-01	1.211937e+00	6.233258e-01	1.042908e+00	8.362051e+01	1.507284e+02	1.913956e-01	7.863703e-02	4.022596e+01	
1  2e+29	1.740856e+00	8.902871e-02	8.772741e-01	2.631795e+00	1.117291e+00	8.443599e-02	1.023750e+00	1.810445e-01	4.768438e+00	8.955069e+00	1.082356e+00	1.222738e+01	8.371530e-01	2.440251e-01	1.237825e+00	6.066954e-01	1.044684e+00	8.395007e+01	1.509387e+02	1.861467e-01	7.510072e-02	4.060565e+01	
1  2e+29	1.743606e+00	8.954674e-02	8.786272e-01	2.634486e+00	1.118883e+00	8.262544e-02	1.036828e+00	1.887858e-01	4.759324e+00	8.961238e+00	1.084732e+00	1.191265e+01	8.369609e-01	2.440253e-01	1.254139e+00	5.945903e-01	1.045285e+00	8.408285e+01	1.508217e+02	1.850984e-01	7.570030e-02	4.158439e+01	
1  2e+29	1.748384e+00	8.869151e-02	8.879286e-01	2.632396e+00	1.120200e+00	7.834142e-02	1.020857e+00	1.815274e-01	4.744102e+00	8.934376e+00	1.088580e+00	1.160504e+01	8.447939e-01	2.440602e-01	1.236570e+00	6.061772e-01	1.047068e+00	8.478059e+01	1.509352e+02	1.785003e-01	7.482506e-02	3.835004e+01	
1  2e+29	1.750873e+00	8.898498e-02	8.783292e-01	2.635019e+00	1.121719e+00	7.525111e-02	1.012595e+00	2.003197e-01	4.713267e+00	8.798089e+00	1.092329e+00	1.115702e+01	8.389183e-01	2.440032e-01	1.268090e+00	5.757556e-01	1.045522e+00	8.420995e+01	1.510890e+02	1.813963e-01	7.298627e-02	4.430738e+01	
1  2e+29	1.743829e+00	8.994548e-02	8.822266e-01	2.629530e+00	1.121266e+00	7.460015e-02	1.016009e+00	2.074555e-01	4.631554e+00	8.767321e+00	1.089547e+00	1.129854e+01	8.400246e-01	2.440155e-01	1.295352e+00	5.563653e-01	1.047807e+00	8.445488e+01	1.509359e+02	1.787866e-01	7.306203e-02	4.407468e+01	
1  2e+29	1.739258e+00	9.109646e-02	8.760523e-01	2.642126e+00	1.116375e+00	7.792875e-02	1.036502e+00	2.346163e-01	4.653829e+00	8.796976e+00	1.090710e+00	1.142528e+01	8.352461e-01	2.439801e-01	1.368866e+00	5.187081e-01	1.047360e+00	8.421863e+01	1.508495e+02	1.811080e-01	7.329784e-02	5.265289e+01	
1  2e+29	1.735643e+00	9.170383e-02	8.786492e-01	2.649676e+00	1.116318e+00	7.977103e-02	1.056139e+00	2.154963e-01	4.582999e+00	8.682889e+00	1.091897e+00	1.156419e+01	8.347773e-01	2.439852e-01	1.343497e+00	5.442117e-01	1.047823e+00	8.421164e+01	1.505731e+02	1.835453e-01	7.608292e-02	4.656547e+01	
1  2e+29	1.735643e+00	9.170383e-02	8.786492e-01	2.649676e+00	1.116318e+00	7.977103e-02	1.056139e+00	2.154963e-01	4.582999e+00	8.682889e+00	1.094001e+00	1.156419e+01	8.347773e-01	2.439852e-01	1.343497e+00	5.442117e-01	1.047823e+00	8.421164e+01	1.505731e+02	1.835453e-01	7.608292e-02	4.656547e+01	
2  2e+29	1.757374e+00	8.945246e-02	8.850385e-01	2.673313e+00	1.120002e+00	9.031116e-02	1.016058e+00	2.159898e-01	4.561499e+00	8.756018e+00	1.097300e+00	1.222781e+01	8.446726e-01	2.440382e-01	1.383066e+00	5.490133e-01	1.048277e+00	8.501496e+01	1.510537e+02	1.747639e-01	7.225348e-02	4.544562e+01	
1  2e+29	1.752891e+00	9.050356e-02	8.756389e-01	2.662554e+00	1.112801e+00	8.414881e-02	1.004846e+00	2.094356e-01	4.596513e+00	8.844320e+00	1.096412e+00	1.183256e+01	8.372319e-01	2.440147e-01	1.351351e+00	5.550140e-01	1.047026e+00	8.419470e+01	1.508915e+02	1.823064e-01	7.268021e-02	4.615498e+01	
1  2e+29	1.747019e+00	9.110566e-02	8.835841e-01	2.668553e+00	1.111286e+00	8.603673e-02	1.029882e+00	1.790318e-01	4.617289e+00	9.067566e+00	1.096795e+00	1.204669e+01	8.398936e-01	2.440517e-01	1.300471e+00	6.041503e-01	1.048333e+00	8.447731e+01	1.504808e+02	1.835919e-01	7.680614e-02	3.700469e+01	
