7  107.47	2.334327e+00	1.283587e-01	7.145849e-01	3.081708e+00	9.801516e-01	7.372623e-02	4.875891e-01	2.670084e-02	4.316076e+00	5.329601e+00	1.001780e+00	9.533504e+00	6.985564e-01	2.458287e-01	2.183519e+00	8.013938e-01	1.043210e+00	7.147630e+01	1.416324e+02	2.998353e-01	6.106654e-02	1.775505e+03	
2  105.459	2.325425e+00	1.245187e-01	7.124548e-01	3.111365e+00	9.865182e-01	9.015480e-02	3.677531e-01	2.674873e-02	4.183693e+00	6.264892e+00	1.000427e+00	1.091295e+01	7.055218e-01	2.457734e-01	2.247912e+00	8.085276e-01	1.042984e+00	7.122614e+01	1.432347e+02	2.936108e-01	4.675633e-02	1.096276e+03	
30  105.668	2.332409e+00	1.267415e-01	7.071146e-01	3.100666e+00	9.769796e-01	8.492675e-02	3.952432e-01	1.194885e-02	4.405760e+00	6.542696e+00	1.001117e+00	1.050613e+01	6.949261e-01	2.458226e-01	2.226014e+00	8.218229e-01	1.042616e+00	7.071441e+01	1.424945e+02	3.034000e-01	5.005086e-02	1.717582e+03	
22  105.653	2.332409e+00	1.267415e-01	7.071146e-01	3.100666e+00	9.769796e-01	8.492675e-02	3.952432e-01	1.194885e-02	4.405760e+00	6.542696e+00	1.002981e+00	1.050613e+01	6.949261e-01	2.458226e-01	2.226014e+00	8.218229e-01	1.042616e+00	7.071441e+01	1.424945e+02	3.034000e-01	5.005086e-02	1.717582e+03	
11  106.936	2.332409e+00	1.267415e-01	7.071146e-01	3.100666e+00	9.769796e-01	8.492675e-02	3.952432e-01	1.194885e-02	4.405760e+00	6.542696e+00	1.004885e+00	1.050613e+01	6.949261e-01	2.458226e-01	2.226014e+00	8.218229e-01	1.042616e+00	7.071441e+01	1.424945e+02	3.034000e-01	5.005086e-02	1.717582e+03	
33  105.516	2.332409e+00	1.267415e-01	7.071146e-01	3.100666e+00	9.769796e-01	8.492675e-02	3.952432e-01	1.194885e-02	4.405760e+00	6.542696e+00	1.002351e+00	1.050613e+01	6.949261e-01	2.458226e-01	2.226014e+00	8.218229e-01	1.042616e+00	7.071441e+01	1.424945e+02	3.034000e-01	5.005086e-02	1.717582e+03	
22  108.251	2.332409e+00	1.267415e-01	7.071146e-01	3.100666e+00	9.769796e-01	8.492675e-02	3.952432e-01	1.194885e-02	4.405760e+00	6.542696e+00	1.005972e+00	1.050613e+01	6.949261e-01	2.458226e-01	2.226014e+00	8.218229e-01	1.042616e+00	7.071441e+01	1.424945e+02	3.034000e-01	5.005086e-02	1.717582e+03	
11  105.506	2.332409e+00	1.267415e-01	7.071146e-01	3.100666e+00	9.769796e-01	8.492675e-02	3.952432e-01	1.194885e-02	4.405760e+00	6.542696e+00	1.002232e+00	1.050613e+01	6.949261e-01	2.458226e-01	2.226014e+00	8.218229e-01	1.042616e+00	7.071441e+01	1.424945e+02	3.034000e-01	5.005086e-02	1.717582e+03	
33  106.435	2.332409e+00	1.267415e-01	7.071146e-01	3.100666e+00	9.769796e-01	8.492675e-02	3.952432e-01	1.194885e-02	4.405760e+00	6.542696e+00	9.998092e-01	1.050613e+01	6.949261e-01	2.458226e-01	2.226014e+00	8.218229e-01	1.042616e+00	7.071441e+01	1.424945e+02	3.034000e-01	5.005086e-02	1.717582e+03	
11  105.952	2.332409e+00	1.267415e-01	7.071146e-01	3.100666e+00	9.769796e-01	8.492675e-02	3.952432e-01	1.194885e-02	4.405760e+00	6.542696e+00	1.000500e+00	1.050613e+01	6.949261e-01	2.458226e-01	2.226014e+00	8.218229e-01	1.042616e+00	7.071441e+01	1.424945e+02	3.034000e-01	5.005086e-02	1.717582e+03	
11  106.186	2.332409e+00	1.267415e-01	7.071146e-01	3.100666e+00	9.769796e-01	8.492675e-02	3.952432e-01	1.194885e-02	4.405760e+00	6.542696e+00	1.004011e+00	1.050613e+01	6.949261e-01	2.458226e-01	2.226014e+00	8.218229e-01	1.042616e+00	7.071441e+01	1.424945e+02	3.034000e-01	5.005086e-02	1.717582e+03	
11  106.241	2.332409e+00	1.267415e-01	7.071146e-01	3.100666e+00	9.769796e-01	8.492675e-02	3.952432e-01	1.194885e-02	4.405760e+00	6.542696e+00	1.004089e+00	1.050613e+01	6.949261e-01	2.458226e-01	2.226014e+00	8.218229e-01	1.042616e+00	7.071441e+01	1.424945e+02	3.034000e-01	5.005086e-02	1.717582e+03	
33  106.302	2.332409e+00	1.267415e-01	7.071146e-01	3.100666e+00	9.769796e-01	8.492675e-02	3.952432e-01	1.194885e-02	4.405760e+00	6.542696e+00	1.004172e+00	1.050613e+01	6.949261e-01	2.458226e-01	2.226014e+00	8.218229e-01	1.042616e+00	7.071441e+01	1.424945e+02	3.034000e-01	5.005086e-02	1.717582e+03	
11  106.983	2.332409e+00	1.267415e-01	7.071146e-01	3.100666e+00	9.769796e-01	8.492675e-02	3.952432e-01	1.194885e-02	4.405760e+00	6.542696e+00	1.004931e+00	1.050613e+01	6.949261e-01	2.458226e-01	2.226014e+00	8.218229e-01	1.042616e+00	7.071441e+01	1.424945e+02	3.034000e-01	5.005086e-02	1.717582e+03	
22  108.143	2.332409e+00	1.267415e-01	7.071146e-01	3.100666e+00	9.769796e-01	8.492675e-02	3.952432e-01	1.194885e-02	4.405760e+00	6.542696e+00	1.005894e+00	1.050613e+01	6.949261e-01	2.458226e-01	2.226014e+00	8.218229e-01	1.042616e+00	7.071441e+01	1.424945e+02	3.034000e-01	5.005086e-02	1.717582e+03	
11  105.776	2.332409e+00	1.267415e-01	7.071146e-01	3.100666e+00	9.769796e-01	8.492675e-02	3.952432e-01	1.194885e-02	4.405760e+00	6.542696e+00	1.003297e+00	1.050613e+01	6.949261e-01	2.458226e-01	2.226014e+00	8.218229e-01	1.042616e+00	7.071441e+01	1.424945e+02	3.034000e-01	5.005086e-02	1.717582e+03	
33  105.502	2.332409e+00	1.267415e-01	7.071146e-01	3.100666e+00	9.769796e-01	8.492675e-02	3.952432e-01	1.194885e-02	4.405760e+00	6.542696e+00	1.002017e+00	1.050613e+01	6.949261e-01	2.458226e-01	2.226014e+00	8.218229e-01	1.042616e+00	7.071441e+01	1.424945e+02	3.034000e-01	5.005086e-02	1.717582e+03	
11  105.503	2.332409e+00	1.267415e-01	7.071146e-01	3.100666e+00	9.769796e-01	8.492675e-02	3.952432e-01	1.194885e-02	4.405760e+00	6.542696e+00	1.002171e+00	1.050613e+01	6.949261e-01	2.458226e-01	2.226014e+00	8.218229e-01	1.042616e+00	7.071441e+01	1.424945e+02	3.034000e-01	5.005086e-02	1.717582e+03	
11  105.915	2.332409e+00	1.267415e-01	7.071146e-01	3.100666e+00	9.769796e-01	8.492675e-02	3.952432e-01	1.194885e-02	4.405760e+00	6.542696e+00	1.003582e+00	1.050613e+01	6.949261e-01	2.458226e-01	2.226014e+00	8.218229e-01	1.042616e+00	7.071441e+01	1.424945e+02	3.034000e-01	5.005086e-02	1.717582e+03	
44  105.762	2.332409e+00	1.267415e-01	7.071146e-01	3.100666e+00	9.769796e-01	8.492675e-02	3.952432e-01	1.194885e-02	4.405760e+00	6.542696e+00	1.000875e+00	1.050613e+01	6.949261e-01	2.458226e-01	2.226014e+00	8.218229e-01	1.042616e+00	7.071441e+01	1.424945e+02	3.034000e-01	5.005086e-02	1.717582e+03	
44  105.893	2.332409e+00	1.267415e-01	7.071146e-01	3.100666e+00	9.769796e-01	8.492675e-02	3.952432e-01	1.194885e-02	4.405760e+00	6.542696e+00	1.000608e+00	1.050613e+01	6.949261e-01	2.458226e-01	2.226014e+00	8.218229e-01	1.042616e+00	7.071441e+01	1.424945e+02	3.034000e-01	5.005086e-02	1.717582e+03	
44  105.787	2.332409e+00	1.267415e-01	7.071146e-01	3.100666e+00	9.769796e-01	8.492675e-02	3.952432e-01	1.194885e-02	4.405760e+00	6.542696e+00	1.003321e+00	1.050613e+01	6.949261e-01	2.458226e-01	2.226014e+00	8.218229e-01	1.042616e+00	7.071441e+01	1.424945e+02	3.034000e-01	5.005086e-02	1.717582e+03	
11  106.208	2.332409e+00	1.267415e-01	7.071146e-01	3.100666e+00	9.769796e-01	8.492675e-02	3.952432e-01	1.194885e-02	4.405760e+00	6.542696e+00	1.000102e+00	1.050613e+01	6.949261e-01	2.458226e-01	2.226014e+00	8.218229e-01	1.042616e+00	7.071441e+01	1.424945e+02	3.034000e-01	5.005086e-02	1.717582e+03	
14  106.104	2.332409e+00	1.267415e-01	7.071146e-01	3.100666e+00	9.769796e-01	8.492675e-02	3.952432e-01	1.194885e-02	4.405760e+00	6.542696e+00	1.000254e+00	1.050613e+01	6.949261e-01	2.458226e-01	2.226014e+00	8.218229e-01	1.042616e+00	7.071441e+01	1.424945e+02	3.034000e-01	5.005086e-02	1.717582e+03	
17  107.564	2.308725e+00	1.271221e-01	7.039419e-01	3.105641e+00	9.849169e-01	9.280737e-02	3.887724e-01	1.312134e-02	4.296796e+00	6.375560e+00	9.950528e-01	1.125073e+01	6.923329e-01	2.457153e-01	2.237977e+00	8.295810e-01	1.042824e+00	7.035719e+01	1.427053e+02	3.065605e-01	4.930178e-02	1.373300e+03	
24  108.844	2.260899e+00	1.301525e-01	6.986495e-01	3.096534e+00	9.809726e-01	8.672878e-02	4.843277e-01	4.779455e-03	4.099711e+00	7.066793e+00	9.972803e-01	1.088963e+01	6.832855e-01	2.455073e-01	2.216959e+00	8.502286e-01	1.042399e+00	6.966272e+01	1.421066e+02	3.159442e-01	6.081367e-02	7.884445e+02	
32  110.032	2.260899e+00	1.301525e-01	6.986495e-01	3.096534e+00	9.809726e-01	8.672878e-02	4.843277e-01	4.779455e-03	4.099711e+00	7.066793e+00	9.956354e-01	1.088963e+01	6.832855e-01	2.455073e-01	2.216959e+00	8.502286e-01	1.042399e+00	6.966272e+01	1.421066e+02	3.159442e-01	6.081367e-02	7.884445e+02	
1  106.722	2.296471e+00	1.315179e-01	7.084674e-01	3.076194e+00	9.782632e-01	7.591280e-02	5.742379e-01	1.573490e-02	4.274000e+00	6.651170e+00	9.958936e-01	9.834984e+00	6.886693e-01	2.456558e-01	2.170479e+00	8.271692e-01	1.042696e+00	7.068169e+01	1.409860e+02	3.106083e-01	7.114446e-02	1.222855e+03	
18  108.471	2.296471e+00	1.315179e-01	7.084674e-01	3.076194e+00	9.782632e-01	7.591280e-02	5.742379e-01	1.573490e-02	4.274000e+00	6.651170e+00	9.944456e-01	9.834984e+00	6.886693e-01	2.456558e-01	2.170479e+00	8.271692e-01	1.042696e+00	7.068169e+01	1.409860e+02	3.106083e-01	7.114446e-02	1.222855e+03	
15  110.256	2.285365e+00	1.336633e-01	7.178362e-01	3.073654e+00	9.891498e-01	7.556767e-02	7.321476e-01	2.383520e-02	4.149910e+00	5.976602e+00	9.957085e-01	9.869288e+00	6.937771e-01	2.455925e-01	2.161412e+00	8.270078e-01	1.042621e+00	7.155184e+01	1.399508e+02	3.060516e-01	8.889794e-02	1.072162e+03	
22  108.071	2.285365e+00	1.336633e-01	7.178362e-01	3.073654e+00	9.891498e-01	7.556767e-02	7.321476e-01	2.383520e-02	4.149910e+00	5.976602e+00	1.000757e+00	9.869288e+00	6.937771e-01	2.455925e-01	2.161412e+00	8.270078e-01	1.042621e+00	7.155184e+01	1.399508e+02	3.060516e-01	8.889794e-02	1.072162e+03	
6  108.624	2.285365e+00	1.336633e-01	7.178362e-01	3.073654e+00	9.891498e-01	7.556767e-02	7.321476e-01	2.383520e-02	4.149910e+00	5.976602e+00	1.001612e+00	9.869288e+00	6.937771e-01	2.455925e-01	2.161412e+00	8.270078e-01	1.042621e+00	7.155184e+01	1.399508e+02	3.060516e-01	8.889794e-02	1.072162e+03	
5  110.819	2.261324e+00	1.332886e-01	6.997386e-01	3.069744e+00	9.831895e-01	7.186356e-02	5.718328e-01	2.053106e-02	4.351400e+00	6.665827e+00	9.994930e-01	9.600300e+00	6.774866e-01	2.455134e-01	2.158039e+00	8.277014e-01	1.042936e+00	6.982181e+01	1.409384e+02	3.216264e-01	7.090410e-02	1.433406e+03	
2  110.607	2.261324e+00	1.332886e-01	6.997386e-01	3.069744e+00	9.831895e-01	7.186356e-02	5.718328e-01	2.053106e-02	4.351400e+00	6.665827e+00	9.986171e-01	9.600300e+00	6.774866e-01	2.455134e-01	2.158039e+00	8.277014e-01	1.042936e+00	6.982181e+01	1.409384e+02	3.216264e-01	7.090410e-02	1.433406e+03	
42  105.275	2.302012e+00	1.343492e-01	7.118620e-01	3.079353e+00	9.825770e-01	7.505553e-02	6.428827e-01	2.685071e-02	4.339461e+00	5.379529e+00	9.991802e-01	9.831700e+00	6.852798e-01	2.456823e-01	2.177396e+00	8.234212e-01	1.043994e+00	7.107646e+01	1.399464e+02	3.138436e-01	7.891741e-02	1.811612e+03	
11  105.166	2.302012e+00	1.343492e-01	7.118620e-01	3.079353e+00	9.825770e-01	7.505553e-02	6.428827e-01	2.685071e-02	4.339461e+00	5.379529e+00	9.996880e-01	9.831700e+00	6.852798e-01	2.456823e-01	2.177396e+00	8.234212e-01	1.043994e+00	7.107646e+01	1.399464e+02	3.138436e-01	7.891741e-02	1.811612e+03	
22  105.329	2.302012e+00	1.343492e-01	7.118620e-01	3.079353e+00	9.825770e-01	7.505553e-02	6.428827e-01	2.685071e-02	4.339461e+00	5.379529e+00	1.001030e+00	9.831700e+00	6.852798e-01	2.456823e-01	2.177396e+00	8.234212e-01	1.043994e+00	7.107646e+01	1.399464e+02	3.138436e-01	7.891741e-02	1.811612e+03	
22  105.598	2.302012e+00	1.343492e-01	7.118620e-01	3.079353e+00	9.825770e-01	7.505553e-02	6.428827e-01	2.685071e-02	4.339461e+00	5.379529e+00	1.001607e+00	9.831700e+00	6.852798e-01	2.456823e-01	2.177396e+00	8.234212e-01	1.043994e+00	7.107646e+01	1.399464e+02	3.138436e-01	7.891741e-02	1.811612e+03	
11  105.183	2.302012e+00	1.343492e-01	7.118620e-01	3.079353e+00	9.825770e-01	7.505553e-02	6.428827e-01	2.685071e-02	4.339461e+00	5.379529e+00	1.000492e+00	9.831700e+00	6.852798e-01	2.456823e-01	2.177396e+00	8.234212e-01	1.043994e+00	7.107646e+01	1.399464e+02	3.138436e-01	7.891741e-02	1.811612e+03	
3  105.178	2.302012e+00	1.343492e-01	7.118620e-01	3.079353e+00	9.825770e-01	7.505553e-02	6.428827e-01	2.685071e-02	4.339461e+00	5.379529e+00	1.000465e+00	9.831700e+00	6.852798e-01	2.456823e-01	2.177396e+00	8.234212e-01	1.043994e+00	7.107646e+01	1.399464e+02	3.138436e-01	7.891741e-02	1.811612e+03	
4  105.308	2.304602e+00	1.349176e-01	7.178231e-01	3.050849e+00	9.862231e-01	6.475303e-02	7.210862e-01	4.404712e-02	4.363619e+00	5.177001e+00	9.970186e-01	8.858132e+00	6.899816e-01	2.456832e-01	2.113775e+00	7.945668e-01	1.043670e+00	7.174347e+01	1.394217e+02	3.092243e-01	8.776639e-02	2.011520e+03	
37  104.955	2.316292e+00	1.342948e-01	7.169460e-01	3.040403e+00	9.839542e-01	6.402373e-02	7.146737e-01	3.340961e-02	4.425437e+00	5.990186e+00	9.952686e-01	8.731874e+00	6.902833e-01	2.457329e-01	2.091396e+00	7.983890e-01	1.042734e+00	7.163362e+01	1.394962e+02	3.089050e-01	8.697601e-02	1.953225e+03	
22  104.817	2.316292e+00	1.342948e-01	7.169460e-01	3.040403e+00	9.839542e-01	6.402373e-02	7.146737e-01	3.340961e-02	4.425437e+00	5.990186e+00	9.937437e-01	8.731874e+00	6.902833e-01	2.457329e-01	2.091396e+00	7.983890e-01	1.042734e+00	7.163362e+01	1.394962e+02	3.089050e-01	8.697601e-02	1.953225e+03	
11  104.772	2.316292e+00	1.342948e-01	7.169460e-01	3.040403e+00	9.839542e-01	6.402373e-02	7.146737e-01	3.340961e-02	4.425437e+00	5.990186e+00	9.943699e-01	8.731874e+00	6.902833e-01	2.457329e-01	2.091396e+00	7.983890e-01	1.042734e+00	7.163362e+01	1.394962e+02	3.089050e-01	8.697601e-02	1.953225e+03	
34  104.799	2.316292e+00	1.342948e-01	7.169460e-01	3.040403e+00	9.839542e-01	6.402373e-02	7.146737e-01	3.340961e-02	4.425437e+00	5.990186e+00	9.946602e-01	8.731874e+00	6.902833e-01	2.457329e-01	2.091396e+00	7.983890e-01	1.042734e+00	7.163362e+01	1.394962e+02	3.089050e-01	8.697601e-02	1.953225e+03	
26  104.041	2.309859e+00	1.367542e-01	7.277935e-01	3.047423e+00	9.792659e-01	6.611266e-02	8.800772e-01	3.455307e-02	4.399723e+00	5.494850e+00	9.974657e-01	8.987329e+00	6.955371e-01	2.456950e-01	2.104186e+00	8.040110e-01	1.043013e+00	7.266824e+01	1.383211e+02	3.041856e-01	1.049570e-01	2.012359e+03	
5  107.405	2.272268e+00	1.340362e-01	7.262276e-01	3.042120e+00	9.843165e-01	6.718980e-02	8.088699e-01	2.455871e-02	4.237881e+00	6.596261e+00	9.961596e-01	9.103230e+00	7.009307e-01	2.455340e-01	2.092827e+00	8.130049e-01	1.043313e+00	7.241115e+01	1.396691e+02	2.988311e-01	9.712324e-02	1.148754e+03	
6  109.529	2.242194e+00	1.302248e-01	7.012631e-01	3.061705e+00	9.791687e-01	7.025285e-02	5.135867e-01	1.543446e-02	4.300605e+00	8.014175e+00	9.987111e-01	9.420206e+00	6.863519e-01	2.454282e-01	2.140210e+00	8.225563e-01	1.042890e+00	6.998079e+01	1.421133e+02	3.126990e-01	6.416710e-02	1.044266e+03	
6  108.326	2.231983e+00	1.326611e-01	6.878495e-01	3.069845e+00	9.765507e-01	6.683639e-02	4.930240e-01	1.987169e-02	4.581780e+00	8.241336e+00	1.002666e+00	9.198336e+00	6.673709e-01	2.454013e-01	2.159064e+00	8.243963e-01	1.042418e+00	6.872821e+01	1.417396e+02	3.308315e-01	6.182404e-02	1.915308e+03	
12  108.372	2.231983e+00	1.326611e-01	6.878495e-01	3.069845e+00	9.765507e-01	6.683639e-02	4.930240e-01	1.987169e-02	4.581780e+00	8.241336e+00	1.003335e+00	9.198336e+00	6.673709e-01	2.454013e-01	2.159064e+00	8.243963e-01	1.042418e+00	6.872821e+01	1.417396e+02	3.308315e-01	6.182404e-02	1.915308e+03	
10  107.208	2.199443e+00	1.337938e-01	6.879621e-01	3.061462e+00	9.791618e-01	6.196534e-02	5.181732e-01	3.154299e-02	4.537470e+00	8.984267e+00	1.001475e+00	8.788485e+00	6.666462e-01	2.452479e-01	2.139744e+00	8.175033e-01	1.043555e+00	6.868491e+01	1.416971e+02	3.319739e-01	6.477896e-02	1.529075e+03	
11  107.153	2.199443e+00	1.337938e-01	6.879621e-01	3.061462e+00	9.791618e-01	6.196534e-02	5.181732e-01	3.154299e-02	4.537470e+00	8.984267e+00	1.001238e+00	8.788485e+00	6.666462e-01	2.452479e-01	2.139744e+00	8.175033e-01	1.043555e+00	6.868491e+01	1.416971e+02	3.319739e-01	6.477896e-02	1.529075e+03	
11  107.105	2.199443e+00	1.337938e-01	6.879621e-01	3.061462e+00	9.791618e-01	6.196534e-02	5.181732e-01	3.154299e-02	4.537470e+00	8.984267e+00	1.000713e+00	8.788485e+00	6.666462e-01	2.452479e-01	2.139744e+00	8.175033e-01	1.043555e+00	6.868491e+01	1.416971e+02	3.319739e-01	6.477896e-02	1.529075e+03	
11  107.383	2.199443e+00	1.337938e-01	6.879621e-01	3.061462e+00	9.791618e-01	6.196534e-02	5.181732e-01	3.154299e-02	4.537470e+00	8.984267e+00	1.001958e+00	8.788485e+00	6.666462e-01	2.452479e-01	2.139744e+00	8.175033e-01	1.043555e+00	6.868491e+01	1.416971e+02	3.319739e-01	6.477896e-02	1.529075e+03	
22  107.38	2.199443e+00	1.337938e-01	6.879621e-01	3.061462e+00	9.791618e-01	6.196534e-02	5.181732e-01	3.154299e-02	4.537470e+00	8.984267e+00	1.001952e+00	8.788485e+00	6.666462e-01	2.452479e-01	2.139744e+00	8.175033e-01	1.043555e+00	6.868491e+01	1.416971e+02	3.319739e-01	6.477896e-02	1.529075e+03	
11  108.753	2.199443e+00	1.337938e-01	6.879621e-01	3.061462e+00	9.791618e-01	6.196534e-02	5.181732e-01	3.154299e-02	4.537470e+00	8.984267e+00	1.003731e+00	8.788485e+00	6.666462e-01	2.452479e-01	2.139744e+00	8.175033e-01	1.043555e+00	6.868491e+01	1.416971e+02	3.319739e-01	6.477896e-02	1.529075e+03	
11  107.391	2.199443e+00	1.337938e-01	6.879621e-01	3.061462e+00	9.791618e-01	6.196534e-02	5.181732e-01	3.154299e-02	4.537470e+00	8.984267e+00	9.994462e-01	8.788485e+00	6.666462e-01	2.452479e-01	2.139744e+00	8.175033e-01	1.043555e+00	6.868491e+01	1.416971e+02	3.319739e-01	6.477896e-02	1.529075e+03	
21  107.12	2.199443e+00	1.337938e-01	6.879621e-01	3.061462e+00	9.791618e-01	6.196534e-02	5.181732e-01	3.154299e-02	4.537470e+00	8.984267e+00	1.000998e+00	8.788485e+00	6.666462e-01	2.452479e-01	2.139744e+00	8.175033e-01	1.043555e+00	6.868491e+01	1.416971e+02	3.319739e-01	6.477896e-02	1.529075e+03	
1  107.195	2.218118e+00	1.288886e-01	7.059635e-01	3.072616e+00	9.806544e-01	7.496254e-02	4.958559e-01	1.249098e-02	4.063673e+00	7.997143e+00	9.996425e-01	9.908607e+00	6.940938e-01	2.453159e-01	2.163616e+00	8.292836e-01	1.044178e+00	7.043494e+01	1.427813e+02	3.048741e-01	6.210446e-02	6.275883e+02	
17  107.323	2.218118e+00	1.288886e-01	7.059635e-01	3.072616e+00	9.806544e-01	7.496254e-02	4.958559e-01	1.249098e-02	4.063673e+00	7.997143e+00	9.999541e-01	9.908607e+00	6.940938e-01	2.453159e-01	2.163616e+00	8.292836e-01	1.044178e+00	7.043494e+01	1.427813e+02	3.048741e-01	6.210446e-02	6.275883e+02	
16  106.149	2.240416e+00	1.302094e-01	7.145690e-01	3.084828e+00	9.796681e-01	7.635470e-02	5.834762e-01	2.153961e-02	4.177566e+00	6.246972e+00	1.004149e+00	1.000750e+01	6.981751e-01	2.454056e-01	2.189054e+00	8.251235e-01	1.044506e+00	7.127996e+01	1.418269e+02	3.009440e-01	7.218358e-02	1.071032e+03	
11  105.738	2.240416e+00	1.302094e-01	7.145690e-01	3.084828e+00	9.796681e-01	7.635470e-02	5.834762e-01	2.153961e-02	4.177566e+00	6.246972e+00	1.003025e+00	1.000750e+01	6.981751e-01	2.454056e-01	2.189054e+00	8.251235e-01	1.044506e+00	7.127996e+01	1.418269e+02	3.009440e-01	7.218358e-02	1.071032e+03	
22  105.96	2.240416e+00	1.302094e-01	7.145690e-01	3.084828e+00	9.796681e-01	7.635470e-02	5.834762e-01	2.153961e-02	4.177566e+00	6.246972e+00	1.001395e+00	1.000750e+01	6.981751e-01	2.454056e-01	2.189054e+00	8.251235e-01	1.044506e+00	7.127996e+01	1.418269e+02	3.009440e-01	7.218358e-02	1.071032e+03	
66  106.032	2.240416e+00	1.302094e-01	7.145690e-01	3.084828e+00	9.796681e-01	7.635470e-02	5.834762e-01	2.153961e-02	4.177566e+00	6.246972e+00	1.001237e+00	1.000750e+01	6.981751e-01	2.454056e-01	2.189054e+00	8.251235e-01	1.044506e+00	7.127996e+01	1.418269e+02	3.009440e-01	7.218358e-02	1.071032e+03	
4  106.169	2.240416e+00	1.302094e-01	7.145690e-01	3.084828e+00	9.796681e-01	7.635470e-02	5.834762e-01	2.153961e-02	4.177566e+00	6.246972e+00	1.004186e+00	1.000750e+01	6.981751e-01	2.454056e-01	2.189054e+00	8.251235e-01	1.044506e+00	7.127996e+01	1.418269e+02	3.009440e-01	7.218358e-02	1.071032e+03	
7  106.692	2.255927e+00	1.325471e-01	7.216359e-01	3.063796e+00	9.840578e-01	6.632151e-02	7.099779e-01	2.113697e-02	4.224498e+00	7.067936e+00	1.005611e+00	9.034085e+00	6.998461e-01	2.454711e-01	2.140303e+00	8.246797e-01	1.044241e+00	7.194576e+01	1.405985e+02	2.996078e-01	8.627409e-02	1.025081e+03	
11  106.058	2.255927e+00	1.325471e-01	7.216359e-01	3.063796e+00	9.840578e-01	6.632151e-02	7.099779e-01	2.113697e-02	4.224498e+00	7.067936e+00	1.003851e+00	9.034085e+00	6.998461e-01	2.454711e-01	2.140303e+00	8.246797e-01	1.044241e+00	7.194576e+01	1.405985e+02	2.996078e-01	8.627409e-02	1.025081e+03	
30  106.894	2.255927e+00	1.325471e-01	7.216359e-01	3.063796e+00	9.840578e-01	6.632151e-02	7.099779e-01	2.113697e-02	4.224498e+00	7.067936e+00	1.001587e+00	9.034085e+00	6.998461e-01	2.454711e-01	2.140303e+00	8.246797e-01	1.044241e+00	7.194576e+01	1.405985e+02	2.996078e-01	8.627409e-02	1.025081e+03	
2  104.881	2.265683e+00	1.329861e-01	7.074414e-01	3.071806e+00	9.910282e-01	6.663131e-02	6.035694e-01	3.867427e-02	4.298515e+00	7.189220e+00	9.998662e-01	9.077542e+00	6.862179e-01	2.455216e-01	2.159492e+00	8.085532e-01	1.043753e+00	7.062429e+01	1.408151e+02	3.134189e-01	7.457262e-02	1.165734e+03	
23  107.03	2.224331e+00	1.298544e-01	7.067070e-01	3.057997e+00	9.911385e-01	6.378920e-02	5.282002e-01	3.107464e-02	4.229954e+00	8.508798e+00	9.980442e-01	8.835557e+00	6.931109e-01	2.453435e-01	2.129960e+00	8.047892e-01	1.044132e+00	7.056860e+01	1.423040e+02	3.062823e-01	6.590404e-02	8.460592e+02	
44  106.714	2.224331e+00	1.298544e-01	7.067070e-01	3.057997e+00	9.911385e-01	6.378920e-02	5.282002e-01	3.107464e-02	4.229954e+00	8.508798e+00	9.985103e-01	8.835557e+00	6.931109e-01	2.453435e-01	2.129960e+00	8.047892e-01	1.044132e+00	7.056860e+01	1.423040e+02	3.062823e-01	6.590404e-02	8.460592e+02	
11  107.377	2.224331e+00	1.298544e-01	7.067070e-01	3.057997e+00	9.911385e-01	6.378920e-02	5.282002e-01	3.107464e-02	4.229954e+00	8.508798e+00	9.976307e-01	8.835557e+00	6.931109e-01	2.453435e-01	2.129960e+00	8.047892e-01	1.044132e+00	7.056860e+01	1.423040e+02	3.062823e-01	6.590404e-02	8.460592e+02	
22  107.096	2.224331e+00	1.298544e-01	7.067070e-01	3.057997e+00	9.911385e-01	6.378920e-02	5.282002e-01	3.107464e-02	4.229954e+00	8.508798e+00	9.979592e-01	8.835557e+00	6.931109e-01	2.453435e-01	2.129960e+00	8.047892e-01	1.044132e+00	7.056860e+01	1.423040e+02	3.062823e-01	6.590404e-02	8.460592e+02	
6  106.306	2.224331e+00	1.298544e-01	7.067070e-01	3.057997e+00	9.911385e-01	6.378920e-02	5.282002e-01	3.107464e-02	4.229954e+00	8.508798e+00	1.000736e+00	8.835557e+00	6.931109e-01	2.453435e-01	2.129960e+00	8.047892e-01	1.044132e+00	7.056860e+01	1.423040e+02	3.062823e-01	6.590404e-02	8.460592e+02	
5  104.297	2.253317e+00	1.328727e-01	7.046702e-01	3.054215e+00	9.833759e-01	6.186265e-02	5.716462e-01	4.012760e-02	4.407301e+00	7.919200e+00	9.974218e-01	8.624655e+00	6.839979e-01	2.454716e-01	2.122325e+00	7.990396e-01	1.044269e+00	7.037667e+01	1.410935e+02	3.152187e-01	7.090807e-02	1.319603e+03	
11  104.978	2.253317e+00	1.328727e-01	7.046702e-01	3.054215e+00	9.833759e-01	6.186265e-02	5.716462e-01	4.012760e-02	4.407301e+00	7.919200e+00	9.989463e-01	8.624655e+00	6.839979e-01	2.454716e-01	2.122325e+00	7.990396e-01	1.044269e+00	7.037667e+01	1.410935e+02	3.152187e-01	7.090807e-02	1.319603e+03	
11  104.329	2.253317e+00	1.328727e-01	7.046702e-01	3.054215e+00	9.833759e-01	6.186265e-02	5.716462e-01	4.012760e-02	4.407301e+00	7.919200e+00	9.975819e-01	8.624655e+00	6.839979e-01	2.454716e-01	2.122325e+00	7.990396e-01	1.044269e+00	7.037667e+01	1.410935e+02	3.152187e-01	7.090807e-02	1.319603e+03	
11  104.276	2.253317e+00	1.328727e-01	7.046702e-01	3.054215e+00	9.833759e-01	6.186265e-02	5.716462e-01	4.012760e-02	4.407301e+00	7.919200e+00	9.972717e-01	8.624655e+00	6.839979e-01	2.454716e-01	2.122325e+00	7.990396e-01	1.044269e+00	7.037667e+01	1.410935e+02	3.152187e-01	7.090807e-02	1.319603e+03	
33  105.707	2.253317e+00	1.328727e-01	7.046702e-01	3.054215e+00	9.833759e-01	6.186265e-02	5.716462e-01	4.012760e-02	4.407301e+00	7.919200e+00	9.997819e-01	8.624655e+00	6.839979e-01	2.454716e-01	2.122325e+00	7.990396e-01	1.044269e+00	7.037667e+01	1.410935e+02	3.152187e-01	7.090807e-02	1.319603e+03	
4  105.628	2.253317e+00	1.328727e-01	7.046702e-01	3.054215e+00	9.833759e-01	6.186265e-02	5.716462e-01	4.012760e-02	4.407301e+00	7.919200e+00	9.997030e-01	8.624655e+00	6.839979e-01	2.454716e-01	2.122325e+00	7.990396e-01	1.044269e+00	7.037667e+01	1.410935e+02	3.152187e-01	7.090807e-02	1.319603e+03	
14  107.388	2.266180e+00	1.371328e-01	7.115882e-01	3.054270e+00	9.842933e-01	6.420348e-02	7.226505e-01	4.075769e-02	4.432463e+00	5.978003e+00	9.976092e-01	8.922783e+00	6.808074e-01	2.455210e-01	2.122131e+00	8.100390e-01	1.045017e+00	7.104659e+01	1.393334e+02	3.183936e-01	8.787084e-02	1.949572e+03	
20  109.625	2.233753e+00	1.362921e-01	6.941695e-01	3.054835e+00	9.854693e-01	6.120774e-02	5.756584e-01	3.806365e-02	4.425046e+00	8.677676e+00	9.974932e-01	8.658829e+00	6.673661e-01	2.453930e-01	2.123950e+00	8.147633e-01	1.044807e+00	6.927457e+01	1.405131e+02	3.319912e-01	7.136056e-02	1.222644e+03	
17  106.078	2.254506e+00	1.373374e-01	7.123488e-01	3.051623e+00	9.843792e-01	6.008367e-02	7.416931e-01	4.767085e-02	4.400173e+00	6.630092e+00	9.993195e-01	8.516908e+00	6.819857e-01	2.454668e-01	2.115339e+00	8.024015e-01	1.045137e+00	7.109369e+01	1.393362e+02	3.175487e-01	8.996683e-02	1.574676e+03	
11  105.853	2.254506e+00	1.373374e-01	7.123488e-01	3.051623e+00	9.843792e-01	6.008367e-02	7.416931e-01	4.767085e-02	4.400173e+00	6.630092e+00	9.989530e-01	8.516908e+00	6.819857e-01	2.454668e-01	2.115339e+00	8.024015e-01	1.045137e+00	7.109369e+01	1.393362e+02	3.175487e-01	8.996683e-02	1.574676e+03	
66  106.056	2.254506e+00	1.373374e-01	7.123488e-01	3.051623e+00	9.843792e-01	6.008367e-02	7.416931e-01	4.767085e-02	4.400173e+00	6.630092e+00	9.992864e-01	8.516908e+00	6.819857e-01	2.454668e-01	2.115339e+00	8.024015e-01	1.045137e+00	7.109369e+01	1.393362e+02	3.175487e-01	8.996683e-02	1.574676e+03	
22  106.157	2.254506e+00	1.373374e-01	7.123488e-01	3.051623e+00	9.843792e-01	6.008367e-02	7.416931e-01	4.767085e-02	4.400173e+00	6.630092e+00	9.954772e-01	8.516908e+00	6.819857e-01	2.454668e-01	2.115339e+00	8.024015e-01	1.045137e+00	7.109369e+01	1.393362e+02	3.175487e-01	8.996683e-02	1.574676e+03	
11  106.605	2.254506e+00	1.373374e-01	7.123488e-01	3.051623e+00	9.843792e-01	6.008367e-02	7.416931e-01	4.767085e-02	4.400173e+00	6.630092e+00	9.949366e-01	8.516908e+00	6.819857e-01	2.454668e-01	2.115339e+00	8.024015e-01	1.045137e+00	7.109369e+01	1.393362e+02	3.175487e-01	8.996683e-02	1.574676e+03	
4  105.483	2.254506e+00	1.373374e-01	7.123488e-01	3.051623e+00	9.843792e-01	6.008367e-02	7.416931e-01	4.767085e-02	4.400173e+00	6.630092e+00	9.969611e-01	8.516908e+00	6.819857e-01	2.454668e-01	2.115339e+00	8.024015e-01	1.045137e+00	7.109369e+01	1.393362e+02	3.175487e-01	8.996683e-02	1.574676e+03	
7  106.206	2.281571e+00	1.332942e-01	7.158345e-01	3.041013e+00	9.845875e-01	5.800683e-02	6.397039e-01	4.395385e-02	4.378727e+00	6.457998e+00	9.957184e-01	8.181198e+00	6.922914e-01	2.455846e-01	2.093619e+00	7.890838e-01	1.044852e+00	7.152512e+01	1.403862e+02	3.068378e-01	7.866190e-02	1.577386e+03	
12  106.193	2.281571e+00	1.332942e-01	7.158345e-01	3.041013e+00	9.845875e-01	5.800683e-02	6.397039e-01	4.395385e-02	4.378727e+00	6.457998e+00	9.963418e-01	8.181198e+00	6.922914e-01	2.455846e-01	2.093619e+00	7.890838e-01	1.044852e+00	7.152512e+01	1.403862e+02	3.068378e-01	7.866190e-02	1.577386e+03	
32  107.508	2.295326e+00	1.374273e-01	7.057925e-01	3.053264e+00	9.898696e-01	6.303371e-02	6.511131e-01	6.006868e-02	4.375294e+00	5.839939e+00	9.914769e-01	8.751838e+00	6.744525e-01	2.456487e-01	2.120639e+00	7.900397e-01	1.045035e+00	7.054409e+01	1.392521e+02	3.249381e-01	8.007431e-02	1.769752e+03	
3  107.466	2.295326e+00	1.374273e-01	7.057925e-01	3.053264e+00	9.898696e-01	6.303371e-02	6.511131e-01	6.006868e-02	4.375294e+00	5.839939e+00	9.916840e-01	8.751838e+00	6.744525e-01	2.456487e-01	2.120639e+00	7.900397e-01	1.045035e+00	7.054409e+01	1.392521e+02	3.249381e-01	8.007431e-02	1.769752e+03	
13  107.159	2.291928e+00	1.402199e-01	7.084582e-01	3.043070e+00	9.893075e-01	5.970120e-02	7.822990e-01	6.091645e-02	4.466516e+00	5.521366e+00	9.917749e-01	8.486181e+00	6.713979e-01	2.456332e-01	2.097059e+00	7.917618e-01	1.044334e+00	7.083182e+01	1.381179e+02	3.279839e-01	9.467394e-02	2.376603e+03	
6  106.682	2.322768e+00	1.407470e-01	7.397376e-01	3.037127e+00	9.829203e-01	5.912819e-02	1.028334e+00	5.344043e-02	4.435269e+00	5.141271e+00	9.958207e-01	8.357823e+00	6.984561e-01	2.457446e-01	2.081002e+00	7.887540e-01	1.044987e+00	7.394545e+01	1.366759e+02	3.016567e-01	1.206751e-01	2.343264e+03	
55  106.513	2.322768e+00	1.407470e-01	7.397376e-01	3.037127e+00	9.829203e-01	5.912819e-02	1.028334e+00	5.344043e-02	4.435269e+00	5.141271e+00	9.975371e-01	8.357823e+00	6.984561e-01	2.457446e-01	2.081002e+00	7.887540e-01	1.044987e+00	7.394545e+01	1.366759e+02	3.016567e-01	1.206751e-01	2.343264e+03	
11  106.475	2.322768e+00	1.407470e-01	7.397376e-01	3.037127e+00	9.829203e-01	5.912819e-02	1.028334e+00	5.344043e-02	4.435269e+00	5.141271e+00	9.973175e-01	8.357823e+00	6.984561e-01	2.457446e-01	2.081002e+00	7.887540e-01	1.044987e+00	7.394545e+01	1.366759e+02	3.016567e-01	1.206751e-01	2.343264e+03	
36  106.789	2.322768e+00	1.407470e-01	7.397376e-01	3.037127e+00	9.829203e-01	5.912819e-02	1.028334e+00	5.344043e-02	4.435269e+00	5.141271e+00	9.955883e-01	8.357823e+00	6.984561e-01	2.457446e-01	2.081002e+00	7.887540e-01	1.044987e+00	7.394545e+01	1.366759e+02	3.016567e-01	1.206751e-01	2.343264e+03	
85  105.058	2.320878e+00	1.363678e-01	7.357924e-01	3.018693e+00	9.824551e-01	5.169707e-02	8.727445e-01	4.180515e-02	4.392940e+00	5.646742e+00	9.956947e-01	7.492963e+00	7.028860e-01	2.457353e-01	2.042726e+00	7.847112e-01	1.044769e+00	7.352021e+01	1.383056e+02	2.965810e-01	1.040362e-01	1.908882e+03	
3  105.084	2.320878e+00	1.363678e-01	7.357924e-01	3.018693e+00	9.824551e-01	5.169707e-02	8.727445e-01	4.180515e-02	4.392940e+00	5.646742e+00	9.952962e-01	7.492963e+00	7.028860e-01	2.457353e-01	2.042726e+00	7.847112e-01	1.044769e+00	7.352021e+01	1.383056e+02	2.965810e-01	1.040362e-01	1.908882e+03	
8  105.952	2.325104e+00	1.309590e-01	7.356618e-01	3.043079e+00	9.828198e-01	6.524746e-02	7.061984e-01	2.954076e-02	4.252015e+00	4.947036e+00	9.958787e-01	8.759445e+00	7.123325e-01	2.457552e-01	2.096515e+00	7.942584e-01	1.044805e+00	7.349799e+01	1.401842e+02	2.868292e-01	8.598530e-02	1.640849e+03	
11  106.943	2.325104e+00	1.309590e-01	7.356618e-01	3.043079e+00	9.828198e-01	6.524746e-02	7.061984e-01	2.954076e-02	4.252015e+00	4.947036e+00	9.937903e-01	8.759445e+00	7.123325e-01	2.457552e-01	2.096515e+00	7.942584e-01	1.044805e+00	7.349799e+01	1.401842e+02	2.868292e-01	8.598530e-02	1.640849e+03	
22  106.478	2.325104e+00	1.309590e-01	7.356618e-01	3.043079e+00	9.828198e-01	6.524746e-02	7.061984e-01	2.954076e-02	4.252015e+00	4.947036e+00	9.944112e-01	8.759445e+00	7.123325e-01	2.457552e-01	2.096515e+00	7.942584e-01	1.044805e+00	7.349799e+01	1.401842e+02	2.868292e-01	8.598530e-02	1.640849e+03	
8  106.007	2.325104e+00	1.309590e-01	7.356618e-01	3.043079e+00	9.828198e-01	6.524746e-02	7.061984e-01	2.954076e-02	4.252015e+00	4.947036e+00	9.955269e-01	8.759445e+00	7.123325e-01	2.457552e-01	2.096515e+00	7.942584e-01	1.044805e+00	7.349799e+01	1.401842e+02	2.868292e-01	8.598530e-02	1.640849e+03	
3  109.429	2.353939e+00	1.353823e-01	7.313334e-01	3.056681e+00	9.846375e-01	6.150616e-02	7.496373e-01	5.220387e-02	4.227335e+00	4.796403e+00	9.979901e-01	8.417791e+00	7.002597e-01	2.458744e-01	2.124600e+00	7.861269e-01	1.045558e+00	7.308713e+01	1.386963e+02	2.992815e-01	9.096486e-02	1.596067e+03	
3  110.253	2.353939e+00	1.353823e-01	7.313334e-01	3.056681e+00	9.846375e-01	6.150616e-02	7.496373e-01	5.220387e-02	4.227335e+00	4.796403e+00	1.000575e+00	8.417791e+00	7.002597e-01	2.458744e-01	2.124600e+00	7.861269e-01	1.045558e+00	7.308713e+01	1.386963e+02	2.992815e-01	9.096486e-02	1.596067e+03	
14  111.376	2.376378e+00	1.351424e-01	7.401989e-01	3.065627e+00	9.846231e-01	7.129402e-02	8.017069e-01	4.332074e-02	4.193316e+00	3.237185e+00	9.986775e-01	9.333359e+00	7.069325e-01	2.459738e-01	2.142795e+00	7.957160e-01	1.045467e+00	7.402417e+01	1.382544e+02	2.923511e-01	9.657568e-02	2.232018e+03	
4  112.845	2.355330e+00	1.317272e-01	7.354383e-01	3.062520e+00	9.847213e-01	7.220259e-02	6.838976e-01	3.382932e-02	4.065179e+00	4.144300e+00	9.977047e-01	9.353560e+00	7.104004e-01	2.458764e-01	2.138416e+00	7.989925e-01	1.045277e+00	7.345116e+01	1.397976e+02	2.890219e-01	8.370002e-02	1.328931e+03	
1  114.209	2.353612e+00	1.309884e-01	7.234749e-01	3.057524e+00	9.785300e-01	7.281541e-02	5.942512e-01	2.188187e-02	4.206151e+00	5.870027e+00	9.950301e-01	9.389395e+00	7.018471e-01	2.458812e-01	2.129401e+00	8.073769e-01	1.044209e+00	7.223201e+01	1.404070e+02	2.974203e-01	7.348303e-02	1.232299e+03	
5  112.368	2.353612e+00	1.309884e-01	7.234749e-01	3.057524e+00	9.785300e-01	7.281541e-02	5.942512e-01	2.188187e-02	4.206151e+00	5.870027e+00	9.931092e-01	9.389395e+00	7.018471e-01	2.458812e-01	2.129401e+00	8.073769e-01	1.044209e+00	7.223201e+01	1.404070e+02	2.974203e-01	7.348303e-02	1.232299e+03	
4  110.873	2.336596e+00	1.300576e-01	7.213641e-01	3.067594e+00	9.668367e-01	7.764308e-02	5.805734e-01	7.593118e-03	4.280143e+00	5.889920e+00	9.954604e-01	9.842905e+00	7.014019e-01	2.458167e-01	2.151454e+00	8.213817e-01	1.043675e+00	7.200437e+01	1.408687e+02	2.973772e-01	7.180224e-02	1.446182e+03	
23  107.083	2.311886e+00	1.347965e-01	7.142928e-01	3.055358e+00	9.609792e-01	6.512150e-02	6.841829e-01	1.437794e-02	4.545997e+00	7.342595e+00	9.988702e-01	8.817014e+00	6.865487e-01	2.457228e-01	2.123487e+00	8.214703e-01	1.043708e+00	7.128237e+01	1.396090e+02	3.121203e-01	8.332525e-02	2.002541e+03	
20  107.588	2.321608e+00	1.344666e-01	7.227735e-01	3.014895e+00	9.643135e-01	5.976676e-02	7.704228e-01	8.839443e-03	4.470982e+00	7.635011e+00	9.899566e-01	8.234176e+00	6.953739e-01	2.457543e-01	2.037013e+00	8.123069e-01	1.042653e+00	7.208356e+01	1.392357e+02	3.036768e-01	9.262735e-02	1.603640e+03	
3  107.56	2.366084e+00	1.368500e-01	7.428420e-01	3.011171e+00	9.676050e-01	5.440341e-02	9.674726e-01	1.660970e-02	4.511518e+00	6.370197e+00	9.952084e-01	7.673520e+00	7.069198e-01	2.459266e-01	2.025080e+00	8.005353e-01	1.042990e+00	7.419079e+01	1.373993e+02	2.925559e-01	1.137424e-01	2.196207e+03	
7  107.626	2.366084e+00	1.368500e-01	7.428420e-01	3.011171e+00	9.676050e-01	5.440341e-02	9.674726e-01	1.660970e-02	4.511518e+00	6.370197e+00	9.954502e-01	7.673520e+00	7.069198e-01	2.459266e-01	2.025080e+00	8.005353e-01	1.042990e+00	7.419079e+01	1.373993e+02	2.925559e-01	1.137424e-01	2.196207e+03	
27  107.739	2.375520e+00	1.382554e-01	7.542383e-01	3.022301e+00	9.731777e-01	6.109467e-02	1.089412e+00	1.972324e-02	4.529094e+00	5.782129e+00	9.961316e-01	8.388691e+00	7.137101e-01	2.459648e-01	2.046311e+00	8.034821e-01	1.043355e+00	7.539664e+01	1.364701e+02	2.864120e-01	1.266009e-01	2.590011e+03	
10  107.311	2.347757e+00	1.316237e-01	7.308464e-01	3.016386e+00	9.744209e-01	5.496977e-02	7.207501e-01	2.026466e-02	4.646527e+00	6.917574e+00	9.957368e-01	7.727834e+00	7.064999e-01	2.458674e-01	2.037711e+00	7.872276e-01	1.043291e+00	7.314080e+01	1.397399e+02	2.915899e-01	8.747157e-02	2.834382e+03	
4  107.141	2.347757e+00	1.316237e-01	7.308464e-01	3.016386e+00	9.744209e-01	5.496977e-02	7.207501e-01	2.026466e-02	4.646527e+00	6.917574e+00	9.968280e-01	7.727834e+00	7.064999e-01	2.458674e-01	2.037711e+00	7.872276e-01	1.043291e+00	7.314080e+01	1.397399e+02	2.915899e-01	8.747157e-02	2.834382e+03	
7  105.759	2.332681e+00	1.257338e-01	7.320939e-01	3.057080e+00	9.701022e-01	7.540630e-02	5.705670e-01	2.675201e-03	4.342697e+00	5.773768e+00	9.996101e-01	9.575042e+00	7.183456e-01	2.458020e-01	2.128462e+00	8.067217e-01	1.042904e+00	7.315818e+01	1.419441e+02	2.802040e-01	7.062159e-02	1.698002e+03	
7  105.607	2.332681e+00	1.257338e-01	7.320939e-01	3.057080e+00	9.701022e-01	7.540630e-02	5.705670e-01	2.675201e-03	4.342697e+00	5.773768e+00	9.970863e-01	9.575042e+00	7.183456e-01	2.458020e-01	2.128462e+00	8.067217e-01	1.042904e+00	7.315818e+01	1.419441e+02	2.802040e-01	7.062159e-02	1.698002e+03	
3  106.959	2.349415e+00	1.250900e-01	7.385833e-01	3.041104e+00	9.718847e-01	7.094735e-02	5.871537e-01	6.717008e-03	4.328485e+00	5.976595e+00	9.943428e-01	9.109370e+00	7.246866e-01	2.458640e-01	2.093936e+00	7.941299e-01	1.043068e+00	7.380998e+01	1.418500e+02	2.740406e-01	7.251179e-02	1.576416e+03	
3  107.653	2.354211e+00	1.238573e-01	7.347876e-01	3.061009e+00	9.734236e-01	7.256021e-02	5.062034e-01	1.300003e-02	4.297408e+00	6.537702e+00	9.993983e-01	9.231701e+00	7.242509e-01	2.458870e-01	2.137053e+00	7.925159e-01	1.043284e+00	7.344923e+01	1.424522e+02	2.745327e-01	6.329030e-02	1.312230e+03	
2  106.82	2.356964e+00	1.313960e-01	7.337086e-01	3.062150e+00	9.737572e-01	6.568504e-02	7.112226e-01	2.877603e-02	4.347070e+00	5.184411e+00	1.002678e+00	8.746093e+00	7.089023e-01	2.458977e-01	2.135994e+00	7.963003e-01	1.043709e+00	7.333196e+01	1.397407e+02	2.899964e-01	8.649585e-02	1.940906e+03	
7  106.317	2.339580e+00	1.304874e-01	7.277062e-01	3.056667e+00	9.744996e-01	6.693172e-02	6.623218e-01	3.061184e-02	4.277725e+00	5.590965e+00	9.986947e-01	8.871865e+00	7.065305e-01	2.458224e-01	2.125667e+00	7.920517e-01	1.043162e+00	7.269324e+01	1.403494e+02	2.926315e-01	8.109231e-02	1.514654e+03	
44  106.387	2.339580e+00	1.304874e-01	7.277062e-01	3.056667e+00	9.744996e-01	6.693172e-02	6.623218e-01	3.061184e-02	4.277725e+00	5.590965e+00	9.981891e-01	8.871865e+00	7.065305e-01	2.458224e-01	2.125667e+00	7.920517e-01	1.043162e+00	7.269324e+01	1.403494e+02	2.926315e-01	8.109231e-02	1.514654e+03	
1  106.339	2.339580e+00	1.304874e-01	7.277062e-01	3.056667e+00	9.744996e-01	6.693172e-02	6.623218e-01	3.061184e-02	4.277725e+00	5.590965e+00	9.984371e-01	8.871865e+00	7.065305e-01	2.458224e-01	2.125667e+00	7.920517e-01	1.043162e+00	7.269324e+01	1.403494e+02	2.926315e-01	8.109231e-02	1.514654e+03	
10  107.845	2.319906e+00	1.291439e-01	7.119907e-01	3.058422e+00	9.756749e-01	6.882916e-02	5.121238e-01	2.925232e-02	4.339439e+00	7.449534e+00	9.950056e-01	9.075809e+00	6.965286e-01	2.457539e-01	2.131806e+00	7.935222e-01	1.042837e+00	7.114030e+01	1.415259e+02	3.026182e-01	6.402819e-02	1.240416e+03	
6  107.829	2.319906e+00	1.291439e-01	7.119907e-01	3.058422e+00	9.756749e-01	6.882916e-02	5.121238e-01	2.925232e-02	4.339439e+00	7.449534e+00	9.948396e-01	9.075809e+00	6.965286e-01	2.457539e-01	2.131806e+00	7.935222e-01	1.042837e+00	7.114030e+01	1.415259e+02	3.026182e-01	6.402819e-02	1.240416e+03	
6  108.665	2.312905e+00	1.260997e-01	7.141727e-01	3.051376e+00	9.824353e-01	6.560020e-02	4.373604e-01	3.386518e-02	4.353929e+00	6.517429e+00	9.955337e-01	8.756513e+00	7.038686e-01	2.457237e-01	2.117513e+00	7.796308e-01	1.043139e+00	7.142569e+01	1.426239e+02	2.945510e-01	5.533765e-02	1.519533e+03	
4  109.468	2.312907e+00	1.292093e-01	7.123860e-01	3.072771e+00	9.802527e-01	6.414971e-02	4.902656e-01	5.450827e-02	4.282727e+00	6.107947e+00	1.001086e+00	8.678744e+00	6.965467e-01	2.457278e-01	2.162458e+00	7.727777e-01	1.043965e+00	7.124869e+01	1.416308e+02	3.023428e-01	6.157433e-02	1.384457e+03	
6  108.626	2.278231e+00	1.321648e-01	7.050597e-01	3.055208e+00	9.789697e-01	5.561916e-02	5.401229e-01	5.869411e-02	4.436241e+00	6.591359e+00	9.994521e-01	7.944228e+00	6.844884e-01	2.455840e-01	2.124581e+00	7.741083e-01	1.044091e+00	7.053033e+01	1.410918e+02	3.140972e-01	6.749223e-02	1.787690e+03	
22  109.064	2.278231e+00	1.321648e-01	7.050597e-01	3.055208e+00	9.789697e-01	5.561916e-02	5.401229e-01	5.869411e-02	4.436241e+00	6.591359e+00	1.004752e+00	7.944228e+00	6.844884e-01	2.455840e-01	2.124581e+00	7.741083e-01	1.044091e+00	7.053033e+01	1.410918e+02	3.140972e-01	6.749223e-02	1.787690e+03	
19  108.562	2.278231e+00	1.321648e-01	7.050597e-01	3.055208e+00	9.789697e-01	5.561916e-02	5.401229e-01	5.869411e-02	4.436241e+00	6.591359e+00	1.004222e+00	7.944228e+00	6.844884e-01	2.455840e-01	2.124581e+00	7.741083e-01	1.044091e+00	7.053033e+01	1.410918e+02	3.140972e-01	6.749223e-02	1.787690e+03	
1  107.304	2.343416e+00	1.346414e-01	7.368836e-01	3.054875e+00	9.766707e-01	6.101648e-02	8.418104e-01	4.474236e-02	4.339184e+00	4.633708e+00	1.006658e+00	8.392008e+00	7.060391e-01	2.458345e-01	2.118587e+00	7.862452e-01	1.043876e+00	7.366370e+01	1.385707e+02	2.932186e-01	1.008830e-01	2.160659e+03	
11  108.511	2.341047e+00	1.364053e-01	7.391676e-01	3.058875e+00	9.837350e-01	6.364857e-02	9.090994e-01	5.706139e-02	4.297110e+00	3.874659e+00	1.004984e+00	8.713869e+00	7.048604e-01	2.458264e-01	2.126776e+00	7.814050e-01	1.044059e+00	7.393278e+01	1.378893e+02	2.946944e-01	1.082418e-01	2.372058e+03	
25  108.246	2.387139e+00	1.352493e-01	7.595135e-01	3.056388e+00	9.942492e-01	6.686072e-02	9.957154e-01	4.981439e-02	4.245520e+00	3.159306e+00	1.005569e+00	8.924634e+00	7.221877e-01	2.460119e-01	2.118072e+00	7.836266e-01	1.044462e+00	7.604221e+01	1.372952e+02	2.775369e-01	1.173187e-01	2.549211e+03	
10  108.95	2.388525e+00	1.390358e-01	7.694878e-01	3.062857e+00	1.002393e+00	7.403453e-02	1.163345e+00	5.771185e-02	4.131698e+00	3.020586e+00	1.001559e+00	9.633314e+00	7.241722e-01	2.459987e-01	2.133246e+00	7.887742e-01	1.045276e+00	7.698730e+01	1.358151e+02	2.764679e-01	1.347262e-01	1.957612e+03	
22  108.348	2.388525e+00	1.390358e-01	7.694878e-01	3.062857e+00	1.002393e+00	7.403453e-02	1.163345e+00	5.771185e-02	4.131698e+00	3.020586e+00	1.000546e+00	9.633314e+00	7.241722e-01	2.459987e-01	2.133246e+00	7.887742e-01	1.045276e+00	7.698730e+01	1.358151e+02	2.764679e-01	1.347262e-01	1.957612e+03	
5  109.152	2.388525e+00	1.390358e-01	7.694878e-01	3.062857e+00	1.002393e+00	7.403453e-02	1.163345e+00	5.771185e-02	4.131698e+00	3.020586e+00	1.001807e+00	9.633314e+00	7.241722e-01	2.459987e-01	2.133246e+00	7.887742e-01	1.045276e+00	7.698730e+01	1.358151e+02	2.764679e-01	1.347262e-01	1.957612e+03	
5  109.682	2.386062e+00	1.337122e-01	7.634512e-01	3.096176e+00	9.937225e-01	8.766073e-02	9.845086e-01	1.947721e-02	4.023296e+00	2.816523e+00	1.009486e+00	1.068582e+01	7.278582e-01	2.459886e-01	2.203212e+00	8.347658e-01	1.044279e+00	7.624090e+01	1.377920e+02	2.722671e-01	1.162877e-01	1.682448e+03	
4  115.317	2.367733e+00	1.347981e-01	7.583716e-01	3.099342e+00	1.000495e+00	8.556287e-02	9.732712e-01	3.003851e-02	3.860234e+00	3.609192e+00	1.009793e+00	1.058011e+01	7.239196e-01	2.459080e-01	2.211549e+00	8.306339e-01	1.044839e+00	7.567030e+01	1.378589e+02	2.764404e-01	1.151880e-01	9.896750e+02	
5  115.673	2.372762e+00	1.334885e-01	7.604774e-01	3.060852e+00	1.005566e+00	7.367470e-02	9.462208e-01	3.924840e-02	3.868442e+00	3.431095e+00	1.003213e+00	9.486106e+00	7.278141e-01	2.459283e-01	2.129043e+00	7.993366e-01	1.044908e+00	7.595213e+01	1.381555e+02	2.726162e-01	1.122691e-01	1.052856e+03	
14  112.854	2.368693e+00	1.318749e-01	7.587251e-01	3.040560e+00	1.009526e+00	6.570371e-02	9.035127e-01	2.961235e-02	4.064901e+00	4.152647e+00	1.004216e+00	8.727457e+00	7.287728e-01	2.459193e-01	2.085887e+00	8.015379e-01	1.044385e+00	7.580647e+01	1.387231e+02	2.715684e-01	1.075076e-01	1.319507e+03	
8  110.445	2.368693e+00	1.318749e-01	7.587251e-01	3.040560e+00	1.009526e+00	6.570371e-02	9.035127e-01	2.961235e-02	4.064901e+00	4.152647e+00	9.986362e-01	8.727457e+00	7.287728e-01	2.459193e-01	2.085887e+00	8.015379e-01	1.044385e+00	7.580647e+01	1.387231e+02	2.715684e-01	1.075076e-01	1.319507e+03	
3  110.722	2.380088e+00	1.324118e-01	7.530392e-01	3.035691e+00	1.012823e+00	5.488490e-02	8.580307e-01	4.845612e-02	4.181985e+00	4.680013e+00	1.002094e+00	7.673910e+00	7.230020e-01	2.459649e-01	2.075425e+00	7.784975e-01	1.044496e+00	7.532632e+01	1.386515e+02	2.771350e-01	1.027173e-01	1.491740e+03	
22  110.26	2.380088e+00	1.324118e-01	7.530392e-01	3.035691e+00	1.012823e+00	5.488490e-02	8.580307e-01	4.845612e-02	4.181985e+00	4.680013e+00	1.004567e+00	7.673910e+00	7.230020e-01	2.459649e-01	2.075425e+00	7.784975e-01	1.044496e+00	7.532632e+01	1.386515e+02	2.771350e-01	1.027173e-01	1.491740e+03	
22  110.165	2.380088e+00	1.324118e-01	7.530392e-01	3.035691e+00	1.012823e+00	5.488490e-02	8.580307e-01	4.845612e-02	4.181985e+00	4.680013e+00	1.003876e+00	7.673910e+00	7.230020e-01	2.459649e-01	2.075425e+00	7.784975e-01	1.044496e+00	7.532632e+01	1.386515e+02	2.771350e-01	1.027173e-01	1.491740e+03	
11  110.303	2.380088e+00	1.324118e-01	7.530392e-01	3.035691e+00	1.012823e+00	5.488490e-02	8.580307e-01	4.845612e-02	4.181985e+00	4.680013e+00	1.002977e+00	7.673910e+00	7.230020e-01	2.459649e-01	2.075425e+00	7.784975e-01	1.044496e+00	7.532632e+01	1.386515e+02	2.771350e-01	1.027173e-01	1.491740e+03	
2  110.583	2.380088e+00	1.324118e-01	7.530392e-01	3.035691e+00	1.012823e+00	5.488490e-02	8.580307e-01	4.845612e-02	4.181985e+00	4.680013e+00	1.002332e+00	7.673910e+00	7.230020e-01	2.459649e-01	2.075425e+00	7.784975e-01	1.044496e+00	7.532632e+01	1.386515e+02	2.771350e-01	1.027173e-01	1.491740e+03	
9  110.353	2.368462e+00	1.267446e-01	7.497600e-01	3.043706e+00	1.011854e+00	6.340316e-02	6.800255e-01	3.430124e-02	4.217248e+00	5.296238e+00	1.000783e+00	8.437888e+00	7.305723e-01	2.459271e-01	2.095868e+00	7.829802e-01	1.044171e+00	7.499282e+01	1.408312e+02	2.692303e-01	8.322114e-02	1.399225e+03	
5  109.728	2.368462e+00	1.267446e-01	7.497600e-01	3.043706e+00	1.011854e+00	6.340316e-02	6.800255e-01	3.430124e-02	4.217248e+00	5.296238e+00	1.003130e+00	8.437888e+00	7.305723e-01	2.459271e-01	2.095868e+00	7.829802e-01	1.044171e+00	7.499282e+01	1.408312e+02	2.692303e-01	8.322114e-02	1.399225e+03	
12  111.764	2.342531e+00	1.212753e-01	7.377805e-01	3.045241e+00	1.002985e+00	7.066933e-02	4.517053e-01	1.280636e-02	4.212891e+00	5.225631e+00	9.991258e-01	9.075744e+00	7.309800e-01	2.458372e-01	2.104982e+00	7.903767e-01	1.043434e+00	7.380560e+01	1.434286e+02	2.676399e-01	5.704497e-02	1.420237e+03	
15  106.923	2.291120e+00	1.212159e-01	7.196811e-01	3.019683e+00	9.986991e-01	5.787447e-02	3.535542e-01	1.681953e-02	4.315802e+00	8.289927e+00	9.962581e-01	7.939650e+00	7.187321e-01	2.456194e-01	2.049815e+00	7.851859e-01	1.043066e+00	7.191409e+01	1.444791e+02	2.793352e-01	4.512775e-02	1.086008e+03	
1  108.7	2.291747e+00	1.219276e-01	7.282767e-01	3.016145e+00	9.990869e-01	5.717489e-02	4.267298e-01	1.273026e-02	4.311972e+00	8.025609e+00	9.968638e-01	7.879383e+00	7.243638e-01	2.456268e-01	2.043263e+00	7.864968e-01	1.043767e+00	7.278633e+01	1.439554e+02	2.741672e-01	5.397104e-02	1.092771e+03	
10  108.688	2.291747e+00	1.219276e-01	7.282767e-01	3.016145e+00	9.990869e-01	5.717489e-02	4.267298e-01	1.273026e-02	4.311972e+00	8.025609e+00	9.963110e-01	7.879383e+00	7.243638e-01	2.456268e-01	2.043263e+00	7.864968e-01	1.043767e+00	7.278633e+01	1.439554e+02	2.741672e-01	5.397104e-02	1.092771e+03	
1  107.093	2.270149e+00	1.215568e-01	7.133974e-01	3.026806e+00	9.983274e-01	5.634972e-02	3.081841e-01	2.531607e-02	4.376668e+00	8.889142e+00	9.972102e-01	7.835860e+00	7.134178e-01	2.455220e-01	2.063220e+00	7.858338e-01	1.043811e+00	7.127460e+01	1.448232e+02	2.842839e-01	3.957499e-02	1.171213e+03	
44  107.065	2.270149e+00	1.215568e-01	7.133974e-01	3.026806e+00	9.983274e-01	5.634972e-02	3.081841e-01	2.531607e-02	4.376668e+00	8.889142e+00	9.975382e-01	7.835860e+00	7.134178e-01	2.455220e-01	2.063220e+00	7.858338e-01	1.043811e+00	7.127460e+01	1.448232e+02	2.842839e-01	3.957499e-02	1.171213e+03	
33  107.141	2.270149e+00	1.215568e-01	7.133974e-01	3.026806e+00	9.983274e-01	5.634972e-02	3.081841e-01	2.531607e-02	4.376668e+00	8.889142e+00	9.982600e-01	7.835860e+00	7.134178e-01	2.455220e-01	2.063220e+00	7.858338e-01	1.043811e+00	7.127460e+01	1.448232e+02	2.842839e-01	3.957499e-02	1.171213e+03	
11  108.214	2.270149e+00	1.215568e-01	7.133974e-01	3.026806e+00	9.983274e-01	5.634972e-02	3.081841e-01	2.531607e-02	4.376668e+00	8.889142e+00	1.000126e+00	7.835860e+00	7.134178e-01	2.455220e-01	2.063220e+00	7.858338e-01	1.043811e+00	7.127460e+01	1.448232e+02	2.842839e-01	3.957499e-02	1.171213e+03	
11  107.485	2.270149e+00	1.215568e-01	7.133974e-01	3.026806e+00	9.983274e-01	5.634972e-02	3.081841e-01	2.531607e-02	4.376668e+00	8.889142e+00	9.991308e-01	7.835860e+00	7.134178e-01	2.455220e-01	2.063220e+00	7.858338e-01	1.043811e+00	7.127460e+01	1.448232e+02	2.842839e-01	3.957499e-02	1.171213e+03	
11  107.644	2.270149e+00	1.215568e-01	7.133974e-01	3.026806e+00	9.983274e-01	5.634972e-02	3.081841e-01	2.531607e-02	4.376668e+00	8.889142e+00	9.958383e-01	7.835860e+00	7.134178e-01	2.455220e-01	2.063220e+00	7.858338e-01	1.043811e+00	7.127460e+01	1.448232e+02	2.842839e-01	3.957499e-02	1.171213e+03	
11  107.094	2.270149e+00	1.215568e-01	7.133974e-01	3.026806e+00	9.983274e-01	5.634972e-02	3.081841e-01	2.531607e-02	4.376668e+00	8.889142e+00	9.972033e-01	7.835860e+00	7.134178e-01	2.455220e-01	2.063220e+00	7.858338e-01	1.043811e+00	7.127460e+01	1.448232e+02	2.842839e-01	3.957499e-02	1.171213e+03	
44  107.098	2.270149e+00	1.215568e-01	7.133974e-01	3.026806e+00	9.983274e-01	5.634972e-02	3.081841e-01	2.531607e-02	4.376668e+00	8.889142e+00	9.980426e-01	7.835860e+00	7.134178e-01	2.455220e-01	2.063220e+00	7.858338e-01	1.043811e+00	7.127460e+01	1.448232e+02	2.842839e-01	3.957499e-02	1.171213e+03	
22  107.07	2.270149e+00	1.215568e-01	7.133974e-01	3.026806e+00	9.983274e-01	5.634972e-02	3.081841e-01	2.531607e-02	4.376668e+00	8.889142e+00	9.977836e-01	7.835860e+00	7.134178e-01	2.455220e-01	2.063220e+00	7.858338e-01	1.043811e+00	7.127460e+01	1.448232e+02	2.842839e-01	3.957499e-02	1.171213e+03	
6  107.087	2.270149e+00	1.215568e-01	7.133974e-01	3.026806e+00	9.983274e-01	5.634972e-02	3.081841e-01	2.531607e-02	4.376668e+00	8.889142e+00	9.972638e-01	7.835860e+00	7.134178e-01	2.455220e-01	2.063220e+00	7.858338e-01	1.043811e+00	7.127460e+01	1.448232e+02	2.842839e-01	3.957499e-02	1.171213e+03	
5  107.443	2.295752e+00	1.282181e-01	7.398207e-01	3.004493e+00	9.947847e-01	5.254854e-02	6.975455e-01	3.064322e-02	4.213405e+00	6.267090e+00	9.939016e-01	7.496526e+00	7.221138e-01	2.456340e-01	2.015403e+00	7.748706e-01	1.044379e+00	7.391188e+01	1.411869e+02	2.774129e-01	8.496170e-02	1.166048e+03	
11  107.491	2.295752e+00	1.282181e-01	7.398207e-01	3.004493e+00	9.947847e-01	5.254854e-02	6.975455e-01	3.064322e-02	4.213405e+00	6.267090e+00	9.917493e-01	7.496526e+00	7.221138e-01	2.456340e-01	2.015403e+00	7.748706e-01	1.044379e+00	7.391188e+01	1.411869e+02	2.774129e-01	8.496170e-02	1.166048e+03	
7  107.834	2.295752e+00	1.282181e-01	7.398207e-01	3.004493e+00	9.947847e-01	5.254854e-02	6.975455e-01	3.064322e-02	4.213405e+00	6.267090e+00	9.946618e-01	7.496526e+00	7.221138e-01	2.456340e-01	2.015403e+00	7.748706e-01	1.044379e+00	7.391188e+01	1.411869e+02	2.774129e-01	8.496170e-02	1.166048e+03	
25  106.267	2.304317e+00	1.280498e-01	7.368178e-01	3.030626e+00	9.964881e-01	6.188959e-02	6.781394e-01	2.143425e-02	4.198769e+00	6.038775e+00	9.991051e-01	8.417952e+00	7.197931e-01	2.456712e-01	2.069733e+00	7.966572e-01	1.043763e+00	7.357965e+01	1.412367e+02	2.798335e-01	8.285853e-02	1.180387e+03	
12  106.313	2.348071e+00	1.283127e-01	7.529977e-01	3.016566e+00	9.949269e-01	6.174468e-02	8.008552e-01	1.387635e-02	4.182159e+00	4.957033e+00	9.971532e-01	8.310162e+00	7.305379e-01	2.458434e-01	2.037598e+00	7.958461e-01	1.043267e+00	7.520917e+01	1.401883e+02	2.691689e-01	9.625336e-02	1.429972e+03	
2  106.101	2.348071e+00	1.283127e-01	7.529977e-01	3.016566e+00	9.949269e-01	6.174468e-02	8.008552e-01	1.387635e-02	4.182159e+00	4.957033e+00	9.953949e-01	8.310162e+00	7.305379e-01	2.458434e-01	2.037598e+00	7.958461e-01	1.043267e+00	7.520917e+01	1.401883e+02	2.691689e-01	9.625336e-02	1.429972e+03	
9  105.196	2.318801e+00	1.246965e-01	7.389868e-01	3.030711e+00	9.877516e-01	6.813516e-02	6.119519e-01	1.063103e-03	4.111138e+00	6.455419e+00	9.954067e-01	8.902401e+00	7.272019e-01	2.457358e-01	2.071188e+00	8.086805e-01	1.042773e+00	7.375924e+01	1.422132e+02	2.721953e-01	7.540805e-02	9.303850e+02	
19  105.384	2.318801e+00	1.246965e-01	7.389868e-01	3.030711e+00	9.877516e-01	6.813516e-02	6.119519e-01	1.063103e-03	4.111138e+00	6.455419e+00	9.947433e-01	8.902401e+00	7.272019e-01	2.457358e-01	2.071188e+00	8.086805e-01	1.042773e+00	7.375924e+01	1.422132e+02	2.721953e-01	7.540805e-02	9.303850e+02	
1  107.33	2.289590e+00	1.252305e-01	7.246101e-01	3.036741e+00	9.875018e-01	6.953465e-02	5.327936e-01	1.085142e-02	4.092905e+00	7.204863e+00	9.922094e-01	9.127573e+00	7.158241e-01	2.456187e-01	2.085452e+00	8.017204e-01	1.042667e+00	7.234848e+01	1.427247e+02	2.836173e-01	6.643254e-02	7.815868e+02	
24  107.387	2.313824e+00	1.286964e-01	7.255815e-01	3.060745e+00	9.833806e-01	7.340450e-02	6.314592e-01	2.508534e-02	4.172593e+00	4.736875e+00	9.970476e-01	9.515088e+00	7.085422e-01	2.457167e-01	2.135480e+00	7.987233e-01	1.042440e+00	7.247362e+01	1.411572e+02	2.907006e-01	7.770613e-02	1.462637e+03	
11  107.234	2.313824e+00	1.286964e-01	7.255815e-01	3.060745e+00	9.833806e-01	7.340450e-02	6.314592e-01	2.508534e-02	4.172593e+00	4.736875e+00	9.984124e-01	9.515088e+00	7.085422e-01	2.457167e-01	2.135480e+00	7.987233e-01	1.042440e+00	7.247362e+01	1.411572e+02	2.907006e-01	7.770613e-02	1.462637e+03	
22  107.289	2.313824e+00	1.286964e-01	7.255815e-01	3.060745e+00	9.833806e-01	7.340450e-02	6.314592e-01	2.508534e-02	4.172593e+00	4.736875e+00	9.987059e-01	9.515088e+00	7.085422e-01	2.457167e-01	2.135480e+00	7.987233e-01	1.042440e+00	7.247362e+01	1.411572e+02	2.907006e-01	7.770613e-02	1.462637e+03	
8  108.111	2.313824e+00	1.286964e-01	7.255815e-01	3.060745e+00	9.833806e-01	7.340450e-02	6.314592e-01	2.508534e-02	4.172593e+00	4.736875e+00	9.958202e-01	9.515088e+00	7.085422e-01	2.457167e-01	2.135480e+00	7.987233e-01	1.042440e+00	7.247362e+01	1.411572e+02	2.907006e-01	7.770613e-02	1.462637e+03	
14  108.643	2.282144e+00	1.285187e-01	7.101742e-01	3.075653e+00	9.840772e-01	8.361444e-02	5.292025e-01	1.896448e-02	4.144307e+00	5.294686e+00	9.917520e-01	1.052579e+01	6.964294e-01	2.455907e-01	2.170359e+00	8.150002e-01	1.042072e+00	7.089432e+01	1.420113e+02	3.027792e-01	6.600323e-02	1.226992e+03	
11  108.596	2.282144e+00	1.285187e-01	7.101742e-01	3.075653e+00	9.840772e-01	8.361444e-02	5.292025e-01	1.896448e-02	4.144307e+00	5.294686e+00	9.950492e-01	1.052579e+01	6.964294e-01	2.455907e-01	2.170359e+00	8.150002e-01	1.042072e+00	7.089432e+01	1.420113e+02	3.027792e-01	6.600323e-02	1.226992e+03	
11  108.452	2.282144e+00	1.285187e-01	7.101742e-01	3.075653e+00	9.840772e-01	8.361444e-02	5.292025e-01	1.896448e-02	4.144307e+00	5.294686e+00	9.947746e-01	1.052579e+01	6.964294e-01	2.455907e-01	2.170359e+00	8.150002e-01	1.042072e+00	7.089432e+01	1.420113e+02	3.027792e-01	6.600323e-02	1.226992e+03	
16  108.636	2.282144e+00	1.285187e-01	7.101742e-01	3.075653e+00	9.840772e-01	8.361444e-02	5.292025e-01	1.896448e-02	4.144307e+00	5.294686e+00	9.951154e-01	1.052579e+01	6.964294e-01	2.455907e-01	2.170359e+00	8.150002e-01	1.042072e+00	7.089432e+01	1.420113e+02	3.027792e-01	6.600323e-02	1.226992e+03	
17  107.225	2.282612e+00	1.329560e-01	7.119072e-01	3.068271e+00	9.815255e-01	7.602039e-02	6.592330e-01	3.263727e-02	4.200506e+00	5.687074e+00	9.956282e-01	9.915009e+00	6.896197e-01	2.455838e-01	2.151728e+00	8.090930e-01	1.042704e+00	7.101847e+01	1.404095e+02	3.099033e-01	8.078402e-02	1.258360e+03	
11  106.418	2.282612e+00	1.329560e-01	7.119072e-01	3.068271e+00	9.815255e-01	7.602039e-02	6.592330e-01	3.263727e-02	4.200506e+00	5.687074e+00	9.930097e-01	9.915009e+00	6.896197e-01	2.455838e-01	2.151728e+00	8.090930e-01	1.042704e+00	7.101847e+01	1.404095e+02	3.099033e-01	8.078402e-02	1.258360e+03	
22  106.742	2.282612e+00	1.329560e-01	7.119072e-01	3.068271e+00	9.815255e-01	7.602039e-02	6.592330e-01	3.263727e-02	4.200506e+00	5.687074e+00	9.920684e-01	9.915009e+00	6.896197e-01	2.455838e-01	2.151728e+00	8.090930e-01	1.042704e+00	7.101847e+01	1.404095e+02	3.099033e-01	8.078402e-02	1.258360e+03	
22  106.93	2.282612e+00	1.329560e-01	7.119072e-01	3.068271e+00	9.815255e-01	7.602039e-02	6.592330e-01	3.263727e-02	4.200506e+00	5.687074e+00	9.917495e-01	9.915009e+00	6.896197e-01	2.455838e-01	2.151728e+00	8.090930e-01	1.042704e+00	7.101847e+01	1.404095e+02	3.099033e-01	8.078402e-02	1.258360e+03	
22  107.586	2.282612e+00	1.329560e-01	7.119072e-01	3.068271e+00	9.815255e-01	7.602039e-02	6.592330e-01	3.263727e-02	4.200506e+00	5.687074e+00	9.909237e-01	9.915009e+00	6.896197e-01	2.455838e-01	2.151728e+00	8.090930e-01	1.042704e+00	7.101847e+01	1.404095e+02	3.099033e-01	8.078402e-02	1.258360e+03	
1  108.12	2.282612e+00	1.329560e-01	7.119072e-01	3.068271e+00	9.815255e-01	7.602039e-02	6.592330e-01	3.263727e-02	4.200506e+00	5.687074e+00	9.965662e-01	9.915009e+00	6.896197e-01	2.455838e-01	2.151728e+00	8.090930e-01	1.042704e+00	7.101847e+01	1.404095e+02	3.099033e-01	8.078402e-02	1.258360e+03	
10  108.47	2.304106e+00	1.360145e-01	7.059281e-01	3.066463e+00	9.833656e-01	6.837431e-02	6.758635e-01	4.452055e-02	4.367250e+00	5.050924e+00	9.989733e-01	9.248518e+00	6.765649e-01	2.456981e-01	2.148863e+00	8.015536e-01	1.042770e+00	7.055976e+01	1.393760e+02	3.225650e-01	8.272336e-02	2.115467e+03	
3  108.468	2.304106e+00	1.360145e-01	7.059281e-01	3.066463e+00	9.833656e-01	6.837431e-02	6.758635e-01	4.452055e-02	4.367250e+00	5.050924e+00	9.982154e-01	9.248518e+00	6.765649e-01	2.456981e-01	2.148863e+00	8.015536e-01	1.042770e+00	7.055976e+01	1.393760e+02	3.225650e-01	8.272336e-02	2.115467e+03	
8  108.234	2.345693e+00	1.335499e-01	7.328245e-01	3.050373e+00	9.848120e-01	6.904108e-02	7.851299e-01	4.265906e-02	4.165378e+00	3.521658e+00	9.954133e-01	9.143909e+00	7.046310e-01	2.458429e-01	2.110988e+00	7.867263e-01	1.043270e+00	7.325050e+01	1.390040e+02	2.947886e-01	9.487819e-02	1.941991e+03	
9  109.198	2.345693e+00	1.335499e-01	7.328245e-01	3.050373e+00	9.848120e-01	6.904108e-02	7.851299e-01	4.265906e-02	4.165378e+00	3.521658e+00	9.927981e-01	9.143909e+00	7.046310e-01	2.458429e-01	2.110988e+00	7.867263e-01	1.043270e+00	7.325050e+01	1.390040e+02	2.947886e-01	9.487819e-02	1.941991e+03	
2  108.551	2.343526e+00	1.284788e-01	7.425844e-01	3.041270e+00	9.766193e-01	6.352129e-02	7.405905e-01	2.021332e-02	4.211721e+00	5.160468e+00	1.000008e+00	8.486216e+00	7.222139e-01	2.458280e-01	2.090521e+00	7.911335e-01	1.042686e+00	7.416107e+01	1.404489e+02	2.770537e-01	8.969372e-02	1.452275e+03	
4  108.428	2.343526e+00	1.284788e-01	7.425844e-01	3.041270e+00	9.766193e-01	6.352129e-02	7.405905e-01	2.021332e-02	4.211721e+00	5.160468e+00	1.001491e+00	8.486216e+00	7.222139e-01	2.458280e-01	2.090521e+00	7.911335e-01	1.042686e+00	7.416107e+01	1.404489e+02	2.770537e-01	8.969372e-02	1.452275e+03	
5  109.887	2.373005e+00	1.300341e-01	7.580862e-01	3.038009e+00	9.812071e-01	6.360041e-02	8.904529e-01	2.377818e-02	4.191348e+00	3.463113e+00	1.002433e+00	8.491608e+00	7.299922e-01	2.459443e-01	2.079971e+00	7.859864e-01	1.042761e+00	7.579942e+01	1.390775e+02	2.693777e-01	1.060103e-01	2.092433e+03	
2  109.425	2.380124e+00	1.298376e-01	7.769685e-01	3.013308e+00	9.785944e-01	6.082235e-02	1.036694e+00	1.190043e-02	4.151765e+00	3.478564e+00	9.994514e-01	8.186895e+00	7.440144e-01	2.459605e-01	2.026007e+00	7.865468e-01	1.042806e+00	7.766945e+01	1.384567e+02	2.558412e-01	1.210654e-01	1.906442e+03	
11  109.425	2.380124e+00	1.298376e-01	7.769685e-01	3.013308e+00	9.785944e-01	6.082235e-02	1.036694e+00	1.190043e-02	4.151765e+00	3.478564e+00	9.994809e-01	8.186895e+00	7.440144e-01	2.459605e-01	2.026007e+00	7.865468e-01	1.042806e+00	7.766945e+01	1.384567e+02	2.558412e-01	1.210654e-01	1.906442e+03	
26  109.428	2.380124e+00	1.298376e-01	7.769685e-01	3.013308e+00	9.785944e-01	6.082235e-02	1.036694e+00	1.190043e-02	4.151765e+00	3.478564e+00	9.996296e-01	8.186895e+00	7.440144e-01	2.459605e-01	2.026007e+00	7.865468e-01	1.042806e+00	7.766945e+01	1.384567e+02	2.558412e-01	1.210654e-01	1.906442e+03	
8  111.037	2.355361e+00	1.269552e-01	7.694431e-01	3.005872e+00	9.804872e-01	5.828488e-02	9.044812e-01	1.078862e-02	4.078420e+00	4.855652e+00	9.977695e-01	7.918678e+00	7.447721e-01	2.458643e-01	2.013080e+00	7.834339e-01	1.042909e+00	7.684034e+01	1.400225e+02	2.548268e-01	1.071134e-01	1.195068e+03	
4  111.055	2.360336e+00	1.269949e-01	7.699833e-01	3.010455e+00	9.812996e-01	6.246048e-02	8.862327e-01	1.350157e-02	4.260247e+00	3.233357e+00	9.954973e-01	8.381252e+00	7.434301e-01	2.458951e-01	2.021782e+00	7.763979e-01	1.043522e+00	7.707098e+01	1.398672e+02	2.556174e-01	1.053196e-01	2.603340e+03	
6  111.096	2.321630e+00	1.278400e-01	7.446862e-01	3.042292e+00	9.804110e-01	7.118798e-02	7.180253e-01	2.294971e-02	4.206936e+00	3.463172e+00	9.948672e-01	9.295503e+00	7.243176e-01	2.457434e-01	2.093976e+00	7.871891e-01	1.043921e+00	7.447441e+01	1.408306e+02	2.744875e-01	8.726446e-02	2.162648e+03	
1  111.122	2.321630e+00	1.278400e-01	7.446862e-01	3.042292e+00	9.804110e-01	7.118798e-02	7.180253e-01	2.294971e-02	4.206936e+00	3.463172e+00	9.948237e-01	9.295503e+00	7.243176e-01	2.457434e-01	2.093976e+00	7.871891e-01	1.043921e+00	7.447441e+01	1.408306e+02	2.744875e-01	8.726446e-02	2.162648e+03	
1  109.119	2.296300e+00	1.266336e-01	7.353950e-01	3.028474e+00	9.737544e-01	6.277850e-02	6.591015e-01	6.093259e-04	4.332918e+00	6.160841e+00	9.991532e-01	8.472007e+00	7.204611e-01	2.456448e-01	2.066681e+00	8.067163e-01	1.042860e+00	7.341299e+01	1.417468e+02	2.781984e-01	8.051935e-02	1.545505e+03	
1  105.286	2.342542e+00	1.290439e-01	7.461238e-01	3.029407e+00	9.765695e-01	5.486451e-02	7.936927e-01	1.048315e-02	4.528384e+00	6.536038e+00	1.007002e+00	7.655606e+00	7.234077e-01	2.458359e-01	2.063492e+00	7.966201e-01	1.042683e+00	7.457361e+01	1.400986e+02	2.751820e-01	9.531892e-02	2.236677e+03	
11  107.2	2.351948e+00	1.296737e-01	7.512965e-01	3.035582e+00	9.839320e-01	6.011022e-02	8.360966e-01	5.035060e-03	4.344437e+00	5.817249e+00	1.006311e+00	8.155306e+00	7.263820e-01	2.458666e-01	2.075723e+00	8.130507e-01	1.042965e+00	7.501768e+01	1.397039e+02	2.730232e-01	9.991504e-02	1.685624e+03	
19  106.897	2.296528e+00	1.297858e-01	7.161454e-01	3.070453e+00	9.735921e-01	6.932084e-02	6.046923e-01	7.419768e-03	4.488035e+00	6.463331e+00	1.006913e+00	9.206341e+00	6.978511e-01	2.456689e-01	2.157043e+00	8.214719e-01	1.042387e+00	7.155808e+01	1.412250e+02	3.005169e-01	7.454288e-02	2.070790e+03	
16  108.221	2.296528e+00	1.297858e-01	7.161454e-01	3.070453e+00	9.735921e-01	6.932084e-02	6.046923e-01	7.419768e-03	4.488035e+00	6.463331e+00	1.010888e+00	9.206341e+00	6.978511e-01	2.456689e-01	2.157043e+00	8.214719e-01	1.042387e+00	7.155808e+01	1.412250e+02	3.005169e-01	7.454288e-02	2.070790e+03	
6  106.371	2.307189e+00	1.346292e-01	7.270918e-01	3.071212e+00	9.764929e-01	7.330599e-02	8.082757e-01	1.235801e-02	4.376351e+00	5.667705e+00	1.007419e+00	9.621646e+00	6.983410e-01	2.456887e-01	2.155275e+00	8.348587e-01	1.043176e+00	7.252010e+01	1.391595e+02	3.011510e-01	9.715528e-02	1.850188e+03	
22  105.052	2.307189e+00	1.346292e-01	7.270918e-01	3.071212e+00	9.764929e-01	7.330599e-02	8.082757e-01	1.235801e-02	4.376351e+00	5.667705e+00	1.006080e+00	9.621646e+00	6.983410e-01	2.456887e-01	2.155275e+00	8.348587e-01	1.043176e+00	7.252010e+01	1.391595e+02	3.011510e-01	9.715528e-02	1.850188e+03	
110  104.484	2.307189e+00	1.346292e-01	7.270918e-01	3.071212e+00	9.764929e-01	7.330599e-02	8.082757e-01	1.235801e-02	4.376351e+00	5.667705e+00	1.005079e+00	9.621646e+00	6.983410e-01	2.456887e-01	2.155275e+00	8.348587e-01	1.043176e+00	7.252010e+01	1.391595e+02	3.011510e-01	9.715528e-02	1.850188e+03	
11  104.53	2.307189e+00	1.346292e-01	7.270918e-01	3.071212e+00	9.764929e-01	7.330599e-02	8.082757e-01	1.235801e-02	4.376351e+00	5.667705e+00	1.005191e+00	9.621646e+00	6.983410e-01	2.456887e-01	2.155275e+00	8.348587e-01	1.043176e+00	7.252010e+01	1.391595e+02	3.011510e-01	9.715528e-02	1.850188e+03	
10  104.35	2.307189e+00	1.346292e-01	7.270918e-01	3.071212e+00	9.764929e-01	7.330599e-02	8.082757e-01	1.235801e-02	4.376351e+00	5.667705e+00	1.004652e+00	9.621646e+00	6.983410e-01	2.456887e-01	2.155275e+00	8.348587e-01	1.043176e+00	7.252010e+01	1.391595e+02	3.011510e-01	9.715528e-02	1.850188e+03	
12  107.77	2.313939e+00	1.334489e-01	7.420935e-01	3.071952e+00	9.760814e-01	7.641146e-02	8.787218e-01	1.131306e-02	4.134195e+00	5.510861e+00	1.004338e+00	9.843739e+00	7.139052e-01	2.456973e-01	2.153769e+00	8.349729e-01	1.043757e+00	7.397875e+01	1.391137e+02	2.858637e-01	1.047055e-01	1.154391e+03	
9  107.069	2.313939e+00	1.334489e-01	7.420935e-01	3.071952e+00	9.760814e-01	7.641146e-02	8.787218e-01	1.131306e-02	4.134195e+00	5.510861e+00	1.001303e+00	9.843739e+00	7.139052e-01	2.456973e-01	2.153769e+00	8.349729e-01	1.043757e+00	7.397875e+01	1.391137e+02	2.858637e-01	1.047055e-01	1.154391e+03	
11  109.335	2.351717e+00	1.322512e-01	7.602240e-01	3.062689e+00	9.735437e-01	8.015104e-02	9.949753e-01	3.701644e-04	4.119071e+00	4.375585e+00	9.999217e-01	1.004883e+01	7.289982e-01	2.458429e-01	2.130306e+00	8.349417e-01	1.042780e+00	7.585123e+01	1.384871e+02	2.710429e-01	1.170650e-01	1.456581e+03	
2  110.12	2.319925e+00	1.291874e-01	7.417648e-01	3.067606e+00	9.782863e-01	8.431324e-02	7.772856e-01	3.279316e-04	3.998254e+00	4.163582e+00	9.959149e-01	1.043657e+01	7.204779e-01	2.457202e-01	2.144913e+00	8.349249e-01	1.042569e+00	7.395987e+01	1.404346e+02	2.787839e-01	9.390046e-02	1.224509e+03	
5  109.955	2.319925e+00	1.291874e-01	7.417648e-01	3.067606e+00	9.782863e-01	8.431324e-02	7.772856e-01	3.279316e-04	3.998254e+00	4.163582e+00	9.963144e-01	1.043657e+01	7.204779e-01	2.457202e-01	2.144913e+00	8.349249e-01	1.042569e+00	7.395987e+01	1.404346e+02	2.787839e-01	9.390046e-02	1.224509e+03	
78  103.592	2.284783e+00	1.270200e-01	7.237354e-01	3.083488e+00	9.821228e-01	8.388658e-02	5.638794e-01	8.197637e-03	4.005216e+00	5.127811e+00	9.987543e-01	1.048507e+01	7.110010e-01	2.455910e-01	2.185767e+00	8.286277e-01	1.043295e+00	7.220780e+01	1.422186e+02	2.881158e-01	7.006179e-02	9.660508e+02	
17  109.978	2.270981e+00	1.339175e-01	6.999114e-01	3.099849e+00	9.699058e-01	7.963399e-02	5.698369e-01	2.630286e-02	4.340462e+00	5.577523e+00	1.000591e+00	1.033824e+01	6.752283e-01	2.455629e-01	2.224389e+00	8.277866e-01	1.043408e+00	6.985948e+01	1.406823e+02	3.236835e-01	7.045688e-02	1.728712e+03	
10  108.596	2.263240e+00	1.327895e-01	7.141581e-01	3.082290e+00	9.693876e-01	8.441199e-02	6.865024e-01	4.094245e-04	4.348672e+00	5.690814e+00	9.969063e-01	1.071551e+01	6.905175e-01	2.455045e-01	2.182082e+00	8.501843e-01	1.042921e+00	7.116924e+01	1.405577e+02	3.083625e-01	8.366695e-02	1.754034e+03	
11  108.217	2.263240e+00	1.327895e-01	7.141581e-01	3.082290e+00	9.693876e-01	8.441199e-02	6.865024e-01	4.094245e-04	4.348672e+00	5.690814e+00	9.998979e-01	1.071551e+01	6.905175e-01	2.455045e-01	2.182082e+00	8.501843e-01	1.042921e+00	7.116924e+01	1.405577e+02	3.083625e-01	8.366695e-02	1.754034e+03	
11  108.819	2.263240e+00	1.327895e-01	7.141581e-01	3.082290e+00	9.693876e-01	8.441199e-02	6.865024e-01	4.094245e-04	4.348672e+00	5.690814e+00	1.000898e+00	1.071551e+01	6.905175e-01	2.455045e-01	2.182082e+00	8.501843e-01	1.042921e+00	7.116924e+01	1.405577e+02	3.083625e-01	8.366695e-02	1.754034e+03	
9  109.301	2.263240e+00	1.327895e-01	7.141581e-01	3.082290e+00	9.693876e-01	8.441199e-02	6.865024e-01	4.094245e-04	4.348672e+00	5.690814e+00	1.001448e+00	1.071551e+01	6.905175e-01	2.455045e-01	2.182082e+00	8.501843e-01	1.042921e+00	7.116924e+01	1.405577e+02	3.083625e-01	8.366695e-02	1.754034e+03	
35  108.127	2.265187e+00	1.295303e-01	7.206989e-01	3.071854e+00	9.766571e-01	8.790635e-02	6.341036e-01	6.063925e-03	4.140492e+00	4.969667e+00	9.945910e-01	1.094374e+01	7.032970e-01	2.455018e-01	2.159328e+00	8.336966e-01	1.043198e+00	7.185631e+01	1.415209e+02	2.955388e-01	7.786988e-02	1.337308e+03	
3  105.982	2.265187e+00	1.295303e-01	7.206989e-01	3.071854e+00	9.766571e-01	8.790635e-02	6.341036e-01	6.063925e-03	4.140492e+00	4.969667e+00	9.917463e-01	1.094374e+01	7.032970e-01	2.455018e-01	2.159328e+00	8.336966e-01	1.043198e+00	7.185631e+01	1.415209e+02	2.955388e-01	7.786988e-02	1.337308e+03	
8  107.1	2.305630e+00	1.282989e-01	7.379465e-01	3.080128e+00	9.730426e-01	9.002660e-02	6.954634e-01	3.134129e-03	3.994174e+00	4.047000e+00	9.955652e-01	1.095848e+01	7.189355e-01	2.456588e-01	2.173533e+00	8.334801e-01	1.043705e+00	7.359590e+01	1.411295e+02	2.799237e-01	8.482698e-02	1.244468e+03	
1  107.056	2.305630e+00	1.282989e-01	7.379465e-01	3.080128e+00	9.730426e-01	9.002660e-02	6.954634e-01	3.134129e-03	3.994174e+00	4.047000e+00	9.948185e-01	1.095848e+01	7.189355e-01	2.456588e-01	2.173533e+00	8.334801e-01	1.043705e+00	7.359590e+01	1.411295e+02	2.799237e-01	8.482698e-02	1.244468e+03	
7  107.87	2.298923e+00	1.278497e-01	7.201751e-01	3.082121e+00	9.789237e-01	9.061779e-02	5.475310e-01	9.537994e-03	4.093489e+00	4.028971e+00	9.917098e-01	1.106497e+01	7.049490e-01	2.456568e-01	2.184089e+00	8.237442e-01	1.043147e+00	7.190531e+01	1.418987e+02	2.938016e-01	6.807613e-02	1.480104e+03	
3  106.87	2.292549e+00	1.254763e-01	7.200869e-01	3.080190e+00	9.836806e-01	8.742878e-02	4.868797e-01	6.271028e-03	4.075038e+00	4.819290e+00	9.951105e-01	1.075599e+01	7.102764e-01	2.456326e-01	2.181079e+00	8.225793e-01	1.042955e+00	7.191286e+01	1.428249e+02	2.886168e-01	6.112660e-02	1.184489e+03	
5  106.961	2.292549e+00	1.254763e-01	7.200869e-01	3.080190e+00	9.836806e-01	8.742878e-02	4.868797e-01	6.271028e-03	4.075038e+00	4.819290e+00	9.946398e-01	1.075599e+01	7.102764e-01	2.456326e-01	2.181079e+00	8.225793e-01	1.042955e+00	7.191286e+01	1.428249e+02	2.886168e-01	6.112660e-02	1.184489e+03	
17  105.757	2.280618e+00	1.282181e-01	7.175278e-01	3.068000e+00	9.773148e-01	8.341144e-02	5.583656e-01	5.175629e-03	4.143018e+00	5.959244e+00	9.919480e-01	1.047436e+01	7.034075e-01	2.455769e-01	2.152785e+00	8.286966e-01	1.043043e+00	7.157403e+01	1.420087e+02	2.955769e-01	6.933081e-02	1.088495e+03	
22  107.573	2.280618e+00	1.282181e-01	7.175278e-01	3.068000e+00	9.773148e-01	8.341144e-02	5.583656e-01	5.175629e-03	4.143018e+00	5.959244e+00	9.889478e-01	1.047436e+01	7.034075e-01	2.455769e-01	2.152785e+00	8.286966e-01	1.043043e+00	7.157403e+01	1.420087e+02	2.955769e-01	6.933081e-02	1.088495e+03	
66  106.085	2.280618e+00	1.282181e-01	7.175278e-01	3.068000e+00	9.773148e-01	8.341144e-02	5.583656e-01	5.175629e-03	4.143018e+00	5.959244e+00	9.907293e-01	1.047436e+01	7.034075e-01	2.455769e-01	2.152785e+00	8.286966e-01	1.043043e+00	7.157403e+01	1.420087e+02	2.955769e-01	6.933081e-02	1.088495e+03	
22  105.888	2.280618e+00	1.282181e-01	7.175278e-01	3.068000e+00	9.773148e-01	8.341144e-02	5.583656e-01	5.175629e-03	4.143018e+00	5.959244e+00	9.912135e-01	1.047436e+01	7.034075e-01	2.455769e-01	2.152785e+00	8.286966e-01	1.043043e+00	7.157403e+01	1.420087e+02	2.955769e-01	6.933081e-02	1.088495e+03	
11  105.781	2.280618e+00	1.282181e-01	7.175278e-01	3.068000e+00	9.773148e-01	8.341144e-02	5.583656e-01	5.175629e-03	4.143018e+00	5.959244e+00	9.916789e-01	1.047436e+01	7.034075e-01	2.455769e-01	2.152785e+00	8.286966e-01	1.043043e+00	7.157403e+01	1.420087e+02	2.955769e-01	6.933081e-02	1.088495e+03	
11  106.187	2.280618e+00	1.282181e-01	7.175278e-01	3.068000e+00	9.773148e-01	8.341144e-02	5.583656e-01	5.175629e-03	4.143018e+00	5.959244e+00	9.905400e-01	1.047436e+01	7.034075e-01	2.455769e-01	2.152785e+00	8.286966e-01	1.043043e+00	7.157403e+01	1.420087e+02	2.955769e-01	6.933081e-02	1.088495e+03	
1  106.987	2.280618e+00	1.282181e-01	7.175278e-01	3.068000e+00	9.773148e-01	8.341144e-02	5.583656e-01	5.175629e-03	4.143018e+00	5.959244e+00	9.894950e-01	1.047436e+01	7.034075e-01	2.455769e-01	2.152785e+00	8.286966e-01	1.043043e+00	7.157403e+01	1.420087e+02	2.955769e-01	6.933081e-02	1.088495e+03	
10  106.126	2.293613e+00	1.249178e-01	7.247826e-01	3.075778e+00	9.831357e-01	8.067851e-02	4.948032e-01	9.249181e-03	4.132044e+00	5.727376e+00	9.961913e-01	1.014505e+01	7.156622e-01	2.456352e-01	2.170496e+00	8.158666e-01	1.043520e+00	7.239382e+01	1.429114e+02	2.833649e-01	6.204459e-02	1.089099e+03	
22  104.339	2.293613e+00	1.249178e-01	7.247826e-01	3.075778e+00	9.831357e-01	8.067851e-02	4.948032e-01	9.249181e-03	4.132044e+00	5.727376e+00	9.984818e-01	1.014505e+01	7.156622e-01	2.456352e-01	2.170496e+00	8.158666e-01	1.043520e+00	7.239382e+01	1.429114e+02	2.833649e-01	6.204459e-02	1.089099e+03	
61  104.187	2.293613e+00	1.249178e-01	7.247826e-01	3.075778e+00	9.831357e-01	8.067851e-02	4.948032e-01	9.249181e-03	4.132044e+00	5.727376e+00	9.991071e-01	1.014505e+01	7.156622e-01	2.456352e-01	2.170496e+00	8.158666e-01	1.043520e+00	7.239382e+01	1.429114e+02	2.833649e-01	6.204459e-02	1.089099e+03	
5  105.471	2.308241e+00	1.273392e-01	7.296219e-01	3.067274e+00	9.962149e-01	7.203201e-02	5.892218e-01	2.772352e-02	3.998307e+00	6.039157e+00	1.001240e+00	9.372309e+00	7.157444e-01	2.456882e-01	2.148757e+00	8.003081e-01	1.043833e+00	7.285547e+01	1.417580e+02	2.841018e-01	7.299356e-02	7.771953e+02	
22  105.42	2.308241e+00	1.273392e-01	7.296219e-01	3.067274e+00	9.962149e-01	7.203201e-02	5.892218e-01	2.772352e-02	3.998307e+00	6.039157e+00	1.000909e+00	9.372309e+00	7.157444e-01	2.456882e-01	2.148757e+00	8.003081e-01	1.043833e+00	7.285547e+01	1.417580e+02	2.841018e-01	7.299356e-02	7.771953e+02	
9  106.41	2.308241e+00	1.273392e-01	7.296219e-01	3.067274e+00	9.962149e-01	7.203201e-02	5.892218e-01	2.772352e-02	3.998307e+00	6.039157e+00	1.003020e+00	9.372309e+00	7.157444e-01	2.456882e-01	2.148757e+00	8.003081e-01	1.043833e+00	7.285547e+01	1.417580e+02	2.841018e-01	7.299356e-02	7.771953e+02	
24  104.412	2.296728e+00	1.233350e-01	7.249501e-01	3.103950e+00	9.886739e-01	8.906310e-02	4.516728e-01	1.086465e-02	4.013688e+00	4.561151e+00	1.006316e+00	1.085551e+01	7.184125e-01	2.456509e-01	2.232911e+00	8.211669e-01	1.043226e+00	7.243937e+01	1.434502e+02	2.805200e-01	5.694477e-02	1.082159e+03	
24  104.395	2.296728e+00	1.233350e-01	7.249501e-01	3.103950e+00	9.886739e-01	8.906310e-02	4.516728e-01	1.086465e-02	4.013688e+00	4.561151e+00	1.004718e+00	1.085551e+01	7.184125e-01	2.456509e-01	2.232911e+00	8.211669e-01	1.043226e+00	7.243937e+01	1.434502e+02	2.805200e-01	5.694477e-02	1.082159e+03	
1  104.303	2.287368e+00	1.250391e-01	7.202320e-01	3.102182e+00	9.812095e-01	8.429770e-02	4.861525e-01	1.020135e-02	4.124508e+00	4.993103e+00	1.007668e+00	1.050585e+01	7.112347e-01	2.456170e-01	2.228674e+00	8.230586e-01	1.042769e+00	7.194701e+01	1.429721e+02	2.875755e-01	6.094795e-02	1.232010e+03	
12  105.732	2.303927e+00	1.255854e-01	7.225855e-01	3.066990e+00	9.831121e-01	7.333499e-02	5.085978e-01	1.085924e-02	4.168532e+00	6.990200e+00	1.001707e+00	9.459459e+00	7.129034e-01	2.456811e-01	2.150060e+00	8.124409e-01	1.042858e+00	7.216272e+01	1.425849e+02	2.863680e-01	6.364848e-02	9.339359e+02	
7  108.966	2.273645e+00	1.244101e-01	7.022606e-01	3.096710e+00	9.889871e-01	7.786094e-02	3.148499e-01	3.042213e-02	4.266880e+00	8.671635e+00	1.004083e+00	9.968255e+00	6.988006e-01	2.455468e-01	2.212267e+00	8.064442e-01	1.043265e+00	7.021348e+01	1.440575e+02	3.002340e-01	4.042014e-02	9.426575e+02	
8  109.029	2.273645e+00	1.244101e-01	7.022606e-01	3.096710e+00	9.889871e-01	7.786094e-02	3.148499e-01	3.042213e-02	4.266880e+00	8.671635e+00	1.003271e+00	9.968255e+00	6.988006e-01	2.455468e-01	2.212267e+00	8.064442e-01	1.043265e+00	7.021348e+01	1.440575e+02	3.002340e-01	4.042014e-02	9.426575e+02	
3  108.856	2.301674e+00	1.232693e-01	7.294182e-01	3.079879e+00	9.956631e-01	7.104422e-02	4.663134e-01	3.419368e-02	4.020467e+00	7.264803e+00	1.006224e+00	9.237525e+00	7.235948e-01	2.456623e-01	2.175578e+00	7.827227e-01	1.043942e+00	7.292502e+01	1.433267e+02	2.761149e-01	5.872784e-02	6.538531e+02	
1  109.281	2.301674e+00	1.232693e-01	7.294182e-01	3.079879e+00	9.956631e-01	7.104422e-02	4.663134e-01	3.419368e-02	4.020467e+00	7.264803e+00	1.005227e+00	9.237525e+00	7.235948e-01	2.456623e-01	2.175578e+00	7.827227e-01	1.043942e+00	7.292502e+01	1.433267e+02	2.761149e-01	5.872784e-02	6.538531e+02	
