6  108.527	2.280187e+00	1.358330e-01	6.899048e-01	3.090550e+00	9.416244e-01	7.083343e-02	5.913164e-01	5.878013e-01	3.942806e+00	1.004857e+00	9.478156e+00	6.647836e-01	2.455659e-01	2.197382e+00	8.536333e-01	1.041350e+00	6.898379e+01	1.399855e+02	3.345854e-01	7.352830e-02	-2.221653e-13	
8  108.233	2.346959e+00	1.372647e-01	7.282024e-01	3.068461e+00	9.573914e-01	5.885511e-02	8.995659e-01	6.688615e-01	4.819641e+00	1.012804e+00	8.213375e+00	6.950735e-01	2.458463e-01	2.150682e+00	8.442201e-01	1.041932e+00	7.280803e+01	1.376734e+02	3.045990e-01	1.075054e-01	-4.057493e-14	
5  109.684	2.332662e+00	1.452476e-01	7.588060e-01	3.021251e+00	9.535290e-01	4.545903e-02	1.418515e+00	5.601890e-01	4.263811e+00	1.009288e+00	6.976911e+00	7.056046e-01	2.457853e-01	2.050576e+00	8.328341e-01	1.042184e+00	7.590571e+01	1.340818e+02	2.940475e-01	1.597981e-01	-2.243323e-13	
2  107.596	2.333407e+00	1.410208e-01	7.652393e-01	2.976652e+00	9.603009e-01	3.046583e-02	1.338521e+00	9.666251e-02	3.838251e+00	1.005191e+00	5.162187e+00	7.182304e-01	2.457914e-01	1.962025e+00	8.074099e-01	1.042475e+00	7.654157e+01	1.352641e+02	2.816963e-01	1.523318e-01	-1.361677e-13	
1  103.636	2.316651e+00	1.333405e-01	7.635948e-01	3.055680e+00	9.806556e-01	7.449626e-02	1.082557e+00	7.149657e-01	2.216684e+00	1.003129e+00	9.737275e+00	7.304368e-01	2.457238e-01	2.122982e+00	8.317795e-01	1.043095e+00	7.635915e+01	1.380978e+02	2.694553e-01	1.270743e-01	3.131889e-14	
3  105.196	2.261863e+00	1.299196e-01	7.401517e-01	3.030148e+00	9.770013e-01	5.369771e-02	8.201449e-01	2.882514e-01	2.816761e+00	1.007637e+00	7.775911e+00	7.202960e-01	2.455023e-01	2.069740e+00	8.185260e-01	1.043075e+00	7.401727e+01	1.405360e+02	2.795843e-01	9.927560e-02	4.994614e-13	
2  107.573	2.293148e+00	1.373875e-01	7.763497e-01	3.019379e+00	9.887070e-01	6.141785e-02	1.349208e+00	5.626987e-01	2.757766e+00	1.001679e+00	8.622278e+00	7.329217e-01	2.456309e-01	2.047048e+00	8.255262e-01	1.042878e+00	7.764128e+01	1.363780e+02	2.669496e-01	1.533660e-01	2.500868e-13	
4  109.343	2.293148e+00	1.373875e-01	7.763497e-01	3.019379e+00	9.887070e-01	6.141785e-02	1.349208e+00	5.626987e-01	2.757766e+00	9.995795e-01	8.622278e+00	7.329217e-01	2.456309e-01	2.047048e+00	8.255262e-01	1.042878e+00	7.764128e+01	1.363780e+02	2.669496e-01	1.533660e-01	2.500868e-13	
2  108.644	2.297145e+00	1.319631e-01	7.738545e-01	3.054500e+00	9.781950e-01	7.577461e-02	1.169046e+00	4.304598e-01	3.856336e+00	1.006027e+00	9.853237e+00	7.403226e-01	2.456494e-01	2.119561e+00	8.234722e-01	1.042396e+00	7.737938e+01	1.382618e+02	2.595982e-01	1.359015e-01	-1.098868e-14	
2  108.484	2.274227e+00	1.351607e-01	7.479783e-01	3.020036e+00	9.602869e-01	4.869009e-02	1.074684e+00	3.246400e-01	4.009127e+00	1.007989e+00	7.299835e+00	7.164928e-01	2.455538e-01	2.048789e+00	8.164424e-01	1.041981e+00	7.481546e+01	1.381865e+02	2.835083e-01	1.259824e-01	-8.047279e-14	
5  108.546	2.268621e+00	1.370819e-01	7.420629e-01	3.000036e+00	9.548131e-01	3.841024e-02	1.080259e+00	2.443667e-01	3.841433e+00	1.005874e+00	6.177152e+00	7.085365e-01	2.455296e-01	2.008706e+00	8.123666e-01	1.042154e+00	7.423359e+01	1.378010e+02	2.914902e-01	1.265838e-01	-6.563161e-14	
3  106.068	2.298863e+00	1.373131e-01	7.484597e-01	3.045321e+00	9.631708e-01	5.698679e-02	1.114155e+00	3.862969e-01	3.184177e+00	1.010284e+00	8.156869e+00	7.124414e-01	2.456518e-01	2.100888e+00	8.326827e-01	1.042246e+00	7.485126e+01	1.372794e+02	2.874347e-01	1.300496e-01	-2.246797e-14	
3  108.552	2.300483e+00	1.387621e-01	7.560180e-01	2.953405e+00	9.563927e-01	2.331253e-02	1.203004e+00	6.132978e-02	4.156501e+00	9.992151e-01	4.267472e+00	7.160091e-01	2.456599e-01	1.917468e+00	7.953385e-01	1.042907e+00	7.562465e+01	1.366128e+02	2.841728e-01	1.390652e-01	-1.610257e-15	
3  103	2.260140e+00	1.245701e-01	6.994542e-01	3.003458e+00	9.571464e-01	3.679956e-02	3.433422e-01	1.365198e-01	2.486290e+00	1.003202e+00	5.818478e+00	6.978256e-01	2.454893e-01	2.016437e+00	7.965326e-01	1.041798e+00	6.994650e+01	1.440348e+02	3.021055e-01	4.379232e-02	-3.672875e-14	
1  104.742	2.273545e+00	1.260597e-01	7.170421e-01	2.984442e+00	9.653826e-01	3.040737e-02	5.437133e-01	2.256222e-01	2.452901e+00	1.005031e+00	5.047984e+00	7.094102e-01	2.455471e-01	1.978397e+00	7.897965e-01	1.041337e+00	7.168933e+01	1.425887e+02	2.904722e-01	6.804668e-02	-2.804056e-13	
1  104.738	2.301450e+00	1.215330e-01	7.322915e-01	2.952206e+00	9.802720e-01	2.341042e-02	4.771700e-01	9.827278e-02	3.378340e+00	1.000175e+00	4.063891e+00	7.292114e-01	2.456576e-01	1.914521e+00	7.687739e-01	1.042478e+00	7.321207e+01	1.436901e+02	2.705063e-01	6.024653e-02	-2.825709e-13	
2  106.178	2.397071e+00	1.319034e-01	7.760891e-01	2.976251e+00	9.827953e-01	3.474481e-02	1.076082e+00	5.487852e-01	3.476145e+00	1.005049e+00	5.484811e+00	7.400991e-01	2.460413e-01	1.961512e+00	7.928733e-01	1.043099e+00	7.761042e+01	1.376325e+02	2.599000e-01	1.262954e-01	-6.495603e-15	
3  105.411	2.397071e+00	1.319034e-01	7.760891e-01	2.976251e+00	9.827953e-01	3.474481e-02	1.076082e+00	5.487852e-01	3.476145e+00	1.002435e+00	5.484811e+00	7.400991e-01	2.460413e-01	1.961512e+00	7.928733e-01	1.043099e+00	7.761042e+01	1.376325e+02	2.599000e-01	1.262954e-01	-6.495603e-15	
3  104.72	2.282623e+00	1.333152e-01	7.215801e-01	3.007984e+00	9.698456e-01	4.868042e-02	7.255239e-01	1.296501e-01	2.406236e+00	9.939033e-01	7.250830e+00	6.989188e-01	2.455828e-01	2.024734e+00	8.199484e-01	1.043619e+00	7.214308e+01	1.399757e+02	3.010163e-01	8.877939e-02	-1.614241e-13	
3  103.525	2.323547e+00	1.263825e-01	7.193972e-01	3.041677e+00	9.722890e-01	5.783439e-02	4.672621e-01	7.524468e-01	3.338766e+00	1.001112e+00	7.980911e+00	7.096269e-01	2.457497e-01	2.093760e+00	8.181873e-01	1.043526e+00	7.193114e+01	1.423197e+02	2.903871e-01	5.890064e-02	-1.308534e-13	
2  106.193	2.337304e+00	1.291217e-01	7.481741e-01	3.127465e+00	9.763305e-01	9.962740e-02	7.794112e-01	7.153523e-01	4.098103e+00	1.007859e+00	1.178276e+01	7.264389e-01	2.458088e-01	2.281675e+00	8.552071e-01	1.043765e+00	7.480771e+01	1.401280e+02	2.734179e-01	9.487321e-02	-2.234461e-13	
4  102.871	2.291625e+00	1.315253e-01	7.158808e-01	3.059774e+00	9.694862e-01	6.734188e-02	6.399065e-01	7.065511e-01	3.092827e+00	9.990890e-01	9.081328e+00	6.973206e-01	2.456185e-01	2.132267e+00	8.370532e-01	1.042802e+00	7.158029e+01	1.406576e+02	3.025670e-01	7.933132e-02	-5.697198e-14	
2  102.981	2.250260e+00	1.317832e-01	6.926541e-01	3.049931e+00	9.570238e-01	5.431758e-02	5.080706e-01	9.504463e-01	3.375093e+00	1.002734e+00	7.869072e+00	6.768677e-01	2.454456e-01	2.111195e+00	8.335937e-01	1.041811e+00	6.925517e+01	1.416058e+02	3.230118e-01	6.395760e-02	-4.574061e-14	
7  102.814	2.283955e+00	1.311087e-01	7.051175e-01	3.058853e+00	9.636652e-01	6.011020e-02	5.494965e-01	7.364402e-01	3.498969e+00	1.002982e+00	8.374899e+00	6.889164e-01	2.455870e-01	2.130267e+00	8.358594e-01	1.042476e+00	7.050031e+01	1.412309e+02	3.109351e-01	6.887478e-02	-3.141798e-14	
5  103.597	2.291044e+00	1.285051e-01	7.101370e-01	3.074817e+00	9.709549e-01	6.565228e-02	5.020395e-01	7.420439e-01	3.228401e+00	1.007049e+00	8.860661e+00	6.983287e-01	2.456169e-01	2.164574e+00	8.380468e-01	1.042728e+00	7.100599e+01	1.419875e+02	3.015766e-01	6.317726e-02	3.886428e-14	
5  102.326	2.264421e+00	1.207999e-01	6.833057e-01	3.035892e+00	9.716560e-01	5.146392e-02	7.285272e-02	4.475971e-01	4.146495e+00	9.980870e-01	7.341277e+00	6.912910e-01	2.455030e-01	2.081618e+00	8.094901e-01	1.042301e+00	6.833432e+01	1.462277e+02	3.086157e-01	9.748667e-03	-8.223932e-14	
9  103.84	2.264421e+00	1.207999e-01	6.833057e-01	3.035892e+00	9.716560e-01	5.146392e-02	7.285272e-02	4.475971e-01	4.146495e+00	9.968172e-01	7.341277e+00	6.912910e-01	2.455030e-01	2.081618e+00	8.094901e-01	1.042301e+00	6.833432e+01	1.462277e+02	3.086157e-01	9.748667e-03	-8.223932e-14	
3  105.339	2.311401e+00	1.284713e-01	7.202491e-01	3.023508e+00	9.648457e-01	5.302396e-02	5.553560e-01	6.543087e-01	3.431609e+00	9.938352e-01	7.567225e+00	7.065333e-01	2.457015e-01	2.056322e+00	8.128636e-01	1.043263e+00	7.201659e+01	1.415489e+02	2.934492e-01	6.936864e-02	-8.127112e-14	
1  103.515	2.311401e+00	1.284713e-01	7.202491e-01	3.023508e+00	9.648457e-01	5.302396e-02	5.553560e-01	6.543087e-01	3.431609e+00	9.957573e-01	7.567225e+00	7.065333e-01	2.457015e-01	2.056322e+00	8.128636e-01	1.043263e+00	7.201659e+01	1.415489e+02	2.934492e-01	6.936864e-02	-8.127112e-14	
7  103.165	2.293433e+00	1.238897e-01	7.056846e-01	3.004693e+00	9.684299e-01	4.611028e-02	3.151194e-01	7.958232e-01	3.036680e+00	9.925409e-01	6.792581e+00	7.038346e-01	2.456259e-01	2.017828e+00	7.988072e-01	1.042964e+00	7.055505e+01	1.439621e+02	2.961376e-01	4.040718e-02	-5.692151e-14	
2  106.545	2.282436e+00	1.266626e-01	7.048877e-01	3.021968e+00	9.690579e-01	5.059264e-02	3.674277e-01	8.700469e-01	2.706980e+00	9.947945e-01	7.333846e+00	6.978531e-01	2.455802e-01	2.052652e+00	8.147951e-01	1.044074e+00	7.045649e+01	1.431562e+02	3.021902e-01	4.681533e-02	-3.888296e-13	
6  106.598	2.282436e+00	1.266626e-01	7.048877e-01	3.021968e+00	9.690579e-01	5.059264e-02	3.674277e-01	8.700469e-01	2.706980e+00	9.979789e-01	7.333846e+00	6.978531e-01	2.455802e-01	2.052652e+00	8.147951e-01	1.044074e+00	7.045649e+01	1.431562e+02	3.021902e-01	4.681533e-02	-3.888296e-13	
4  106.472	2.265216e+00	1.363990e-01	7.076716e-01	2.990720e+00	9.559588e-01	3.092559e-02	7.130906e-01	8.330035e-01	2.318765e+00	1.000196e+00	5.236469e+00	6.811525e-01	2.455080e-01	1.990235e+00	8.180887e-01	1.043476e+00	7.074887e+01	1.395142e+02	3.188185e-01	8.770652e-02	-2.239551e-14	
4  106.197	2.265216e+00	1.363990e-01	7.076716e-01	2.990720e+00	9.559588e-01	3.092559e-02	7.130906e-01	8.330035e-01	2.318765e+00	9.990716e-01	5.236469e+00	6.811525e-01	2.455080e-01	1.990235e+00	8.180887e-01	1.043476e+00	7.074887e+01	1.395142e+02	3.188185e-01	8.770652e-02	-2.239551e-14	
1  105.806	2.281503e+00	1.222568e-01	6.930011e-01	3.090791e+00	9.593268e-01	7.390813e-02	1.667529e-01	8.475202e-01	3.343496e+00	1.007831e+00	9.508574e+00	6.964232e-01	2.455748e-01	2.199111e+00	8.301171e-01	1.042971e+00	6.930359e+01	1.452197e+02	3.035105e-01	2.185609e-02	-2.420889e-13	
1  104.906	2.315954e+00	1.299341e-01	7.264592e-01	3.090063e+00	9.666060e-01	7.749416e-02	6.800877e-01	7.783010e-01	3.492208e+00	1.010493e+00	9.928216e+00	7.084867e-01	2.457203e-01	2.197564e+00	8.410946e-01	1.042280e+00	7.264444e+01	1.405995e+02	2.914228e-01	8.368403e-02	-7.837788e-14	
1  106.417	2.331817e+00	1.187314e-01	7.335250e-01	2.983705e+00	9.824727e-01	3.738510e-02	4.044315e-01	2.798334e-01	4.014589e+00	1.001941e+00	5.700093e+00	7.348117e-01	2.457786e-01	1.976591e+00	7.720080e-01	1.041478e+00	7.333705e+01	1.444417e+02	2.648597e-01	5.192181e-02	-3.886824e-13	
5  103.972	2.292835e+00	1.327396e-01	7.323855e-01	2.978152e+00	9.742131e-01	2.632696e-02	8.383355e-01	5.995961e-01	2.196947e+00	1.006220e+00	4.569679e+00	7.085401e-01	2.456264e-01	1.965230e+00	8.029314e-01	1.042231e+00	7.322285e+01	1.394981e+02	2.913516e-01	1.014190e-01	-8.838792e-14	
1  104.387	2.292835e+00	1.327396e-01	7.323855e-01	2.978152e+00	9.742131e-01	2.632696e-02	8.383355e-01	5.995961e-01	2.196947e+00	1.007717e+00	4.569679e+00	7.085401e-01	2.456264e-01	1.965230e+00	8.029314e-01	1.042231e+00	7.322285e+01	1.394981e+02	2.913516e-01	1.014190e-01	-8.838792e-14	
5  109.791	2.338570e+00	1.349416e-01	7.617571e-01	2.994237e+00	9.807907e-01	4.160672e-02	1.162479e+00	3.010470e-01	2.908820e+00	1.008925e+00	6.397008e+00	7.260426e-01	2.458137e-01	1.997514e+00	8.068488e-01	1.041041e+00	7.614670e+01	1.372091e+02	2.737611e-01	1.351094e-01	-3.452977e-13	
1  111.728	2.313098e+00	1.305340e-01	7.782519e-01	2.946176e+00	9.765477e-01	2.490282e-02	1.149372e+00	1.044260e-01	2.747147e+00	1.006070e+00	4.376283e+00	7.455968e-01	2.457108e-01	1.903197e+00	7.749854e-01	1.042340e+00	7.779716e+01	1.385151e+02	2.543014e-01	1.342156e-01	-3.774958e-13	
1  108.596	2.305617e+00	1.381790e-01	7.715918e-01	2.985060e+00	9.783039e-01	3.846459e-02	1.346642e+00	8.523368e-01	3.850645e+00	1.003491e+00	6.133757e+00	7.281548e-01	2.456819e-01	1.978643e+00	8.091127e-01	1.042070e+00	7.715051e+01	1.360955e+02	2.717283e-01	1.534065e-01	-1.411026e-13	
4  108.621	2.305617e+00	1.381790e-01	7.715918e-01	2.985060e+00	9.783039e-01	3.846459e-02	1.346642e+00	8.523368e-01	3.850645e+00	1.003465e+00	6.133757e+00	7.281548e-01	2.456819e-01	1.978643e+00	8.091127e-01	1.042070e+00	7.715051e+01	1.360955e+02	2.717283e-01	1.534065e-01	-1.411026e-13	
3  113.039	2.277540e+00	1.346567e-01	7.657769e-01	2.962500e+00	9.840860e-01	3.456527e-02	1.230749e+00	5.871290e-01	3.957930e+00	9.985739e-01	5.652374e+00	7.305390e-01	2.455715e-01	1.934494e+00	7.949680e-01	1.041446e+00	7.655159e+01	1.376066e+02	2.693071e-01	1.421182e-01	-3.485771e-13	
1  110.017	2.336578e+00	1.342584e-01	7.896888e-01	2.999857e+00	9.901862e-01	6.040341e-02	1.364098e+00	5.965905e-01	4.210181e+00	9.952483e-01	8.360863e+00	7.461355e-01	2.458068e-01	2.007582e+00	8.052838e-01	1.041807e+00	7.894421e+01	1.365889e+02	2.536182e-01	1.548043e-01	-9.924267e-14	
3  114.062	2.393382e+00	1.341697e-01	8.222801e-01	3.056664e+00	1.007676e+00	9.859609e-02	1.589432e+00	7.729751e-01	2.554095e+00	9.933433e-01	1.162177e+01	7.651275e-01	2.460264e-01	2.125270e+00	8.256294e-01	1.041935e+00	8.219751e+01	1.352054e+02	2.347638e-01	1.755678e-01	-1.118941e-13	
3  109.258	2.328523e+00	1.401118e-01	7.618280e-01	3.030427e+00	9.883102e-01	7.047261e-02	1.306675e+00	7.180323e-01	2.495764e+00	9.927246e-01	9.477390e+00	7.173810e-01	2.457667e-01	2.070641e+00	8.372766e-01	1.041811e+00	7.621368e+01	1.356526e+02	2.826987e-01	1.485819e-01	8.554514e-14	
1  107.725	2.328523e+00	1.401118e-01	7.618280e-01	3.030427e+00	9.883102e-01	7.047261e-02	1.306675e+00	7.180323e-01	2.495764e+00	9.952505e-01	9.477390e+00	7.173810e-01	2.457667e-01	2.070641e+00	8.372766e-01	1.041811e+00	7.621368e+01	1.356526e+02	2.826987e-01	1.485819e-01	8.554514e-14	
14  103.379	2.281865e+00	1.336086e-01	7.284029e-01	3.030074e+00	9.676890e-01	6.441960e-02	8.222604e-01	2.404667e-01	2.377429e+00	9.924491e-01	8.881521e+00	7.038684e-01	2.455802e-01	2.069552e+00	8.257769e-01	1.042762e+00	7.284737e+01	1.394978e+02	2.960159e-01	9.947000e-02	4.587304e-14	
