10  103.328	2.269421e+00	1.228378e-01	7.098761e-01	2.994654e+00	9.748224e-01	3.600994e-02	3.567403e-01	8.299065e-01	3.347888e+00	1.004958e+00	5.673655e+00	7.097787e-01	2.455272e-01	1.997857e+00	7.926117e-01	1.042339e+00	7.098121e+01	1.442783e+02	2.900537e-01	4.567841e-02	-6.627403e-14	
2  103.857	2.280146e+00	1.226072e-01	7.178655e-01	2.996319e+00	9.749229e-01	3.647951e-02	3.857153e-01	8.172351e-01	3.342397e+00	1.005270e+00	5.714226e+00	7.164645e-01	2.455711e-01	2.000908e+00	7.919510e-01	1.043139e+00	7.178105e+01	1.440852e+02	2.834315e-01	4.896100e-02	3.251750e-14	
1  103.618	2.277061e+00	1.229779e-01	7.073340e-01	2.993449e+00	9.730989e-01	3.639302e-02	3.358443e-01	8.076864e-01	3.354542e+00	1.003578e+00	5.705950e+00	7.072769e-01	2.455583e-01	1.995475e+00	7.922910e-01	1.042249e+00	7.072701e+01	1.442609e+02	2.925693e-01	4.311612e-02	-8.723848e-14	
7  102.767	2.277061e+00	1.229779e-01	7.073340e-01	2.993449e+00	9.730989e-01	3.639302e-02	3.358443e-01	8.076864e-01	3.354542e+00	1.002740e+00	5.705950e+00	7.072769e-01	2.455583e-01	1.995475e+00	7.922910e-01	1.042249e+00	7.072701e+01	1.442609e+02	2.925693e-01	4.311612e-02	-8.723848e-14	
10  102.231	2.271754e+00	1.228929e-01	7.110274e-01	3.001602e+00	9.762831e-01	4.043364e-02	3.764433e-01	8.277783e-01	3.421519e+00	1.003255e+00	6.184690e+00	7.105848e-01	2.455372e-01	2.011898e+00	7.950734e-01	1.041997e+00	7.109495e+01	1.441466e+02	2.892438e-01	4.814807e-02	-8.979421e-14	
3  102.179	2.290040e+00	1.223888e-01	7.169465e-01	3.018610e+00	9.774346e-01	4.804733e-02	3.702813e-01	8.537376e-01	3.448221e+00	1.004219e+00	6.980041e+00	7.159829e-01	2.456114e-01	2.046043e+00	8.007377e-01	1.042900e+00	7.169231e+01	1.441081e+02	2.839068e-01	4.719075e-02	2.470128e-14	
3  102.562	2.290040e+00	1.223888e-01	7.169465e-01	3.018610e+00	9.774346e-01	4.804733e-02	3.702813e-01	8.537376e-01	3.448221e+00	1.004790e+00	6.980041e+00	7.159829e-01	2.456114e-01	2.046043e+00	8.007377e-01	1.042900e+00	7.169231e+01	1.441081e+02	2.839068e-01	4.719075e-02	2.470128e-14	
7  102.194	2.290349e+00	1.233154e-01	7.118771e-01	3.020658e+00	9.766231e-01	4.624154e-02	3.704250e-01	8.263187e-01	3.412575e+00	1.006295e+00	6.797481e+00	7.100726e-01	2.456128e-01	2.050363e+00	8.039856e-01	1.042384e+00	7.118647e+01	1.438731e+02	2.897987e-01	4.731186e-02	6.569922e-15	
5  101.528	2.290349e+00	1.233154e-01	7.118771e-01	3.020658e+00	9.766231e-01	4.624154e-02	3.704250e-01	8.263187e-01	3.412575e+00	1.004484e+00	6.797481e+00	7.100726e-01	2.456128e-01	2.050363e+00	8.039856e-01	1.042384e+00	7.118647e+01	1.438731e+02	2.897987e-01	4.731186e-02	6.569922e-15	
3  101.494	2.278287e+00	1.239084e-01	7.081916e-01	3.020231e+00	9.751782e-01	4.763521e-02	3.545431e-01	8.073757e-01	3.393266e+00	1.002575e+00	6.978924e+00	7.061024e-01	2.455634e-01	2.049404e+00	8.066123e-01	1.042795e+00	7.081595e+01	1.439283e+02	2.937959e-01	4.533737e-02	-6.587990e-15	
2  101.475	2.273632e+00	1.241120e-01	7.078445e-01	3.019555e+00	9.775490e-01	4.714045e-02	3.762465e-01	8.178614e-01	3.451846e+00	1.002817e+00	6.938678e+00	7.054847e-01	2.455446e-01	2.048085e+00	8.069035e-01	1.042295e+00	7.078196e+01	1.438238e+02	2.943929e-01	4.806811e-02	-6.453134e-15	
9  102.081	2.273632e+00	1.241120e-01	7.078445e-01	3.019555e+00	9.775490e-01	4.714045e-02	3.762465e-01	8.178614e-01	3.451846e+00	1.004749e+00	6.938678e+00	7.054847e-01	2.455446e-01	2.048085e+00	8.069035e-01	1.042295e+00	7.078196e+01	1.438238e+02	2.943929e-01	4.806811e-02	-6.453134e-15	
1  101.641	2.274977e+00	1.250786e-01	7.030070e-01	3.033189e+00	9.723820e-01	5.213656e-02	3.791059e-01	8.373759e-01	3.423771e+00	1.004892e+00	7.482758e+00	6.994826e-01	2.455502e-01	2.076376e+00	8.133109e-01	1.041751e+00	7.029382e+01	1.435557e+02	3.004513e-01	4.844805e-02	-2.416186e-14	
11  102.552	2.274977e+00	1.250786e-01	7.030070e-01	3.033189e+00	9.723820e-01	5.213656e-02	3.791059e-01	8.373759e-01	3.423771e+00	1.006048e+00	7.482758e+00	6.994826e-01	2.455502e-01	2.076376e+00	8.133109e-01	1.041751e+00	7.029382e+01	1.435557e+02	3.004513e-01	4.844805e-02	-2.416186e-14	
3  105.244	2.253587e+00	1.252788e-01	6.970765e-01	3.032608e+00	9.760254e-01	5.422264e-02	3.811812e-01	8.134390e-01	3.425555e+00	1.004371e+00	7.756011e+00	6.944312e-01	2.454621e-01	2.074917e+00	8.146450e-01	1.040737e+00	6.968983e+01	1.437156e+02	3.056720e-01	4.858751e-02	-1.614219e-13	
2  104.262	2.244200e+00	1.253963e-01	7.003049e-01	3.021488e+00	9.751901e-01	4.748181e-02	4.110038e-01	8.166735e-01	3.410702e+00	1.005497e+00	7.063313e+00	6.971492e-01	2.454243e-01	2.052266e+00	8.100624e-01	1.041049e+00	7.001326e+01	1.436485e+02	3.028832e-01	5.227216e-02	-1.349652e-13	
1  104.943	2.244200e+00	1.253963e-01	7.003049e-01	3.021488e+00	9.751901e-01	4.748181e-02	4.110038e-01	8.166735e-01	3.410702e+00	1.006485e+00	7.063313e+00	6.971492e-01	2.454243e-01	2.052266e+00	8.100624e-01	1.041049e+00	7.001326e+01	1.436485e+02	3.028832e-01	5.227216e-02	-1.349652e-13	
2  109.466	2.241342e+00	1.253876e-01	7.079836e-01	3.027970e+00	9.758641e-01	4.864741e-02	3.899690e-01	8.219067e-01	3.372374e+00	1.008502e+00	7.197331e+00	7.035724e-01	2.454114e-01	2.065027e+00	8.163406e-01	1.044063e+00	7.078837e+01	1.437816e+02	2.963582e-01	4.954867e-02	2.189500e-13	
1  105.243	2.241145e+00	1.251669e-01	7.073338e-01	3.015858e+00	9.724875e-01	4.349150e-02	4.063601e-01	8.263652e-01	3.339819e+00	1.007655e+00	6.625075e+00	7.035055e-01	2.454115e-01	2.040669e+00	8.083403e-01	1.043101e+00	7.073096e+01	1.437630e+02	2.964155e-01	5.166164e-02	2.397183e-13	
2  103.01	2.251812e+00	1.251723e-01	7.094618e-01	3.009257e+00	9.728421e-01	4.097520e-02	4.484283e-01	8.233485e-01	3.316906e+00	1.006704e+00	6.320075e+00	7.051660e-01	2.454564e-01	2.027529e+00	8.032644e-01	1.042017e+00	7.093903e+01	1.434555e+02	2.947356e-01	5.681925e-02	3.298204e-14	
3  102.893	2.248076e+00	1.258112e-01	7.126654e-01	3.028936e+00	9.710303e-01	4.887511e-02	4.960310e-01	8.116151e-01	3.310843e+00	1.007707e+00	7.216404e+00	7.066448e-01	2.454414e-01	2.067770e+00	8.115759e-01	1.042108e+00	7.126360e+01	1.431185e+02	2.933070e-01	6.243594e-02	1.781240e-13	
1  108.836	2.256934e+00	1.249100e-01	7.105891e-01	3.022780e+00	9.737672e-01	4.871068e-02	5.016332e-01	8.154705e-01	3.281006e+00	1.006033e+00	7.173913e+00	7.067755e-01	2.454788e-01	2.055267e+00	8.046188e-01	1.040147e+00	7.101203e+01	1.432247e+02	2.933308e-01	6.301172e-02	-5.259646e-13	
2  109.439	2.256934e+00	1.249100e-01	7.105891e-01	3.022780e+00	9.737672e-01	4.871068e-02	5.016332e-01	8.154705e-01	3.281006e+00	1.004655e+00	7.173913e+00	7.067755e-01	2.454788e-01	2.055267e+00	8.046188e-01	1.040147e+00	7.101203e+01	1.432247e+02	2.933308e-01	6.301172e-02	-5.259646e-13	
2  105.072	2.255402e+00	1.253580e-01	7.090102e-01	3.014725e+00	9.744943e-01	4.399981e-02	4.796244e-01	8.194744e-01	3.249442e+00	1.004906e+00	6.661703e+00	7.044543e-01	2.454720e-01	2.038731e+00	8.045335e-01	1.040930e+00	7.087543e+01	1.432267e+02	2.955259e-01	6.052524e-02	-2.354136e-13	
2  103.689	2.269027e+00	1.267386e-01	7.149728e-01	3.000239e+00	9.708746e-01	3.647013e-02	5.369002e-01	8.176723e-01	3.237039e+00	1.003062e+00	5.790136e+00	7.063516e-01	2.455281e-01	2.009456e+00	8.007384e-01	1.041785e+00	7.148605e+01	1.424890e+02	2.935399e-01	6.730722e-02	-9.199996e-14	
3  104.07	2.244079e+00	1.287022e-01	7.096563e-01	3.011712e+00	9.661422e-01	4.161635e-02	5.245607e-01	7.915025e-01	3.189442e+00	1.001725e+00	6.465611e+00	6.983908e-01	2.454244e-01	2.032459e+00	8.126778e-01	1.043320e+00	7.096138e+01	1.423332e+02	3.015947e-01	6.582343e-02	1.930941e-13	
1  104.089	2.240205e+00	1.290067e-01	7.101057e-01	3.014330e+00	9.638294e-01	4.343134e-02	5.519316e-01	7.884565e-01	3.214035e+00	1.000842e+00	6.685732e+00	6.982396e-01	2.454087e-01	2.037959e+00	8.130066e-01	1.042956e+00	7.101213e+01	1.421786e+02	3.017510e-01	6.905328e-02	2.080444e-13	
2  103.621	2.240205e+00	1.290067e-01	7.101057e-01	3.014330e+00	9.638294e-01	4.343134e-02	5.519316e-01	7.884565e-01	3.214035e+00	1.001577e+00	6.685732e+00	6.982396e-01	2.454087e-01	2.037959e+00	8.130066e-01	1.042956e+00	7.101213e+01	1.421786e+02	3.017510e-01	6.905328e-02	2.080444e-13	
1  103.717	2.252195e+00	1.291863e-01	7.102084e-01	3.020465e+00	9.618945e-01	4.444849e-02	5.388234e-01	7.710371e-01	3.187159e+00	1.002778e+00	6.777967e+00	6.977502e-01	2.454577e-01	2.050335e+00	8.156191e-01	1.043265e+00	7.101932e+01	1.420710e+02	3.022359e-01	6.748649e-02	1.577835e-13	
4  103.923	2.253273e+00	1.291988e-01	7.062975e-01	3.031588e+00	9.594579e-01	4.808311e-02	5.568074e-01	7.445466e-01	3.261415e+00	1.004273e+00	7.171514e+00	6.943934e-01	2.454619e-01	2.073359e+00	8.172522e-01	1.041537e+00	7.062597e+01	1.419809e+02	3.055891e-01	6.941558e-02	-4.796609e-14	
1  102.283	2.262844e+00	1.288876e-01	7.026889e-01	3.042760e+00	9.607009e-01	5.459259e-02	5.096628e-01	7.283164e-01	3.264659e+00	1.003617e+00	7.830806e+00	6.916964e-01	2.455005e-01	2.096364e+00	8.221666e-01	1.041481e+00	7.026172e+01	1.421616e+02	3.082496e-01	6.394917e-02	-5.729142e-14	
2  102.143	2.267860e+00	1.291734e-01	7.045732e-01	3.041199e+00	9.592123e-01	5.235536e-02	5.184758e-01	7.389524e-01	3.263530e+00	1.004386e+00	7.591167e+00	6.926282e-01	2.455213e-01	2.093144e+00	8.218889e-01	1.041878e+00	7.045432e+01	1.420043e+02	3.072826e-01	6.500662e-02	-2.061706e-14	
2  102.166	2.267860e+00	1.291734e-01	7.045732e-01	3.041199e+00	9.592123e-01	5.235536e-02	5.184758e-01	7.389524e-01	3.263530e+00	1.004312e+00	7.591167e+00	6.926282e-01	2.455213e-01	2.093144e+00	8.218889e-01	1.041878e+00	7.045432e+01	1.420043e+02	3.072826e-01	6.500662e-02	-2.061706e-14	
2  102.04	2.265964e+00	1.294916e-01	7.003708e-01	3.051456e+00	9.581459e-01	5.530970e-02	4.807856e-01	7.244548e-01	3.281414e+00	1.005896e+00	7.902314e+00	6.882843e-01	2.455125e-01	2.114571e+00	8.282197e-01	1.042271e+00	7.003387e+01	1.421161e+02	3.115889e-01	6.065354e-02	-7.342547e-16	
1  104.718	2.256942e+00	1.298575e-01	7.031307e-01	3.058948e+00	9.569152e-01	5.687390e-02	4.909745e-01	7.275513e-01	3.290692e+00	1.007605e+00	8.094708e+00	6.900839e-01	2.454751e-01	2.130327e+00	8.330663e-01	1.043331e+00	7.031110e+01	1.420755e+02	3.098015e-01	6.196452e-02	6.241240e-14	
1  101.932	2.253481e+00	1.285092e-01	6.968767e-01	3.059332e+00	9.628814e-01	6.211833e-02	4.512653e-01	7.279058e-01	3.249190e+00	1.005038e+00	8.601828e+00	6.875121e-01	2.454604e-01	2.131151e+00	8.305807e-01	1.041607e+00	6.968098e+01	1.426095e+02	3.124577e-01	5.711947e-02	-1.848433e-14	
3  101.707	2.259361e+00	1.295878e-01	7.008253e-01	3.053966e+00	9.601534e-01	5.982189e-02	4.881738e-01	7.188548e-01	3.238407e+00	1.003165e+00	8.380325e+00	6.886659e-01	2.454850e-01	2.119816e+00	8.304108e-01	1.042433e+00	7.007996e+01	1.421266e+02	3.112157e-01	6.165835e-02	-9.441003e-15	
1  101.527	2.265553e+00	1.295055e-01	7.020155e-01	3.026125e+00	9.618543e-01	4.666459e-02	4.868919e-01	7.174848e-01	3.230433e+00	1.002574e+00	6.988767e+00	6.898190e-01	2.455116e-01	2.061863e+00	8.192350e-01	1.042570e+00	7.019533e+01	1.420905e+02	3.100767e-01	6.142987e-02	1.341160e-14	
5  101.522	2.265553e+00	1.295055e-01	7.020155e-01	3.026125e+00	9.618543e-01	4.666459e-02	4.868919e-01	7.174848e-01	3.230433e+00	1.002379e+00	6.988767e+00	6.898190e-01	2.455116e-01	2.061863e+00	8.192350e-01	1.042570e+00	7.019533e+01	1.420905e+02	3.100767e-01	6.142987e-02	1.341160e-14	
3  101.027	2.264200e+00	1.275665e-01	7.067942e-01	3.031884e+00	9.650659e-01	5.231820e-02	4.783781e-01	7.150122e-01	3.274823e+00	1.002224e+00	7.572376e+00	6.979107e-01	2.455068e-01	2.073792e+00	8.166248e-01	1.042342e+00	7.067751e+01	1.426073e+02	3.020155e-01	6.037476e-02	3.174469e-14	
2  101.259	2.272813e+00	1.269473e-01	7.053135e-01	3.059332e+00	9.692190e-01	6.585254e-02	4.527861e-01	7.199853e-01	3.240600e+00	1.003158e+00	8.892171e+00	6.977538e-01	2.455413e-01	2.131199e+00	8.272347e-01	1.041911e+00	7.052754e+01	1.427801e+02	3.022075e-01	5.735544e-02	9.864010e-15	
6  101.723	2.272813e+00	1.269473e-01	7.053135e-01	3.059332e+00	9.692190e-01	6.585254e-02	4.527861e-01	7.199853e-01	3.240600e+00	1.000783e+00	8.892171e+00	6.977538e-01	2.455413e-01	2.131199e+00	8.272347e-01	1.041911e+00	7.052754e+01	1.427801e+02	3.022075e-01	5.735544e-02	9.864010e-15	
1  101.342	2.286936e+00	1.262008e-01	7.079180e-01	3.053549e+00	9.738440e-01	6.532348e-02	4.305461e-01	7.231637e-01	3.247621e+00	9.994691e-01	8.792961e+00	7.012059e-01	2.455992e-01	2.118910e+00	8.243616e-01	1.042266e+00	7.079030e+01	1.429189e+02	2.987412e-01	5.470902e-02	7.094443e-15	
3  102.107	2.279282e+00	1.267393e-01	7.068328e-01	3.039966e+00	9.712810e-01	5.986455e-02	4.170767e-01	7.209494e-01	3.272381e+00	9.976768e-01	8.291457e+00	6.993828e-01	2.455677e-01	2.090276e+00	8.211226e-01	1.043146e+00	7.067516e+01	1.429339e+02	3.005536e-01	5.307065e-02	-1.149524e-13	
1  102.218	2.279282e+00	1.267393e-01	7.068328e-01	3.039966e+00	9.712810e-01	5.986455e-02	4.170767e-01	7.209494e-01	3.272381e+00	9.988273e-01	8.291457e+00	6.993828e-01	2.455677e-01	2.090276e+00	8.211226e-01	1.043146e+00	7.067516e+01	1.429339e+02	3.005536e-01	5.307065e-02	-1.149524e-13	
7  101.05	2.271996e+00	1.259288e-01	7.095090e-01	3.054889e+00	9.729016e-01	6.603314e-02	4.477839e-01	7.264630e-01	3.249975e+00	1.001171e+00	8.894421e+00	7.033750e-01	2.455382e-01	2.121757e+00	8.238062e-01	1.042280e+00	7.095028e+01	1.430612e+02	2.965756e-01	5.677126e-02	3.351867e-14	
5  101.174	2.271996e+00	1.259288e-01	7.095090e-01	3.054889e+00	9.729016e-01	6.603314e-02	4.477839e-01	7.264630e-01	3.249975e+00	1.000611e+00	8.894421e+00	7.033750e-01	2.455382e-01	2.121757e+00	8.238062e-01	1.042280e+00	7.095028e+01	1.430612e+02	2.965756e-01	5.677126e-02	3.351867e-14	
5  101.245	2.271967e+00	1.266367e-01	7.056506e-01	3.043524e+00	9.706679e-01	5.801546e-02	4.485735e-01	7.199649e-01	3.245570e+00	1.001804e+00	8.121218e+00	6.986777e-01	2.455383e-01	2.097906e+00	8.203142e-01	1.041857e+00	7.055946e+01	1.428838e+02	3.012724e-01	5.682141e-02	1.014508e-14	
5  101.05	2.271967e+00	1.266367e-01	7.056506e-01	3.043524e+00	9.706679e-01	5.801546e-02	4.485735e-01	7.199649e-01	3.245570e+00	1.002751e+00	8.121218e+00	6.986777e-01	2.455383e-01	2.097906e+00	8.203142e-01	1.041857e+00	7.055946e+01	1.428838e+02	3.012724e-01	5.682141e-02	1.014508e-14	
5  100.982	2.266642e+00	1.251680e-01	7.100442e-01	3.030674e+00	9.717617e-01	5.370165e-02	4.361002e-01	6.937295e-01	3.235920e+00	1.002639e+00	7.671285e+00	7.054091e-01	2.455170e-01	2.071253e+00	8.115180e-01	1.042195e+00	7.100169e+01	1.433585e+02	2.945129e-01	5.531202e-02	4.292987e-14	
9  101.294	2.266642e+00	1.251680e-01	7.100442e-01	3.030674e+00	9.717617e-01	5.370165e-02	4.361002e-01	6.937295e-01	3.235920e+00	1.003586e+00	7.671285e+00	7.054091e-01	2.455170e-01	2.071253e+00	8.115180e-01	1.042195e+00	7.100169e+01	1.433585e+02	2.945129e-01	5.531202e-02	4.292987e-14	
1  101.645	2.265229e+00	1.248073e-01	7.122549e-01	3.024921e+00	9.768978e-01	5.316695e-02	4.502624e-01	7.159698e-01	3.218276e+00	1.002314e+00	7.613623e+00	7.079659e-01	2.455114e-01	2.059257e+00	8.091648e-01	1.042027e+00	7.122173e+01	1.433952e+02	2.919414e-01	5.701024e-02	2.359189e-14	
1  102.937	2.265229e+00	1.248073e-01	7.122549e-01	3.024921e+00	9.768978e-01	5.316695e-02	4.502624e-01	7.159698e-01	3.218276e+00	9.986829e-01	7.613623e+00	7.079659e-01	2.455114e-01	2.059257e+00	8.091648e-01	1.042027e+00	7.122173e+01	1.433952e+02	2.919414e-01	5.701024e-02	2.359189e-14	
2  103.015	2.265667e+00	1.250920e-01	7.139929e-01	3.043375e+00	9.750437e-01	6.600728e-02	4.453669e-01	7.147107e-01	3.215185e+00	9.949103e-01	8.897047e+00	7.088342e-01	2.455126e-01	2.097437e+00	8.179149e-01	1.042967e+00	7.139823e+01	1.433453e+02	2.911011e-01	5.642042e-02	2.934784e-14	
8  103.526	2.264145e+00	1.255308e-01	7.099693e-01	3.046286e+00	9.756938e-01	6.668172e-02	4.582911e-01	7.173593e-01	3.230251e+00	9.952417e-01	8.971939e+00	7.047213e-01	2.455061e-01	2.103429e+00	8.195212e-01	1.041873e+00	7.099882e+01	1.431935e+02	2.952653e-01	5.795673e-02	3.888831e-14	
2  103.23	2.249731e+00	1.257304e-01	7.059772e-01	3.033101e+00	9.770795e-01	6.274257e-02	4.286992e-01	7.159032e-01	3.195299e+00	9.931110e-01	8.636139e+00	7.012002e-01	2.454460e-01	2.075750e+00	8.170046e-01	1.042299e+00	7.060520e+01	1.434378e+02	2.987657e-01	5.432107e-02	2.142340e-14	
3  106.302	2.245229e+00	1.258236e-01	7.061809e-01	3.043630e+00	9.769627e-01	6.591056e-02	3.890572e-01	7.085915e-01	3.165366e+00	9.950095e-01	8.962306e+00	7.012667e-01	2.454263e-01	2.097843e+00	8.241941e-01	1.043888e+00	7.060822e+01	1.436549e+02	2.986740e-01	4.951652e-02	-1.887247e-13	
2  105.141	2.255636e+00	1.257117e-01	7.078948e-01	3.048982e+00	9.803726e-01	6.806103e-02	4.021136e-01	7.153102e-01	3.175251e+00	9.956234e-01	9.134985e+00	7.027689e-01	2.454689e-01	2.109019e+00	8.261427e-01	1.043557e+00	7.078790e+01	1.435151e+02	2.971625e-01	5.108202e-02	-1.605554e-13	
1  104.006	2.264570e+00	1.242293e-01	7.078091e-01	3.056791e+00	9.829415e-01	7.036834e-02	4.076779e-01	7.182007e-01	3.141190e+00	9.986375e-01	9.293411e+00	7.055380e-01	2.455066e-01	2.125473e+00	8.230386e-01	1.041596e+00	7.078503e+01	1.437490e+02	2.945174e-01	5.180288e-02	1.059454e-14	
1  103.641	2.275874e+00	1.245273e-01	7.097640e-01	3.048088e+00	9.817222e-01	6.858433e-02	4.208217e-01	7.067348e-01	3.092988e+00	9.956081e-01	9.103450e+00	7.063149e-01	2.455532e-01	2.107067e+00	8.193629e-01	1.041720e+00	7.098177e+01	1.434951e+02	2.936952e-01	5.340386e-02	2.714172e-14	
1  103.748	2.275874e+00	1.245273e-01	7.097640e-01	3.048088e+00	9.817222e-01	6.858433e-02	4.208217e-01	7.067348e-01	3.092988e+00	9.954755e-01	9.103450e+00	7.063149e-01	2.455532e-01	2.107067e+00	8.193629e-01	1.041720e+00	7.098177e+01	1.434951e+02	2.936952e-01	5.340386e-02	2.714172e-14	
4  102.97	2.289868e+00	1.240633e-01	7.117774e-01	3.050753e+00	9.841487e-01	6.851749e-02	3.953452e-01	7.124839e-01	3.136546e+00	9.970889e-01	9.049404e+00	7.085981e-01	2.456099e-01	2.112770e+00	8.203892e-01	1.042299e+00	7.118668e+01	1.435865e+02	2.913704e-01	5.033485e-02	1.388974e-15	
5  103.543	2.297906e+00	1.249412e-01	7.084852e-01	3.058608e+00	9.834733e-01	7.074455e-02	3.874015e-01	7.222497e-01	3.147707e+00	9.974296e-01	9.252389e+00	7.039971e-01	2.456424e-01	2.129521e+00	8.262745e-01	1.042297e+00	7.085911e+01	1.433268e+02	2.960123e-01	4.937907e-02	-1.256224e-14	
5  103.526	2.297906e+00	1.249412e-01	7.084852e-01	3.058608e+00	9.834733e-01	7.074455e-02	3.874015e-01	7.222497e-01	3.147707e+00	9.974712e-01	9.252389e+00	7.039971e-01	2.456424e-01	2.129521e+00	8.262745e-01	1.042297e+00	7.085911e+01	1.433268e+02	2.960123e-01	4.937907e-02	-1.256224e-14	
2  103.828	2.288966e+00	1.251918e-01	7.023669e-01	3.059315e+00	9.828947e-01	6.894684e-02	3.427910e-01	7.343488e-01	3.166058e+00	9.993352e-01	9.109305e+00	6.985085e-01	2.456051e-01	2.130941e+00	8.290406e-01	1.042524e+00	7.024729e+01	1.435743e+02	3.015001e-01	4.392606e-02	-1.099313e-13	
4  106.142	2.287063e+00	1.255414e-01	6.940873e-01	3.056372e+00	9.797368e-01	6.669086e-02	3.339705e-01	7.487644e-01	3.012820e+00	9.994622e-01	8.910843e+00	6.905622e-01	2.455981e-01	2.124474e+00	8.265858e-01	1.040816e+00	6.940652e+01	1.435269e+02	3.096129e-01	4.276738e-02	3.356654e-14	
4  103.15	2.278788e+00	1.255012e-01	6.947972e-01	3.046002e+00	9.779623e-01	6.279008e-02	3.136894e-01	7.333378e-01	3.001803e+00	9.984096e-01	8.550294e+00	6.914585e-01	2.455634e-01	2.102543e+00	8.235336e-01	1.041892e+00	6.948554e+01	1.437298e+02	3.085473e-01	4.038618e-02	-4.759114e-14	
4  104.631	2.272898e+00	1.256341e-01	6.995098e-01	3.054060e+00	9.764825e-01	6.660799e-02	3.176711e-01	7.203597e-01	2.986717e+00	9.984763e-01	8.939415e+00	6.954982e-01	2.455390e-01	2.119713e+00	8.282813e-01	1.043419e+00	6.994363e+01	1.437506e+02	3.044485e-01	4.089101e-02	-2.915612e-13	
3  102.319	2.255178e+00	1.294485e-01	6.870620e-01	3.055029e+00	9.607411e-01	6.321428e-02	3.962002e-01	7.034478e-01	2.953998e+00	9.973950e-01	8.720466e+00	6.766060e-01	2.454653e-01	2.121580e+00	8.323047e-01	1.041461e+00	6.869975e+01	1.426164e+02	3.232893e-01	5.055967e-02	-2.629142e-14	
6  104.013	2.261829e+00	1.293562e-01	6.826674e-01	3.061383e+00	9.629102e-01	6.796220e-02	3.635574e-01	7.004190e-01	2.949098e+00	9.960726e-01	9.161475e+00	6.725804e-01	2.454920e-01	2.134686e+00	8.355160e-01	1.040992e+00	6.825942e+01	1.427124e+02	3.273684e-01	4.647323e-02	5.816911e-14	
5  103.845	2.250249e+00	1.309794e-01	6.791397e-01	3.071423e+00	9.634498e-01	6.759366e-02	3.754516e-01	7.040062e-01	2.913647e+00	9.995642e-01	9.183395e+00	6.659298e-01	2.454427e-01	2.156589e+00	8.454352e-01	1.041457e+00	6.790302e+01	1.423990e+02	3.340012e-01	4.807798e-02	-9.817686e-14	
5  104.787	2.250249e+00	1.309794e-01	6.791397e-01	3.071423e+00	9.634498e-01	6.759366e-02	3.754516e-01	7.040062e-01	2.913647e+00	9.978654e-01	9.183395e+00	6.659298e-01	2.454427e-01	2.156589e+00	8.454352e-01	1.041457e+00	6.790302e+01	1.423990e+02	3.340012e-01	4.807798e-02	-9.817686e-14	
4  107.188	2.254025e+00	1.305217e-01	6.843330e-01	3.086492e+00	9.644831e-01	7.382585e-02	3.420221e-01	6.914057e-01	2.959158e+00	9.995128e-01	9.762264e+00	6.719036e-01	2.454582e-01	2.190109e+00	8.536077e-01	1.043523e+00	6.840668e+01	1.426519e+02	3.278286e-01	4.451066e-02	-4.896587e-13	
3  104.85	2.248788e+00	1.314302e-01	6.816640e-01	3.083812e+00	9.610857e-01	7.196568e-02	3.822201e-01	7.174409e-01	3.012625e+00	9.988667e-01	9.612900e+00	6.673937e-01	2.454361e-01	2.183887e+00	8.521383e-01	1.042440e+00	6.815272e+01	1.422851e+02	3.323666e-01	4.927029e-02	-2.176786e-13	
4  105.017	2.270032e+00	1.313734e-01	6.806595e-01	3.079428e+00	9.611265e-01	6.849392e-02	3.627980e-01	7.466835e-01	2.940899e+00	9.995620e-01	9.213382e+00	6.661227e-01	2.455254e-01	2.174256e+00	8.496275e-01	1.042158e+00	6.804523e+01	1.421634e+02	3.336219e-01	4.683466e-02	-1.862662e-13	
3  105.706	2.278919e+00	1.310795e-01	6.877763e-01	3.064990e+00	9.630775e-01	6.590483e-02	3.906652e-01	7.380245e-01	2.999443e+00	9.956216e-01	8.944069e+00	6.735046e-01	2.455628e-01	2.143115e+00	8.428497e-01	1.042782e+00	6.875737e+01	1.420233e+02	3.262673e-01	5.028061e-02	-2.626173e-13	
1  104.707	2.278919e+00	1.310795e-01	6.877763e-01	3.064990e+00	9.630775e-01	6.590483e-02	3.906652e-01	7.380245e-01	2.999443e+00	9.974588e-01	8.944069e+00	6.735046e-01	2.455628e-01	2.143115e+00	8.428497e-01	1.042782e+00	6.875737e+01	1.420233e+02	3.262673e-01	5.028061e-02	-2.626173e-13	
4  104.872	2.278117e+00	1.312503e-01	6.833642e-01	3.044229e+00	9.605754e-01	5.214347e-02	4.097848e-01	7.308622e-01	2.976296e+00	1.000182e+00	7.555356e+00	6.687635e-01	2.455612e-01	2.099010e+00	8.316981e-01	1.041063e+00	6.831077e+01	1.418772e+02	3.310679e-01	5.213428e-02	1.604557e-14	
2  103.546	2.270816e+00	1.305335e-01	6.795055e-01	3.045979e+00	9.605760e-01	5.421436e-02	3.490696e-01	7.219148e-01	2.963791e+00	1.000043e+00	7.774877e+00	6.668059e-01	2.455299e-01	2.102508e+00	8.324979e-01	1.041446e+00	6.793298e+01	1.424097e+02	3.330016e-01	4.489443e-02	-2.638530e-14	
5  103.577	2.270816e+00	1.305335e-01	6.795055e-01	3.045979e+00	9.605760e-01	5.421436e-02	3.490696e-01	7.219148e-01	2.963791e+00	1.000270e+00	7.774877e+00	6.668059e-01	2.455299e-01	2.102508e+00	8.324979e-01	1.041446e+00	6.793298e+01	1.424097e+02	3.330016e-01	4.489443e-02	-2.638530e-14	
1  104.82	2.280485e+00	1.281436e-01	6.990387e-01	2.994921e+00	9.637752e-01	2.809611e-02	3.839005e-01	7.323824e-01	2.935573e+00	1.003921e+00	4.736632e+00	6.897252e-01	2.455720e-01	1.997826e+00	8.059484e-01	1.043380e+00	6.988850e+01	1.427403e+02	3.102588e-01	4.884525e-02	-1.431201e-14	
3  104.001	2.258004e+00	1.280840e-01	6.863402e-01	2.975299e+00	9.620618e-01	2.170906e-02	3.612826e-01	6.997190e-01	2.906890e+00	1.001318e+00	3.919701e+00	6.788091e-01	2.454794e-01	1.959524e+00	7.964348e-01	1.040980e+00	6.861538e+01	1.430672e+02	3.210803e-01	4.642526e-02	-3.463756e-14	
9  104.391	2.271054e+00	1.273935e-01	6.922620e-01	2.981175e+00	9.636958e-01	2.403919e-02	3.257763e-01	6.837042e-01	2.898134e+00	1.002408e+00	4.208856e+00	6.854164e-01	2.455325e-01	1.970554e+00	7.995058e-01	1.042862e+00	6.921392e+01	1.432896e+02	3.145196e-01	4.185381e-02	5.214103e-15	
3  104.051	2.271054e+00	1.273935e-01	6.922620e-01	2.981175e+00	9.636958e-01	2.403919e-02	3.257763e-01	6.837042e-01	2.898134e+00	1.001938e+00	4.208856e+00	6.854164e-01	2.455325e-01	1.970554e+00	7.995058e-01	1.042862e+00	6.921392e+01	1.432896e+02	3.145196e-01	4.185381e-02	5.214103e-15	
5  103.277	2.271862e+00	1.299135e-01	6.899588e-01	3.020339e+00	9.677627e-01	4.045903e-02	4.076571e-01	7.803429e-01	3.194690e+00	1.002582e+00	6.260825e+00	6.779559e-01	2.455365e-01	2.049702e+00	8.213344e-01	1.041925e+00	6.898305e+01	1.422866e+02	3.219451e-01	5.199803e-02	-4.503224e-14	
1  104.388	2.270322e+00	1.286847e-01	6.932594e-01	3.045816e+00	9.664150e-01	5.010313e-02	3.605914e-01	7.953376e-01	3.226090e+00	1.007012e+00	7.321656e+00	6.835655e-01	2.455296e-01	2.102426e+00	8.302262e-01	1.043289e+00	6.931026e+01	1.428209e+02	3.163246e-01	4.628262e-02	-1.206715e-13	
1  104.133	2.251309e+00	1.293682e-01	6.922457e-01	3.058707e+00	9.649083e-01	5.652890e-02	4.158270e-01	7.498321e-01	3.284091e+00	1.010354e+00	8.057002e+00	6.815348e-01	2.454509e-01	2.129949e+00	8.354701e-01	1.042343e+00	6.921414e+01	1.425897e+02	3.183781e-01	5.300838e-02	4.778709e-14	
3  105.495	2.246017e+00	1.294179e-01	6.866968e-01	3.034982e+00	9.658931e-01	4.743699e-02	4.221380e-01	7.801727e-01	3.239684e+00	1.008025e+00	7.108483e+00	6.764750e-01	2.454299e-01	2.080032e+00	8.244151e-01	1.040704e+00	6.864124e+01	1.425919e+02	3.236191e-01	5.345563e-02	-1.282556e-13	
3  103.399	2.252995e+00	1.285461e-01	6.886233e-01	3.010043e+00	9.659333e-01	3.780066e-02	3.976213e-01	7.991307e-01	3.236726e+00	1.002322e+00	5.979083e+00	6.799799e-01	2.454592e-01	2.028912e+00	8.123528e-01	1.041030e+00	6.884313e+01	1.428467e+02	3.199871e-01	5.067881e-02	-1.064660e-13	
8  101.66	2.259454e+00	1.279430e-01	6.951590e-01	3.010824e+00	9.684887e-01	4.107070e-02	3.925378e-01	7.894596e-01	3.312896e+00	1.000398e+00	6.341107e+00	6.870646e-01	2.454856e-01	2.030333e+00	8.128605e-01	1.042332e+00	6.950945e+01	1.429623e+02	3.128447e-01	5.012718e-02	-5.137268e-14	
5  101.804	2.261184e+00	1.289191e-01	6.949031e-01	3.019585e+00	9.665346e-01	4.717426e-02	4.108636e-01	7.854246e-01	3.297924e+00	9.975748e-01	7.040033e+00	6.848451e-01	2.454922e-01	2.048133e+00	8.184769e-01	1.042566e+00	6.948310e+01	1.426275e+02	3.150586e-01	5.238532e-02	-9.214301e-14	
1  103.353	2.261184e+00	1.289191e-01	6.949031e-01	3.019585e+00	9.665346e-01	4.717426e-02	4.108636e-01	7.854246e-01	3.297924e+00	1.000979e+00	7.040033e+00	6.848451e-01	2.454922e-01	2.048133e+00	8.184769e-01	1.042566e+00	6.948310e+01	1.426275e+02	3.150586e-01	5.238532e-02	-9.214301e-14	
2  103.205	2.269628e+00	1.282882e-01	6.994788e-01	3.006086e+00	9.668192e-01	4.299172e-02	4.233098e-01	7.823915e-01	3.340339e+00	9.991440e-01	6.552169e+00	6.900731e-01	2.455280e-01	2.020743e+00	8.105484e-01	1.042624e+00	6.994028e+01	1.426327e+02	3.098319e-01	5.381668e-02	-6.995946e-14	
11  102.82	2.273904e+00	1.280009e-01	6.991767e-01	3.009554e+00	9.676257e-01	4.279920e-02	4.178367e-01	7.600909e-01	3.321012e+00	1.001157e+00	6.513752e+00	6.902776e-01	2.455457e-01	2.027789e+00	8.110439e-01	1.042320e+00	6.991053e+01	1.426787e+02	3.096116e-01	5.316966e-02	-4.102662e-14	
1  104.343	2.267324e+00	1.288581e-01	6.936373e-01	3.013608e+00	9.643445e-01	4.256532e-02	4.497266e-01	7.477022e-01	3.318467e+00	1.002185e+00	6.515625e+00	6.836747e-01	2.455191e-01	2.036176e+00	8.120590e-01	1.040686e+00	6.934019e+01	1.423797e+02	3.162683e-01	5.684361e-02	-1.061186e-13	
2  102.107	2.274845e+00	1.285780e-01	6.996667e-01	3.015565e+00	9.665787e-01	4.422896e-02	4.635316e-01	7.468741e-01	3.343232e+00	1.001855e+00	6.683617e+00	6.894891e-01	2.455502e-01	2.040192e+00	8.128935e-01	1.041495e+00	6.995468e+01	1.423133e+02	3.104073e-01	5.860849e-02	-3.036931e-14	
3  101.869	2.262332e+00	1.296601e-01	7.040143e-01	3.010427e+00	9.669776e-01	4.278163e-02	5.068718e-01	7.358379e-01	3.390650e+00	1.000036e+00	6.566102e+00	6.913778e-01	2.454987e-01	2.029724e+00	8.147141e-01	1.042729e+00	7.039484e+01	1.419978e+02	3.085431e-01	6.380288e-02	-2.521984e-14	
9  102.145	2.262332e+00	1.296601e-01	7.040143e-01	3.010427e+00	9.669776e-01	4.278163e-02	5.068718e-01	7.358379e-01	3.390650e+00	9.984906e-01	6.566102e+00	6.913778e-01	2.454987e-01	2.029724e+00	8.147141e-01	1.042729e+00	7.039484e+01	1.419978e+02	3.085431e-01	6.380288e-02	-2.521984e-14	
1  102.273	2.272939e+00	1.295158e-01	7.086197e-01	3.023606e+00	9.690751e-01	4.802101e-02	5.363341e-01	7.438292e-01	3.411688e+00	9.997651e-01	7.123825e+00	6.954334e-01	2.455427e-01	2.056615e+00	8.190887e-01	1.042654e+00	7.085551e+01	1.417848e+02	3.044783e-01	6.725409e-02	-4.668907e-15	
6  102.533	2.272939e+00	1.295158e-01	7.086197e-01	3.023606e+00	9.690751e-01	4.802101e-02	5.363341e-01	7.438292e-01	3.411688e+00	9.994577e-01	7.123825e+00	6.954334e-01	2.455427e-01	2.056615e+00	8.190887e-01	1.042654e+00	7.085551e+01	1.417848e+02	3.044783e-01	6.725409e-02	-4.668907e-15	
2  102.709	2.295592e+00	1.281571e-01	7.127715e-01	3.026384e+00	9.743710e-01	5.267988e-02	4.981947e-01	7.169039e-01	3.428981e+00	9.978038e-01	7.546789e+00	7.012655e-01	2.456351e-01	2.062121e+00	8.183062e-01	1.043137e+00	7.126969e+01	1.420497e+02	2.986707e-01	6.268726e-02	-1.268284e-13	
2  102.672	2.298034e+00	1.277210e-01	7.112058e-01	3.046930e+00	9.759676e-01	6.317354e-02	5.065025e-01	7.300622e-01	3.440099e+00	9.981190e-01	8.589793e+00	7.007334e-01	2.456451e-01	2.105010e+00	8.244337e-01	1.041914e+00	7.111871e+01	1.420871e+02	2.992332e-01	6.371163e-02	3.047418e-14	
3  102.051	2.298034e+00	1.277210e-01	7.112058e-01	3.046930e+00	9.759676e-01	6.317354e-02	5.065025e-01	7.300622e-01	3.440099e+00	9.993594e-01	8.589793e+00	7.007334e-01	2.456451e-01	2.105010e+00	8.244337e-01	1.041914e+00	7.111871e+01	1.420871e+02	2.992332e-01	6.371163e-02	3.047418e-14	
2  102.025	2.299432e+00	1.270153e-01	7.196719e-01	3.035577e+00	9.765322e-01	5.820111e-02	5.527082e-01	7.173536e-01	3.512175e+00	9.994966e-01	8.089026e+00	7.090558e-01	2.456520e-01	2.081367e+00	8.164580e-01	1.042065e+00	7.196476e+01	1.420312e+02	2.908663e-01	6.912462e-02	1.823083e-14	
3  102.187	2.303161e+00	1.275520e-01	7.211716e-01	3.046839e+00	9.769144e-01	6.152240e-02	5.553963e-01	7.191607e-01	3.522540e+00	1.000949e+00	8.416585e+00	7.091758e-01	2.456668e-01	2.104858e+00	8.234370e-01	1.042843e+00	7.211585e+01	1.418513e+02	2.907528e-01	6.942169e-02	-1.640432e-15	
2  102.525	2.301835e+00	1.285961e-01	7.173250e-01	3.038454e+00	9.723673e-01	5.806358e-02	5.771981e-01	7.320465e-01	3.552261e+00	9.988299e-01	8.095442e+00	7.040184e-01	2.456618e-01	2.087380e+00	8.206419e-01	1.042106e+00	7.172848e+01	1.415170e+02	2.958979e-01	7.198415e-02	1.806747e-14	
1  101.505	2.301835e+00	1.285961e-01	7.173250e-01	3.038454e+00	9.723673e-01	5.806358e-02	5.771981e-01	7.320465e-01	3.552261e+00	1.000304e+00	8.095442e+00	7.040184e-01	2.456618e-01	2.087380e+00	8.206419e-01	1.042106e+00	7.172848e+01	1.415170e+02	2.958979e-01	7.198415e-02	1.806747e-14	
2  101.618	2.291095e+00	1.294974e-01	7.125095e-01	3.032718e+00	9.699216e-01	5.598494e-02	5.772242e-01	7.497666e-01	3.468573e+00	9.986980e-01	7.924677e+00	6.984476e-01	2.456175e-01	2.075378e+00	8.205699e-01	1.041917e+00	7.124530e+01	1.414145e+02	3.014634e-01	7.198179e-02	9.523518e-15	
2  104.33	2.275915e+00	1.309454e-01	7.178074e-01	3.023313e+00	9.674750e-01	5.097233e-02	6.264103e-01	7.378187e-01	3.532758e+00	9.976233e-01	7.468553e+00	7.003841e-01	2.455556e-01	2.055972e+00	8.211548e-01	1.043649e+00	7.176866e+01	1.410150e+02	2.995805e-01	7.769439e-02	-9.712782e-14	
3  103.788	2.285168e+00	1.307704e-01	7.205579e-01	3.036916e+00	9.726878e-01	5.977524e-02	6.526638e-01	7.468569e-01	3.491158e+00	9.961790e-01	8.349492e+00	7.028455e-01	2.455931e-01	2.084076e+00	8.264731e-01	1.043157e+00	7.205069e+01	1.408456e+02	2.970830e-01	8.069472e-02	-7.433500e-14	
5  104.106	2.276807e+00	1.309002e-01	7.184582e-01	3.039056e+00	9.712372e-01	6.206140e-02	6.716674e-01	7.621985e-01	3.440962e+00	9.950230e-01	8.598583e+00	7.009853e-01	2.455589e-01	2.088413e+00	8.262841e-01	1.042306e+00	7.184672e+01	1.408167e+02	2.989547e-01	8.280663e-02	1.380723e-14	
7  104.505	2.278160e+00	1.298523e-01	7.161247e-01	3.031836e+00	9.737220e-01	6.372090e-02	6.375124e-01	7.597236e-01	3.408516e+00	9.915335e-01	8.743544e+00	7.010758e-01	2.455643e-01	2.073088e+00	8.211689e-01	1.041688e+00	7.161768e+01	1.412011e+02	2.989063e-01	7.874943e-02	6.354284e-14	
3  102.918	2.278160e+00	1.298523e-01	7.161247e-01	3.031836e+00	9.737220e-01	6.372090e-02	6.375124e-01	7.597236e-01	3.408516e+00	9.938576e-01	8.743544e+00	7.010758e-01	2.455643e-01	2.073088e+00	8.211689e-01	1.041688e+00	7.161768e+01	1.412011e+02	2.989063e-01	7.874943e-02	6.354284e-14	
17  103.004	2.271522e+00	1.310033e-01	7.173608e-01	3.053751e+00	9.733219e-01	7.278733e-02	6.573773e-01	7.489097e-01	3.430168e+00	9.944590e-01	9.648026e+00	7.000119e-01	2.455356e-01	2.119227e+00	8.343058e-01	1.042696e+00	7.174261e+01	1.409171e+02	2.999453e-01	8.118261e-02	1.857430e-15	
2  103.036	2.271522e+00	1.310033e-01	7.173608e-01	3.053751e+00	9.733219e-01	7.278733e-02	6.573773e-01	7.489097e-01	3.430168e+00	9.943645e-01	9.648026e+00	7.000119e-01	2.455356e-01	2.119227e+00	8.343058e-01	1.042696e+00	7.174261e+01	1.409171e+02	2.999453e-01	8.118261e-02	1.857430e-15	
3  103.374	2.269281e+00	1.310726e-01	7.115602e-01	3.042094e+00	9.743550e-01	6.844813e-02	6.195203e-01	7.332649e-01	3.397180e+00	9.930922e-01	9.248466e+00	6.950530e-01	2.455255e-01	2.094473e+00	8.308790e-01	1.042400e+00	7.116677e+01	1.410969e+02	3.049318e-01	7.673298e-02	-4.678033e-15	
5  103.785	2.278154e+00	1.305519e-01	7.119279e-01	3.057821e+00	9.749283e-01	7.590523e-02	5.940185e-01	7.422218e-01	3.377688e+00	9.938247e-01	9.910692e+00	6.962401e-01	2.455614e-01	2.127825e+00	8.365086e-01	1.042580e+00	7.120178e+01	1.412422e+02	3.037366e-01	7.384992e-02	6.694533e-15	
1  103.726	2.278154e+00	1.305519e-01	7.119279e-01	3.057821e+00	9.749283e-01	7.590523e-02	5.940185e-01	7.422218e-01	3.377688e+00	9.935332e-01	9.910692e+00	6.962401e-01	2.455614e-01	2.127825e+00	8.365086e-01	1.042580e+00	7.120178e+01	1.412422e+02	3.037366e-01	7.384992e-02	6.694533e-15	
5  104.374	2.271032e+00	1.312394e-01	7.152677e-01	3.038371e+00	9.751535e-01	6.963667e-02	6.589852e-01	7.278979e-01	3.337486e+00	9.898774e-01	9.364962e+00	6.978313e-01	2.455332e-01	2.086555e+00	8.288730e-01	1.042293e+00	7.154276e+01	1.408664e+02	3.021651e-01	8.112725e-02	5.169567e-14	
4  104.514	2.288798e+00	1.307553e-01	7.195328e-01	3.045188e+00	9.733681e-01	7.172228e-02	6.848560e-01	7.395951e-01	3.321505e+00	9.909912e-01	9.497919e+00	7.019510e-01	2.456073e-01	2.100821e+00	8.276956e-01	1.041720e+00	7.196277e+01	1.406724e+02	2.980390e-01	8.409801e-02	1.502914e-13	
3  104.011	2.288798e+00	1.307553e-01	7.195328e-01	3.045188e+00	9.733681e-01	7.172228e-02	6.848560e-01	7.395951e-01	3.321505e+00	9.951857e-01	9.497919e+00	7.019510e-01	2.456073e-01	2.100821e+00	8.276956e-01	1.041720e+00	7.196277e+01	1.406724e+02	2.980390e-01	8.409801e-02	1.502914e-13	
6  102.77	2.300604e+00	1.297602e-01	7.299142e-01	3.064137e+00	9.764640e-01	7.984522e-02	7.125469e-01	7.520595e-01	3.317208e+00	9.974166e-01	1.018495e+01	7.120156e-01	2.456564e-01	2.141422e+00	8.328620e-01	1.042450e+00	7.299800e+01	1.406622e+02	2.879519e-01	8.736297e-02	8.242149e-14	
1  102.979	2.298695e+00	1.290738e-01	7.369433e-01	3.055217e+00	9.776827e-01	7.420192e-02	7.721032e-01	7.651668e-01	3.247779e+00	9.993837e-01	9.661481e+00	7.188118e-01	2.456504e-01	2.122226e+00	8.252184e-01	1.041880e+00	7.369503e+01	1.405821e+02	2.811676e-01	9.397246e-02	1.337361e-14	
1  103.18	2.298695e+00	1.290738e-01	7.369433e-01	3.055217e+00	9.776827e-01	7.420192e-02	7.721032e-01	7.651668e-01	3.247779e+00	1.001135e+00	9.661481e+00	7.188118e-01	2.456504e-01	2.122226e+00	8.252184e-01	1.041880e+00	7.369503e+01	1.405821e+02	2.811676e-01	9.397246e-02	1.337361e-14	
7  102.444	2.291576e+00	1.293919e-01	7.371915e-01	3.035511e+00	9.773234e-01	6.451576e-02	7.694796e-01	7.594970e-01	3.135601e+00	1.000814e+00	8.778292e+00	7.185001e-01	2.456217e-01	2.080967e+00	8.189817e-01	1.042541e+00	7.372117e+01	1.405881e+02	2.814202e-01	9.370843e-02	5.090963e-14	
1  102.541	2.298261e+00	1.287155e-01	7.394295e-01	3.037828e+00	9.778915e-01	6.603097e-02	7.685694e-01	7.670633e-01	3.162173e+00	1.001088e+00	8.893905e+00	7.213323e-01	2.456491e-01	2.085781e+00	8.175084e-01	1.042342e+00	7.394380e+01	1.406832e+02	2.785868e-01	9.362145e-02	3.609881e-14	
5  103.33	2.302425e+00	1.284109e-01	7.353649e-01	3.027473e+00	9.762993e-01	6.158318e-02	7.344982e-01	7.731361e-01	3.204317e+00	1.000523e+00	8.450683e+00	7.187153e-01	2.456659e-01	2.064419e+00	8.121942e-01	1.041888e+00	7.353450e+01	1.408636e+02	2.811977e-01	8.981860e-02	4.455261e-15	
4  102.967	2.300393e+00	1.286721e-01	7.426578e-01	3.023787e+00	9.773935e-01	5.951705e-02	7.708703e-01	7.652919e-01	3.176718e+00	1.000896e+00	8.258448e+00	7.237613e-01	2.456581e-01	2.056784e+00	8.119380e-01	1.043066e+00	7.426389e+01	1.406557e+02	2.761581e-01	9.382945e-02	4.496444e-14	
5  103.113	2.298998e+00	1.283947e-01	7.407966e-01	3.029977e+00	9.742097e-01	6.338915e-02	7.659141e-01	7.571276e-01	3.244938e+00	1.000249e+00	8.634117e+00	7.229123e-01	2.456528e-01	2.069537e+00	8.121766e-01	1.042470e+00	7.408099e+01	1.407643e+02	2.770132e-01	9.333787e-02	2.522357e-14	
7  103.045	2.298998e+00	1.283947e-01	7.407966e-01	3.029977e+00	9.742097e-01	6.338915e-02	7.659141e-01	7.571276e-01	3.244938e+00	1.000154e+00	8.634117e+00	7.229123e-01	2.456528e-01	2.069537e+00	8.121766e-01	1.042470e+00	7.408099e+01	1.407643e+02	2.770132e-01	9.333787e-02	2.522357e-14	
2  103.438	2.295511e+00	1.289975e-01	7.356775e-01	3.018904e+00	9.737295e-01	5.928371e-02	7.612947e-01	7.300940e-01	3.243688e+00	9.982691e-01	8.253250e+00	7.179887e-01	2.456385e-01	2.046817e+00	8.092809e-01	1.041886e+00	7.356771e+01	1.406819e+02	2.819209e-01	9.275964e-02	5.229749e-15	
6  102.844	2.295511e+00	1.289975e-01	7.356775e-01	3.018904e+00	9.737295e-01	5.928371e-02	7.612947e-01	7.300940e-01	3.243688e+00	9.966268e-01	8.253250e+00	7.179887e-01	2.456385e-01	2.046817e+00	8.092809e-01	1.041886e+00	7.356771e+01	1.406819e+02	2.819209e-01	9.275964e-02	5.229749e-15	
1  102.537	2.279917e+00	1.304750e-01	7.310719e-01	3.027071e+00	9.691376e-01	6.142023e-02	7.628040e-01	7.175189e-01	3.208031e+00	9.968208e-01	8.527014e+00	7.119119e-01	2.455743e-01	2.063512e+00	8.167731e-01	1.042429e+00	7.311391e+01	1.404891e+02	2.880244e-01	9.296478e-02	4.139598e-14	
3  102.64	2.273489e+00	1.317692e-01	7.278694e-01	3.037307e+00	9.663793e-01	6.294935e-02	7.855448e-01	7.201570e-01	3.253081e+00	9.986220e-01	8.711918e+00	7.070238e-01	2.455471e-01	2.084604e+00	8.235300e-01	1.042245e+00	7.279499e+01	1.401564e+02	2.929162e-01	9.549695e-02	2.412312e-14	
2  102.736	2.273489e+00	1.317692e-01	7.278694e-01	3.037307e+00	9.663793e-01	6.294935e-02	7.855448e-01	7.201570e-01	3.253081e+00	9.981251e-01	8.711918e+00	7.070238e-01	2.455471e-01	2.084604e+00	8.235300e-01	1.042245e+00	7.279499e+01	1.401564e+02	2.929162e-01	9.549695e-02	2.412312e-14	
2  103.146	2.266794e+00	1.322452e-01	7.171971e-01	3.044587e+00	9.669763e-01	6.472483e-02	7.353377e-01	7.441048e-01	3.332286e+00	9.995230e-01	8.908085e+00	6.974816e-01	2.455176e-01	2.099624e+00	8.291276e-01	1.041490e+00	7.172016e+01	1.403281e+02	3.025190e-01	8.978942e-02	-6.679073e-15	
2  102.071	2.278832e+00	1.320484e-01	7.232963e-01	3.047182e+00	9.694682e-01	6.723130e-02	7.499573e-01	7.435473e-01	3.362116e+00	9.985357e-01	9.118818e+00	7.027150e-01	2.455674e-01	2.105282e+00	8.302951e-01	1.042220e+00	7.233385e+01	1.401880e+02	2.972253e-01	9.157576e-02	2.818629e-14	
8  102.791	2.289461e+00	1.307178e-01	7.227145e-01	3.058766e+00	9.736060e-01	7.318206e-02	6.826409e-01	7.362916e-01	3.421752e+00	9.998770e-01	9.626617e+00	7.046351e-01	2.456103e-01	2.130011e+00	8.341824e-01	1.042630e+00	7.227356e+01	1.406830e+02	2.953059e-01	8.408075e-02	1.086202e-14	
6  102.242	2.294850e+00	1.323608e-01	7.256339e-01	3.054294e+00	9.712443e-01	6.796210e-02	7.423691e-01	7.565850e-01	3.430355e+00	1.000507e+00	9.154165e+00	7.037671e-01	2.456325e-01	2.120604e+00	8.351743e-01	1.042979e+00	7.255997e+01	1.399833e+02	2.961394e-01	9.085411e-02	-5.249270e-14	
1  102.971	2.294850e+00	1.323608e-01	7.256339e-01	3.054294e+00	9.712443e-01	6.796210e-02	7.423691e-01	7.565850e-01	3.430355e+00	1.002121e+00	9.154165e+00	7.037671e-01	2.456325e-01	2.120604e+00	8.351743e-01	1.042979e+00	7.255997e+01	1.399833e+02	2.961394e-01	9.085411e-02	-5.249270e-14	
10  102.403	2.291087e+00	1.319204e-01	7.297759e-01	3.061043e+00	9.706222e-01	6.984654e-02	7.958844e-01	7.639343e-01	3.448825e+00	1.003981e+00	9.331709e+00	7.079732e-01	2.456185e-01	2.134699e+00	8.342272e-01	1.042113e+00	7.297639e+01	1.398905e+02	2.919755e-01	9.662841e-02	4.244410e-15	
5  102.974	2.300036e+00	1.317422e-01	7.324737e-01	3.075516e+00	9.694343e-01	7.341199e-02	7.860835e-01	7.545039e-01	3.436185e+00	1.007167e+00	9.639353e+00	7.102526e-01	2.456552e-01	2.165832e+00	8.398415e-01	1.042762e+00	7.324622e+01	1.398775e+02	2.896475e-01	9.563223e-02	-5.765446e-15	
1  103.714	2.298428e+00	1.319441e-01	7.315565e-01	3.078563e+00	9.649891e-01	7.396089e-02	8.019586e-01	7.377607e-01	3.498191e+00	1.007503e+00	9.693265e+00	7.091105e-01	2.456487e-01	2.172147e+00	8.393095e-01	1.042238e+00	7.315749e+01	1.397854e+02	2.908027e-01	9.726095e-02	-7.253643e-14	
1  105.018	2.292664e+00	1.318789e-01	7.280549e-01	3.076355e+00	9.667194e-01	7.393432e-02	7.365192e-01	7.454800e-01	3.520944e+00	1.006886e+00	9.709680e+00	7.065904e-01	2.456243e-01	2.167696e+00	8.419495e-01	1.043440e+00	7.279961e+01	1.401337e+02	2.932840e-01	9.029287e-02	-7.281844e-14	
8  104.418	2.297202e+00	1.313069e-01	7.228537e-01	3.099986e+00	9.688170e-01	8.758685e-02	7.141509e-01	7.363826e-01	3.493537e+00	1.005863e+00	1.090631e+01	7.033464e-01	2.456424e-01	2.219595e+00	8.499969e-01	1.042019e+00	7.228256e+01	1.403225e+02	2.966019e-01	8.755720e-02	2.287701e-15	
3  105.209	2.276707e+00	1.329101e-01	7.186185e-01	3.110423e+00	9.636266e-01	8.990246e-02	7.490557e-01	7.412981e-01	3.586722e+00	1.006863e+00	1.120106e+01	6.970028e-01	2.455569e-01	2.242511e+00	8.572660e-01	1.041815e+00	7.185950e+01	1.400065e+02	3.029426e-01	9.139358e-02	-5.930196e-14	
2  105.161	2.269562e+00	1.336936e-01	7.228220e-01	3.107697e+00	9.637784e-01	8.737055e-02	7.893054e-01	7.459941e-01	3.543853e+00	1.007285e+00	1.102308e+01	6.991403e-01	2.455275e-01	2.236585e+00	8.585843e-01	1.042660e+00	7.228217e+01	1.397242e+02	3.007083e-01	9.614974e-02	-1.544785e-14	
6  105.184	2.278037e+00	1.329820e-01	7.272650e-01	3.112648e+00	9.677879e-01	8.858595e-02	8.020514e-01	7.450220e-01	3.618029e+00	1.009306e+00	1.109525e+01	7.040906e-01	2.455638e-01	2.247796e+00	8.591785e-01	1.042590e+00	7.272184e+01	1.397457e+02	2.958013e-01	9.743126e-02	-4.030951e-15	
2  105.365	2.293247e+00	1.319981e-01	7.264387e-01	3.115287e+00	9.717517e-01	9.146944e-02	7.370254e-01	7.592582e-01	3.638532e+00	1.008879e+00	1.128567e+01	7.050836e-01	2.456261e-01	2.254396e+00	8.603604e-01	1.043069e+00	7.263471e+01	1.401023e+02	2.947597e-01	9.031904e-02	-4.438627e-14	
1  104.947	2.290077e+00	1.330045e-01	7.262356e-01	3.107715e+00	9.708614e-01	8.828634e-02	7.644752e-01	7.589807e-01	3.632831e+00	1.007270e+00	1.103989e+01	7.030644e-01	2.456125e-01	2.237360e+00	8.594686e-01	1.043190e+00	7.261346e+01	1.397841e+02	2.967704e-01	9.343511e-02	-5.171467e-14	
6  105.798	2.290077e+00	1.330045e-01	7.262356e-01	3.107715e+00	9.708614e-01	8.828634e-02	7.644752e-01	7.589807e-01	3.632831e+00	1.008425e+00	1.103989e+01	7.030644e-01	2.456125e-01	2.237360e+00	8.594686e-01	1.043190e+00	7.261346e+01	1.397841e+02	2.967704e-01	9.343511e-02	-5.171467e-14	
10  104.734	2.299423e+00	1.326985e-01	7.302505e-01	3.107714e+00	9.723732e-01	8.691722e-02	7.945851e-01	7.296078e-01	3.689185e+00	1.009886e+00	1.088603e+01	7.067335e-01	2.456521e-01	2.237212e+00	8.574821e-01	1.042808e+00	7.301629e+01	1.396284e+02	2.931519e-01	9.659179e-02	-2.376530e-14	
3  106.805	2.297994e+00	1.330271e-01	7.239009e-01	3.102842e+00	9.715182e-01	8.161573e-02	7.979132e-01	7.522535e-01	3.685993e+00	1.012109e+00	1.042646e+01	7.009333e-01	2.456470e-01	2.226032e+00	8.545370e-01	1.041269e+00	7.236263e+01	1.395528e+02	2.991868e-01	9.647909e-02	-9.254776e-14	
5  105.503	2.320667e+00	1.317648e-01	7.320673e-01	3.087942e+00	9.779509e-01	7.710329e-02	7.541271e-01	7.528482e-01	3.698900e+00	1.010767e+00	9.932748e+00	7.096128e-01	2.457388e-01	2.193698e+00	8.487462e-01	1.043133e+00	7.319965e+01	1.398044e+02	2.903058e-01	9.205018e-02	-4.867632e-14	
5  103.158	2.322960e+00	1.317666e-01	7.331791e-01	3.069513e+00	9.728062e-01	7.106819e-02	7.807047e-01	7.634537e-01	3.629493e+00	1.007407e+00	9.364077e+00	7.103547e-01	2.457485e-01	2.153241e+00	8.377005e-01	1.042529e+00	7.331493e+01	1.396625e+02	2.895590e-01	9.498215e-02	-7.238053e-15	
1  102.827	2.321975e+00	1.310216e-01	7.420297e-01	3.069865e+00	9.722295e-01	7.328223e-02	8.250352e-01	7.729757e-01	3.640362e+00	1.006327e+00	9.558939e+00	7.186138e-01	2.457453e-01	2.153655e+00	8.342692e-01	1.042883e+00	7.420473e+01	1.396521e+02	2.813052e-01	9.986079e-02	-3.894866e-14	
4  103.008	2.321975e+00	1.310216e-01	7.420297e-01	3.069865e+00	9.722295e-01	7.328223e-02	8.250352e-01	7.729757e-01	3.640362e+00	1.006747e+00	9.558939e+00	7.186138e-01	2.457453e-01	2.153655e+00	8.342692e-01	1.042883e+00	7.420473e+01	1.396521e+02	2.813052e-01	9.986079e-02	-3.894866e-14	
2  103.555	2.328940e+00	1.300948e-01	7.529739e-01	3.074338e+00	9.733563e-01	7.817282e-02	8.814401e-01	8.162467e-01	3.649104e+00	1.005237e+00	9.966001e+00	7.282793e-01	2.457743e-01	2.162993e+00	8.316147e-01	1.043016e+00	7.530138e+01	1.395540e+02	2.716644e-01	1.059851e-01	-9.158142e-14	
1  103.845	2.339582e+00	1.301875e-01	7.522181e-01	3.091347e+00	9.756964e-01	8.431635e-02	8.799503e-01	8.030571e-01	3.655049e+00	1.007193e+00	1.048699e+01	7.273929e-01	2.458173e-01	2.200339e+00	8.392045e-01	1.042655e+00	7.522387e+01	1.394331e+02	2.725469e-01	1.057763e-01	-1.260782e-13	
2  104.286	2.344850e+00	1.298022e-01	7.551687e-01	3.083380e+00	9.782172e-01	8.255567e-02	9.034599e-01	8.153012e-01	3.699670e+00	1.005670e+00	1.031041e+01	7.301261e-01	2.458385e-01	2.182937e+00	8.341419e-01	1.042195e+00	7.551665e+01	1.393741e+02	2.698351e-01	1.082899e-01	-1.383441e-13	
1  103.881	2.323088e+00	1.299864e-01	7.531933e-01	3.100110e+00	9.800135e-01	9.167744e-02	8.864143e-01	8.211260e-01	3.670428e+00	1.005468e+00	1.116461e+01	7.288505e-01	2.457504e-01	2.219870e+00	8.444957e-01	1.042970e+00	7.531783e+01	1.396180e+02	2.710678e-01	1.065421e-01	-9.554475e-14	
3  103.924	2.323088e+00	1.299864e-01	7.531933e-01	3.100110e+00	9.800135e-01	9.167744e-02	8.864143e-01	8.211260e-01	3.670428e+00	1.006464e+00	1.116461e+01	7.288505e-01	2.457504e-01	2.219870e+00	8.444957e-01	1.042970e+00	7.531783e+01	1.396180e+02	2.710678e-01	1.065421e-01	-9.554475e-14	
5  105.151	2.336240e+00	1.288016e-01	7.570239e-01	3.108133e+00	9.785772e-01	9.295819e-02	8.830243e-01	8.424516e-01	3.666706e+00	1.009749e+00	1.120911e+01	7.334549e-01	2.458045e-01	2.237367e+00	8.425511e-01	1.042599e+00	7.570015e+01	1.397775e+02	2.664853e-01	1.061318e-01	-2.376342e-13	
2  107.305	2.339585e+00	1.290245e-01	7.567621e-01	3.109766e+00	9.820373e-01	9.232297e-02	9.118047e-01	8.277650e-01	3.679328e+00	1.011034e+00	1.116126e+01	7.329123e-01	2.458185e-01	2.241184e+00	8.434616e-01	1.041731e+00	7.566302e+01	1.395790e+02	2.671238e-01	1.090608e-01	-3.644709e-13	
1  107.949	2.339585e+00	1.290245e-01	7.567621e-01	3.109766e+00	9.820373e-01	9.232297e-02	9.118047e-01	8.277650e-01	3.679328e+00	1.013606e+00	1.116126e+01	7.329123e-01	2.458185e-01	2.241184e+00	8.434616e-01	1.041731e+00	7.566302e+01	1.395790e+02	2.671238e-01	1.090608e-01	-3.644709e-13	
9  106.169	2.330367e+00	1.300994e-01	7.593065e-01	3.108554e+00	9.813030e-01	9.116425e-02	9.452890e-01	8.242880e-01	3.621567e+00	1.013134e+00	1.111337e+01	7.329697e-01	2.457808e-01	2.238365e+00	8.466364e-01	1.042693e+00	7.592668e+01	1.392679e+02	2.669461e-01	1.127324e-01	-1.693931e-13	
2  106.494	2.330367e+00	1.300994e-01	7.593065e-01	3.108554e+00	9.813030e-01	9.116425e-02	9.452890e-01	8.242880e-01	3.621567e+00	1.013662e+00	1.111337e+01	7.329697e-01	2.457808e-01	2.238365e+00	8.466364e-01	1.042693e+00	7.592668e+01	1.392679e+02	2.669461e-01	1.127324e-01	-1.693931e-13	
4  104.898	2.313893e+00	1.309387e-01	7.559269e-01	3.086319e+00	9.820172e-01	8.449673e-02	9.483208e-01	8.201801e-01	3.632620e+00	1.009222e+00	1.059192e+01	7.293313e-01	2.457132e-01	2.189282e+00	8.411168e-01	1.042948e+00	7.559156e+01	1.392275e+02	2.705761e-01	1.131204e-01	-1.001041e-14	
1  105.952	2.298885e+00	1.313205e-01	7.526144e-01	3.083711e+00	9.786302e-01	8.076541e-02	9.401779e-01	8.084586e-01	3.674913e+00	1.011119e+00	1.030921e+01	7.264944e-01	2.456525e-01	2.183303e+00	8.410077e-01	1.043079e+00	7.526108e+01	1.393213e+02	2.734042e-01	1.122976e-01	9.309705e-14	
2  107.271	2.307063e+00	1.320812e-01	7.439915e-01	3.068181e+00	9.786515e-01	6.954172e-02	9.342014e-01	7.886576e-01	3.702445e+00	1.013261e+00	9.281818e+00	7.185935e-01	2.456862e-01	2.150062e+00	8.352758e-01	1.041388e+00	7.437818e+01	1.391039e+02	2.814606e-01	1.113286e-01	-1.062054e-13	
1  107.92	2.293258e+00	1.324217e-01	7.374186e-01	3.049735e+00	9.812066e-01	6.357110e-02	9.084734e-01	7.683274e-01	3.697514e+00	1.010524e+00	8.747961e+00	7.131798e-01	2.456296e-01	2.110913e+00	8.305275e-01	1.041083e+00	7.371741e+01	1.392759e+02	2.869399e-01	1.085482e-01	-1.158666e-13	
1  107.402	2.293258e+00	1.324217e-01	7.374186e-01	3.049735e+00	9.812066e-01	6.357110e-02	9.084734e-01	7.683274e-01	3.697514e+00	1.009770e+00	8.747961e+00	7.131798e-01	2.456296e-01	2.110913e+00	8.305275e-01	1.041083e+00	7.371741e+01	1.392759e+02	2.869399e-01	1.085482e-01	-1.158666e-13	
4  105.379	2.289845e+00	1.328297e-01	7.431367e-01	3.048832e+00	9.757346e-01	5.923937e-02	9.437693e-01	7.793758e-01	3.679040e+00	1.012491e+00	8.332821e+00	7.168241e-01	2.456161e-01	2.108796e+00	8.296076e-01	1.042054e+00	7.430533e+01	1.390607e+02	2.831326e-01	1.124954e-01	1.170924e-13	
3  105.785	2.290457e+00	1.334642e-01	7.443957e-01	3.056830e+00	9.771768e-01	6.149858e-02	9.357572e-01	7.786225e-01	3.732342e+00	1.013491e+00	8.572158e+00	7.165803e-01	2.456176e-01	2.125633e+00	8.368378e-01	1.043263e+00	7.443857e+01	1.389315e+02	2.833183e-01	1.117612e-01	3.337804e-13	
1  105.274	2.300255e+00	1.339531e-01	7.395093e-01	3.076655e+00	9.770009e-01	7.112709e-02	9.305507e-01	7.806555e-01	3.808702e+00	1.012944e+00	9.483931e+00	7.117804e-01	2.456571e-01	2.168538e+00	8.455186e-01	1.042265e+00	7.394032e+01	1.387559e+02	2.882002e-01	1.110806e-01	9.143148e-14	
5  104.942	2.300255e+00	1.339531e-01	7.395093e-01	3.076655e+00	9.770009e-01	7.112709e-02	9.305507e-01	7.806555e-01	3.808702e+00	1.011899e+00	9.483931e+00	7.117804e-01	2.456571e-01	2.168538e+00	8.455186e-01	1.042265e+00	7.394032e+01	1.387559e+02	2.882002e-01	1.110806e-01	9.143148e-14	
1  108.16	2.304369e+00	1.334903e-01	7.342376e-01	3.059136e+00	9.780203e-01	6.735178e-02	9.163064e-01	7.854424e-01	3.867179e+00	1.007863e+00	9.105529e+00	7.084423e-01	2.456742e-01	2.130861e+00	8.356801e-01	1.040681e+00	7.338998e+01	1.388864e+02	2.917482e-01	1.092124e-01	-1.750028e-13	
1  102.985	2.314050e+00	1.344866e-01	7.422471e-01	3.057648e+00	9.769581e-01	6.663324e-02	9.521141e-01	7.866671e-01	3.772065e+00	1.006445e+00	9.026778e+00	7.126628e-01	2.457124e-01	2.127890e+00	8.383018e-01	1.042483e+00	7.422113e+01	1.384103e+02	2.872674e-01	1.134352e-01	2.084300e-14	
3  104.346	2.310407e+00	1.349969e-01	7.374202e-01	3.083561e+00	9.751411e-01	7.631382e-02	9.392303e-01	7.853898e-01	3.798488e+00	1.008791e+00	9.954918e+00	7.079965e-01	2.456973e-01	2.183769e+00	8.503450e-01	1.042132e+00	7.373076e+01	1.383869e+02	2.919863e-01	1.119935e-01	2.066419e-15	
2  105.133	2.310407e+00	1.349969e-01	7.374202e-01	3.083561e+00	9.751411e-01	7.631382e-02	9.392303e-01	7.853898e-01	3.798488e+00	1.010850e+00	9.954918e+00	7.079965e-01	2.456973e-01	2.183769e+00	8.503450e-01	1.042132e+00	7.373076e+01	1.383869e+02	2.919863e-01	1.119935e-01	2.066419e-15	
1  104.135	2.331937e+00	1.347165e-01	7.435181e-01	3.079319e+00	9.758044e-01	7.988367e-02	9.423778e-01	7.835810e-01	3.771769e+00	1.005493e+00	1.021178e+01	7.129059e-01	2.457839e-01	2.174778e+00	8.476900e-01	1.042866e+00	7.435001e+01	1.382222e+02	2.870111e-01	1.124901e-01	-3.694016e-14	
1  106.233	2.334446e+00	1.337068e-01	7.451491e-01	3.083536e+00	9.776721e-01	8.462331e-02	9.761186e-01	7.787328e-01	3.823809e+00	1.004268e+00	1.060564e+01	7.159008e-01	2.457954e-01	2.183463e+00	8.442791e-01	1.041228e+00	7.450682e+01	1.382899e+02	2.841993e-01	1.156481e-01	-2.108328e-15	
2  105.681	2.333075e+00	1.355740e-01	7.432193e-01	3.101443e+00	9.754206e-01	8.568169e-02	9.966910e-01	7.958052e-01	3.846271e+00	1.009278e+00	1.074971e+01	7.110259e-01	2.457897e-01	2.223399e+00	8.571951e-01	1.041864e+00	7.430918e+01	1.377950e+02	2.889877e-01	1.179066e-01	-3.977157e-14	
4  105.412	2.324167e+00	1.380730e-01	7.333120e-01	3.097622e+00	9.699395e-01	8.316189e-02	9.838797e-01	8.049883e-01	3.771302e+00	1.006935e+00	1.059453e+01	6.985954e-01	2.457507e-01	2.215019e+00	8.622531e-01	1.042106e+00	7.331623e+01	1.373828e+02	3.012947e-01	1.167490e-01	2.123825e-14	
3  105.563	2.324167e+00	1.380730e-01	7.333120e-01	3.097622e+00	9.699395e-01	8.316189e-02	9.838797e-01	8.049883e-01	3.771302e+00	1.007358e+00	1.059453e+01	6.985954e-01	2.457507e-01	2.215019e+00	8.622531e-01	1.042106e+00	7.331623e+01	1.373828e+02	3.012947e-01	1.167490e-01	2.123825e-14	
2  106.381	2.312459e+00	1.381888e-01	7.328860e-01	3.097152e+00	9.709981e-01	8.482964e-02	9.578689e-01	7.946270e-01	3.850695e+00	1.005890e+00	1.078500e+01	6.984158e-01	2.457014e-01	2.214406e+00	8.650050e-01	1.043219e+00	7.327377e+01	1.375883e+02	3.014008e-01	1.143924e-01	-1.076488e-13	
2  107.24	2.316179e+00	1.388488e-01	7.243521e-01	3.094468e+00	9.699588e-01	8.294084e-02	9.514897e-01	8.040882e-01	3.803495e+00	1.005504e+00	1.061154e+01	6.898087e-01	2.457163e-01	2.208015e+00	8.638288e-01	1.041554e+00	7.241716e+01	1.374285e+02	3.101709e-01	1.131459e-01	1.257563e-13	
3  105.891	2.302100e+00	1.381275e-01	7.348364e-01	3.101820e+00	9.727214e-01	9.072014e-02	9.843195e-01	7.800458e-01	3.750331e+00	1.003124e+00	1.134073e+01	7.003412e-01	2.456583e-01	2.224798e+00	8.670032e-01	1.043164e+00	7.347949e+01	1.376015e+02	2.995219e-01	1.171030e-01	-4.140176e-14	
5  106.817	2.302100e+00	1.381275e-01	7.348364e-01	3.101820e+00	9.727214e-01	9.072014e-02	9.843195e-01	7.800458e-01	3.750331e+00	1.004322e+00	1.134073e+01	7.003412e-01	2.456583e-01	2.224798e+00	8.670032e-01	1.043164e+00	7.347949e+01	1.376015e+02	2.995219e-01	1.171030e-01	-4.140176e-14	
1  104.961	2.329943e+00	1.366565e-01	7.459870e-01	3.087567e+00	9.765860e-01	8.561543e-02	1.013384e+00	7.889463e-01	3.808928e+00	1.003689e+00	1.077421e+01	7.114111e-01	2.457742e-01	2.193180e+00	8.559750e-01	1.043210e+00	7.459609e+01	1.375236e+02	2.884987e-01	1.199990e-01	-7.502455e-14	
4  104.503	2.343743e+00	1.372722e-01	7.516656e-01	3.079872e+00	9.735324e-01	7.903745e-02	1.064505e+00	7.990718e-01	3.816070e+00	1.004918e+00	1.015972e+01	7.143370e-01	2.458311e-01	2.176026e+00	8.517250e-01	1.043383e+00	7.516035e+01	1.370302e+02	2.855328e-01	1.253311e-01	-1.346001e-13	
4  104.42	2.343743e+00	1.372722e-01	7.516656e-01	3.079872e+00	9.735324e-01	7.903745e-02	1.064505e+00	7.990718e-01	3.816070e+00	1.004459e+00	1.015972e+01	7.143370e-01	2.458311e-01	2.176026e+00	8.517250e-01	1.043383e+00	7.516035e+01	1.370302e+02	2.855328e-01	1.253311e-01	-1.346001e-13	
6  104.163	2.355191e+00	1.360894e-01	7.594733e-01	3.063125e+00	9.742597e-01	7.413544e-02	1.079993e+00	8.108826e-01	3.809049e+00	1.002356e+00	9.661307e+00	7.220322e-01	2.458780e-01	2.139569e+00	8.404728e-01	1.043613e+00	7.594431e+01	1.371080e+02	2.778989e-01	1.268532e-01	-1.657842e-13	
2  104.337	2.355191e+00	1.360894e-01	7.594733e-01	3.063125e+00	9.742597e-01	7.413544e-02	1.079993e+00	8.108826e-01	3.809049e+00	1.001356e+00	9.661307e+00	7.220322e-01	2.458780e-01	2.139569e+00	8.404728e-01	1.043613e+00	7.594431e+01	1.371080e+02	2.778989e-01	1.268532e-01	-1.657842e-13	
9  104.315	2.357861e+00	1.365346e-01	7.559010e-01	3.078103e+00	9.729186e-01	8.088857e-02	1.085824e+00	8.111987e-01	3.839974e+00	1.001354e+00	1.026933e+01	7.184660e-01	2.458887e-01	2.171917e+00	8.467457e-01	1.042805e+00	7.559290e+01	1.369671e+02	2.814164e-01	1.274075e-01	-2.490114e-14	
9  104.937	2.360280e+00	1.355015e-01	7.543384e-01	3.056471e+00	9.760085e-01	7.310847e-02	1.070955e+00	8.122766e-01	3.900657e+00	9.999175e-01	9.539224e+00	7.190521e-01	2.458987e-01	2.125444e+00	8.349515e-01	1.041802e+00	7.543643e+01	1.372378e+02	2.808635e-01	1.256912e-01	1.109500e-13	
2  104.559	2.360280e+00	1.355015e-01	7.543384e-01	3.056471e+00	9.760085e-01	7.310847e-02	1.070955e+00	8.122766e-01	3.900657e+00	1.001445e+00	9.539224e+00	7.190521e-01	2.458987e-01	2.125444e+00	8.349515e-01	1.041802e+00	7.543643e+01	1.372378e+02	2.808635e-01	1.256912e-01	1.109500e-13	
1  105.017	2.355548e+00	1.360084e-01	7.543162e-01	3.048147e+00	9.770306e-01	6.668338e-02	1.096191e+00	8.240113e-01	3.848268e+00	1.003175e+00	8.962583e+00	7.182488e-01	2.458799e-01	2.107975e+00	8.327636e-01	1.041621e+00	7.542730e+01	1.370706e+02	2.816628e-01	1.282229e-01	3.043003e-14	
2  111.477	2.367672e+00	1.339690e-01	7.628719e-01	3.033543e+00	9.824118e-01	6.226879e-02	1.132295e+00	8.283603e-01	3.827883e+00	1.002886e+00	8.489525e+00	7.278489e-01	2.459295e-01	2.077575e+00	8.196657e-01	1.040548e+00	7.625690e+01	1.372645e+02	2.720947e-01	1.318358e-01	-1.856152e-13	
1  104.747	2.373254e+00	1.334673e-01	7.655308e-01	3.051964e+00	9.834120e-01	7.025469e-02	1.090369e+00	8.246326e-01	3.804280e+00	1.004458e+00	9.215264e+00	7.305088e-01	2.459509e-01	2.116215e+00	8.283179e-01	1.041947e+00	7.655399e+01	1.374803e+02	2.694167e-01	1.277405e-01	1.403186e-14	
1  104.574	2.373340e+00	1.328137e-01	7.713659e-01	3.048459e+00	9.866584e-01	6.874318e-02	1.111777e+00	8.200528e-01	3.814497e+00	1.005210e+00	9.065319e+00	7.357177e-01	2.459510e-01	2.108750e+00	8.255072e-01	1.042230e+00	7.713795e+01	1.375357e+02	2.641827e-01	1.299635e-01	-2.018232e-14	
3  103.319	2.363079e+00	1.332820e-01	7.619858e-01	3.040680e+00	9.842059e-01	6.647018e-02	1.046713e+00	8.052992e-01	3.845533e+00	1.003303e+00	8.876244e+00	7.285339e-01	2.459096e-01	2.092446e+00	8.254156e-01	1.042445e+00	7.620401e+01	1.377995e+02	2.713823e-01	1.232779e-01	3.023129e-14	
5  103.179	2.363079e+00	1.332820e-01	7.619858e-01	3.040680e+00	9.842059e-01	6.647018e-02	1.046713e+00	8.052992e-01	3.845533e+00	1.002468e+00	8.876244e+00	7.285339e-01	2.459096e-01	2.092446e+00	8.254156e-01	1.042445e+00	7.620401e+01	1.377995e+02	2.713823e-01	1.232779e-01	3.023129e-14	
