121.19974695984267
128.54624373420413
163.7487954950697
132.2258596761069
187.59358518539298
124.53898365062936
119.19719461037673
169.4697458178275
157.4803212791191
119.8881565478294
188.30729062377077
142.32215240740055
172.12193359365065
143.42369394403337
171.73405733406335
131.26947396170007
196.6119534645687
137.1890711302463
177.560690828849
205.0621372474388
185.25507293895842
129.47747317054737
162.85802649143048
135.73455015402268
127.20724952640266
137.86304113293545
145.29742128746005
133.65676570537613
130.20991294027465
136.84372192304534
186.74759022033774
179.84393201779872
157.28282424680947
141.31795688673128
150.1841920077946
156.45755574965733
149.14221734891382
136.23677825665138
155.45242933661
135.07590610754127
130.4379763720145
126.04034100054157
132.91133478337565
122.91779845674702
131.7646590015593
194.26607732927891
131.94124840898797
128.17917423595628
117.27533232324696
132.70152057172035
168.45463275170528
152.60248998149996
159.74847383635873
174.69089983686456
149.4013721490957
165.85617070594395
133.17466281875153
177.93505229080745
130.18723976758042
152.56190445198644
143.51268280655825
118.48911866599289
156.90132769543163
126.7021222905022
126.68468262199451
151.19823395108037
122.3967453932103
157.70482224036482
142.7801381171902
167.50275041512745
207.59813553797358
138.16012876374973
158.969992986014
156.7545856892366
158.73153132028554
175.34674922869505
189.32133466670086
162.64187129429803
126.57360288292239
134.07772326846674
150.63525976421283
136.44635927705335
127.96325209910914
143.95910309582294
154.94657527355838
161.68075130142557
153.73918150072208
118.67208679685567
204.77205295237655
153.1401175849459
129.25642816977472
141.6287824912553
126.07915069178738
144.7816022276141
150.75527276094604
156.3694368587229
140.76114480423192
135.8888888621353
139.1933183637549
149.7372292728737
