145.6139972312386
145.6139972312386
145.7270380650437
145.11311269348425
145.3145194360711
143.62676018639
143.8761937230837
143.52338357923324
143.61146331486168
143.1812967936743
143.1812967936743
143.36811512797595
144.79314384109176
144.58503996575445
144.562376458233
144.30843925887044
143.76537133483953
144.47646969681617
144.25787649720237
144.63544198714038
144.06755275842488
144.63344507163725
144.63344507163725
144.60665580419575
143.93544505958477
143.48544567578674
143.94067076169188
144.8879508132448
144.5117479475659
143.8717226062361
143.96847817079905
143.56521520392943
143.52871274480933
142.9177253968945
142.9205514884529
143.61020283550687
138.06550886849985
136.61593922488717
146.5854222138146
146.84097028356177
139.26053203248856
138.07211554675524
145.0003826591447
142.54149468753917
146.33894400488822
146.09223614484236
144.73031234998345
146.9229338796922
142.5687766309929
140.5586818976737
139.22936487383748
142.80479440637885
140.64603754838018
140.21582303933985
138.9488952467219
137.7441588504325
133.11268691144417
144.15634687747053
139.51977929108742
144.83308331128302
141.39589179927583
138.75274944103805
144.25934226998191
142.87133807627544
135.1111197251015
137.83066876677717
144.6426217428949
145.6139972312386
144.5988852721556
145.54600617352597
144.38838764386
143.79499315756482
143.98082697782806
143.52338357923324
143.6006553372159
143.1812967936743
143.48292687765397
143.61848822570119
144.69084671998925
145.23460973814
144.562376458233
144.2286567862258
143.76537133483953
143.9014666499701
144.4973083069035
144.4534496160966
143.594562480103
144.20711635477184
144.63344507163725
144.5709691397131
143.93544505958477
143.38544689120107
144.29987606768734
144.93053957163602
144.288496705698
144.288496705698
143.7174138699643
143.65898951149353
143.11801305602083
142.99397096744653
143.14415966227378
143.59915426124718
143.62557864585895
138.26627054615295
146.5854222138146
139.26053203248856
138.86101484005889
138.07211554675524
140.78374079105868
142.54149468753917
136.98305663144333
146.33894400488822
142.5623726867364
142.24207970570163
140.00814387602847
144.27185282223368
137.18139628847905
137.12218679049832
140.64603754838018
140.21582303933985
145.1812404310395
134.4913556013718
142.00945431936228
140.65032547104917
140.79695962473264
144.44607925382692
140.24011901876665
139.18846446036878
142.87133807627544
140.8604011258804
142.272459967823
145.74927927158174
145.06249274081358
144.5988852721556
145.59060247180204
143.830113474401
143.62676018639
143.82633744900957
144.00514866494046
143.6006553372159
143.6006553372159
143.1812967936743
143.61848822570119
145.04676202001355
144.72480965062013
144.2286567862258
144.16615537762513
143.90494732080177
144.20833729163581
144.25787649720237
144.63544198714038
143.91380634878416
144.20711635477184
143.4272872228048
144.60665580419575
143.38544689120107
143.36230932832166
143.94067076169188
144.93053957163602
144.26405165997755
143.8717226062361
143.7624248512597
143.56521520392943
143.11801305602083
143.11801305602083
143.14415966227378
143.59915426124718
143.62557864585895
142.27671946270914
146.5854222138146
145.35969344506285
137.3534288280976
143.32002850713286
138.9830260719283
139.693445315151
147.35291615385506
146.09223614484236
142.5623726867364
138.31418247908246
144.27185282223368
139.69095193547662
137.30375030900385
137.30375030900385
140.64603754838018
140.57724719967268
139.35125070031887
139.35125070031887
142.00945431936228
139.28764424111415
140.79695962473264
144.44607925382692
139.18846446036878
143.72679848522282
145.0955944469187
141.49282847051478
141.49282847051478
144.60103355945336
138.8763931688447
139.5552938583276
139.56336856724997
139.51111434128842
139.93540228944272
139.62170702546612
139.4056931261747
139.71091748165594
139.80684626876206
140.23204533169792
140.50904296922593
140.64820870531966
140.7268046336495
140.87591069460444
140.7124034718093
140.02849952228613
139.4848022672281
139.97290575013852
139.4441356951036
139.18878008879292
139.44330443950975
139.67572166661157
139.70493730278415
139.85511167227497
140.08627181818173
139.93637399431847
139.703672334385
139.56503596729777
139.96741688156715
140.3169424597315
140.45594300626786
140.43249381531163
140.47574352549765
140.3480614532858
140.39324420657752
140.67685988924964
141.1120697024835
141.47782151993906
141.13356800867723
141.04149415362232
141.0846651839354
141.65279442159587
141.5000789491918
141.27647429911997
141.23069626661
140.9095859857587
140.99451974036643
141.43467543245464
142.0028438868982
141.93093607051534
142.010588981672
142.70995713262909
142.62748243887054
142.92323263899095
142.49376562914136
142.3471935730703
142.7443843673987
142.718764516704
142.60983268266304
142.02493584325026
142.71576923553548
143.20302254588208
143.19386117177356
143.07615639310677
142.38463823355855
140.9661006209642
141.29476003401425
141.82733725238447
141.74628402031954
141.37174549489626
141.95621195327593
144.3260075332725
146.6176192154876
133.24361297348037
135.87542017071613
136.69204900054328
137.44701331187596
144.96897233523492
144.94989618863778
141.38906548117603
135.44439025877256
136.88697663277603
136.88697663277603
143.02987153711322
141.04850736324812
142.96724724144124
145.58886347812208
146.35656170439862
131.21096344841013
133.14104597686202
138.88420540978268
135.25642953165917
141.7128334504745
139.33932148488714
139.8812084960889
141.86145821255604
141.26668989555347
138.4306986172585
141.71809161923463
144.31510130357287
143.6990260663658
141.5947734548782
148.01599958457825
146.2297026367437
138.36551788469737
138.1161437608632
142.24334971316196
142.31226774470272
140.83168783904418
141.60454090055472
143.77035077890235
140.03398523250482
138.7198549026636
139.02253200097545
139.38302599299215
139.7822827330706
139.81345280483467
139.9265417245273
139.3596643087931
139.51953933398886
139.5351843574406
140.47722116924035
140.2704793813739
140.544682549441
140.87591069460444
140.7124034718093
140.49612120208292
140.02849952228613
139.4848022672281
139.97290575013852
139.8384103965815
139.61710024976657
139.64549731005513
139.65011035932883
139.67811250834353
139.77889345975453
139.90729887298153
139.79304702655645
140.15211040280528
139.56503596729777
139.96741688156715
140.3169424597315
140.20313014293197
140.06663930280143
140.50846668297976
140.05139963333264
140.40215023701495
140.67685988924964
140.59223985613664
141.51851615407045
141.13356800867723
141.08628452655088
140.98445007587304
141.19887879529875
141.422045744287
141.3496137713901
141.05243219575652
140.9095859857587
140.99066330205983
141.79311019409664
141.91298776189757
142.33651884974915
142.010588981672
142.51007059756915
142.64030064893305
142.92323263899095
142.39412707918058
142.49060474649528
142.80331332325255
142.63006823681275
142.60279664011506
142.2526459284199
142.71576923553548
143.20302254588208
143.32929247852292
142.95555589542045
142.59174248114152
141.39211865674363
141.23608982745685
141.82733725238447
141.74628402031954
141.55140082420266
146.6376181339779
146.6176192154876
138.98535528154602
137.69609327297744
135.87542017071613
136.06114981537
141.79140876392975
144.96897233523492
143.0833436956299
140.8346249236079
140.8346249236079
135.53730642882945
142.68559723401793
142.67765022847712
142.44473031683043
142.96724724144124
145.9097969588477
147.42394442357073
138.59860546018453
135.20433940805975
135.17586635462166
143.97125237440665
142.00151995378857
139.33932148488714
139.36120904768862
141.86145821255604
142.16323548447127
141.2183697570527
141.71809161923463
141.58601554208659
144.69260892155737
144.57380908559725
145.3028089472746
141.31129458892235
139.70755111917055
138.346015632136
137.77305330177907
142.74830602661527
141.50361743945797
141.8773420996336
145.6494884740816
143.47939893194174
138.8763931688447
139.31442049819572
139.31442049819572
139.51111434128842
139.6295230465379
139.9265417245273
139.4056931261747
139.71091748165594
139.5351843574406
140.25674229766878
140.42996294186935
140.544682549441
140.808447546904
140.7124034718093
140.31747444873386
140.26922568969658
139.70871561462042
139.88225258360168
139.4441356951036
139.5505772884653
139.23721169830856
139.67572166661157
139.70493730278415
139.77889345975453
140.1571821810533
140.19425543477823
140.15211040280528
139.56503596729777
140.3246125459892
140.3169424597315
140.66380975906011
140.20313014293197
140.02197421919976
140.3480614532858
140.3406917085083
140.59223985613664
140.59223985613664
141.1120697024835
141.08628452655088
141.4759867287286
141.0846651839354
141.55630570290117
141.64743252815077
141.27647429911997
141.13319419785194
140.9095859857587
141.08155390397772
141.43467543245464
141.91298776189757
142.33651884974915
142.3644818748442
142.70995713262909
142.62748243887054
142.92323263899095
142.53652640454357
142.39412707918058
142.83743944083864
142.718764516704
142.60279664011506
142.02493584325026
142.95053824688614
143.04136971234058
143.1297850958034
142.95555589542045
142.38463823355855
141.23608982745685
141.42472495749553
141.66789957759252
141.6146116633288
141.95621195327593
147.82685381773
146.6176192154876
136.13882486578467
137.69609327297744
136.0956689989139
136.69204900054328
142.5184717277402
145.34700688746534
147.02520464432348
144.10249773941982
135.53730642882945
135.53730642882945
143.02987153711322
141.99675622554298
141.04850736324812
142.44473031683043
146.0923344190826
147.06135742569936
144.9508475143542
133.4784699633837
136.31397312239162
135.25642953165917
142.56304413070663
139.36120904768862
139.8812084960889
142.19490923842895
141.26668989555347
141.28896592316255
141.80199750631726
144.65850336569093
141.58601554208659
141.5947734548782
148.01599958457825
145.159532792253
138.10777454893062
138.1161437608632
138.346015632136
141.248734583927
142.39261531562454
140.12523613080685
141.8773420996336
143.25097998876322
143.90730240667716
143.90730240667716
144.52260954974332
144.76073828898194
144.58883243140448
144.58883243140448
144.35237165479018
144.36289430827733
144.68978759284636
144.03615466051698
143.47541697875863
144.15450211997805
144.23949763434263
143.89120828726078
144.45694982504216
144.50515453140596
143.87190550038972
144.3668515927075
143.934623997322
143.9000089744822
143.86875006842718
144.53537622535572
144.25869794718054
144.16208356679286
144.56062876345118
144.12464184255558
144.5065185267639
144.20301233785298
144.23698516417238
144.63546786839143
145.0874261720775
144.87756875986153
144.80670649078203
144.06869132833612
144.32595258202588
143.74253337132168
143.17871668551638
143.20645065136952
143.26690245387317
143.18117239117387
142.85191099505374
143.00180151134947
143.08914766440046
143.44794253497415
142.7760897929886
143.34000040642132
143.40489178123843
143.1444151858761
142.95594170623912
143.02821706325489
143.88406731433795
143.1289394817511
143.81496906872087
143.81496906872087
144.04517778433342
143.97717914048644
144.36915207929056
143.75792367907195
143.49936133740502
143.60717201553732
143.67718202563245
143.49639749372417
143.29638219694553
143.76950969194118
143.85444078193308
143.8441706452977
144.0454517021429
144.29115325752628
144.34904876763417
144.24012660498062
144.06698280550933
144.5074814284155
144.70238829548296
144.30792022397162
146.094995470738
138.47574626869223
141.66530902959124
140.91299622326792
136.15439989303434
143.5142826788847
143.5142826788847
138.66670055016948
138.8866804478166
136.04694157865103
141.0551621667108
137.11809444625274
136.59293898122706
144.27922571400194
142.51865863671222
145.36008516534264
140.79507679167241
144.0618076330096
144.9050217231581
144.9050217231581
144.1183027886178
145.33969169249957
147.0308214099107
139.63272522948128
140.11447036763118
140.11447036763118
145.86495412585987
143.31952371413468
143.31952371413468
144.87973794360272
144.2219673632988
143.57509833846106
142.21128600531438
136.97289828088685
140.38040535016836
145.14672759052038
145.14672759052038
143.87725925572477
144.33807805556512
144.9516678218187
144.76073828898194
145.0230463443017
144.57187451777244
144.35237165479018
144.25581152457113
144.39451701155278
144.06139375593358
143.72616896221624
144.0494243205585
144.15450211997805
144.0389919234788
144.26757721463377
144.50515453140596
144.15385233326379
143.87190550038972
144.1004823937414
144.20802076454476
143.86875006842718
144.35703863487063
144.69225325335577
144.25869794718054
144.16208356679286
144.40039712334823
144.12464184255558
143.86840861978177
144.23698516417238
144.63546786839143
144.8633242937057
144.87756875986153
144.6787168308337
144.4305439702581
144.09383493460132
144.60117161712984
143.125365653625
143.0714261138806
143.26690245387317
143.09674358470568
142.85191099505374
143.07832167284292
143.08914766440046
143.44794253497415
143.2777726803619
143.34000040642132
143.42206580218843
143.15548657196805
142.95594170623912
143.07076779566466
143.46914071598275
143.1289394817511
143.45614493512187
143.9770416528536
144.1106011159631
143.90144666734437
144.36915207929056
144.36915207929056
143.0855739725516
143.3434721435203
143.60538481762768
143.46572341707844
143.20178320246103
142.90544841254552
143.8441706452977
144.10197403662016
143.66505874315945
144.03300242631204
144.33787592801457
144.17576493904429
143.91371235412802
144.66701968859388
144.66701968859388
144.70238829548296
144.30792022397162
139.1531978429685
147.11512215765958
141.526263328482
135.72280690134872
138.88387274489065
139.6006643695697
140.61433905697118
135.96524904290916
136.83709377724594
139.97313465679647
137.78281928970463
135.7478190515371
135.7478190515371
140.04230136178387
145.51046934338862
145.7131882575973
144.0618076330096
144.64617371011948
142.5285427821881
144.1183027886178
144.17081282807123
144.17081282807123
135.54608140286322
141.51484194924916
138.89190220792779
140.66519660792815
143.31952371413468
143.31952371413468
141.65458401047914
142.10701641380334
141.72812231609714
134.89089366345837
138.10329054860773
136.91525180999315
139.93305011791298
143.87725925572477
143.90730240667716
144.52260954974332
144.69660311859596
145.0167619007818
144.35237165479018
144.25581152457113
144.21055489598945
144.68978759284636
144.44757738060545
143.93114252104914
144.0494243205585
144.23949763434263
144.0149600238284
144.0389919234788
144.18238362976612
143.79800032180265
144.3668515927075
143.73786452508028
144.20802076454476
144.29502327343505
144.53537622535572
144.69225325335577
144.25869794718054
144.18113293160258
144.51680748661306
144.33366325805184
144.0493054013415
144.20301233785298
144.51947564201288
145.0874261720775
144.63749674164785
144.4305439702581
143.86610032622949
144.09383493460132
143.74253337132168
142.99050150044746
142.99050150044746
143.14583727609417
143.0820284282655
143.09674358470568
143.10138856642598
143.32000742881573
143.32000742881573
142.6384657656813
143.0683015648434
143.43745962037272
143.15548657196805
143.02821706325489
143.48212215897485
143.88406731433795
143.45614493512187
143.81496906872087
143.9770416528536
144.04517778433342
143.90144666734437
144.33851519833016
143.8447015502108
143.0855739725516
143.53727930430472
143.60538481762768
143.60538481762768
143.46572341707844
143.22582625131585
143.76950969194118
144.0454517021429
144.03300242631204
144.04569584985902
144.33787592801457
144.0325767394285
144.35943504778007
144.35943504778007
144.83487957674512
141.6234275630865
142.4300261785522
139.67132564383382
147.11512215765958
141.66530902959124
145.20654746588067
142.3482972731897
134.38439911542932
139.18710691639484
135.96524904290916
139.07718705455704
138.87856765874997
137.1269572863407
137.1269572863407
139.99095152353524
140.04230136178387
142.3042434364514
142.89866166463239
135.9799870979145
143.65706262584794
146.5391457219086
143.53793928953743
145.33969169249957
142.44180564265585
138.4653295547287
143.5730913101853
136.95764762489156
140.66519660792815
143.31952371413468
144.87973794360272
146.0201459086517
142.10701641380334
141.9288884008897
143.62198835927978
138.69820304778813
136.91525180999315
136.0809719493
146.77516232285976
146.83248512456674
146.59258162921526
146.24166058627262
146.353510128161
146.33765389251764
146.0418297280617
146.24996184165053
146.07300066546563
146.37905471441854
146.37905471441854
146.42172230757458
145.34347293296946
145.03475270042884
145.28605310486543
145.46578210488352
145.57206485063276
145.88457418866548
145.5829878382783
145.3297579750379
145.02335056664774
144.76809677135026
144.61013232128906
144.45118450599946
144.54077655473608
144.4708787754636
144.55332419020377
144.5193932309609
144.2981097605499
144.25229529546635
144.583530265359
144.8091357511191
144.41881161263674
144.7563973655048
144.85111287161033
144.901639693462
145.0932741880103
144.7592219991815
144.7592219991815
145.17820982786273
145.15487287285802
144.82773761660278
144.5756019462879
144.6804376137484
144.64390509043574
144.44720826743816
144.86163488011624
145.67701635099607
145.3064072536596
145.47834128525142
145.2959617379293
145.0294113774209
144.53894225261448
144.51277673305654
144.51277673305654
144.1507178264816
144.020843625136
144.166369564999
144.166369564999
145.1366555946654
145.28539374150762
145.3484466298762
145.01185844484837
145.17831463094748
144.8726049909144
145.37382431226743
145.52540623528776
145.7103830145153
145.85478694193634
146.02433848064896
145.76269193975037
146.4145906866848
145.8122197264584
145.8122197264584
145.7261860615076
145.40269264231478
139.70320482970072
137.02371634701325
141.17419864795855
138.49324247339504
145.5906296714718
147.12583267474918
141.3089203886532
144.84627603113378
138.45847477030316
143.95727129028248
139.12887728167405
145.88085433350037
144.63126216477588
144.15941510131063
145.28950074576193
143.5246136999671
146.4596131034771
146.46128515677535
141.99448223367057
145.33552568845798
144.65791958187282
145.52307584330418
141.4288454265637
139.6458169757487
141.52952331476914
142.02214586627343
145.11910720890978
145.33830900434012
147.21488597889467
142.4913565409939
144.3225925362309
146.32691642966014
141.25329580511553
146.68826176032746
145.97953388255777
146.5375673350688
146.59258162921526
146.37362323309966
146.353510128161
146.0418297280617
145.8421862650599
146.04791885908864
146.07300066546563
145.97935668017044
146.1190047822495
146.42172230757458
145.34347293296946
145.36786656613668
145.34089932063247
145.57206485063276
145.69092772040025
146.2543894203814
145.3297579750379
145.09602485963788
144.80801210305933
144.7322937826214
144.67428896149835
144.61013232128906
144.45118450599946
144.54077655473608
144.35946862782816
144.55332419020377
144.70108684418767
144.25229529546635
144.4100176127692
144.583530265359
144.625905779665
144.7563973655048
144.4853992658185
144.32750585653181
144.84842944200452
144.7592219991815
144.7592219991815
145.04652323563175
145.01929390350773
145.0151872992852
144.32968820109946
144.64390509043574
144.44720826743816
144.60529547167224
144.38970066370368
145.53323254758928
145.09847495840248
145.46495118943443
145.19630875476764
145.41542034754048
144.71245079502592
144.21381561152592
144.24385488955625
144.020843625136
144.27776848235692
144.2695673509619
144.40765114659922
145.1366555946654
145.38670193730437
145.3572486088717
145.47292072236328
145.17831463094748
144.899914198676
145.44713809974053
145.1970763319703
145.54479951117682
145.7103830145153
146.02433848064896
145.7893031779935
146.25602345399426
145.84289624381358
146.13933905549192
145.6149695235625
140.0533762497013
136.99940050478168
143.88537750866217
138.49324247339504
140.63816261747218
144.6361943336754
139.77896819402773
141.3089203886532
140.07076522577435
138.65432204262655
138.85795784011293
141.86154357176153
140.981656483112
145.86421624082809
144.15941510131063
145.28950074576193
138.0686279046544
146.23958355609142
135.10397398208372
145.33552568845798
146.47432203661666
139.02807628892796
138.3832356241332
140.37804547274135
141.52952331476914
141.93926286036566
139.8934364894279
142.67677660368904
147.0593658892567
147.21488597889467
144.05429997000056
144.3225925362309
142.35559351192754
140.2126213375957
144.41895931501386
146.83248512456674
146.45917214354768
146.43158665962295
146.61225611153114
146.61225611153114
146.33713630319187
146.04791885908864
146.24996184165053
146.0200560093132
145.97935668017044
146.1190047822495
145.42117681317572
145.35296209019276
145.03475270042884
145.34089932063247
145.46578210488352
145.69092772040025
145.88457418866548
145.5829878382783
145.07802164862466
144.80801210305933
145.01368733383754
144.67428896149835
144.55449894515553
144.50625836920744
144.34561277017667
144.35946862782816
144.7970933854864
144.70108684418767
144.4100176127692
144.6401648716436
144.7234447024066
144.8091357511191
144.4252049966226
144.4853992658185
144.84842944200452
144.9833446285863
144.7592219991815
144.7592219991815
144.7592219991815
145.04652323563175
144.82773761660278
144.6804376137484
144.6804376137484
144.64390509043574
144.55763992020778
144.86163488011624
145.39127356394468
145.47834128525142
145.12395063974216
145.19630875476764
145.41542034754048
144.71245079502592
143.92303780679669
144.3223937077559
144.3223937077559
144.27776848235692
143.80219861143814
144.75582810553877
145.28539374150762
145.3484466298762
145.3572486088717
145.55228248542494
145.07802164020308
144.899914198676
145.17421466742508
145.46405475615006
145.52540623528776
146.02433848064896
145.76269193975037
145.7893031779935
146.23107836250855
145.84289624381358
145.7261860615076
145.28792035937155
145.28792035937155
139.70320482970072
146.79657703186817
141.17419864795855
140.63816261747218
141.28933640075456
142.50980139061986
140.63683540075104
144.86899382881066
139.09982200634764
137.9070823354286
139.12887728167405
145.88085433350037
144.63126216477588
146.19658439903398
145.09259071302574
141.53433560088146
141.9555749795906
139.6140291926781
146.1830569292546
141.1306584864732
135.06147423066932
144.65791958187282
137.66843857799697
140.37804547274135
142.09647729649694
145.10128854004506
141.5632191633145
145.33830900434012
141.89905649378306
145.57407342365562
147.0262814977105
143.25024586405067
139.23496188752804
141.4921343964546
141.53488328456947
141.53488328456947
142.31965013440873
141.9268876141158
142.06714999962398
141.777955341487
140.89310690689481
140.32454838967237
139.80826180896224
139.59826336360302
139.8394929636753
139.92333749660114
140.36382860640984
140.0031536635145
140.21378746509475
139.85959174829077
140.33395635247652
140.90186854617565
140.11367578342202
139.7718275805547
139.22310815907497
139.22310815907497
139.26093495378586
138.74164668791863
139.58413916802135
139.8323614958966
139.2468644088782
139.5719062821663
139.83911711945996
139.80673667050849
139.55084890797937
139.74358687564512
139.91289873342942
139.83087954277354
139.86723557657524
140.08839822697183
140.1841817858863
139.94834479786456
139.81548238472485
140.19432217168088
139.94574984419205
142.20527457398063
142.50017981928642
136.1662493336144
143.25978275040097
140.1430049829011
143.88712399660454
140.21278603018456
145.62375744948315
136.49964522200196
139.5680590042643
139.38268966232798
143.05289926734665
138.69813082833454
144.5442428488661
146.09867484276845
146.98383493893536
136.1108390336233
139.4516451961145
140.3477515755758
145.80058840985473
144.13072816702552
136.7238788046695
132.72536362705628
143.5833470358317
135.2385646095506
142.4601264639971
142.4601264639971
142.85738421929736
142.59868082162012
141.71879258075043
144.1875925659564
141.60166585161775
145.31511929036733
145.31511929036733
141.41137556420034
141.78507474860402
141.8328264983146
141.73384116162114
141.97166173967665
141.777955341487
140.56514392929864
140.48956266268337
140.2354790174749
139.1840455323853
140.15559698990003
139.99809285208883
139.8733482385705
140.0031536635145
140.21378746509475
140.15307516931873
139.85959174829077
140.15564840728132
140.2460827335453
139.19322320623928
139.01702432233856
139.4086814539362
139.20696276977915
138.74164668791863
139.62598614633188
139.89704474067563
139.8323614958966
139.61241743779618
139.65937847673797
139.80673667050849
139.6430901375862
139.8322615030273
139.91289873342942
140.05656266788685
139.83087954277354
139.86723557657524
140.05549804005136
139.94834479786456
140.17106765453147
140.43282420373535
142.7576158150862
145.1597137581669
144.76893378061857
135.90485859550122
142.54649133516267
144.72868147003294
147.43485070128432
146.34162738764869
147.13707368029574
138.66998864133538
145.7261516913718
139.434966153269
138.66548241314152
143.05378526802903
137.85871486132498
146.09867484276845
140.8114504010792
140.18725838628583
137.36297256552527
137.71409545359688
145.80058840985473
143.26777573159183
136.39484991765832
143.5833470358317
142.21568698333976
135.00118198361287
140.3189182368522
145.78624879748762
139.98069102033384
145.9990125932012
138.0900174186775
142.66545612921897
142.10357777596312
146.31428362574144
134.18312753649107
141.41137556420034
141.82833632006782
142.31965013440873
141.92814620139234
141.9268876141158
141.90755883967043
140.89310690689481
140.32454838967237
139.80826180896224
139.59826336360302
139.96409208506935
139.9391800804562
140.09433831383697
139.96884984495722
140.027996458063
139.75177151120727
140.13751850023112
140.47597635628904
140.11367578342202
140.12828675940025
139.19322320623928
139.25947027738104
138.84935652243377
138.90376792761262
138.90376792761262
139.8205973524005
139.8323614958966
139.5719062821663
139.65937847673797
139.49043775524308
139.74358687564512
139.57147141210706
139.8322615030273
140.39452753874411
139.94393200940027
140.08839822697183
140.5920172790977
139.9102518611152
140.22201998887687
140.17106765453147
140.35119075839194
145.4748664722624
144.76893378061857
136.1662493336144
143.25978275040097
145.06761793394824
147.43485070128432
140.18954997563714
147.13707368029574
133.7998776878481
139.5680590042643
139.434966153269
142.4248580031236
140.76561446035325
139.9156892587493
143.17569527629783
146.98383493893536
145.05827904823727
145.3570471301321
145.71466779177433
144.13072816702552
139.81889985240227
136.16265871416118
144.5639065933789
142.21568698333976
137.4174523928809
142.12832551722823
145.78624879748762
141.89440550878564
145.9990125932012
138.20034483256111
142.66545612921897
142.70239648544398
146.31428362574144
144.08815231331155
144.15026583161082
144.1104960673194
143.9301248732688
143.56057805585203
143.66122462134157
143.12528670708625
143.22626152163264
142.49054038326722
141.9758547462933
142.16310838463343
142.6183976808865
142.12967078717585
142.78640349243864
142.93231368594994
143.0663472290639
143.36260580832442
143.40085327843397
143.43912688310076
143.49469039867228
143.31452880843713
143.31452880843713
143.73337599693727
142.7277777591455
142.16112515205478
142.01174298401375
142.4151443489855
143.2788870366364
142.8129349434744
142.9599298322285
142.62162375832946
142.32006070432686
141.99550094826594
142.09002723394997
141.85594648352514
141.52263847881156
141.01740293962615
141.20268850497047
141.08824869987097
140.6731863220855
140.6731863220855
140.59061241441637
140.66138735938918
140.67756070677092
140.15540591337975
140.19111053436666
139.98848352616997
140.14764910298376
140.0210672285399
140.11391559420974
139.56571099697032
139.66272206725034
139.66272206725034
139.62636083047977
139.7799476845372
139.2744279582061
139.33611182496946
139.06849429724508
138.7676097535374
138.41858652037718
138.2894128531287
137.3978493967255
137.60345948002742
137.5282156814494
137.12760145693824
137.07460609305798
137.25170494821745
141.10788290937234
139.24054511508996
142.38177328087508
142.9707264516619
139.70728312907335
142.4118823361516
134.3721348984003
140.92567620451317
136.21983052310296
142.29305116454645
136.8579904377066
136.8579904377066
138.82695979267734
134.07663929891496
135.2482068963445
136.3673733673483
137.27604628353436
142.5760167556537
137.64757489799254
142.32453262292387
141.23813073155029
141.99543259077333
143.95850950016185
139.49395858961662
139.49395858961662
139.5056080441835
136.08478653253266
136.5522148724934
135.61427082493387
143.16758414570367
142.04083112508098
139.42473188367487
138.60545553880743
135.31690737212008
134.49261428837715
136.6636910223483
135.85984554829724
137.50982785423162
140.16208308219805
139.7892698174263
141.6035241206262
141.83521755502733
140.7775463884666
141.54586142169285
140.7579900347973
144.28155643554229
144.26311991989215
143.87472203132316
143.82739786631163
143.56057805585203
143.66122462134157
143.4612594845127
143.22626152163264
142.33617979184467
142.0708109006285
142.00227218130092
142.11657285786583
142.08923122737258
142.78640349243864
142.92146607952083
143.0663472290639
143.36260580832442
143.40085327843397
143.64834498987895
143.50455417209878
143.49469039867228
143.55493562593307
142.62550638773803
142.40454071118947
142.6281168677142
142.01174298401375
142.72863421631942
143.08379373064705
142.28462169814867
142.8580962393908
142.62798770486927
142.67759189674513
141.99550094826594
142.04764032943004
142.0352623975626
141.52263847881156
140.84762260339133
140.9144933089576
141.2324820379028
141.2324820379028
140.6629496600589
140.68386978231948
140.76279530761687
140.76279530761687
140.15540591337975
140.68498372813835
139.89652841399507
139.88881748907818
139.74097396667003
139.79615997592097
139.64097742333794
139.6732119088094
139.56206881023869
139.37394735445136
139.5706410833423
139.2744279582061
139.27654127764418
138.9533983914159
138.88994186992412
138.39646873930633
138.23085231914231
137.5960462045508
137.44163330128285
137.04723288434442
136.98147597187526
137.24271392022797
137.48037640702827
137.80247412999054
139.95052579784144
146.44339849378315
136.45132685665342
138.54408596544152
137.49872050406347
133.842307333539
140.92567620451317
136.03849147951607
142.25101567107393
145.61990145361509
143.45464608051884
143.43151960925852
137.69656588456922
140.55202660152327
138.2459390239292
138.15553066404738
144.0108722655773
143.70041361957152
140.14542400362265
140.6621098553603
146.2245220210306
141.55069579976504
143.14620267607046
145.2080677051421
139.5056080441835
137.2006437098904
137.58968547545834
135.12854465976804
143.16758414570367
143.16758414570367
140.26101159706482
137.57539789466907
139.32158756957963
134.0682230021644
137.10893415958685
139.04352364804848
135.85984554829724
136.97397458529957
141.96286726008964
139.50283591441357
141.98276388788506
141.79654032145814
145.9670255596465
140.7579900347973
139.41807696487442
144.26311991989215
144.1104960673194
143.87472203132316
143.82739786631163
143.72935645414617
143.79187086786766
143.77189843430918
143.23356055017996
142.18046529426138
142.18046529426138
142.00227218130092
142.077657532614
142.08923122737258
142.60879375755744
142.93231368594994
142.8895070699605
142.8895070699605
143.34989037082303
143.19863225133693
143.75017974387598
143.5793507197395
143.52971807491542
143.72190999043335
142.40454071118947
142.28168970814883
141.8916542905709
142.4151443489855
143.2788870366364
142.59529842559192
142.60946512833976
142.62162375832946
142.39418891422872
141.78695462009892
141.78695462009892
142.09002723394997
141.4200887384461
140.8200193819501
141.20268850497047
140.9144933089576
140.85703225132286
140.58099395012323
140.58099395012323
140.8617166171441
140.67756070677092
140.48744026402335
140.33259419814652
139.98848352616997
139.79040064522724
140.3321967783227
139.76211700638075
139.79615997592097
139.81243720273613
139.44015723504887
139.62636083047977
139.5706410833423
139.23644440340848
139.10496282579675
139.27654127764418
138.7676097535374
138.39646873930633
137.80383750130912
137.3978493967255
137.60345948002742
137.04723288434442
137.12760145693824
137.24271392022797
137.53481042276778
137.80247412999054
142.13371435428127
136.45132685665342
137.67122966474022
139.70728312907335
138.3207989159548
136.32039024261562
135.03195614363534
136.21983052310296
142.25101567107393
145.61990145361509
143.45464608051884
140.24137259489217
139.99968934491062
138.1030971705589
136.3673733673483
137.7652450994144
136.58488403573875
137.64757489799254
139.96573935346183
141.61332004014645
146.2245220210306
141.55069579976504
143.14620267607046
140.60726826530723
144.42502968221999
138.48310350187788
136.08478653253266
135.61427082493387
139.4912381261218
139.94493147069954
137.853156444139
138.60545553880743
136.14264037661044
136.3210925963227
141.41052079501588
139.04352364804848
137.25194027116083
137.49196549749297
141.96286726008964
139.50283591441357
142.4941439171902
140.7775463884666
141.4614084016221
141.11559016867054
138.8970496128461
139.11322791619537
138.78729985750883
138.61785021563742
138.53868710438704
139.05348150860627
138.85938800065878
139.0703280850778
138.53148496833114
138.55476997845133
138.2305340884653
137.77551875642695
138.46897053277448
138.50281079117207
137.6931523913078
137.72396125045069
138.15650360894705
138.62979042572508
138.62979042572508
138.63248176456005
138.86180810857934
138.9416491785091
139.54353036199328
139.71472941092776
139.2176735573891
139.0049033669937
139.87665174255315
139.43875324222716
139.39197847985088
139.4917742811002
139.32579842287703
139.06279625759916
139.33691839893166
139.5247077110079
139.5247077110079
139.68081471977092
139.9468023768248
139.5318443034737
139.18237517077938
139.6545645070566
139.48844375172206
139.48627561074665
139.3278112472885
139.3278112472885
140.24711315789082
139.86363436103696
140.36909055835454
140.27609278273636
140.05580579306218
140.1365395865537
139.8344868511153
140.16223910806946
140.26891375022123
140.23995667866683
140.2914011974447
140.6420127253168
139.9059514078547
140.44098302172858
140.0366020692731
139.54409148489606
139.64967164192964
139.62638048065236
139.46715005716865
139.8401041714724
139.52809732098007
139.39790185175207
139.4910180076177
139.76574276949637
139.92441949954895
139.9715239693235
144.9891223207014
144.9891223207014
146.30790348168748
147.28944131395997
134.5230165143577
136.88744803283447
138.8300563880566
143.29240740298926
143.01932344722047
144.73075847319248
137.72081355434133
137.8831522657494
137.8831522657494
144.5915635853184
141.9618917174322
141.00928547648743
142.61432791155943
143.14241292342396
139.02615454855342
140.45694537006034
141.8206993037965
135.43096874211633
136.13035366673273
144.1657413584664
145.75064502585252
145.60486155960402
140.00968512626815
140.00968512626815
141.97022488962625
143.97496506729036
146.16583704196884
143.59841238257525
146.62304984028705
146.62304984028705
145.9334511956942
144.67000499480542
145.752633745632
146.12190652753256
146.12190652753256
138.994605844076
138.8970496128461
138.79134797099331
138.78729985750883
138.70202346016282
138.61300961011176
138.8240972612526
138.73161663071096
138.95166256904076
138.5173365525353
138.2305340884653
137.7552664907747
137.8777202082446
138.46897053277448
138.17132094617307
137.6931523913078
137.99944491416312
138.35553385976635
138.03621736381854
138.49496793355985
138.48052210700357
138.86180810857934
138.9416491785091
139.15935767954178
139.34508224822432
139.13820772565907
139.41106202125522
139.08756353737292
139.43875324222716
139.39197847985088
139.24260077506045
139.15591440254448
139.33691839893166
139.5435546434229
139.25212386603786
139.64304914529552
139.95376973780202
139.83149725903394
139.34593261173313
139.28522951155034
139.6545645070566
139.48844375172206
139.40196333679216
139.59156888568728
139.57386024210234
140.0455132586852
139.66028502594548
140.28566248869774
140.1662204097523
140.1365395865537
140.08758855046165
139.8344868511153
139.96370555052843
140.0119913712502
140.22330767923447
140.31225841303632
140.50689025167867
140.2481549414224
139.9813479504965
140.0366020692731
139.50381494140734
139.36430951524576
139.59536924421514
139.572994060276
139.67812048126623
139.52809732098007
139.40821349273784
139.4910180076177
139.76574276949637
139.92228251138536
139.8883416657086
139.8883416657086
146.29371086506467
146.30790348168748
144.96950650241516
136.94006756501702
138.8300563880566
145.47436307720446
147.3200150807487
143.01932344722047
147.21480674608765
137.57911402796563
136.6482671175609
136.9652363071699
147.63647144219175
140.70140068943502
143.23805616951276
143.73011455464052
138.9028789602927
138.10029901504842
140.45694537006034
141.8206993037965
137.29121831262458
136.20174459331446
144.1657413584664
144.09721655895905
144.09721655895905
144.7141608142849
139.17970695899632
143.20803947787718
146.5443501361158
144.22980724583
146.2143041062949
148.69731559450966
144.2371451480152
144.67000499480542
145.7162048800098
146.02516347105012
145.752633745632
145.59022887781762
138.994605844076
139.25206054657215
138.79134797099331
138.74970925330888
138.6347666814939
139.05348150860627
138.73161663071096
139.0265294749985
138.77174440636296
138.5173365525353
138.13291903805154
137.8777202082446
138.32391997561888
138.47487359243507
137.6880397022804
137.72396125045069
138.15650360894705
138.30438355819496
138.69910788180178
138.48052210700357
139.14667844156
139.2749720100569
139.3398974057203
139.34508224822432
139.33856478318663
139.41106202125522
139.5937158235581
139.33975953571573
139.24260077506045
139.4917742811002
139.32579842287703
139.37708608082045
139.24749300805541
139.25212386603786
139.68081471977092
139.95376973780202
139.9468023768248
139.4449958838658
139.7185610091482
139.33991895624231
139.40196333679216
139.6161344498035
139.60531456588575
139.83762856822293
140.0455132586852
140.16888930294854
140.44367520592763
140.27609278273636
140.1662204097523
139.9725059247179
139.9874895166146
140.16223910806946
140.0119913712502
140.23995667866683
140.2914011974447
140.50689025167867
139.9059514078547
139.9870261426205
140.0366020692731
139.54409148489606
139.50381494140734
139.62638048065236
139.572994060276
139.8401041714724
139.67812048126623
139.3131700083475
139.16527237083955
140.07189373743256
139.92228251138536
139.88671364600856
139.89657860211148
146.29371086506467
144.93635734625914
147.28944131395997
135.27861173912868
134.5230165143577
145.47436307720446
143.29240740298926
147.21480674608765
146.631576638235
145.07491215142792
137.57911402796563
141.7485617689778
145.07954498142615
146.40630921228697
141.9618917174322
142.61432791155943
138.9028789602927
139.7219234705517
139.92881896342033
137.30312866698839
137.29121831262458
136.9085229564347
145.1184051099516
145.75064502585252
145.60486155960402
145.60486155960402
139.17970695899632
142.3818064297363
144.22980724583
145.77870478811778
146.16583704196884
146.81777674832733
145.279307204541
145.9334511956942
145.7162048800098
146.02516347105012
141.19857060798245
147.29152213186583
147.28678711144323
147.25710875284386
146.72515162435
146.86901141020763
147.28967215707684
146.79210976198067
146.6231875798396
146.78125226912667
147.15744877070898
147.88340470481495
147.73411206527402
148.3667574660445
148.79878203060005
148.2632066495609
147.7625723841365
147.6011013030747
146.59407745430465
146.1054389905754
146.76851086834876
146.4627585722273
146.4627585722273
146.63482877270474
146.39485100653678
146.18073873009587
146.16005892373587
146.17295533281268
146.10177442507126
145.5225801815755
145.5676534826408
145.00328958416137
144.88621760043637
145.10496400280934
145.09264805044134
145.2832206371562
145.52234387802872
145.52234387802872
145.65536209301635
145.697711883559
145.66292604203872
145.52338298870765
145.80721993680837
145.61716387816577
146.47934804588712
145.92975706187073
145.70407724957477
145.33168873783083
146.17093549287293
145.90208831386042
146.00540030349865
146.00396077264253
146.20291743527306
146.20936642774356
146.28735418464927
146.08410707954985
146.27149629373542
146.0293765128604
145.72222401781173
145.14297697222892
145.87212914297368
146.53576178916526
146.0401446603416
146.56220691045957
146.67216627914544
146.72328373666886
146.84852224014347
146.49631617593332
146.8570570862318
146.7781404652684
147.24879094574104
146.8481420021872
142.08879204428467
145.80039768541272
143.73911175579127
141.0760056443072
145.9947958242749
144.3123317591182
145.55510061375722
145.3876676588029
136.78301026447744
132.46256266258285
135.6707669553293
144.4755499769315
144.71578064900592
141.84972622344532
142.5348982164852
138.1408201696039
140.09637949693123
136.75301686340822
135.63856445925086
132.39560522933388
131.0509476625382
129.93152550602102
134.1275497289221
133.81346178298676
132.69184390597772
134.02820138765838
135.29867122019795
138.96096277708614
146.16831049499973
133.34442842638907
133.2504745228472
132.18839892401897
134.45109628526566
135.16113704083915
135.6890457661025
138.40591717558456
143.71472400454658
144.73312215457153
142.99479100335606
138.99009949395167
143.6044199787516
143.62485528725531
144.77477605272136
147.21390973193147
147.32679233518706
146.97153048335275
146.72515162435
146.86901141020763
146.91326109649808
146.98997201725982
146.6231875798396
146.71236379020505
147.36843243323014
147.98705791882213
148.1827122037339
148.88358113686982
148.78364605027468
148.3355843775609
147.8543248041022
147.20669477581174
146.32920033958646
146.1054389905754
146.5817566358381
146.57988738228252
146.5223760542013
146.74242511989667
146.40174356674243
146.18073873009587
146.29770662054992
146.01671852542034
145.8014475574749
145.8014475574749
145.42265078013398
145.00328958416137
145.04235257216078
145.57428334917665
145.09264805044134
145.35660755979717
145.52234387802872
145.59811646050616
145.77328592231262
145.697711883559
145.7729380207368
145.9151525395679
145.52338298870765
146.31810401397706
146.25303950000855
145.70407724957477
145.6150848170197
145.23064358402183
145.90208831386042
146.09977604636958
146.00540030349865
146.20291743527306
146.1052862211563
146.1052862211563
146.0867999083223
146.585188738701
146.585188738701
146.0293765128604
145.72222401781173
145.87212914297368
146.18668076272573
146.55517282856937
146.35193631020377
146.82864278434013
146.8407823882775
146.45697052932098
146.84852224014347
146.55716828377808
146.97378319104845
147.05555188869968
146.7781404652684
146.77748459238097
147.17985036345232
143.73911175579127
144.69849098754096
137.1176266668435
141.58978117134046
144.3123317591182
144.16433316933401
145.0041865634089
146.74835627317785
131.73958114848102
135.6707669553293
134.46369963004975
137.99869267732575
138.58053070856465
140.66443828427563
139.34635999094797
138.2129137893542
140.33812321504809
135.81431567490026
134.5727750591045
131.0509476625382
131.39745124588396
132.43311844093478
134.11532214762977
133.58150703662295
133.52183682899908
136.32839861122227
134.38104598302718
132.08102814846544
133.33352462423244
131.8402862864407
131.88693892282166
134.45109628526566
135.16113704083915
138.40591717558456
136.05526272431229
135.0821122224635
143.71472400454658
142.99479100335606
135.55368800150933
140.0145739689914
142.11658019039115
142.67646170668925
143.47422206197186
147.51100441789796
147.28678711144323
147.18126269552795
146.80242753496526
146.80242753496526
147.2665422230112
146.98997201725982
146.6231875798396
146.78125226912667
146.96800377618325
148.26815614899095
148.26815614899095
148.5358942148173
148.3667574660445
148.3355843775609
147.93928747829068
147.20669477581174
147.31837607916808
146.0630358591654
146.7252498513803
146.57988738228252
146.74242511989667
146.63482877270474
146.40174356674243
146.03744292599364
146.01671852542034
145.97946865045256
146.10177442507126
145.8014475574749
145.5225801815755
144.98793943135152
145.04235257216078
145.03236328537272
145.13144308302122
145.2832206371562
145.52234387802872
145.59811646050616
145.89458004588153
145.65536209301635
145.697711883559
145.75904715801522
145.425392863
145.80721993680837
145.9808548274418
145.9808548274418
145.23064358402183
145.7815922058135
145.7815922058135
146.11110937368156
146.00396077264253
146.3213038690992
146.20291743527306
146.28735418464927
145.8616653337467
146.0867999083223
146.27149629373542
146.40509581360052
145.93496909258334
146.04628578288273
146.53576178916526
146.0401446603416
146.0301702983886
146.82864278434013
146.8407823882775
146.45697052932098
146.5278550343169
146.55716828377808
146.97378319104845
146.8570570862318
146.83295997203734
146.74055622787446
147.17985036345232
145.06379542743102
137.40112726147544
141.0760056443072
145.9947958242749
146.43527463309073
144.3123317591182
144.16433316933401
140.61103878262205
136.78301026447744
133.37001793818536
136.10763450401979
144.71578064900592
139.6662413944485
138.0999093699389
138.0999093699389
139.1147775964255
140.34417110436993
140.34417110436993
135.63856445925086
132.1464455675186
130.49024841706398
134.1275497289221
132.4304660964209
136.17584806657416
133.67476709804114
132.5823515753769
133.55233171932082
138.96096277708614
133.34442842638907
133.2504745228472
131.88693892282166
134.45109628526566
135.16113704083915
135.6890457661025
135.21214498728293
143.71472400454658
145.86857127673778
142.65562276042937
137.52219753332793
145.3688410362495
143.62485528725531
144.77477605272136
137.1249330326748
137.2704150802176
137.26260714882005
137.4899467852976
136.58651064773744
136.56057840873905
137.077226867021
137.40308130785823
137.20726803445413
137.46505183813176
136.9466121611336
137.03622686078134
136.64631377685936
136.7289490124171
136.80685177937687
136.62591362795754
136.3814099077193
137.3686591783138
137.04423587677738
137.03231285230353
136.7876488864198
136.8853363753624
136.50437106699533
136.50000094540812
135.89643728442488
135.9126020819266
136.02903149615997
135.74349415430916
135.85936839729288
135.32259330876792
134.8739274278449
135.60612262871354
135.7182468738699
135.5814128655535
135.50488962124385
135.50488962124385
135.6662349858791
135.39676455341393
135.73457121436985
135.62734995253538
135.28372707625198
135.36961844939367
135.65276123223578
135.70524728411377
135.69964636244322
136.11984169195884
136.28978750859633
136.81714639203852
136.72445404653845
136.52509925430968
136.74513615108424
136.36081377798556
136.37241462574167
136.33225430688003
136.54729289250074
136.21549807787466
136.70035963000097
137.10259865795393
137.25333233394517
137.30768764740648
137.45370395175863
138.08264938730778
138.08264938730778
138.49651158620333
137.8491413505032
137.71230300891636
137.57914010735044
137.82995163935306
137.4671265406407
137.79664517922987
137.79664517922987
136.82447084435364
136.82447084435364
137.8517133126758
137.2138149741479
137.04478858012902
137.19796004996505
137.02629471919
137.57603362695818
137.51716612236208
137.46711264512774
137.22428834209254
136.98017517785684
136.87473437074698
140.41834383636143
144.43060172735895
144.5192957986636
142.45291849796592
142.5484133332666
143.43680946333535
143.98202536675808
146.20788695663185
145.53779649351242
143.6844044854717
146.1474762032048
146.11467764761926
145.00288155999883
142.6009211823434
139.75913202197106
138.33650697760635
139.8788604752674
141.67280055728594
144.38428484071736
143.55387518467091
138.56295217534515
138.9586769450958
143.20809929461234
146.09272616623107
142.26424142438378
140.46125762368564
142.49444474668806
140.45106028671344
142.85415964268185
140.74867848146917
140.96848451843613
143.49505656664917
142.54105736003612
140.12603171286062
138.90847723571542
138.636443291614
140.70636768785553
136.49719749145166
142.52483265578647
147.02180108962884
146.6758873945348
142.764170888659
143.1613539769078
145.0884124877848
141.54413143889124
144.02444795202436
144.24696121337138
145.37954058277475
142.93157602713802
144.41526303988218
145.67774476380885
143.32224716410624
142.53935902046967
138.8323587211035
142.19210806934376
138.9874026802595
145.2727826756831
145.778751038093
143.90937970895817
147.11471948004635
144.26238684537344
143.1601252206908
143.23727890835232
144.3465368275733
144.59916948634816
144.06689146173423
146.4781614426315
144.00437315747274
144.1559427152206
140.61273211363957
139.26611050308756
138.94921032028134
137.68156080575827
142.57683150126496
146.1259851752826
144.03961761094405
142.24957069309758
144.89686618269178
146.2689828928092
143.84784563980358
141.27164738428624
137.8191276156657
138.958518500092
143.64702311215515
143.64702311215515
141.81456276153156
139.9524780227313
141.06732871656888
140.08393092309106
138.24403264212174
137.3739729874637
137.37967230183628
138.9008739236045
141.2384477099527
141.42638242945557
141.01257227145666
144.34688681102702
145.65413182871882
146.67063472130994
143.5152895559154
142.69335093558524
145.78195016418485
145.18490536835512
144.03717573817232
140.24372973742123
136.87175715086016
135.79526020686507
138.23439563687853
138.91227319849762
145.16545696256588
144.3720491375408
144.53500895089996
144.30240724809232
144.30240724809232
137.7519453748027
146.70456163510622
144.363571798087
144.0735292566183
144.4494008198674
142.60739803651703
146.6511580047031
145.80908742985451
144.76490412612134
145.1709066112182
146.84611538748024
140.6422422795822
139.7426834765208
142.67262841705747
142.98161397000706
145.45762761551052
144.95898274061392
141.33700880728034
140.38040753159248
142.5924564878056
144.8032105197173
143.0515737069593
142.56188952263687
144.3773209658564
144.5283575780026
143.6012176930461
145.1647473619104
144.9800292322586
143.81733897909282
144.5581613994131
146.57388507491734
144.35526413729377
141.0187832244159
139.2282486353754
145.1303498248067
143.977712684162
145.6106396183284
146.80174408535788
146.84461191273707
145.1432587184762
145.41082752892586
145.99629339959696
144.09338617240235
144.09065338630793
145.28360062068282
142.7280033349861
141.82528301586686
141.46023843971375
139.69481868995874
146.32913577691508
145.11753828324683
143.45524257104833
144.42495036249537
142.18257659846833
138.9440813557683
142.5476454449489
147.27572049810294
147.27572049810294
144.33208291091
142.08059987100316
141.14619579353024
145.22794686314188
145.22794686314188
146.41063841699392
146.88997926513775
146.56873267941594
147.26171427517062
146.72539091718357
145.0134178140955
145.87318416362234
142.85456349865177
142.66550000188064
145.76744347987082
144.35959706033088
144.632440417034
145.93250736630074
145.1638313656315
141.45063575595432
142.89545047898986
144.4052825339664
145.9841737885276
143.33754451619347
145.60586549854472
144.12160551761986
144.90543746205626
147.42106474342913
146.94292301320772
142.51492181955828
142.58539583649824
140.36231287705513
144.36243475175465
146.95757954322082
145.67473173475435
145.70224711575594
144.43666509036086
143.03912980104863
144.72142888812988
144.28444744751116
147.3201382835986
146.783208487091
146.37245042036827
145.7228647541697
141.95931136961894
145.72198671526084
144.75265232056418
145.68322028877301
143.21897852138807
140.03894825218663
145.87204554471748
145.87204554471748
145.7693850620895
145.89979513237108
145.17910761495222
142.39640319365324
145.33160992130414
143.4617755478362
144.7615624575441
147.7852623236166
146.93886624721327
144.2714769578359
142.85398071631042
146.26860454461956
145.74266543393264
144.16747669998807
145.39013144876037
144.34011470942002
145.09478909858353
141.50232272866182
138.42292780438592
139.90274157452555
139.7562521465851
138.16127768302465
137.5228627287387
140.06149594303724
143.8912786127912
141.1968972786087
137.26537680352664
137.04862319798474
137.2130660257628
137.4899467852976
136.9376809246921
136.68206068430987
137.26474320673137
137.40308130785823
137.20726803445413
137.34703148966372
137.03622686078134
136.8557212851478
136.79503824346745
136.7289490124171
136.43881874063666
136.62591362795754
136.84935529704924
137.41695197227403
137.23483962430836
137.03231285230353
136.7876488864198
136.69112899773444
136.69112899773444
136.38075079103416
135.89643728442488
135.87545824468648
136.1328078751693
136.02903149615997
135.74349415430916
135.029991273224
135.15896847156233
135.15896847156233
135.71674525744487
135.36081977043278
135.36081977043278
135.80758734362465
135.78778205447568
135.59217955766172
135.82978986314419
135.62734995253538
135.29098744135203
135.6826764885309
135.6826764885309
135.25079424447205
135.30000564773198
136.10774810759116
136.4719122518217
136.8919068362576
136.82972472129563
136.52509925430968
136.73520652902656
136.68780426872829
136.33225430688003
136.50921235828864
136.36476806686602
136.60927949498546
136.70035963000097
137.03343487446733
137.25333233394517
137.7578529181986
137.70459964933497
137.43755155968776
138.21884132671553
138.60594878477906
137.8041970363938
137.8054890895223
137.7167928048455
137.78123221726534
137.69056398439938
137.40482244958972
137.4145394025312
137.04144399052527
137.04876264563757
137.6726576538077
137.15603456665667
136.84982450089723
137.39922551312986
136.96368856919128
137.51386750399496
137.51716612236208
137.28182102265674
137.11616705426488
136.87473437074698
145.2932998242955
141.53999043297767
144.43060172735895
142.42369260322408
141.62398678024826
139.14554342478016
142.8281234990339
144.11359512496375
145.24085013410854
143.6844044854717
144.50764506377342
146.0434890732915
146.11467764761926
145.32855306097943
143.20432027082657
140.83854499963118
139.70689482127787
139.40510632536734
140.48133521539907
142.8906862562712
144.5205526155362
140.25728122625733
140.878464170159
143.20809929461234
144.19211213974705
142.52944128155156
142.49444474668806
143.7389761293202
140.2884302982706
142.78498037712205
139.61207296391373
141.00738816943579
141.9089704857213
141.38080766883215
145.14949979105347
143.32844673558597
138.22061215026778
140.70636768785553
138.0466348388766
140.81071404993264
143.90527132741232
146.6758873945348
146.0397835443703
140.25712968654645
141.54413143889124
146.52262137350283
146.52262137350283
144.57489634402046
142.6749650650581
144.46165623999838
145.67774476380885
146.0743799759246
146.5309978788994
140.12067914613206
138.701796558069
141.9169256171771
140.88446392170184
144.08641766443668
144.68560751362
145.5484183669182
143.39811840194213
143.75142663591828
144.06860348924442
142.25543498711022
145.80331037481795
146.26660005244426
145.68357946030312
145.4916771944446
146.08522000713316
143.56697279282247
140.88659227089772
139.5748378861901
137.66513869769628
139.45850426374446
142.57683150126496
144.15716859393245
143.54376164889825
144.6573133341164
146.36318929384223
143.32769739208828
143.84784563980358
142.9490519919539
143.2806143136617
142.73076949716398
140.2968460242186
140.796850427678
141.81456276153156
140.1895127772816
142.72089908355844
140.45929514362246
138.49770093198424
138.49770093198424
138.43713468848281
139.6132654685161
141.55251132636164
140.8236988900228
137.57713208004668
142.78959341926782
147.0942283246307
145.38581254072864
144.20657525128092
140.93948009937597
143.26079048036323
146.06892573122786
146.02325209334674
141.88833952988801
141.16192178903543
136.97257452080694
138.86730249673911
140.58091267934662
143.9646852784676
144.3720491375408
144.4620209564219
140.9872328003234
144.56802310353697
136.89152988079138
141.92071817119253
142.2429746171913
144.0735292566183
144.44078746283287
142.60739803651703
146.4796154918581
146.90730138930118
146.90730138930118
144.07307617713946
146.3773422086844
142.13234927448735
140.29022930646533
143.73926075993464
142.98161397000706
145.45762761551052
143.81947382485487
141.33700880728034
141.7700795690801
141.94766077489615
142.5924564878056
144.8032105197173
143.0515737069593
146.2131012122524
143.55519998609
143.68860415036377
146.09087920584133
144.9800292322586
144.36092779901762
141.37690383510116
145.08646059783612
140.4996020690032
141.11866627703907
142.31299823060198
145.1493131830032
146.56967805789716
146.52479496671728
145.17825235634746
146.64371543511643
146.5642194139997
145.41082752892586
145.99629339959696
144.74789666019626
144.6390699805812
144.20139234233503
144.70812026077576
140.13764665358715
141.46023843971375
144.05086655191116
147.74479439445463
147.74479439445463
146.74691893012977
143.68940272915603
139.5183412373329
141.69859865667723
139.45394221606398
142.5476454449489
147.27572049810294
145.86706786637643
142.08059987100316
141.30895325268182
141.97811236155061
140.9997309249068
145.59663861695537
146.88997926513775
145.99774217198984
148.13665620125818
146.08367729230977
145.5934758080213
144.84910599634796
147.1705725153516
145.6953051759278
144.8210648991752
144.35959706033088
143.04209079917578
144.632440417034
145.1638313656315
141.45063575595432
142.89545047898986
145.19613093408614
142.21045561100897
143.02233136513422
144.07940971837036
144.50851678010173
146.42620374331443
146.42856378546554
146.88809444892348
142.51492181955828
140.75461535411523
140.75461535411523
142.77179800317487
145.3586935419741
145.91791825793945
147.01695105147792
147.50095621289975
143.03912980104863
142.36612001345947
144.28444744751116
146.1983735621294
142.49203045525758
146.3119927363344
146.9867466795639
141.62100152503018
143.6088933158294
144.65114135023535
144.87580845251813
143.21897852138807
142.71994422328927
142.91606483251354
145.87204554471748
143.11875335536885
146.56222847304545
145.17910761495222
143.4492502417414
144.17052389640043
144.78959406001113
144.78959406001113
147.7852623236166
144.48344013870226
145.20039670155674
143.01377308516692
146.26860454461956
147.16300074178415
147.21787040390313
147.78720339343906
144.34011470942002
144.37520297519444
142.01760793757052
142.62754446085626
137.0846920196198
138.87179796817898
138.16127768302465
137.98179986810683
141.51136961396563
145.22861810485998
137.26537680352664
136.96182445977652
137.04862319798474
137.21730957098958
136.58651064773744
136.56057840873905
137.4216327257575
137.474003055911
137.46505183813176
137.3933189798369
137.35477017213333
136.8557212851478
136.79503824346745
136.88774971135706
136.5616865826557
136.80685177937687
136.3814099077193
137.26696780115807
137.04423587677738
137.20357202608778
137.2013281883085
136.8853363753624
136.50437106699533
136.50000094540812
136.18443782305087
135.9085586881453
135.9372858115058
135.6174737970749
135.7069731530513
134.85152023585772
134.50754880181117
135.42947870648723
135.71674525744487
135.53800809688977
135.64731463268913
135.8834256270586
135.39676455341393
135.63775523962255
135.73457121436985
135.7173019338884
135.46695312180645
135.29098744135203
135.38245267243192
135.70524728411377
136.10774810759116
136.47136055202398
136.79433429944518
136.96345000940897
136.68543764505927
136.66599852509646
137.06557200357588
136.36081377798556
136.39597210812133
136.569606139499
136.40288513438986
136.54729289250074
136.831337042743
136.70035963000097
137.12606792959687
137.30768764740648
137.7801989266701
137.43755155968776
138.49651158620333
138.41469960860894
137.8491413505032
137.71230300891636
137.82995163935306
137.4671265406407
137.4671265406407
137.61793926629989
137.04144399052527
136.77647371164556
137.46221325424946
137.5933819799452
137.15603456665667
137.19796004996505
136.8745742204461
137.02629471919
137.51386750399496
137.5525116832768
137.1332825077233
137.1332825077233
136.74407153844191
144.8280661719164
142.4937500549052
145.0032754233038
143.9852584353047
141.62398678024826
142.42761557229196
142.8281234990339
144.11359512496375
145.6261598693266
144.81515283974989
148.55904119889328
146.1474762032048
146.52997664224688
145.32855306097943
142.5211738361209
140.83854499963118
139.88323608322494
139.40510632536734
141.7470173689961
144.95645534957643
142.2356512963502
139.15920508955733
142.61422784772145
142.31555834839597
144.74991807308072
142.52944128155156
141.75058618524844
143.07308121779536
141.9777654713109
141.9777654713109
142.78498037712205
141.00738816943579
141.9089704857213
139.87441599255422
141.94341034125904
141.12092301808727
138.90847723571542
139.00688793476883
137.1140076518057
140.45677410380276
146.47506773132565
142.87549382162888
142.87549382162888
139.77635337150932
141.5787367978566
143.0932674316782
146.52262137350283
144.62043061456714
143.97956622348403
143.55138416718447
145.67774476380885
146.10324044765304
146.29842950707993
146.29842950707993
136.1201686794841
140.25928828309824
140.88446392170184
142.56505798007484
143.7066438797289
143.8272666213044
145.51174098421194
143.30509516992217
144.01655719717547
143.52770526540613
145.93128609365948
144.59916948634816
144.78014084992418
144.78014084992418
146.2597278763543
143.3604045129983
143.07728828755518
138.18118888841985
137.54664206987104
139.58479563612715
139.04805810479755
144.03961761094405
144.56675767462454
144.56675767462454
145.24515696961956
146.52792517831335
141.77565861935977
141.94948894676682
140.38992539091626
135.5468180878493
141.14595173669397
140.34716183840322
139.33880090256866
142.34301225105477
142.72089908355844
139.8975659240203
139.3931356604164
136.94112643066913
138.9482607388316
141.91360285339502
139.6132654685161
141.42638242945557
137.9908438919956
145.67861559056323
145.67861559056323
145.44337242572735
145.5505512021463
140.93948009937597
144.45937858882954
145.96353878546003
145.9130622324006
141.9287408697067
139.6363436416152
137.4732801547972
137.8355437732084
139.3279864217062
142.72525373286413
143.9646852784676
143.78785221881654
141.08681924080304
141.976994129589
140.9290689637625
144.25821531131083
144.363571798087
141.16957376229783
144.4494008198674
143.21412522211935
146.47109007461523
146.07671810708584
144.7130538121845
144.07307617713946
146.3773422086844
141.75218586381632
139.7426834765208
140.13547461960158
144.40076828566237
145.45762761551052
144.9523477597029
143.7481746223081
142.457465293719
143.10423167199022
144.87208846518595
144.7605598632661
142.44524265150983
144.3773209658564
143.55519998609
144.5283575780026
145.6518655388023
144.9736230366126
143.81733897909282
146.1962617025996
146.1962617025996
142.8385645639756
142.72762607611165
142.09907735345428
142.09907735345428
144.57417424434135
146.56967805789716
145.52255254452766
145.46786891934988
146.5642194139997
144.7492651597657
145.6726644454129
144.09338617240235
144.28562134019666
144.20139234233503
145.11978087873723
141.82528301586686
139.69481868995874
145.42127530739768
145.42127530739768
147.1140067423312
145.11753828324683
143.68940272915603
139.5183412373329
140.80924843291967
139.45394221606398
143.78952959310195
147.27572049810294
144.33208291091
142.08059987100316
141.30895325268182
143.53057686360998
142.8605745542718
146.41063841699392
146.4503145343238
147.67146619251048
147.26171427517062
144.83712876869836
145.5934758080213
147.3556640580041
142.85456349865177
144.16096771677942
144.8210648991752
146.0845303700083
144.04086937990184
144.93494143391908
145.36340170243915
143.71689842690688
142.08634992136226
145.19613093408614
146.5158017239159
144.16582784515361
143.42705554355433
144.12160551761986
143.2729944764464
146.88809444892348
142.63428139776525
140.73523387177724
140.10355209102383
139.15073094282334
142.77179800317487
145.3586935419741
146.5046723897096
145.67473173475435
144.43666509036086
142.36612001345947
141.80447339609037
143.9998561361366
146.21655803805245
146.35304071707426
146.37245042036827
146.06853911547185
141.62100152503018
145.0220655728886
144.7700434058507
144.7700434058507
142.074696897133
142.5943791006613
143.1895262969665
144.7421978373893
145.14994081183033
146.56222847304545
144.38049733868812
140.82486711663935
144.17052389640043
142.24289617762247
143.74165518766281
146.31962812543543
145.335328873462
145.20039670155674
144.89962011878788
146.26860454461956
148.31211485425825
145.74266543393264
144.91574371067898
145.30607769232662
144.37520297519444
142.01760793757052
140.18124758421604
138.35798276247638
136.098210114515
138.04785913298076
136.80795780369445
140.06149594303724
140.21751034847222
