4  103.877	2.304979e+00	1.272168e-01	7.236811e-01	3.033613e+00	9.780489e-01	5.172703e-02	5.400975e-01	2.946765e-02	4.401740e+00	5.362551e+00	1.001595e+00	7.404503e+00	7.121024e-01	2.456703e-01	2.077211e+00	7.892991e-01	1.043743e+00	7.234837e+01	1.419692e+02	2.880303e-01	6.766528e-02	2.156799e+03	
17  103.924	2.304716e+00	1.349703e-01	7.168921e-01	3.056553e+00	9.679359e-01	5.360057e-02	7.046309e-01	4.375667e-02	4.627897e+00	7.307312e+00	1.004965e+00	7.714693e+00	6.913967e-01	2.456763e-01	2.127722e+00	8.010361e-01	1.043886e+00	7.166821e+01	1.394405e+02	3.086642e-01	8.666483e-02	2.566591e+03	
1  105.315	2.271986e+00	1.312857e-01	6.967028e-01	3.051776e+00	9.637899e-01	5.364369e-02	4.479379e-01	3.365291e-02	4.592661e+00	7.787503e+00	1.000225e+00	7.740384e+00	6.815841e-01	2.455362e-01	2.116364e+00	8.050773e-01	1.043921e+00	6.968010e+01	1.417486e+02	3.184304e-01	5.668109e-02	2.228533e+03	
14  105.469	2.271986e+00	1.312857e-01	6.967028e-01	3.051776e+00	9.637899e-01	5.364369e-02	4.479379e-01	3.365291e-02	4.592661e+00	7.787503e+00	9.992324e-01	7.740384e+00	6.815841e-01	2.455362e-01	2.116364e+00	8.050773e-01	1.043921e+00	6.968010e+01	1.417486e+02	3.184304e-01	5.668109e-02	2.228533e+03	
8  104.971	2.291164e+00	1.359282e-01	7.094938e-01	3.072238e+00	9.779383e-01	6.027680e-02	6.422006e-01	6.072673e-02	4.286051e+00	5.495346e+00	1.000856e+00	8.449556e+00	6.828079e-01	2.456268e-01	2.159819e+00	7.912853e-01	1.045117e+00	7.095126e+01	1.396111e+02	3.170046e-01	7.961363e-02	1.616903e+03	
2  105.696	2.291164e+00	1.359282e-01	7.094938e-01	3.072238e+00	9.779383e-01	6.027680e-02	6.422006e-01	6.072673e-02	4.286051e+00	5.495346e+00	1.003025e+00	8.449556e+00	6.828079e-01	2.456268e-01	2.159819e+00	7.912853e-01	1.045117e+00	7.095126e+01	1.396111e+02	3.170046e-01	7.961363e-02	1.616903e+03	
12  105.85	2.281891e+00	1.315749e-01	7.006851e-01	3.092375e+00	9.776422e-01	7.215495e-02	4.590540e-01	4.691838e-02	4.289414e+00	4.412337e+00	1.001760e+00	9.545535e+00	6.840181e-01	2.455712e-01	2.203190e+00	8.121172e-01	1.044736e+00	7.009720e+01	1.415417e+02	3.159473e-01	5.814223e-02	2.109695e+03	
1  104.071	2.254818e+00	1.316700e-01	6.971812e-01	3.070596e+00	9.770369e-01	6.232227e-02	4.747354e-01	3.996232e-02	4.534457e+00	7.165205e+00	1.002742e+00	8.667579e+00	6.812238e-01	2.454642e-01	2.156349e+00	8.101767e-01	1.044016e+00	6.974226e+01	1.417280e+02	3.187803e-01	5.997983e-02	2.125929e+03	
7  105.488	2.241789e+00	1.325183e-01	7.003778e-01	3.076305e+00	9.903361e-01	6.856150e-02	5.177765e-01	5.028891e-02	4.347441e+00	8.602487e+00	9.997523e-01	9.332859e+00	6.824095e-01	2.454125e-01	2.168564e+00	7.970654e-01	1.044662e+00	7.004186e+01	1.414695e+02	3.170912e-01	6.517312e-02	1.154813e+03	
18  109.662	2.241789e+00	1.325183e-01	7.003778e-01	3.076305e+00	9.903361e-01	6.856150e-02	5.177765e-01	5.028891e-02	4.347441e+00	8.602487e+00	1.002998e+00	9.332859e+00	6.824095e-01	2.454125e-01	2.168564e+00	7.970654e-01	1.044662e+00	7.004186e+01	1.414695e+02	3.170912e-01	6.517312e-02	1.154813e+03	
4  106.688	2.264868e+00	1.276976e-01	7.143733e-01	3.055016e+00	9.832639e-01	6.010008e-02	4.916024e-01	4.084873e-02	4.556525e+00	6.972725e+00	1.005436e+00	8.342491e+00	7.043473e-01	2.455024e-01	2.122678e+00	7.924833e-01	1.044238e+00	7.143539e+01	1.425127e+02	2.957470e-01	6.198564e-02	2.263921e+03	
11  104.433	2.264868e+00	1.276976e-01	7.143733e-01	3.055016e+00	9.832639e-01	6.010008e-02	4.916024e-01	4.084873e-02	4.556525e+00	6.972725e+00	1.002274e+00	8.342491e+00	7.043473e-01	2.455024e-01	2.122678e+00	7.924833e-01	1.044238e+00	7.143539e+01	1.425127e+02	2.957470e-01	6.198564e-02	2.263921e+03	
11  104.533	2.264868e+00	1.276976e-01	7.143733e-01	3.055016e+00	9.832639e-01	6.010008e-02	4.916024e-01	4.084873e-02	4.556525e+00	6.972725e+00	1.001044e+00	8.342491e+00	7.043473e-01	2.455024e-01	2.122678e+00	7.924833e-01	1.044238e+00	7.143539e+01	1.425127e+02	2.957470e-01	6.198564e-02	2.263921e+03	
7  104.882	2.264868e+00	1.276976e-01	7.143733e-01	3.055016e+00	9.832639e-01	6.010008e-02	4.916024e-01	4.084873e-02	4.556525e+00	6.972725e+00	1.000266e+00	8.342491e+00	7.043473e-01	2.455024e-01	2.122678e+00	7.924833e-01	1.044238e+00	7.143539e+01	1.425127e+02	2.957470e-01	6.198564e-02	2.263921e+03	
1  105.956	2.264569e+00	1.255418e-01	7.166849e-01	3.063396e+00	9.848247e-01	6.765549e-02	4.598366e-01	1.880761e-02	4.492616e+00	7.999912e+00	1.000570e+00	9.045576e+00	7.102163e-01	2.455069e-01	2.140134e+00	8.097633e-01	1.043746e+00	7.168383e+01	1.431798e+02	2.898464e-01	5.832325e-02	1.691989e+03	
3  107.082	2.243721e+00	1.256536e-01	6.974031e-01	3.098725e+00	9.888952e-01	8.048606e-02	2.999453e-01	3.563803e-02	4.572594e+00	9.386724e+00	9.984538e-01	1.029298e+01	6.942084e-01	2.453977e-01	2.216483e+00	8.161575e-01	1.044342e+00	6.975062e+01	1.441588e+02	3.051916e-01	3.873840e-02	1.806583e+03	
17  107.108	2.243721e+00	1.256536e-01	6.974031e-01	3.098725e+00	9.888952e-01	8.048606e-02	2.999453e-01	3.563803e-02	4.572594e+00	9.386724e+00	9.983882e-01	1.029298e+01	6.942084e-01	2.453977e-01	2.216483e+00	8.161575e-01	1.044342e+00	6.975062e+01	1.441588e+02	3.051916e-01	3.873840e-02	1.806583e+03	
1  107.207	2.255734e+00	1.260229e-01	7.071990e-01	3.100838e+00	9.911054e-01	8.072749e-02	3.730947e-01	3.757296e-02	4.342062e+00	8.277685e+00	1.000385e+00	1.029558e+01	7.015296e-01	2.454637e-01	2.221769e+00	8.081477e-01	1.044704e+00	7.074426e+01	1.435426e+02	2.981287e-01	4.782347e-02	1.191753e+03	
4  106.908	2.289795e+00	1.219953e-01	7.239753e-01	3.098132e+00	9.879210e-01	8.793090e-02	3.776474e-01	2.293416e-02	4.096415e+00	5.623288e+00	9.975934e-01	1.072916e+01	7.224424e-01	2.456118e-01	2.215511e+00	8.071510e-01	1.044361e+00	7.242404e+01	1.441638e+02	2.776240e-01	4.831198e-02	1.044364e+03	
11  106.629	2.289795e+00	1.219953e-01	7.239753e-01	3.098132e+00	9.879210e-01	8.793090e-02	3.776474e-01	2.293416e-02	4.096415e+00	5.623288e+00	1.001380e+00	1.072916e+01	7.224424e-01	2.456118e-01	2.215511e+00	8.071510e-01	1.044361e+00	7.242404e+01	1.441638e+02	2.776240e-01	4.831198e-02	1.044364e+03	
42  106.273	2.289795e+00	1.219953e-01	7.239753e-01	3.098132e+00	9.879210e-01	8.793090e-02	3.776474e-01	2.293416e-02	4.096415e+00	5.623288e+00	9.987255e-01	1.072916e+01	7.224424e-01	2.456118e-01	2.215511e+00	8.071510e-01	1.044361e+00	7.242404e+01	1.441638e+02	2.776240e-01	4.831198e-02	1.044364e+03	
2  105.394	2.275865e+00	1.229914e-01	7.065497e-01	3.130980e+00	9.831099e-01	1.006825e-01	2.921279e-01	2.790616e-02	4.046879e+00	2.764890e+00	9.983522e-01	1.185845e+01	7.068262e-01	2.455384e-01	2.289404e+00	8.248174e-01	1.043909e+00	7.065543e+01	1.445562e+02	2.932943e-01	3.752736e-02	1.891568e+03	
11  107.658	2.275865e+00	1.229914e-01	7.065497e-01	3.130980e+00	9.831099e-01	1.006825e-01	2.921279e-01	2.790616e-02	4.046879e+00	2.764890e+00	1.002952e+00	1.185845e+01	7.068262e-01	2.455384e-01	2.289404e+00	8.248174e-01	1.043909e+00	7.065543e+01	1.445562e+02	2.932943e-01	3.752736e-02	1.891568e+03	
7  108.061	2.275865e+00	1.229914e-01	7.065497e-01	3.130980e+00	9.831099e-01	1.006825e-01	2.921279e-01	2.790616e-02	4.046879e+00	2.764890e+00	1.003245e+00	1.185845e+01	7.068262e-01	2.455384e-01	2.289404e+00	8.248174e-01	1.043909e+00	7.065543e+01	1.445562e+02	2.932943e-01	3.752736e-02	1.891568e+03	
1  107.256	2.263290e+00	1.216637e-01	7.078940e-01	3.105306e+00	9.730723e-01	9.029537e-02	3.127004e-01	6.245103e-03	4.124888e+00	3.182634e+00	1.005490e+00	1.099125e+01	7.106912e-01	2.454916e-01	2.231784e+00	8.272433e-01	1.042516e+00	7.080460e+01	1.449145e+02	2.896603e-01	4.027769e-02	1.997933e+03	
3  106.945	2.326810e+00	1.243608e-01	7.206456e-01	3.091377e+00	9.796011e-01	7.780954e-02	4.371455e-01	2.639967e-02	4.172423e+00	3.124688e+00	1.008957e+00	9.783475e+00	7.145680e-01	2.457490e-01	2.200440e+00	8.056394e-01	1.042856e+00	7.208766e+01	1.429392e+02	2.859327e-01	5.577415e-02	2.226361e+03	
8  105.101	2.326810e+00	1.243608e-01	7.206456e-01	3.091377e+00	9.796011e-01	7.780954e-02	4.371455e-01	2.639967e-02	4.172423e+00	3.124688e+00	1.007441e+00	9.783475e+00	7.145680e-01	2.457490e-01	2.200440e+00	8.056394e-01	1.042856e+00	7.208766e+01	1.429392e+02	2.859327e-01	5.577415e-02	2.226361e+03	
19  104.785	2.326783e+00	1.318431e-01	7.218649e-01	3.101744e+00	9.721757e-01	8.392228e-02	6.523724e-01	2.725005e-02	4.484793e+00	5.029656e+00	1.004527e+00	1.050417e+01	7.009689e-01	2.457523e-01	2.224777e+00	8.259386e-01	1.043545e+00	7.220704e+01	1.401974e+02	2.996654e-01	8.089945e-02	2.761490e+03	
2  104.385	2.264118e+00	1.263453e-01	7.053586e-01	3.091721e+00	9.722413e-01	7.977347e-02	4.235730e-01	1.320666e-02	4.506192e+00	5.961820e+00	1.005260e+00	1.018688e+01	6.992841e-01	2.454962e-01	2.201882e+00	8.267019e-01	1.042683e+00	7.058387e+01	1.431799e+02	3.013434e-01	5.403885e-02	2.399951e+03	
4  105.022	2.274759e+00	1.286208e-01	7.208638e-01	3.079729e+00	9.764037e-01	8.077292e-02	6.170668e-01	1.156900e-02	4.593665e+00	8.071954e+00	1.002704e+00	1.029623e+01	7.072628e-01	2.455516e-01	2.175215e+00	8.255256e-01	1.042556e+00	7.209118e+01	1.416348e+02	2.930318e-01	7.682674e-02	2.109279e+03	
23  104.674	2.274759e+00	1.286208e-01	7.208638e-01	3.079729e+00	9.764037e-01	8.077292e-02	6.170668e-01	1.156900e-02	4.593665e+00	8.071954e+00	1.002261e+00	1.029623e+01	7.072628e-01	2.455516e-01	2.175215e+00	8.255256e-01	1.042556e+00	7.209118e+01	1.416348e+02	2.930318e-01	7.682674e-02	2.109279e+03	
32  103.093	2.311858e+00	1.270638e-01	7.286793e-01	3.077798e+00	9.809802e-01	7.796171e-02	5.932782e-01	1.154858e-02	4.506446e+00	8.209096e+00	1.004125e+00	9.908161e+00	7.157748e-01	2.457072e-01	2.170975e+00	8.206508e-01	1.042966e+00	7.287986e+01	1.417169e+02	2.843625e-01	7.419799e-02	1.702344e+03	
16  102.718	2.311858e+00	1.270638e-01	7.286793e-01	3.077798e+00	9.809802e-01	7.796171e-02	5.932782e-01	1.154858e-02	4.506446e+00	8.209096e+00	1.003422e+00	9.908161e+00	7.157748e-01	2.457072e-01	2.170975e+00	8.206508e-01	1.042966e+00	7.287986e+01	1.417169e+02	2.843625e-01	7.419799e-02	1.702344e+03	
1  107.041	2.310005e+00	1.243170e-01	7.215973e-01	3.063512e+00	9.858265e-01	7.297654e-02	4.468264e-01	3.979322e-03	4.176462e+00	6.859103e+00	1.001240e+00	9.409010e+00	7.154639e-01	2.456936e-01	2.140793e+00	8.199723e-01	1.043171e+00	7.218767e+01	1.430475e+02	2.845885e-01	5.660004e-02	1.013743e+03	
16  106.763	2.349895e+00	1.210100e-01	7.401058e-01	3.037998e+00	9.830368e-01	6.909039e-02	4.734876e-01	4.317849e-03	3.937212e+00	5.530877e+00	9.967527e-01	8.888268e+00	7.348611e-01	2.458536e-01	2.086393e+00	7.926734e-01	1.043007e+00	7.401194e+01	1.433150e+02	2.652464e-01	5.972696e-02	7.643026e+02	
22  106.588	2.349895e+00	1.210100e-01	7.401058e-01	3.037998e+00	9.830368e-01	6.909039e-02	4.734876e-01	4.317849e-03	3.937212e+00	5.530877e+00	9.956815e-01	8.888268e+00	7.348611e-01	2.458536e-01	2.086393e+00	7.926734e-01	1.043007e+00	7.401194e+01	1.433150e+02	2.652464e-01	5.972696e-02	7.643026e+02	
11  106.655	2.349895e+00	1.210100e-01	7.401058e-01	3.037998e+00	9.830368e-01	6.909039e-02	4.734876e-01	4.317849e-03	3.937212e+00	5.530877e+00	9.963824e-01	8.888268e+00	7.348611e-01	2.458536e-01	2.086393e+00	7.926734e-01	1.043007e+00	7.401194e+01	1.433150e+02	2.652464e-01	5.972696e-02	7.643026e+02	
44  106.667	2.349895e+00	1.210100e-01	7.401058e-01	3.037998e+00	9.830368e-01	6.909039e-02	4.734876e-01	4.317849e-03	3.937212e+00	5.530877e+00	9.964328e-01	8.888268e+00	7.348611e-01	2.458536e-01	2.086393e+00	7.926734e-01	1.043007e+00	7.401194e+01	1.433150e+02	2.652464e-01	5.972696e-02	7.643026e+02	
11  106.588	2.349895e+00	1.210100e-01	7.401058e-01	3.037998e+00	9.830368e-01	6.909039e-02	4.734876e-01	4.317849e-03	3.937212e+00	5.530877e+00	9.956903e-01	8.888268e+00	7.348611e-01	2.458536e-01	2.086393e+00	7.926734e-01	1.043007e+00	7.401194e+01	1.433150e+02	2.652464e-01	5.972696e-02	7.643026e+02	
33  107.624	2.349895e+00	1.210100e-01	7.401058e-01	3.037998e+00	9.830368e-01	6.909039e-02	4.734876e-01	4.317849e-03	3.937212e+00	5.530877e+00	9.981596e-01	8.888268e+00	7.348611e-01	2.458536e-01	2.086393e+00	7.926734e-01	1.043007e+00	7.401194e+01	1.433150e+02	2.652464e-01	5.972696e-02	7.643026e+02	
22  106.725	2.349895e+00	1.210100e-01	7.401058e-01	3.037998e+00	9.830368e-01	6.909039e-02	4.734876e-01	4.317849e-03	3.937212e+00	5.530877e+00	9.949123e-01	8.888268e+00	7.348611e-01	2.458536e-01	2.086393e+00	7.926734e-01	1.043007e+00	7.401194e+01	1.433150e+02	2.652464e-01	5.972696e-02	7.643026e+02	
11  108.227	2.349895e+00	1.210100e-01	7.401058e-01	3.037998e+00	9.830368e-01	6.909039e-02	4.734876e-01	4.317849e-03	3.937212e+00	5.530877e+00	9.987756e-01	8.888268e+00	7.348611e-01	2.458536e-01	2.086393e+00	7.926734e-01	1.043007e+00	7.401194e+01	1.433150e+02	2.652464e-01	5.972696e-02	7.643026e+02	
11  107.504	2.349895e+00	1.210100e-01	7.401058e-01	3.037998e+00	9.830368e-01	6.909039e-02	4.734876e-01	4.317849e-03	3.937212e+00	5.530877e+00	9.980161e-01	8.888268e+00	7.348611e-01	2.458536e-01	2.086393e+00	7.926734e-01	1.043007e+00	7.401194e+01	1.433150e+02	2.652464e-01	5.972696e-02	7.643026e+02	
17  107.298	2.349895e+00	1.210100e-01	7.401058e-01	3.037998e+00	9.830368e-01	6.909039e-02	4.734876e-01	4.317849e-03	3.937212e+00	5.530877e+00	9.938109e-01	8.888268e+00	7.348611e-01	2.458536e-01	2.086393e+00	7.926734e-01	1.043007e+00	7.401194e+01	1.433150e+02	2.652464e-01	5.972696e-02	7.643026e+02	
16  107.274	2.357766e+00	1.242392e-01	7.384459e-01	3.025639e+00	9.806315e-01	5.951196e-02	5.551583e-01	3.574595e-03	3.967265e+00	7.140029e+00	9.961689e-01	8.037086e+00	7.274995e-01	2.458825e-01	2.061828e+00	7.960511e-01	1.042984e+00	7.384464e+01	1.420788e+02	2.723392e-01	6.929947e-02	6.155966e+02	
23  106.728	2.357766e+00	1.242392e-01	7.384459e-01	3.025639e+00	9.806315e-01	5.951196e-02	5.551583e-01	3.574595e-03	3.967265e+00	7.140029e+00	9.978703e-01	8.037086e+00	7.274995e-01	2.458825e-01	2.061828e+00	7.960511e-01	1.042984e+00	7.384464e+01	1.420788e+02	2.723392e-01	6.929947e-02	6.155966e+02	
21  106.757	2.346555e+00	1.248187e-01	7.376670e-01	3.032731e+00	9.815250e-01	6.495675e-02	5.540863e-01	5.127181e-03	3.825427e+00	6.293389e+00	9.952390e-01	8.583875e+00	7.261316e-01	2.458342e-01	2.076304e+00	7.999468e-01	1.043710e+00	7.376275e+01	1.420700e+02	2.736140e-01	6.910929e-02	5.221091e+02	
7  107.379	2.346555e+00	1.248187e-01	7.376670e-01	3.032731e+00	9.815250e-01	6.495675e-02	5.540863e-01	5.127181e-03	3.825427e+00	6.293389e+00	9.935288e-01	8.583875e+00	7.261316e-01	2.458342e-01	2.076304e+00	7.999468e-01	1.043710e+00	7.376275e+01	1.420700e+02	2.736140e-01	6.910929e-02	5.221091e+02	
15  109.804	2.344836e+00	1.222447e-01	7.377922e-01	3.028871e+00	9.850646e-01	6.803110e-02	4.900152e-01	4.442261e-03	3.483367e+00	5.868582e+00	9.903423e-01	8.817135e+00	7.309108e-01	2.458238e-01	2.068879e+00	7.909636e-01	1.043299e+00	7.376733e+01	1.430370e+02	2.687708e-01	6.140691e-02	2.272256e+02	
11  109.761	2.344836e+00	1.222447e-01	7.377922e-01	3.028871e+00	9.850646e-01	6.803110e-02	4.900152e-01	4.442261e-03	3.483367e+00	5.868582e+00	9.903894e-01	8.817135e+00	7.309108e-01	2.458238e-01	2.068879e+00	7.909636e-01	1.043299e+00	7.376733e+01	1.430370e+02	2.687708e-01	6.140691e-02	2.272256e+02	
45  109.066	2.344836e+00	1.222447e-01	7.377922e-01	3.028871e+00	9.850646e-01	6.803110e-02	4.900152e-01	4.442261e-03	3.483367e+00	5.868582e+00	9.913442e-01	8.817135e+00	7.309108e-01	2.458238e-01	2.068879e+00	7.909636e-01	1.043299e+00	7.376733e+01	1.430370e+02	2.687708e-01	6.140691e-02	2.272256e+02	
4  110.429	2.351748e+00	1.236615e-01	7.486683e-01	3.008457e+00	9.970899e-01	6.230909e-02	5.934018e-01	2.048885e-02	3.464920e+00	6.002211e+00	9.879373e-01	8.296549e+00	7.361847e-01	2.458493e-01	2.026485e+00	7.618957e-01	1.044222e+00	7.484148e+01	1.421728e+02	2.633507e-01	7.352080e-02	1.872201e+02	
28  110.817	2.340207e+00	1.259295e-01	7.424003e-01	3.020010e+00	9.930647e-01	6.734046e-02	6.239273e-01	2.424204e-02	3.403775e+00	5.504916e+00	9.869813e-01	8.833726e+00	7.279478e-01	2.458006e-01	2.050381e+00	7.657245e-01	1.044101e+00	7.421526e+01	1.416115e+02	2.715659e-01	7.715178e-02	1.781753e+02	
6  111.728	2.340207e+00	1.259295e-01	7.424003e-01	3.020010e+00	9.930647e-01	6.734046e-02	6.239273e-01	2.424204e-02	3.403775e+00	5.504916e+00	9.885895e-01	8.833726e+00	7.279478e-01	2.458006e-01	2.050381e+00	7.657245e-01	1.044101e+00	7.421526e+01	1.416115e+02	2.715659e-01	7.715178e-02	1.781753e+02	
16  110.493	2.290878e+00	1.260922e-01	7.342133e-01	3.019652e+00	9.939202e-01	6.379366e-02	5.899886e-01	2.538902e-02	3.284005e+00	6.975634e+00	9.908995e-01	8.607367e+00	7.222679e-01	2.456020e-01	2.049857e+00	7.586768e-01	1.044454e+00	7.337886e+01	1.422692e+02	2.769896e-01	7.311147e-02	3.746802e+01	
11  110.073	2.290878e+00	1.260922e-01	7.342133e-01	3.019652e+00	9.939202e-01	6.379366e-02	5.899886e-01	2.538902e-02	3.284005e+00	6.975634e+00	9.888561e-01	8.607367e+00	7.222679e-01	2.456020e-01	2.049857e+00	7.586768e-01	1.044454e+00	7.337886e+01	1.422692e+02	2.769896e-01	7.311147e-02	3.746802e+01	
4  110.513	2.290878e+00	1.260922e-01	7.342133e-01	3.019652e+00	9.939202e-01	6.379366e-02	5.899886e-01	2.538902e-02	3.284005e+00	6.975634e+00	9.877111e-01	8.607367e+00	7.222679e-01	2.456020e-01	2.049857e+00	7.586768e-01	1.044454e+00	7.337886e+01	1.422692e+02	2.769896e-01	7.311147e-02	3.746802e+01	
2  111.93	2.293109e+00	1.273489e-01	7.278557e-01	3.026104e+00	9.955944e-01	6.209476e-02	5.700184e-01	3.334642e-02	3.290984e+00	6.329761e+00	9.896674e-01	8.455201e+00	7.149414e-01	2.456110e-01	2.063122e+00	7.522175e-01	1.044459e+00	7.276048e+01	1.420293e+02	2.845795e-01	7.084529e-02	6.685034e+01	
18  109.184	2.293856e+00	1.300820e-01	7.314540e-01	3.051904e+00	1.003936e+00	6.984439e-02	6.938506e-01	4.577653e-02	3.322052e+00	5.900545e+00	9.945073e-01	9.258478e+00	7.130268e-01	2.456126e-01	2.117597e+00	7.506319e-01	1.044170e+00	7.312012e+01	1.408508e+02	2.864662e-01	8.515558e-02	9.077356e+01	
5  108.866	2.256790e+00	1.279682e-01	7.129181e-01	3.061453e+00	9.952598e-01	7.099654e-02	5.046967e-01	3.446104e-02	3.310840e+00	4.127016e+00	9.954097e-01	9.409274e+00	7.022271e-01	2.454566e-01	2.138357e+00	7.774997e-01	1.043884e+00	7.127708e+01	1.425427e+02	2.975233e-01	6.314882e-02	2.208284e+02	
10  109.999	2.299417e+00	1.274509e-01	7.344129e-01	3.063350e+00	1.007637e+00	7.376472e-02	6.314764e-01	4.091609e-02	3.325712e+00	4.428950e+00	9.971725e-01	9.553366e+00	7.201335e-01	2.456337e-01	2.141924e+00	7.664559e-01	1.044228e+00	7.341917e+01	1.416749e+02	2.792775e-01	7.801579e-02	1.819055e+02	
5  107.018	2.291264e+00	1.267687e-01	7.343383e-01	3.045442e+00	1.001268e+00	6.536892e-02	6.049416e-01	3.158641e-02	3.301331e+00	3.879135e+00	9.971254e-01	8.767936e+00	7.211692e-01	2.456006e-01	2.104130e+00	7.724989e-01	1.044571e+00	7.341693e+01	1.420254e+02	2.782976e-01	7.484169e-02	2.255219e+02	
21  107.33	2.291264e+00	1.267687e-01	7.343383e-01	3.045442e+00	1.001268e+00	6.536892e-02	6.049416e-01	3.158641e-02	3.301331e+00	3.879135e+00	9.966445e-01	8.767936e+00	7.211692e-01	2.456006e-01	2.104130e+00	7.724989e-01	1.044571e+00	7.341693e+01	1.420254e+02	2.782976e-01	7.484169e-02	2.255219e+02	
5  109.752	2.272215e+00	1.281933e-01	7.267076e-01	3.030399e+00	9.948668e-01	5.911552e-02	6.013700e-01	4.033462e-02	3.279614e+00	4.950851e+00	9.934352e-01	8.225117e+00	7.127559e-01	2.455240e-01	2.072029e+00	7.481387e-01	1.044480e+00	7.265621e+01	1.418999e+02	2.869115e-01	7.452016e-02	1.360760e+02	
13  110.554	2.254187e+00	1.330976e-01	7.018325e-01	3.052252e+00	9.941758e-01	6.069422e-02	5.579942e-01	6.003593e-02	3.617949e+00	7.362786e+00	9.942179e-01	8.513331e+00	6.821966e-01	2.454548e-01	2.116939e+00	7.398891e-01	1.044054e+00	7.018635e+01	1.410955e+02	3.178059e-01	6.980338e-02	2.290535e+02	
5  110.079	2.222635e+00	1.328559e-01	7.022439e-01	3.040615e+00	9.926918e-01	5.875619e-02	5.609823e-01	5.536951e-02	3.569264e+00	8.890699e+00	9.915376e-01	8.384859e+00	6.836796e-01	2.453217e-01	2.091968e+00	7.351601e-01	1.044713e+00	7.020908e+01	1.414725e+02	3.160765e-01	7.024966e-02	1.444196e+02	
6  111.153	2.222635e+00	1.328559e-01	7.022439e-01	3.040615e+00	9.926918e-01	5.875619e-02	5.609823e-01	5.536951e-02	3.569264e+00	8.890699e+00	9.937002e-01	8.384859e+00	6.836796e-01	2.453217e-01	2.091968e+00	7.351601e-01	1.044713e+00	7.020908e+01	1.414725e+02	3.160765e-01	7.024966e-02	1.444196e+02	
16  109.544	2.261496e+00	1.335735e-01	7.227380e-01	3.040716e+00	9.926219e-01	5.998628e-02	7.344261e-01	3.522506e-02	3.488582e+00	8.523226e+00	9.982466e-01	8.448561e+00	6.994962e-01	2.454804e-01	2.094535e+00	7.677236e-01	1.044714e+00	7.225362e+01	1.401980e+02	2.997816e-01	8.980064e-02	1.108339e+02	
28  109.235	2.261496e+00	1.335735e-01	7.227380e-01	3.040716e+00	9.926219e-01	5.998628e-02	7.344261e-01	3.522506e-02	3.488582e+00	8.523226e+00	9.960113e-01	8.448561e+00	6.994962e-01	2.454804e-01	2.094535e+00	7.677236e-01	1.044714e+00	7.225362e+01	1.401980e+02	2.997816e-01	8.980064e-02	1.108339e+02	
4  108.122	2.218617e+00	1.312555e-01	7.053815e-01	3.060716e+00	9.849561e-01	6.736241e-02	5.752609e-01	2.793820e-02	3.292394e+00	8.112418e+00	9.970742e-01	9.226218e+00	6.899520e-01	2.452986e-01	2.137338e+00	7.775823e-01	1.043787e+00	7.049607e+01	1.418717e+02	3.091823e-01	7.171057e-02	3.849866e+01	
23  111.582	2.224929e+00	1.288673e-01	7.214377e-01	3.037350e+00	9.847976e-01	6.298251e-02	6.510886e-01	8.947581e-03	3.214174e+00	7.522980e+00	9.971827e-01	8.748750e+00	7.077901e-01	2.453175e-01	2.088803e+00	7.978303e-01	1.043532e+00	7.208595e+01	1.420670e+02	2.907209e-01	8.003791e-02	2.331592e+01	
11  109.346	2.224929e+00	1.288673e-01	7.214377e-01	3.037350e+00	9.847976e-01	6.298251e-02	6.510886e-01	8.947581e-03	3.214174e+00	7.522980e+00	9.989287e-01	8.748750e+00	7.077901e-01	2.453175e-01	2.088803e+00	7.978303e-01	1.043532e+00	7.208595e+01	1.420670e+02	2.907209e-01	8.003791e-02	2.331592e+01	
55  109.651	2.224929e+00	1.288673e-01	7.214377e-01	3.037350e+00	9.847976e-01	6.298251e-02	6.510886e-01	8.947581e-03	3.214174e+00	7.522980e+00	1.004437e+00	8.748750e+00	7.077901e-01	2.453175e-01	2.088803e+00	7.978303e-01	1.043532e+00	7.208595e+01	1.420670e+02	2.907209e-01	8.003791e-02	2.331592e+01	
5  108.267	2.224929e+00	1.288673e-01	7.214377e-01	3.037350e+00	9.847976e-01	6.298251e-02	6.510886e-01	8.947581e-03	3.214174e+00	7.522980e+00	1.000598e+00	8.748750e+00	7.077901e-01	2.453175e-01	2.088803e+00	7.978303e-01	1.043532e+00	7.208595e+01	1.420670e+02	2.907209e-01	8.003791e-02	2.331592e+01	
9  108.182	2.239337e+00	1.298845e-01	7.273948e-01	3.045936e+00	9.920965e-01	6.215190e-02	7.059054e-01	2.399246e-02	3.110954e+00	6.726579e+00	1.004245e+00	8.644399e+00	7.107842e-01	2.453809e-01	2.106455e+00	7.729684e-01	1.044024e+00	7.270020e+01	1.414488e+02	2.879372e-01	8.627994e-02	-1.287927e+01	
19  107.031	2.258329e+00	1.249288e-01	7.322404e-01	3.034497e+00	9.879798e-01	6.036395e-02	5.775372e-01	2.162223e-02	3.110248e+00	6.170010e+00	1.001385e+00	8.322230e+00	7.234671e-01	2.454665e-01	2.081114e+00	7.628755e-01	1.043957e+00	7.318688e+01	1.429597e+02	2.756054e-01	7.149719e-02	-7.178345e+00	
44  107.707	2.258329e+00	1.249288e-01	7.322404e-01	3.034497e+00	9.879798e-01	6.036395e-02	5.775372e-01	2.162223e-02	3.110248e+00	6.170010e+00	9.996364e-01	8.322230e+00	7.234671e-01	2.454665e-01	2.081114e+00	7.628755e-01	1.043957e+00	7.318688e+01	1.429597e+02	2.756054e-01	7.149719e-02	-7.178345e+00	
33  107.558	2.258329e+00	1.249288e-01	7.322404e-01	3.034497e+00	9.879798e-01	6.036395e-02	5.775372e-01	2.162223e-02	3.110248e+00	6.170010e+00	1.003272e+00	8.322230e+00	7.234671e-01	2.454665e-01	2.081114e+00	7.628755e-01	1.043957e+00	7.318688e+01	1.429597e+02	2.756054e-01	7.149719e-02	-7.178345e+00	
11  107.599	2.258329e+00	1.249288e-01	7.322404e-01	3.034497e+00	9.879798e-01	6.036395e-02	5.775372e-01	2.162223e-02	3.110248e+00	6.170010e+00	1.003337e+00	8.322230e+00	7.234671e-01	2.454665e-01	2.081114e+00	7.628755e-01	1.043957e+00	7.318688e+01	1.429597e+02	2.756054e-01	7.149719e-02	-7.178345e+00	
55  107.351	2.258329e+00	1.249288e-01	7.322404e-01	3.034497e+00	9.879798e-01	6.036395e-02	5.775372e-01	2.162223e-02	3.110248e+00	6.170010e+00	1.002897e+00	8.322230e+00	7.234671e-01	2.454665e-01	2.081114e+00	7.628755e-01	1.043957e+00	7.318688e+01	1.429597e+02	2.756054e-01	7.149719e-02	-7.178345e+00	
15  107.15	2.258329e+00	1.249288e-01	7.322404e-01	3.034497e+00	9.879798e-01	6.036395e-02	5.775372e-01	2.162223e-02	3.110248e+00	6.170010e+00	1.000732e+00	8.322230e+00	7.234671e-01	2.454665e-01	2.081114e+00	7.628755e-01	1.043957e+00	7.318688e+01	1.429597e+02	2.756054e-01	7.149719e-02	-7.178345e+00	
7  105.949	2.270477e+00	1.282130e-01	7.335879e-01	3.044945e+00	9.887655e-01	6.712607e-02	6.845582e-01	2.017596e-02	2.946979e+00	5.148251e+00	9.994829e-01	9.013737e+00	7.183700e-01	2.455090e-01	2.105223e+00	7.749369e-01	1.043945e+00	7.331789e+01	1.415925e+02	2.802845e-01	8.381169e-02	-4.667322e+01	
11  108.969	2.270477e+00	1.282130e-01	7.335879e-01	3.044945e+00	9.887655e-01	6.712607e-02	6.845582e-01	2.017596e-02	2.946979e+00	5.148251e+00	9.957667e-01	9.013737e+00	7.183700e-01	2.455090e-01	2.105223e+00	7.749369e-01	1.043945e+00	7.331789e+01	1.415925e+02	2.802845e-01	8.381169e-02	-4.667322e+01	
16  106.15	2.270477e+00	1.282130e-01	7.335879e-01	3.044945e+00	9.887655e-01	6.712607e-02	6.845582e-01	2.017596e-02	2.946979e+00	5.148251e+00	9.987324e-01	9.013737e+00	7.183700e-01	2.455090e-01	2.105223e+00	7.749369e-01	1.043945e+00	7.331789e+01	1.415925e+02	2.802845e-01	8.381169e-02	-4.667322e+01	
6  109.007	2.285620e+00	1.258843e-01	7.312098e-01	3.034384e+00	9.896364e-01	6.406256e-02	5.839703e-01	7.693296e-03	2.938565e+00	4.054108e+00	9.973412e-01	8.629032e+00	7.201685e-01	2.455682e-01	2.083507e+00	7.928778e-01	1.043748e+00	7.308641e+01	1.424358e+02	2.785318e-01	7.209899e-02	2.351440e+00	
3  107.624	2.285620e+00	1.258843e-01	7.312098e-01	3.034384e+00	9.896364e-01	6.406256e-02	5.839703e-01	7.693296e-03	2.938565e+00	4.054108e+00	1.000214e+00	8.629032e+00	7.201685e-01	2.455682e-01	2.083507e+00	7.928778e-01	1.043748e+00	7.308641e+01	1.424358e+02	2.785318e-01	7.209899e-02	2.351440e+00	
35  106.66	2.302053e+00	1.271551e-01	7.412218e-01	3.041208e+00	9.867642e-01	6.883898e-02	6.945361e-01	3.398525e-03	2.736196e+00	3.330709e+00	1.000832e+00	9.072447e+00	7.253895e-01	2.456291e-01	2.100041e+00	8.013260e-01	1.043930e+00	7.409276e+01	1.414726e+02	2.727400e-01	8.473922e-02	-7.164856e+01	
39  106.007	2.277672e+00	1.295757e-01	7.272999e-01	3.056005e+00	9.781922e-01	7.212869e-02	6.598236e-01	9.780093e-03	3.013955e+00	5.918017e+00	9.999405e-01	9.496301e+00	7.106938e-01	2.455381e-01	2.129820e+00	8.007233e-01	1.044173e+00	7.267730e+01	1.412917e+02	2.879033e-01	8.104410e-02	-3.720386e+01	
22  106.849	2.277672e+00	1.295757e-01	7.272999e-01	3.056005e+00	9.781922e-01	7.212869e-02	6.598236e-01	9.780093e-03	3.013955e+00	5.918017e+00	1.001362e+00	9.496301e+00	7.106938e-01	2.455381e-01	2.129820e+00	8.007233e-01	1.044173e+00	7.267730e+01	1.412917e+02	2.879033e-01	8.104410e-02	-3.720386e+01	
33  106.884	2.277672e+00	1.295757e-01	7.272999e-01	3.056005e+00	9.781922e-01	7.212869e-02	6.598236e-01	9.780093e-03	3.013955e+00	5.918017e+00	1.001405e+00	9.496301e+00	7.106938e-01	2.455381e-01	2.129820e+00	8.007233e-01	1.044173e+00	7.267730e+01	1.412917e+02	2.879033e-01	8.104410e-02	-3.720386e+01	
11  106.051	2.277672e+00	1.295757e-01	7.272999e-01	3.056005e+00	9.781922e-01	7.212869e-02	6.598236e-01	9.780093e-03	3.013955e+00	5.918017e+00	9.979873e-01	9.496301e+00	7.106938e-01	2.455381e-01	2.129820e+00	8.007233e-01	1.044173e+00	7.267730e+01	1.412917e+02	2.879033e-01	8.104410e-02	-3.720386e+01	
22  105.879	2.277672e+00	1.295757e-01	7.272999e-01	3.056005e+00	9.781922e-01	7.212869e-02	6.598236e-01	9.780093e-03	3.013955e+00	5.918017e+00	9.986499e-01	9.496301e+00	7.106938e-01	2.455381e-01	2.129820e+00	8.007233e-01	1.044173e+00	7.267730e+01	1.412917e+02	2.879033e-01	8.104410e-02	-3.720386e+01	
28  105.854	2.277672e+00	1.295757e-01	7.272999e-01	3.056005e+00	9.781922e-01	7.212869e-02	6.598236e-01	9.780093e-03	3.013955e+00	5.918017e+00	9.989160e-01	9.496301e+00	7.106938e-01	2.455381e-01	2.129820e+00	8.007233e-01	1.044173e+00	7.267730e+01	1.412917e+02	2.879033e-01	8.104410e-02	-3.720386e+01	
16  104.552	2.296539e+00	1.279666e-01	7.262967e-01	3.073969e+00	9.775302e-01	7.667502e-02	6.070215e-01	1.340594e-02	2.949286e+00	5.171055e+00	1.002376e+00	9.827038e+00	7.128217e-01	2.456188e-01	2.168220e+00	7.961442e-01	1.043431e+00	7.258033e+01	1.416878e+02	2.858197e-01	7.510720e-02	-5.209424e+01	
11  104.557	2.296539e+00	1.279666e-01	7.262967e-01	3.073969e+00	9.775302e-01	7.667502e-02	6.070215e-01	1.340594e-02	2.949286e+00	5.171055e+00	1.002460e+00	9.827038e+00	7.128217e-01	2.456188e-01	2.168220e+00	7.961442e-01	1.043431e+00	7.258033e+01	1.416878e+02	2.858197e-01	7.510720e-02	-5.209424e+01	
22  104.994	2.296539e+00	1.279666e-01	7.262967e-01	3.073969e+00	9.775302e-01	7.667502e-02	6.070215e-01	1.340594e-02	2.949286e+00	5.171055e+00	1.000717e+00	9.827038e+00	7.128217e-01	2.456188e-01	2.168220e+00	7.961442e-01	1.043431e+00	7.258033e+01	1.416878e+02	2.858197e-01	7.510720e-02	-5.209424e+01	
33  104.733	2.296539e+00	1.279666e-01	7.262967e-01	3.073969e+00	9.775302e-01	7.667502e-02	6.070215e-01	1.340594e-02	2.949286e+00	5.171055e+00	1.001276e+00	9.827038e+00	7.128217e-01	2.456188e-01	2.168220e+00	7.961442e-01	1.043431e+00	7.258033e+01	1.416878e+02	2.858197e-01	7.510720e-02	-5.209424e+01	
11  105.564	2.296539e+00	1.279666e-01	7.262967e-01	3.073969e+00	9.775302e-01	7.667502e-02	6.070215e-01	1.340594e-02	2.949286e+00	5.171055e+00	1.004639e+00	9.827038e+00	7.128217e-01	2.456188e-01	2.168220e+00	7.961442e-01	1.043431e+00	7.258033e+01	1.416878e+02	2.858197e-01	7.510720e-02	-5.209424e+01	
4  104.737	2.296539e+00	1.279666e-01	7.262967e-01	3.073969e+00	9.775302e-01	7.667502e-02	6.070215e-01	1.340594e-02	2.949286e+00	5.171055e+00	1.003290e+00	9.827038e+00	7.128217e-01	2.456188e-01	2.168220e+00	7.961442e-01	1.043431e+00	7.258033e+01	1.416878e+02	2.858197e-01	7.510720e-02	-5.209424e+01	
18  104.93	2.313621e+00	1.297873e-01	7.331621e-01	3.069822e+00	9.709315e-01	7.820426e-02	7.127639e-01	6.981618e-03	2.703391e+00	3.544187e+00	1.001601e+00	9.958221e+00	7.144916e-01	2.456803e-01	2.162203e+00	8.043514e-01	1.043379e+00	7.330517e+01	1.406227e+02	2.839924e-01	8.711313e-02	-1.066841e+02	
16  104.9	2.313621e+00	1.297873e-01	7.331621e-01	3.069822e+00	9.709315e-01	7.820426e-02	7.127639e-01	6.981618e-03	2.703391e+00	3.544187e+00	1.000712e+00	9.958221e+00	7.144916e-01	2.456803e-01	2.162203e+00	8.043514e-01	1.043379e+00	7.330517e+01	1.406227e+02	2.839924e-01	8.711313e-02	-1.066841e+02	
50  105.198	2.280590e+00	1.294729e-01	7.106706e-01	3.089721e+00	9.635228e-01	8.155212e-02	5.342536e-01	1.256222e-02	2.768380e+00	3.102699e+00	1.001039e+00	1.032260e+01	6.970451e-01	2.455499e-01	2.204935e+00	8.053089e-01	1.043130e+00	7.105944e+01	1.417859e+02	3.020014e-01	6.678846e-02	-5.934961e+01	
25  105.26	2.280590e+00	1.294729e-01	7.106706e-01	3.089721e+00	9.635228e-01	8.155212e-02	5.342536e-01	1.256222e-02	2.768380e+00	3.102699e+00	1.001564e+00	1.032260e+01	6.970451e-01	2.455499e-01	2.204935e+00	8.053089e-01	1.043130e+00	7.105944e+01	1.417859e+02	3.020014e-01	6.678846e-02	-5.934961e+01	
8  105.686	2.305719e+00	1.283928e-01	7.248133e-01	3.061210e+00	9.753725e-01	7.097984e-02	5.991351e-01	1.141774e-02	2.803850e+00	3.039497e+00	1.001960e+00	9.269925e+00	7.104383e-01	2.456503e-01	2.141890e+00	7.967150e-01	1.043363e+00	7.247187e+01	1.415182e+02	2.883289e-01	7.420167e-02	-3.312952e+01	
33  105.657	2.305719e+00	1.283928e-01	7.248133e-01	3.061210e+00	9.753725e-01	7.097984e-02	5.991351e-01	1.141774e-02	2.803850e+00	3.039497e+00	1.001743e+00	9.269925e+00	7.104383e-01	2.456503e-01	2.141890e+00	7.967150e-01	1.043363e+00	7.247187e+01	1.415182e+02	2.883289e-01	7.420167e-02	-3.312952e+01	
12  105.994	2.305719e+00	1.283928e-01	7.248133e-01	3.061210e+00	9.753725e-01	7.097984e-02	5.991351e-01	1.141774e-02	2.803850e+00	3.039497e+00	1.002883e+00	9.269925e+00	7.104383e-01	2.456503e-01	2.141890e+00	7.967150e-01	1.043363e+00	7.247187e+01	1.415182e+02	2.883289e-01	7.420167e-02	-3.312952e+01	
10  107.288	2.334981e+00	1.295749e-01	7.312559e-01	3.070592e+00	9.715438e-01	6.740708e-02	6.733263e-01	8.857756e-03	3.020424e+00	3.301213e+00	1.010675e+00	8.904623e+00	7.129034e-01	2.457736e-01	2.161299e+00	8.093200e-01	1.043152e+00	7.314877e+01	1.405790e+02	2.859288e-01	8.276134e-02	8.053516e+01	
22  107.491	2.334981e+00	1.295749e-01	7.312559e-01	3.070592e+00	9.715438e-01	6.740708e-02	6.733263e-01	8.857756e-03	3.020424e+00	3.301213e+00	1.011011e+00	8.904623e+00	7.129034e-01	2.457736e-01	2.161299e+00	8.093200e-01	1.043152e+00	7.314877e+01	1.405790e+02	2.859288e-01	8.276134e-02	8.053516e+01	
7  107.746	2.334981e+00	1.295749e-01	7.312559e-01	3.070592e+00	9.715438e-01	6.740708e-02	6.733263e-01	8.857756e-03	3.020424e+00	3.301213e+00	1.011363e+00	8.904623e+00	7.129034e-01	2.457736e-01	2.161299e+00	8.093200e-01	1.043152e+00	7.314877e+01	1.405790e+02	2.859288e-01	8.276134e-02	8.053516e+01	
4  108.534	2.340319e+00	1.307003e-01	7.326236e-01	3.070506e+00	9.748031e-01	7.229840e-02	7.055263e-01	1.804132e-02	3.001438e+00	4.898991e+00	1.005906e+00	9.372201e+00	7.120967e-01	2.457961e-01	2.160950e+00	7.910507e-01	1.043520e+00	7.326098e+01	1.401526e+02	2.868391e-01	8.645589e-02	-2.399316e+01	
4  107.058	2.340319e+00	1.307003e-01	7.326236e-01	3.070506e+00	9.748031e-01	7.229840e-02	7.055263e-01	1.804132e-02	3.001438e+00	4.898991e+00	1.000092e+00	9.372201e+00	7.120967e-01	2.457961e-01	2.160950e+00	7.910507e-01	1.043520e+00	7.326098e+01	1.401526e+02	2.868391e-01	8.645589e-02	-2.399316e+01	
7  108.433	2.326367e+00	1.314157e-01	7.255098e-01	3.068167e+00	9.769737e-01	7.152721e-02	6.626812e-01	1.930935e-02	3.115691e+00	6.220488e+00	9.977848e-01	9.346618e+00	7.052125e-01	2.457422e-01	2.155398e+00	7.912315e-01	1.043965e+00	7.253123e+01	1.403261e+02	2.937762e-01	8.164077e-02	-1.328589e+01	
11  109.224	2.326367e+00	1.314157e-01	7.255098e-01	3.068167e+00	9.769737e-01	7.152721e-02	6.626812e-01	1.930935e-02	3.115691e+00	6.220488e+00	9.969353e-01	9.346618e+00	7.052125e-01	2.457422e-01	2.155398e+00	7.912315e-01	1.043965e+00	7.253123e+01	1.403261e+02	2.937762e-01	8.164077e-02	-1.328589e+01	
1  107.788	2.326367e+00	1.314157e-01	7.255098e-01	3.068167e+00	9.769737e-01	7.152721e-02	6.626812e-01	1.930935e-02	3.115691e+00	6.220488e+00	1.000872e+00	9.346618e+00	7.052125e-01	2.457422e-01	2.155398e+00	7.912315e-01	1.043965e+00	7.253123e+01	1.403261e+02	2.937762e-01	8.164077e-02	-1.328589e+01	
2  107.073	2.297515e+00	1.331087e-01	7.130290e-01	3.070357e+00	9.668774e-01	7.093943e-02	6.588096e-01	1.203829e-02	3.547625e+00	8.555379e+00	1.001531e+00	9.416208e+00	6.915975e-01	2.456313e-01	2.159942e+00	8.155262e-01	1.042935e+00	7.129501e+01	1.402014e+02	3.075817e-01	8.149569e-02	1.550748e+02	
8  107.569	2.256412e+00	1.322955e-01	6.969219e-01	3.086569e+00	9.627255e-01	7.592104e-02	5.267278e-01	1.389688e-02	3.646963e+00	8.703265e+00	1.001202e+00	9.975254e+00	6.794696e-01	2.454644e-01	2.194541e+00	8.227504e-01	1.042812e+00	6.970448e+01	1.413409e+02	3.200601e-01	6.644648e-02	2.269674e+02	
5  107.453	2.256412e+00	1.322955e-01	6.969219e-01	3.086569e+00	9.627255e-01	7.592104e-02	5.267278e-01	1.389688e-02	3.646963e+00	8.703265e+00	1.000802e+00	9.975254e+00	6.794696e-01	2.454644e-01	2.194541e+00	8.227504e-01	1.042812e+00	6.970448e+01	1.413409e+02	3.200601e-01	6.644648e-02	2.269674e+02	
4  103.777	2.258353e+00	1.326126e-01	7.021569e-01	3.078055e+00	9.692064e-01	7.571769e-02	5.800593e-01	1.552584e-02	3.504886e+00	9.056717e+00	9.988132e-01	9.955170e+00	6.836095e-01	2.454699e-01	2.176424e+00	8.128633e-01	1.042930e+00	7.019285e+01	1.410587e+02	3.155865e-01	7.262208e-02	1.232101e+02	
2  102.638	2.270846e+00	1.312285e-01	7.111839e-01	3.083523e+00	9.783159e-01	7.770598e-02	5.950215e-01	1.526825e-02	3.524326e+00	1.071836e+01	1.001159e+00	1.008347e+01	6.945183e-01	2.455229e-01	2.188571e+00	8.146705e-01	1.043355e+00	7.104929e+01	1.412015e+02	3.042017e-01	7.458418e-02	1.232118e+02	
11  102.619	2.270846e+00	1.312285e-01	7.111839e-01	3.083523e+00	9.783159e-01	7.770598e-02	5.950215e-01	1.526825e-02	3.524326e+00	1.071836e+01	1.001706e+00	1.008347e+01	6.945183e-01	2.455229e-01	2.188571e+00	8.146705e-01	1.043355e+00	7.104929e+01	1.412015e+02	3.042017e-01	7.458418e-02	1.232118e+02	
22  102.873	2.270846e+00	1.312285e-01	7.111839e-01	3.083523e+00	9.783159e-01	7.770598e-02	5.950215e-01	1.526825e-02	3.524326e+00	1.071836e+01	1.002714e+00	1.008347e+01	6.945183e-01	2.455229e-01	2.188571e+00	8.146705e-01	1.043355e+00	7.104929e+01	1.412015e+02	3.042017e-01	7.458418e-02	1.232118e+02	
11  103.626	2.270846e+00	1.312285e-01	7.111839e-01	3.083523e+00	9.783159e-01	7.770598e-02	5.950215e-01	1.526825e-02	3.524326e+00	1.071836e+01	9.991731e-01	1.008347e+01	6.945183e-01	2.455229e-01	2.188571e+00	8.146705e-01	1.043355e+00	7.104929e+01	1.412015e+02	3.042017e-01	7.458418e-02	1.232118e+02	
55  102.712	2.270846e+00	1.312285e-01	7.111839e-01	3.083523e+00	9.783159e-01	7.770598e-02	5.950215e-01	1.526825e-02	3.524326e+00	1.071836e+01	1.000790e+00	1.008347e+01	6.945183e-01	2.455229e-01	2.188571e+00	8.146705e-01	1.043355e+00	7.104929e+01	1.412015e+02	3.042017e-01	7.458418e-02	1.232118e+02	
10  102.67	2.270846e+00	1.312285e-01	7.111839e-01	3.083523e+00	9.783159e-01	7.770598e-02	5.950215e-01	1.526825e-02	3.524326e+00	1.071836e+01	1.000971e+00	1.008347e+01	6.945183e-01	2.455229e-01	2.188571e+00	8.146705e-01	1.043355e+00	7.104929e+01	1.412015e+02	3.042017e-01	7.458418e-02	1.232118e+02	
5  105.189	2.259869e+00	1.310407e-01	7.075265e-01	3.057118e+00	9.809755e-01	6.898946e-02	5.634563e-01	1.986718e-02	3.688822e+00	7.911569e+00	9.967105e-01	9.287964e+00	6.913419e-01	2.454748e-01	2.129211e+00	8.040792e-01	1.043430e+00	7.074498e+01	1.414834e+02	3.081903e-01	7.041724e-02	2.780474e+02	
29  105.348	2.297447e+00	1.312648e-01	7.367825e-01	3.048602e+00	9.927621e-01	6.787189e-02	7.630387e-01	2.833215e-02	3.495454e+00	5.744622e+00	9.983864e-01	9.106379e+00	7.146108e-01	2.456279e-01	2.111044e+00	7.851387e-01	1.044526e+00	7.366545e+01	1.402070e+02	2.848403e-01	9.267481e-02	2.332925e+02	
21  105.834	2.297447e+00	1.312648e-01	7.367825e-01	3.048602e+00	9.927621e-01	6.787189e-02	7.630387e-01	2.833215e-02	3.495454e+00	5.744622e+00	9.990778e-01	9.106379e+00	7.146108e-01	2.456279e-01	2.111044e+00	7.851387e-01	1.044526e+00	7.366545e+01	1.402070e+02	2.848403e-01	9.267481e-02	2.332925e+02	
1  110.106	2.298299e+00	1.282519e-01	7.523405e-01	3.039395e+00	9.953811e-01	6.592242e-02	8.188647e-01	1.170260e-02	3.141738e+00	3.032035e+00	1.003282e+00	8.868026e+00	7.315399e-01	2.456248e-01	2.093397e+00	7.988838e-01	1.044150e+00	7.524876e+01	1.406518e+02	2.671765e-01	9.853850e-02	1.848578e+02	
2  110.911	2.298299e+00	1.282519e-01	7.523405e-01	3.039395e+00	9.953811e-01	6.592242e-02	8.188647e-01	1.170260e-02	3.141738e+00	3.032035e+00	1.005904e+00	8.868026e+00	7.315399e-01	2.456248e-01	2.093397e+00	7.988838e-01	1.044150e+00	7.524876e+01	1.406518e+02	2.671765e-01	9.853850e-02	1.848578e+02	
10  112.3	2.256221e+00	1.312313e-01	7.213729e-01	3.051506e+00	9.916751e-01	5.609778e-02	6.635590e-01	2.140591e-02	3.224041e+00	8.101193e+00	1.011690e+00	8.007270e+00	7.029862e-01	2.454545e-01	2.118769e+00	7.830968e-01	1.044513e+00	7.211901e+01	1.411483e+02	2.957254e-01	8.160006e-02	1.538525e+01	
10  112.029	2.279240e+00	1.344204e-01	7.235362e-01	3.102122e+00	9.942080e-01	7.543671e-02	7.434543e-01	3.981929e-02	3.085776e+00	6.344197e+00	1.013501e+00	9.902151e+00	6.989294e-01	2.455492e-01	2.230314e+00	7.741560e-01	1.044985e+00	7.232191e+01	1.398406e+02	3.001267e-01	9.066473e-02	-3.757629e+01	
12  110.041	2.279240e+00	1.344204e-01	7.235362e-01	3.102122e+00	9.942080e-01	7.543671e-02	7.434543e-01	3.981929e-02	3.085776e+00	6.344197e+00	1.012083e+00	9.902151e+00	6.989294e-01	2.455492e-01	2.230314e+00	7.741560e-01	1.044985e+00	7.232191e+01	1.398406e+02	3.001267e-01	9.066473e-02	-3.757629e+01	
7  110.104	2.235830e+00	1.347026e-01	6.936601e-01	3.100863e+00	9.753707e-01	7.114496e-02	5.390499e-01	4.388458e-02	3.669214e+00	7.124700e+00	1.008483e+00	9.625128e+00	6.718568e-01	2.453791e-01	2.224497e+00	7.908619e-01	1.044259e+00	6.938890e+01	1.409581e+02	3.280509e-01	6.771933e-02	2.828380e+02	
3  110.493	2.270506e+00	1.332393e-01	7.062465e-01	3.093899e+00	9.791707e-01	7.246792e-02	5.618114e-01	4.792763e-02	3.596189e+00	8.422829e+00	1.005295e+00	9.616129e+00	6.862537e-01	2.455258e-01	2.208268e+00	7.696024e-01	1.044807e+00	7.062296e+01	1.408534e+02	3.134887e-01	7.056621e-02	1.591958e+02	
11  111.003	2.270506e+00	1.332393e-01	7.062465e-01	3.093899e+00	9.791707e-01	7.246792e-02	5.618114e-01	4.792763e-02	3.596189e+00	8.422829e+00	9.964796e-01	9.616129e+00	6.862537e-01	2.455258e-01	2.208268e+00	7.696024e-01	1.044807e+00	7.062296e+01	1.408534e+02	3.134887e-01	7.056621e-02	1.591958e+02	
11  110.161	2.270506e+00	1.332393e-01	7.062465e-01	3.093899e+00	9.791707e-01	7.246792e-02	5.618114e-01	4.792763e-02	3.596189e+00	8.422829e+00	9.970073e-01	9.616129e+00	6.862537e-01	2.455258e-01	2.208268e+00	7.696024e-01	1.044807e+00	7.062296e+01	1.408534e+02	3.134887e-01	7.056621e-02	1.591958e+02	
11  109.942	2.270506e+00	1.332393e-01	7.062465e-01	3.093899e+00	9.791707e-01	7.246792e-02	5.618114e-01	4.792763e-02	3.596189e+00	8.422829e+00	9.971576e-01	9.616129e+00	6.862537e-01	2.455258e-01	2.208268e+00	7.696024e-01	1.044807e+00	7.062296e+01	1.408534e+02	3.134887e-01	7.056621e-02	1.591958e+02	
4  110.975	2.270506e+00	1.332393e-01	7.062465e-01	3.093899e+00	9.791707e-01	7.246792e-02	5.618114e-01	4.792763e-02	3.596189e+00	8.422829e+00	9.964965e-01	9.616129e+00	6.862537e-01	2.455258e-01	2.208268e+00	7.696024e-01	1.044807e+00	7.062296e+01	1.408534e+02	3.134887e-01	7.056621e-02	1.591958e+02	
15  110.501	2.264134e+00	1.321287e-01	7.011245e-01	3.094916e+00	9.805932e-01	7.413185e-02	5.131828e-01	3.988246e-02	3.576161e+00	6.938518e+00	9.966580e-01	9.773628e+00	6.836926e-01	2.454959e-01	2.210971e+00	7.870337e-01	1.044056e+00	7.012772e+01	1.413922e+02	3.161904e-01	6.461334e-02	2.208892e+02	
14  109.926	2.293678e+00	1.342597e-01	7.137903e-01	3.084674e+00	9.899278e-01	7.440018e-02	6.665288e-01	4.149727e-02	3.338437e+00	5.998007e+00	9.946340e-01	9.762211e+00	6.902530e-01	2.456107e-01	2.189720e+00	7.773664e-01	1.044059e+00	7.137341e+01	1.399993e+02	3.093721e-01	8.219434e-02	9.611353e+01	
22  108.751	2.293678e+00	1.342597e-01	7.137903e-01	3.084674e+00	9.899278e-01	7.440018e-02	6.665288e-01	4.149727e-02	3.338437e+00	5.998007e+00	9.954422e-01	9.762211e+00	6.902530e-01	2.456107e-01	2.189720e+00	7.773664e-01	1.044059e+00	7.137341e+01	1.399993e+02	3.093721e-01	8.219434e-02	9.611353e+01	
32  106.527	2.293678e+00	1.342597e-01	7.137903e-01	3.084674e+00	9.899278e-01	7.440018e-02	6.665288e-01	4.149727e-02	3.338437e+00	5.998007e+00	9.993294e-01	9.762211e+00	6.902530e-01	2.456107e-01	2.189720e+00	7.773664e-01	1.044059e+00	7.137341e+01	1.399993e+02	3.093721e-01	8.219434e-02	9.611353e+01	
1  103.915	2.280517e+00	1.327875e-01	7.092791e-01	3.054627e+00	9.841117e-01	6.525638e-02	6.010203e-01	2.625278e-02	3.636390e+00	9.686386e+00	9.951555e-01	8.899851e+00	6.892379e-01	2.455619e-01	2.124647e+00	7.912453e-01	1.043804e+00	7.090958e+01	1.407146e+02	3.100041e-01	7.501288e-02	1.838596e+02	
9  104.965	2.280517e+00	1.327875e-01	7.092791e-01	3.054627e+00	9.841117e-01	6.525638e-02	6.010203e-01	2.625278e-02	3.636390e+00	9.686386e+00	9.935006e-01	8.899851e+00	6.892379e-01	2.455619e-01	2.124647e+00	7.912453e-01	1.043804e+00	7.090958e+01	1.407146e+02	3.100041e-01	7.501288e-02	1.838596e+02	
13  105.309	2.285675e+00	1.337020e-01	7.039822e-01	3.063166e+00	9.808420e-01	6.502534e-02	5.982999e-01	3.464405e-02	4.028122e+00	9.126825e+00	9.958012e-01	8.896387e+00	6.824400e-01	2.455902e-01	2.142109e+00	7.953921e-01	1.043008e+00	7.040974e+01	1.404047e+02	3.171984e-01	7.476388e-02	5.572900e+02	
22  105.072	2.285675e+00	1.337020e-01	7.039822e-01	3.063166e+00	9.808420e-01	6.502534e-02	5.982999e-01	3.464405e-02	4.028122e+00	9.126825e+00	9.965196e-01	8.896387e+00	6.824400e-01	2.455902e-01	2.142109e+00	7.953921e-01	1.043008e+00	7.040974e+01	1.404047e+02	3.171984e-01	7.476388e-02	5.572900e+02	
11  105.038	2.285675e+00	1.337020e-01	7.039822e-01	3.063166e+00	9.808420e-01	6.502534e-02	5.982999e-01	3.464405e-02	4.028122e+00	9.126825e+00	9.973787e-01	8.896387e+00	6.824400e-01	2.455902e-01	2.142109e+00	7.953921e-01	1.043008e+00	7.040974e+01	1.404047e+02	3.171984e-01	7.476388e-02	5.572900e+02	
11  105.696	2.285675e+00	1.337020e-01	7.039822e-01	3.063166e+00	9.808420e-01	6.502534e-02	5.982999e-01	3.464405e-02	4.028122e+00	9.126825e+00	9.989929e-01	8.896387e+00	6.824400e-01	2.455902e-01	2.142109e+00	7.953921e-01	1.043008e+00	7.040974e+01	1.404047e+02	3.171984e-01	7.476388e-02	5.572900e+02	
14  105.056	2.285675e+00	1.337020e-01	7.039822e-01	3.063166e+00	9.808420e-01	6.502534e-02	5.982999e-01	3.464405e-02	4.028122e+00	9.126825e+00	9.975036e-01	8.896387e+00	6.824400e-01	2.455902e-01	2.142109e+00	7.953921e-01	1.043008e+00	7.040974e+01	1.404047e+02	3.171984e-01	7.476388e-02	5.572900e+02	
12  106.489	2.296764e+00	1.340265e-01	7.234770e-01	3.061712e+00	9.871058e-01	6.752906e-02	7.515083e-01	1.745545e-02	3.869152e+00	8.834998e+00	1.000143e+00	9.132872e+00	6.984816e-01	2.456281e-01	2.140478e+00	8.175611e-01	1.043792e+00	7.232661e+01	1.396222e+02	3.006760e-01	9.163932e-02	3.927670e+02	
12  108.992	2.288485e+00	1.372490e-01	7.008325e-01	3.079733e+00	9.839407e-01	7.118350e-02	6.505443e-01	5.105763e-02	4.028092e+00	7.518468e+00	9.956412e-01	9.558364e+00	6.722162e-01	2.456035e-01	2.177343e+00	7.907718e-01	1.043727e+00	7.010370e+01	1.393499e+02	3.276518e-01	8.051470e-02	6.415826e+02	
8  110.96	2.287206e+00	1.308296e-01	7.137852e-01	3.053859e+00	9.799636e-01	7.338864e-02	5.992154e-01	2.239451e-02	3.735705e+00	5.530546e+00	9.901221e-01	9.635646e+00	6.967548e-01	2.455911e-01	2.121455e+00	8.015631e-01	1.043096e+00	7.138551e+01	1.410676e+02	3.029878e-01	7.442187e-02	4.975098e+02	
9  109.511	2.289237e+00	1.267111e-01	7.169376e-01	3.058134e+00	9.819072e-01	7.904324e-02	4.978894e-01	1.644690e-02	3.423051e+00	3.470300e+00	9.885847e-01	1.004334e+01	7.074516e-01	2.455935e-01	2.131129e+00	8.021612e-01	1.043141e+00	7.169144e+01	1.424893e+02	2.922983e-01	6.249091e-02	4.029481e+02	
11  109.014	2.289237e+00	1.267111e-01	7.169376e-01	3.058134e+00	9.819072e-01	7.904324e-02	4.978894e-01	1.644690e-02	3.423051e+00	3.470300e+00	9.904020e-01	1.004334e+01	7.074516e-01	2.455935e-01	2.131129e+00	8.021612e-01	1.043141e+00	7.169144e+01	1.424893e+02	2.922983e-01	6.249091e-02	4.029481e+02	
4  111.072	2.289237e+00	1.267111e-01	7.169376e-01	3.058134e+00	9.819072e-01	7.904324e-02	4.978894e-01	1.644690e-02	3.423051e+00	3.470300e+00	9.869013e-01	1.004334e+01	7.074516e-01	2.455935e-01	2.131129e+00	8.021612e-01	1.043141e+00	7.169144e+01	1.424893e+02	2.922983e-01	6.249091e-02	4.029481e+02	
7  111.263	2.303415e+00	1.325761e-01	7.299022e-01	3.054952e+00	9.871628e-01	7.512874e-02	7.373643e-01	3.991302e-02	3.466362e+00	4.514998e+00	9.874968e-01	9.792596e+00	7.067823e-01	2.456539e-01	2.123798e+00	7.751568e-01	1.044470e+00	7.299537e+01	1.399225e+02	2.931304e-01	9.007706e-02	2.989983e+02	
1  111.139	2.303415e+00	1.325761e-01	7.299022e-01	3.054952e+00	9.871628e-01	7.512874e-02	7.373643e-01	3.991302e-02	3.466362e+00	4.514998e+00	9.883646e-01	9.792596e+00	7.067823e-01	2.456539e-01	2.123798e+00	7.751568e-01	1.044470e+00	7.299537e+01	1.399225e+02	2.931304e-01	9.007706e-02	2.989983e+02	
2  108.908	2.258129e+00	1.340860e-01	7.074058e-01	3.086320e+00	9.827237e-01	8.316154e-02	6.440802e-01	3.196310e-02	3.481595e+00	5.831823e+00	9.921366e-01	1.068371e+01	6.852256e-01	2.454647e-01	2.193029e+00	8.011460e-01	1.043830e+00	7.073660e+01	1.404751e+02	3.145968e-01	7.953613e-02	1.961088e+02	
19  108.58	2.257119e+00	1.334940e-01	6.994133e-01	3.109107e+00	9.907496e-01	9.400452e-02	5.569460e-01	3.159879e-02	3.182471e+00	4.180070e+00	9.911385e-01	1.162578e+01	6.790766e-01	2.454497e-01	2.245433e+00	8.092694e-01	1.043816e+00	6.992983e+01	1.410445e+02	3.207809e-01	6.932715e-02	8.306738e+01	
11  109.165	2.257119e+00	1.334940e-01	6.994133e-01	3.109107e+00	9.907496e-01	9.400452e-02	5.569460e-01	3.159879e-02	3.182471e+00	4.180070e+00	9.904075e-01	1.162578e+01	6.790766e-01	2.454497e-01	2.245433e+00	8.092694e-01	1.043816e+00	6.992983e+01	1.410445e+02	3.207809e-01	6.932715e-02	8.306738e+01	
5  109.181	2.257119e+00	1.334940e-01	6.994133e-01	3.109107e+00	9.907496e-01	9.400452e-02	5.569460e-01	3.159879e-02	3.182471e+00	4.180070e+00	9.954807e-01	1.162578e+01	6.790766e-01	2.454497e-01	2.245433e+00	8.092694e-01	1.043816e+00	6.992983e+01	1.410445e+02	3.207809e-01	6.932715e-02	8.306738e+01	
6  109.036	2.278706e+00	1.318237e-01	7.108520e-01	3.077971e+00	9.928196e-01	8.551407e-02	5.937527e-01	2.266846e-02	3.126730e+00	4.900306e+00	9.929381e-01	1.076303e+01	6.924410e-01	2.455379e-01	2.176617e+00	8.030821e-01	1.043769e+00	7.104746e+01	1.410656e+02	3.069918e-01	7.365640e-02	3.164026e+01	
11  109.457	2.278706e+00	1.318237e-01	7.108520e-01	3.077971e+00	9.928196e-01	8.551407e-02	5.937527e-01	2.266846e-02	3.126730e+00	4.900306e+00	9.934255e-01	1.076303e+01	6.924410e-01	2.455379e-01	2.176617e+00	8.030821e-01	1.043769e+00	7.104746e+01	1.410656e+02	3.069918e-01	7.365640e-02	3.164026e+01	
33  108.677	2.278706e+00	1.318237e-01	7.108520e-01	3.077971e+00	9.928196e-01	8.551407e-02	5.937527e-01	2.266846e-02	3.126730e+00	4.900306e+00	9.892115e-01	1.076303e+01	6.924410e-01	2.455379e-01	2.176617e+00	8.030821e-01	1.043769e+00	7.104746e+01	1.410656e+02	3.069918e-01	7.365640e-02	3.164026e+01	
11  108.607	2.278706e+00	1.318237e-01	7.108520e-01	3.077971e+00	9.928196e-01	8.551407e-02	5.937527e-01	2.266846e-02	3.126730e+00	4.900306e+00	9.893339e-01	1.076303e+01	6.924410e-01	2.455379e-01	2.176617e+00	8.030821e-01	1.043769e+00	7.104746e+01	1.410656e+02	3.069918e-01	7.365640e-02	3.164026e+01	
12  109.088	2.278706e+00	1.318237e-01	7.108520e-01	3.077971e+00	9.928196e-01	8.551407e-02	5.937527e-01	2.266846e-02	3.126730e+00	4.900306e+00	9.886213e-01	1.076303e+01	6.924410e-01	2.455379e-01	2.176617e+00	8.030821e-01	1.043769e+00	7.104746e+01	1.410656e+02	3.069918e-01	7.365640e-02	3.164026e+01	
30  109.505	2.268109e+00	1.343396e-01	7.113178e-01	3.089462e+00	9.842044e-01	8.847384e-02	6.640152e-01	3.270371e-02	3.064443e+00	5.462599e+00	9.888138e-01	1.112168e+01	6.881674e-01	2.455001e-01	2.201841e+00	7.859847e-01	1.044340e+00	7.111080e+01	1.402834e+02	3.115907e-01	8.185602e-02	-4.195972e+01	
3  113.523	2.279560e+00	1.337180e-01	7.175933e-01	3.067223e+00	9.849448e-01	8.233447e-02	6.843007e-01	2.811199e-02	3.127766e+00	5.621118e+00	9.860201e-01	1.052325e+01	6.946744e-01	2.455471e-01	2.152924e+00	7.870485e-01	1.044582e+00	7.173125e+01	1.402109e+02	3.049626e-01	8.412085e-02	-7.207031e+00	
8  112.09	2.282736e+00	1.308383e-01	7.192426e-01	3.059099e+00	9.845778e-01	7.869212e-02	6.279114e-01	6.533229e-03	3.090653e+00	6.081528e+00	9.890680e-01	1.011659e+01	7.013549e-01	2.455547e-01	2.137069e+00	8.160771e-01	1.044090e+00	7.186035e+01	1.411070e+02	2.974503e-01	7.743734e-02	-1.118335e+01	
2  112.409	2.274805e+00	1.288259e-01	7.184967e-01	3.046925e+00	9.865277e-01	7.678785e-02	5.751145e-01	3.724692e-03	3.180480e+00	6.728204e+00	9.865193e-01	9.921124e+00	7.046388e-01	2.455248e-01	2.110012e+00	8.144498e-01	1.043822e+00	7.177911e+01	1.418853e+02	2.941636e-01	7.133807e-02	2.137085e+01	
11  109.374	2.274805e+00	1.288259e-01	7.184967e-01	3.046925e+00	9.865277e-01	7.678785e-02	5.751145e-01	3.724692e-03	3.180480e+00	6.728204e+00	9.891668e-01	9.921124e+00	7.046388e-01	2.455248e-01	2.110012e+00	8.144498e-01	1.043822e+00	7.177911e+01	1.418853e+02	2.941636e-01	7.133807e-02	2.137085e+01	
11  109.275	2.274805e+00	1.288259e-01	7.184967e-01	3.046925e+00	9.865277e-01	7.678785e-02	5.751145e-01	3.724692e-03	3.180480e+00	6.728204e+00	9.893245e-01	9.921124e+00	7.046388e-01	2.455248e-01	2.110012e+00	8.144498e-01	1.043822e+00	7.177911e+01	1.418853e+02	2.941636e-01	7.133807e-02	2.137085e+01	
1  110.769	2.274805e+00	1.288259e-01	7.184967e-01	3.046925e+00	9.865277e-01	7.678785e-02	5.751145e-01	3.724692e-03	3.180480e+00	6.728204e+00	9.876664e-01	9.921124e+00	7.046388e-01	2.455248e-01	2.110012e+00	8.144498e-01	1.043822e+00	7.177911e+01	1.418853e+02	2.941636e-01	7.133807e-02	2.137085e+01	
2  110.615	2.273671e+00	1.330438e-01	7.188074e-01	3.079092e+00	9.914211e-01	8.233864e-02	6.739528e-01	2.380553e-02	3.186530e+00	6.034603e+00	9.933196e-01	1.052952e+01	6.971072e-01	2.455202e-01	2.179071e+00	8.012757e-01	1.044800e+00	7.183507e+01	1.404952e+02	3.022073e-01	8.280430e-02	1.075659e+01	
2  108.7	2.258005e+00	1.293706e-01	7.118123e-01	3.077666e+00	9.808534e-01	7.754513e-02	5.248257e-01	8.226994e-03	3.086554e+00	4.857166e+00	9.973060e-01	1.003767e+01	6.984556e-01	2.454537e-01	2.176475e+00	8.212689e-01	1.044375e+00	7.113762e+01	1.421305e+02	3.006575e-01	6.540402e-02	4.308154e+01	
2  106.151	2.277840e+00	1.333358e-01	7.151538e-01	3.091936e+00	9.841856e-01	8.550710e-02	6.593088e-01	2.742492e-02	2.874084e+00	4.458509e+00	9.948344e-01	1.079220e+01	6.934854e-01	2.455349e-01	2.208943e+00	7.906821e-01	1.044346e+00	7.148824e+01	1.404427e+02	3.058377e-01	8.122601e-02	-8.533728e+01	
15  106.29	2.263033e+00	1.351750e-01	7.018125e-01	3.107989e+00	9.790497e-01	8.510592e-02	6.001932e-01	3.417984e-02	3.181150e+00	6.949107e+00	9.975613e-01	1.084690e+01	6.782103e-01	2.454854e-01	2.242927e+00	7.894265e-01	1.044499e+00	7.015543e+01	1.403979e+02	3.213197e-01	7.469746e-02	-1.949170e+01	
55  106.387	2.263033e+00	1.351750e-01	7.018125e-01	3.107989e+00	9.790497e-01	8.510592e-02	6.001932e-01	3.417984e-02	3.181150e+00	6.949107e+00	9.970960e-01	1.084690e+01	6.782103e-01	2.454854e-01	2.242927e+00	7.894265e-01	1.044499e+00	7.015543e+01	1.403979e+02	3.213197e-01	7.469746e-02	-1.949170e+01	
22  106.708	2.263033e+00	1.351750e-01	7.018125e-01	3.107989e+00	9.790497e-01	8.510592e-02	6.001932e-01	3.417984e-02	3.181150e+00	6.949107e+00	9.963422e-01	1.084690e+01	6.782103e-01	2.454854e-01	2.242927e+00	7.894265e-01	1.044499e+00	7.015543e+01	1.403979e+02	3.213197e-01	7.469746e-02	-1.949170e+01	
11  107.921	2.263033e+00	1.351750e-01	7.018125e-01	3.107989e+00	9.790497e-01	8.510592e-02	6.001932e-01	3.417984e-02	3.181150e+00	6.949107e+00	1.000893e+00	1.084690e+01	6.782103e-01	2.454854e-01	2.242927e+00	7.894265e-01	1.044499e+00	7.015543e+01	1.403979e+02	3.213197e-01	7.469746e-02	-1.949170e+01	
18  106.923	2.263033e+00	1.351750e-01	7.018125e-01	3.107989e+00	9.790497e-01	8.510592e-02	6.001932e-01	3.417984e-02	3.181150e+00	6.949107e+00	9.959994e-01	1.084690e+01	6.782103e-01	2.454854e-01	2.242927e+00	7.894265e-01	1.044499e+00	7.015543e+01	1.403979e+02	3.213197e-01	7.469746e-02	-1.949170e+01	
4  107.135	2.261255e+00	1.322304e-01	6.947635e-01	3.114471e+00	9.766882e-01	8.532122e-02	4.660872e-01	3.771843e-02	3.501655e+00	7.276422e+00	9.972791e-01	1.081257e+01	6.777359e-01	2.454844e-01	2.255215e+00	7.948033e-01	1.043947e+00	6.949751e+01	1.416008e+02	3.222614e-01	5.908764e-02	1.546350e+02	
7  106.825	2.261255e+00	1.322304e-01	6.947635e-01	3.114471e+00	9.766882e-01	8.532122e-02	4.660872e-01	3.771843e-02	3.501655e+00	7.276422e+00	9.979369e-01	1.081257e+01	6.777359e-01	2.454844e-01	2.255215e+00	7.948033e-01	1.043947e+00	6.949751e+01	1.416008e+02	3.222614e-01	5.908764e-02	1.546350e+02	
26  107.952	2.267037e+00	1.311090e-01	7.034632e-01	3.101837e+00	9.764493e-01	8.032869e-02	4.938052e-01	3.825842e-02	3.355496e+00	6.191007e+00	9.984588e-01	1.030793e+01	6.879918e-01	2.455065e-01	2.226787e+00	7.829752e-01	1.044297e+00	7.035583e+01	1.416931e+02	3.118786e-01	6.227664e-02	1.066158e+02	
1  107.753	2.267037e+00	1.311090e-01	7.034632e-01	3.101837e+00	9.764493e-01	8.032869e-02	4.938052e-01	3.825842e-02	3.355496e+00	6.191007e+00	1.000129e+00	1.030793e+01	6.879918e-01	2.455065e-01	2.226787e+00	7.829752e-01	1.044297e+00	7.035583e+01	1.416931e+02	3.118786e-01	6.227664e-02	1.066158e+02	
25  107.828	2.281994e+00	1.328163e-01	7.062919e-01	3.100720e+00	9.698917e-01	8.187499e-02	5.833902e-01	2.929347e-02	3.540269e+00	4.812046e+00	1.000013e+00	1.046082e+01	6.864992e-01	2.455696e-01	2.224685e+00	8.096895e-01	1.043476e+00	7.065576e+01	1.407204e+02	3.133253e-01	7.269522e-02	3.434943e+02	
7  107.585	2.251829e+00	1.276455e-01	7.086695e-01	3.075750e+00	9.693966e-01	7.246058e-02	5.024768e-01	8.853585e-03	3.601562e+00	5.639690e+00	1.002909e+00	9.572447e+00	6.991944e-01	2.454453e-01	2.169596e+00	8.190316e-01	1.042569e+00	7.087846e+01	1.426064e+02	3.004121e-01	6.305107e-02	3.669457e+02	
11  108.271	2.251829e+00	1.276455e-01	7.086695e-01	3.075750e+00	9.693966e-01	7.246058e-02	5.024768e-01	8.853585e-03	3.601562e+00	5.639690e+00	1.001947e+00	9.572447e+00	6.991944e-01	2.454453e-01	2.169596e+00	8.190316e-01	1.042569e+00	7.087846e+01	1.426064e+02	3.004121e-01	6.305107e-02	3.669457e+02	
3  107.243	2.251829e+00	1.276455e-01	7.086695e-01	3.075750e+00	9.693966e-01	7.246058e-02	5.024768e-01	8.853585e-03	3.601562e+00	5.639690e+00	1.003878e+00	9.572447e+00	6.991944e-01	2.454453e-01	2.169596e+00	8.190316e-01	1.042569e+00	7.087846e+01	1.426064e+02	3.004121e-01	6.305107e-02	3.669457e+02	
10  109.104	2.259044e+00	1.250553e-01	7.175065e-01	3.067454e+00	9.734875e-01	7.060933e-02	4.871749e-01	1.349016e-02	3.578633e+00	2.949253e+00	1.003616e+00	9.322526e+00	7.114481e-01	2.454813e-01	2.150767e+00	8.053910e-01	1.042740e+00	7.176065e+01	1.432147e+02	2.882185e-01	6.116962e-02	6.822730e+02	
26  111.738	2.235120e+00	1.282979e-01	7.252475e-01	3.046695e+00	9.759457e-01	6.300068e-02	6.752416e-01	1.593881e-02	3.751091e+00	4.499523e+00	1.004038e+00	8.739307e+00	7.116799e-01	2.453821e-01	2.105306e+00	7.994670e-01	1.042797e+00	7.252112e+01	1.418440e+02	2.877081e-01	8.290416e-02	6.643787e+02	
14  110.11	2.238652e+00	1.291362e-01	7.205835e-01	3.043750e+00	9.803759e-01	6.540812e-02	6.584876e-01	1.547334e-02	3.638464e+00	5.560050e+00	9.997257e-01	8.977599e+00	7.062774e-01	2.453871e-01	2.100058e+00	8.002428e-01	1.042810e+00	7.204450e+01	1.417287e+02	2.930653e-01	8.099617e-02	3.981677e+02	
24  109.191	2.262116e+00	1.274680e-01	7.143479e-01	3.038382e+00	9.791240e-01	6.171973e-02	5.555439e-01	6.590225e-03	3.936715e+00	7.595073e+00	1.000003e+00	8.526890e+00	7.038926e-01	2.454907e-01	2.088986e+00	8.097100e-01	1.042044e+00	7.144025e+01	1.423098e+02	2.956398e-01	6.938313e-02	5.602164e+02	
11  109.23	2.262116e+00	1.274680e-01	7.143479e-01	3.038382e+00	9.791240e-01	6.171973e-02	5.555439e-01	6.590225e-03	3.936715e+00	7.595073e+00	9.995538e-01	8.526890e+00	7.038926e-01	2.454907e-01	2.088986e+00	8.097100e-01	1.042044e+00	7.144025e+01	1.423098e+02	2.956398e-01	6.938313e-02	5.602164e+02	
13  109.22	2.262116e+00	1.274680e-01	7.143479e-01	3.038382e+00	9.791240e-01	6.171973e-02	5.555439e-01	6.590225e-03	3.936715e+00	7.595073e+00	1.000412e+00	8.526890e+00	7.038926e-01	2.454907e-01	2.088986e+00	8.097100e-01	1.042044e+00	7.144025e+01	1.423098e+02	2.956398e-01	6.938313e-02	5.602164e+02	
20  107.467	2.216877e+00	1.323937e-01	6.869331e-01	3.066854e+00	9.774722e-01	6.190996e-02	4.940123e-01	7.120875e-03	3.984982e+00	1.239040e+01	1.006277e+00	8.739158e+00	6.699682e-01	2.452948e-01	2.152660e+00	8.394177e-01	1.041928e+00	6.869172e+01	1.418653e+02	3.287653e-01	6.304824e-02	5.154210e+02	
11  107.577	2.216877e+00	1.323937e-01	6.869331e-01	3.066854e+00	9.774722e-01	6.190996e-02	4.940123e-01	7.120875e-03	3.984982e+00	1.239040e+01	1.007520e+00	8.739158e+00	6.699682e-01	2.452948e-01	2.152660e+00	8.394177e-01	1.041928e+00	6.869172e+01	1.418653e+02	3.287653e-01	6.304824e-02	5.154210e+02	
11  107.465	2.216877e+00	1.323937e-01	6.869331e-01	3.066854e+00	9.774722e-01	6.190996e-02	4.940123e-01	7.120875e-03	3.984982e+00	1.239040e+01	1.006290e+00	8.739158e+00	6.699682e-01	2.452948e-01	2.152660e+00	8.394177e-01	1.041928e+00	6.869172e+01	1.418653e+02	3.287653e-01	6.304824e-02	5.154210e+02	
33  108.104	2.216877e+00	1.323937e-01	6.869331e-01	3.066854e+00	9.774722e-01	6.190996e-02	4.940123e-01	7.120875e-03	3.984982e+00	1.239040e+01	1.004742e+00	8.739158e+00	6.699682e-01	2.452948e-01	2.152660e+00	8.394177e-01	1.041928e+00	6.869172e+01	1.418653e+02	3.287653e-01	6.304824e-02	5.154210e+02	
22  107.98	2.216877e+00	1.323937e-01	6.869331e-01	3.066854e+00	9.774722e-01	6.190996e-02	4.940123e-01	7.120875e-03	3.984982e+00	1.239040e+01	1.008377e+00	8.739158e+00	6.699682e-01	2.452948e-01	2.152660e+00	8.394177e-01	1.041928e+00	6.869172e+01	1.418653e+02	3.287653e-01	6.304824e-02	5.154210e+02	
22  109.587	2.216877e+00	1.323937e-01	6.869331e-01	3.066854e+00	9.774722e-01	6.190996e-02	4.940123e-01	7.120875e-03	3.984982e+00	1.239040e+01	1.003224e+00	8.739158e+00	6.699682e-01	2.452948e-01	2.152660e+00	8.394177e-01	1.041928e+00	6.869172e+01	1.418653e+02	3.287653e-01	6.304824e-02	5.154210e+02	
12  108.676	2.216877e+00	1.323937e-01	6.869331e-01	3.066854e+00	9.774722e-01	6.190996e-02	4.940123e-01	7.120875e-03	3.984982e+00	1.239040e+01	1.004047e+00	8.739158e+00	6.699682e-01	2.452948e-01	2.152660e+00	8.394177e-01	1.041928e+00	6.869172e+01	1.418653e+02	3.287653e-01	6.304824e-02	5.154210e+02	
1  108.93	2.224577e+00	1.324534e-01	6.864502e-01	3.078375e+00	9.816151e-01	6.145971e-02	4.733171e-01	1.797119e-02	4.097969e+00	1.169077e+01	1.007683e+00	8.676561e+00	6.692753e-01	2.453306e-01	2.176655e+00	8.296323e-01	1.042305e+00	6.865786e+01	1.418551e+02	3.298778e-01	6.039256e-02	6.261908e+02	
13  104.869	2.253891e+00	1.298502e-01	7.042288e-01	3.075353e+00	9.726775e-01	7.040113e-02	5.343189e-01	5.481176e-03	4.006776e+00	8.791190e+00	1.002997e+00	9.429019e+00	6.908224e-01	2.454565e-01	2.168770e+00	8.343210e-01	1.042343e+00	7.043022e+01	1.419012e+02	3.085456e-01	6.719272e-02	5.783931e+02	
7  105.891	2.275607e+00	1.351085e-01	6.976811e-01	3.088759e+00	9.777333e-01	6.900780e-02	5.654168e-01	3.999316e-02	4.222627e+00	8.081357e+00	1.001857e+00	9.338764e+00	6.739345e-01	2.455556e-01	2.197369e+00	8.116682e-01	1.043837e+00	6.979552e+01	1.402977e+02	3.257515e-01	7.082269e-02	9.400090e+02	
10  105.925	2.275607e+00	1.351085e-01	6.976811e-01	3.088759e+00	9.777333e-01	6.900780e-02	5.654168e-01	3.999316e-02	4.222627e+00	8.081357e+00	1.002098e+00	9.338764e+00	6.739345e-01	2.455556e-01	2.197369e+00	8.116682e-01	1.043837e+00	6.979552e+01	1.402977e+02	3.257515e-01	7.082269e-02	9.400090e+02	
1  104.91	2.300665e+00	1.329319e-01	7.138056e-01	3.077510e+00	9.886051e-01	7.080796e-02	6.243724e-01	5.169076e-02	4.356610e+00	7.559994e+00	9.987352e-01	9.399595e+00	6.924685e-01	2.456630e-01	2.171383e+00	7.934631e-01	1.043816e+00	7.139386e+01	1.403002e+02	3.072512e-01	7.764958e-02	1.315818e+03	
5  106.248	2.300665e+00	1.329319e-01	7.138056e-01	3.077510e+00	9.886051e-01	7.080796e-02	6.243724e-01	5.169076e-02	4.356610e+00	7.559994e+00	9.950683e-01	9.399595e+00	6.924685e-01	2.456630e-01	2.171383e+00	7.934631e-01	1.043816e+00	7.139386e+01	1.403002e+02	3.072512e-01	7.764958e-02	1.315818e+03	
2  105.713	2.293262e+00	1.333464e-01	7.019542e-01	3.058056e+00	9.853661e-01	5.539077e-02	5.276138e-01	6.901563e-02	4.375110e+00	5.750174e+00	9.954742e-01	7.899226e+00	6.812347e-01	2.456253e-01	2.128679e+00	7.779516e-01	1.044261e+00	7.018742e+01	1.406878e+02	3.186349e-01	6.612198e-02	1.902987e+03	
15  106.641	2.281232e+00	1.353112e-01	6.987102e-01	3.060497e+00	9.856027e-01	5.504235e-02	5.813240e-01	6.449553e-02	4.462679e+00	5.719231e+00	9.974293e-01	7.922955e+00	6.745166e-01	2.455745e-01	2.134772e+00	7.917435e-01	1.043772e+00	6.987536e+01	1.401434e+02	3.254677e-01	7.248358e-02	2.357259e+03	
22  103.419	2.281232e+00	1.353112e-01	6.987102e-01	3.060497e+00	9.856027e-01	5.504235e-02	5.813240e-01	6.449553e-02	4.462679e+00	5.719231e+00	1.000102e+00	7.922955e+00	6.745166e-01	2.455745e-01	2.134772e+00	7.917435e-01	1.043772e+00	6.987536e+01	1.401434e+02	3.254677e-01	7.248358e-02	2.357259e+03	
11  102.95	2.281232e+00	1.353112e-01	6.987102e-01	3.060497e+00	9.856027e-01	5.504235e-02	5.813240e-01	6.449553e-02	4.462679e+00	5.719231e+00	1.003075e+00	7.922955e+00	6.745166e-01	2.455745e-01	2.134772e+00	7.917435e-01	1.043772e+00	6.987536e+01	1.401434e+02	3.254677e-01	7.248358e-02	2.357259e+03	
11  102.751	2.281232e+00	1.353112e-01	6.987102e-01	3.060497e+00	9.856027e-01	5.504235e-02	5.813240e-01	6.449553e-02	4.462679e+00	5.719231e+00	1.001879e+00	7.922955e+00	6.745166e-01	2.455745e-01	2.134772e+00	7.917435e-01	1.043772e+00	6.987536e+01	1.401434e+02	3.254677e-01	7.248358e-02	2.357259e+03	
33  103.696	2.281232e+00	1.353112e-01	6.987102e-01	3.060497e+00	9.856027e-01	5.504235e-02	5.813240e-01	6.449553e-02	4.462679e+00	5.719231e+00	1.004319e+00	7.922955e+00	6.745166e-01	2.455745e-01	2.134772e+00	7.917435e-01	1.043772e+00	6.987536e+01	1.401434e+02	3.254677e-01	7.248358e-02	2.357259e+03	
11  103.172	2.281232e+00	1.353112e-01	6.987102e-01	3.060497e+00	9.856027e-01	5.504235e-02	5.813240e-01	6.449553e-02	4.462679e+00	5.719231e+00	1.000495e+00	7.922955e+00	6.745166e-01	2.455745e-01	2.134772e+00	7.917435e-01	1.043772e+00	6.987536e+01	1.401434e+02	3.254677e-01	7.248358e-02	2.357259e+03	
11  102.756	2.281232e+00	1.353112e-01	6.987102e-01	3.060497e+00	9.856027e-01	5.504235e-02	5.813240e-01	6.449553e-02	4.462679e+00	5.719231e+00	1.002239e+00	7.922955e+00	6.745166e-01	2.455745e-01	2.134772e+00	7.917435e-01	1.043772e+00	6.987536e+01	1.401434e+02	3.254677e-01	7.248358e-02	2.357259e+03	
10  102.778	2.281232e+00	1.353112e-01	6.987102e-01	3.060497e+00	9.856027e-01	5.504235e-02	5.813240e-01	6.449553e-02	4.462679e+00	5.719231e+00	1.001614e+00	7.922955e+00	6.745166e-01	2.455745e-01	2.134772e+00	7.917435e-01	1.043772e+00	6.987536e+01	1.401434e+02	3.254677e-01	7.248358e-02	2.357259e+03	
6  105.673	2.252337e+00	1.341404e-01	6.908745e-01	3.063836e+00	9.832097e-01	5.214171e-02	4.920824e-01	7.563619e-02	4.390788e+00	8.224366e+00	1.003050e+00	7.663870e+00	6.696662e-01	2.454628e-01	2.141711e+00	7.657635e-01	1.044118e+00	6.907334e+01	1.410580e+02	3.301679e-01	6.180769e-02	1.329497e+03	
6  105.962	2.246479e+00	1.316107e-01	6.982587e-01	3.040634e+00	9.756745e-01	4.526610e-02	4.903760e-01	6.124563e-02	4.537924e+00	7.887440e+00	1.002434e+00	6.888373e+00	6.827266e-01	2.454393e-01	2.092121e+00	7.741421e-01	1.044119e+00	6.979330e+01	1.417190e+02	3.172680e-01	6.137816e-02	1.945458e+03	
6  106.911	2.246479e+00	1.316107e-01	6.982587e-01	3.040634e+00	9.756745e-01	4.526610e-02	4.903760e-01	6.124563e-02	4.537924e+00	7.887440e+00	1.004176e+00	6.888373e+00	6.827266e-01	2.454393e-01	2.092121e+00	7.741421e-01	1.044119e+00	6.979330e+01	1.417190e+02	3.172680e-01	6.137816e-02	1.945458e+03	
5  109.25	2.272804e+00	1.330065e-01	7.001380e-01	3.077959e+00	9.862423e-01	5.588531e-02	5.103140e-01	7.545016e-02	4.221985e+00	6.177850e+00	1.008863e+00	7.987546e+00	6.803949e-01	2.455466e-01	2.171920e+00	7.676514e-01	1.044549e+00	7.001413e+01	1.410359e+02	3.196085e-01	6.402671e-02	1.234451e+03	
7  107.781	2.272804e+00	1.330065e-01	7.001380e-01	3.077959e+00	9.862423e-01	5.588531e-02	5.103140e-01	7.545016e-02	4.221985e+00	6.177850e+00	1.006443e+00	7.987546e+00	6.803949e-01	2.455466e-01	2.171920e+00	7.676514e-01	1.044549e+00	7.001413e+01	1.410359e+02	3.196085e-01	6.402671e-02	1.234451e+03	
21  105.602	2.272762e+00	1.364588e-01	6.983480e-01	3.075379e+00	9.833201e-01	5.508692e-02	5.767211e-01	7.940640e-02	4.185875e+00	4.877208e+00	1.003843e+00	7.962718e+00	6.715856e-01	2.455490e-01	2.165956e+00	7.748059e-01	1.045113e+00	6.982421e+01	1.399610e+02	3.282827e-01	7.190629e-02	1.506936e+03	
3  110.826	2.290461e+00	1.428154e-01	7.021135e-01	3.089777e+00	9.793980e-01	5.891825e-02	7.846583e-01	9.138005e-02	4.142122e+00	5.351604e+00	1.004989e+00	8.443045e+00	6.614346e-01	2.456326e-01	2.197980e+00	7.669284e-01	1.044876e+00	7.021017e+01	1.374956e+02	3.386436e-01	9.541450e-02	1.200950e+03	
11  107.29	2.319422e+00	1.381117e-01	7.060792e-01	3.083892e+00	9.722924e-01	6.274388e-02	6.665974e-01	6.706468e-02	4.159968e+00	4.209015e+00	1.001696e+00	8.668549e+00	6.746551e-01	2.457401e-01	2.185104e+00	7.915686e-01	1.044572e+00	7.061109e+01	1.387223e+02	3.250909e-01	8.250848e-02	1.656332e+03	
21  105.67	2.349622e+00	1.412560e-01	7.233258e-01	3.056359e+00	9.741782e-01	5.420147e-02	8.762160e-01	6.894011e-02	4.526030e+00	5.411431e+00	9.996625e-01	7.794164e+00	6.837472e-01	2.458557e-01	2.128404e+00	7.922702e-01	1.044841e+00	7.230538e+01	1.368839e+02	3.160720e-01	1.053121e-01	2.844657e+03	
12  105.557	2.325568e+00	1.394447e-01	7.128161e-01	3.060424e+00	9.772236e-01	5.671020e-02	7.678549e-01	8.007723e-02	4.477667e+00	4.803333e+00	9.977762e-01	8.072577e+00	6.782239e-01	2.457510e-01	2.136158e+00	7.834864e-01	1.044388e+00	7.126392e+01	1.379735e+02	3.214617e-01	9.366373e-02	2.963250e+03	
3  105.308	2.284725e+00	1.331048e-01	6.936209e-01	3.098819e+00	9.825028e-01	6.953258e-02	4.568426e-01	8.652519e-02	4.157935e+00	2.537795e+00	1.000732e+00	9.312456e+00	6.738441e-01	2.455663e-01	2.216662e+00	7.848727e-01	1.044211e+00	6.934739e+01	1.411802e+02	3.255728e-01	5.766628e-02	2.649103e+03	
10  104.955	2.258678e+00	1.344125e-01	6.765168e-01	3.104249e+00	9.844915e-01	6.690048e-02	3.660765e-01	9.457252e-02	4.154072e+00	3.920513e+00	1.001323e+00	9.155847e+00	6.540199e-01	2.454706e-01	2.227619e+00	7.781513e-01	1.044207e+00	6.763858e+01	1.415098e+02	3.453690e-01	4.621378e-02	1.829640e+03	
11  104.871	2.258678e+00	1.344125e-01	6.765168e-01	3.104249e+00	9.844915e-01	6.690048e-02	3.660765e-01	9.457252e-02	4.154072e+00	3.920513e+00	1.001657e+00	9.155847e+00	6.540199e-01	2.454706e-01	2.227619e+00	7.781513e-01	1.044207e+00	6.763858e+01	1.415098e+02	3.453690e-01	4.621378e-02	1.829640e+03	
11  105.04	2.258678e+00	1.344125e-01	6.765168e-01	3.104249e+00	9.844915e-01	6.690048e-02	3.660765e-01	9.457252e-02	4.154072e+00	3.920513e+00	1.003270e+00	9.155847e+00	6.540199e-01	2.454706e-01	2.227619e+00	7.781513e-01	1.044207e+00	6.763858e+01	1.415098e+02	3.453690e-01	4.621378e-02	1.829640e+03	
10  104.898	2.258678e+00	1.344125e-01	6.765168e-01	3.104249e+00	9.844915e-01	6.690048e-02	3.660765e-01	9.457252e-02	4.154072e+00	3.920513e+00	1.002823e+00	9.155847e+00	6.540199e-01	2.454706e-01	2.227619e+00	7.781513e-01	1.044207e+00	6.763858e+01	1.415098e+02	3.453690e-01	4.621378e-02	1.829640e+03	
5  106.608	2.260978e+00	1.355226e-01	6.908951e-01	3.109239e+00	9.856384e-01	7.447711e-02	5.205159e-01	7.389911e-02	4.089501e+00	4.103367e+00	1.003434e+00	9.905494e+00	6.665602e-01	2.454941e-01	2.241166e+00	7.944559e-01	1.044215e+00	6.910411e+01	1.405429e+02	3.328955e-01	6.533885e-02	1.457248e+03	
3  106.17	2.269534e+00	1.384029e-01	6.863082e-01	3.115692e+00	9.852479e-01	7.071491e-02	5.414122e-01	8.967090e-02	4.358814e+00	5.810877e+00	1.005360e+00	9.584172e+00	6.556532e-01	2.455299e-01	2.256086e+00	7.919435e-01	1.044656e+00	6.863441e+01	1.397146e+02	3.436053e-01	6.786013e-02	1.789338e+03	
15  105.037	2.278705e+00	1.380406e-01	7.086020e-01	3.091536e+00	9.892033e-01	6.860385e-02	7.049580e-01	8.241418e-02	4.013776e+00	2.510084e+00	1.002577e+00	9.339037e+00	6.778000e-01	2.455702e-01	2.202102e+00	7.876882e-01	1.045206e+00	7.085094e+01	1.389929e+02	3.216229e-01	8.666775e-02	1.869789e+03	
22  105.875	2.278705e+00	1.380406e-01	7.086020e-01	3.091536e+00	9.892033e-01	6.860385e-02	7.049580e-01	8.241418e-02	4.013776e+00	2.510084e+00	1.004100e+00	9.339037e+00	6.778000e-01	2.455702e-01	2.202102e+00	7.876882e-01	1.045206e+00	7.085094e+01	1.389929e+02	3.216229e-01	8.666775e-02	1.869789e+03	
22  104.945	2.278705e+00	1.380406e-01	7.086020e-01	3.091536e+00	9.892033e-01	6.860385e-02	7.049580e-01	8.241418e-02	4.013776e+00	2.510084e+00	1.001560e+00	9.339037e+00	6.778000e-01	2.455702e-01	2.202102e+00	7.876882e-01	1.045206e+00	7.085094e+01	1.389929e+02	3.216229e-01	8.666775e-02	1.869789e+03	
33  105.204	2.278705e+00	1.380406e-01	7.086020e-01	3.091536e+00	9.892033e-01	6.860385e-02	7.049580e-01	8.241418e-02	4.013776e+00	2.510084e+00	1.003047e+00	9.339037e+00	6.778000e-01	2.455702e-01	2.202102e+00	7.876882e-01	1.045206e+00	7.085094e+01	1.389929e+02	3.216229e-01	8.666775e-02	1.869789e+03	
1  105.084	2.278705e+00	1.380406e-01	7.086020e-01	3.091536e+00	9.892033e-01	6.860385e-02	7.049580e-01	8.241418e-02	4.013776e+00	2.510084e+00	1.002735e+00	9.339037e+00	6.778000e-01	2.455702e-01	2.202102e+00	7.876882e-01	1.045206e+00	7.085094e+01	1.389929e+02	3.216229e-01	8.666775e-02	1.869789e+03	
10  105.133	2.300276e+00	1.426818e-01	7.280856e-01	3.072098e+00	9.977892e-01	6.519744e-02	9.924649e-01	7.604003e-02	4.441762e+00	5.965373e+00	1.001772e+00	9.055903e+00	6.857743e-01	2.456708e-01	2.160702e+00	7.950023e-01	1.045288e+00	7.280439e+01	1.365804e+02	3.140403e-01	1.174913e-01	2.048599e+03	
11  106.386	2.300276e+00	1.426818e-01	7.280856e-01	3.072098e+00	9.977892e-01	6.519744e-02	9.924649e-01	7.604003e-02	4.441762e+00	5.965373e+00	9.974344e-01	9.055903e+00	6.857743e-01	2.456708e-01	2.160702e+00	7.950023e-01	1.045288e+00	7.280439e+01	1.365804e+02	3.140403e-01	1.174913e-01	2.048599e+03	
22  105.076	2.300276e+00	1.426818e-01	7.280856e-01	3.072098e+00	9.977892e-01	6.519744e-02	9.924649e-01	7.604003e-02	4.441762e+00	5.965373e+00	9.991247e-01	9.055903e+00	6.857743e-01	2.456708e-01	2.160702e+00	7.950023e-01	1.045288e+00	7.280439e+01	1.365804e+02	3.140403e-01	1.174913e-01	2.048599e+03	
30  105.402	2.300276e+00	1.426818e-01	7.280856e-01	3.072098e+00	9.977892e-01	6.519744e-02	9.924649e-01	7.604003e-02	4.441762e+00	5.965373e+00	9.985511e-01	9.055903e+00	6.857743e-01	2.456708e-01	2.160702e+00	7.950023e-01	1.045288e+00	7.280439e+01	1.365804e+02	3.140403e-01	1.174913e-01	2.048599e+03	
3  104.657	2.306538e+00	1.384351e-01	7.357663e-01	3.063543e+00	9.998352e-01	6.903980e-02	9.525971e-01	4.924542e-02	4.461476e+00	7.131687e+00	9.972052e-01	9.338982e+00	7.002687e-01	2.456937e-01	2.141945e+00	8.066282e-01	1.044584e+00	7.356839e+01	1.376171e+02	2.994941e-01	1.132499e-01	1.753904e+03	
22  104.252	2.306538e+00	1.384351e-01	7.357663e-01	3.063543e+00	9.998352e-01	6.903980e-02	9.525971e-01	4.924542e-02	4.461476e+00	7.131687e+00	9.984228e-01	9.338982e+00	7.002687e-01	2.456937e-01	2.141945e+00	8.066282e-01	1.044584e+00	7.356839e+01	1.376171e+02	2.994941e-01	1.132499e-01	1.753904e+03	
6  104.962	2.306538e+00	1.384351e-01	7.357663e-01	3.063543e+00	9.998352e-01	6.903980e-02	9.525971e-01	4.924542e-02	4.461476e+00	7.131687e+00	1.000717e+00	9.338982e+00	7.002687e-01	2.456937e-01	2.141945e+00	8.066282e-01	1.044584e+00	7.356839e+01	1.376171e+02	2.994941e-01	1.132499e-01	1.753904e+03	
1  106.091	2.311866e+00	1.366061e-01	7.269083e-01	3.070825e+00	9.994986e-01	7.542555e-02	8.432532e-01	3.202435e-02	4.498299e+00	7.605096e+00	9.988243e-01	9.886911e+00	6.964106e-01	2.457079e-01	2.158071e+00	8.256491e-01	1.043712e+00	7.268939e+01	1.384567e+02	3.034047e-01	1.015809e-01	1.799459e+03	
11  105.343	2.310878e+00	1.316551e-01	7.322887e-01	3.049607e+00	9.942872e-01	7.148230e-02	7.776656e-01	1.628486e-02	4.341217e+00	6.554003e+00	9.978268e-01	9.426744e+00	7.099255e-01	2.457053e-01	2.111854e+00	8.174430e-01	1.042650e+00	7.322929e+01	1.398411e+02	2.898493e-01	9.437585e-02	1.489234e+03	
15  103.419	2.304379e+00	1.340138e-01	7.184660e-01	3.074718e+00	9.829244e-01	7.742759e-02	7.229707e-01	2.095053e-02	4.485806e+00	6.099953e+00	9.983105e-01	1.003125e+01	6.943818e-01	2.456729e-01	2.165806e+00	8.302771e-01	1.042960e+00	7.186102e+01	1.396122e+02	3.058636e-01	8.851343e-02	2.237490e+03	
33  103.393	2.304379e+00	1.340138e-01	7.184660e-01	3.074718e+00	9.829244e-01	7.742759e-02	7.229707e-01	2.095053e-02	4.485806e+00	6.099953e+00	9.981856e-01	1.003125e+01	6.943818e-01	2.456729e-01	2.165806e+00	8.302771e-01	1.042960e+00	7.186102e+01	1.396122e+02	3.058636e-01	8.851343e-02	2.237490e+03	
