1  103.948	2.189136e+00	1.222199e-01	6.598157e+01	3.042001e+00	9.619513e-01	5.429406e-02	9.988846e-01	7.821198e+00	6.674908e-01	2.450961e-01	2.094166e+00	8.174744e-01	1.041322e+00	
1  104.39	2.194726e+00	1.231646e-01	6.567908e+01	3.042964e+00	9.586409e-01	5.474519e-02	9.974879e-01	7.874171e+00	6.621475e-01	2.451202e-01	2.096287e+00	8.195022e-01	1.041234e+00	
1  103.855	2.194764e+00	1.231120e-01	6.585258e+01	3.033333e+00	9.601955e-01	4.790735e-02	9.993802e-01	7.134788e+00	6.640087e-01	2.451204e-01	2.076191e+00	8.163396e-01	1.041700e+00	
4  103.221	2.206957e+00	1.217631e-01	6.655785e+01	3.049228e+00	9.658336e-01	5.505906e-02	1.001616e+00	7.857555e+00	6.738092e-01	2.451733e-01	2.109637e+00	8.202485e-01	1.042099e+00	
1  102.74	2.213789e+00	1.209588e-01	6.690170e+01	3.045054e+00	9.632420e-01	5.823435e-02	9.972994e-01	8.157289e+00	6.788415e-01	2.452030e-01	2.100927e+00	8.148943e-01	1.042107e+00	
1  102.517	2.218637e+00	1.206575e-01	6.704739e+01	3.031767e+00	9.637996e-01	5.165826e-02	9.975115e-01	7.453887e+00	6.807917e-01	2.452239e-01	2.073221e+00	8.085032e-01	1.042099e+00	
3  102.419	2.222654e+00	1.201996e-01	6.706649e+01	3.044680e+00	9.642733e-01	5.874302e-02	9.975361e-01	8.174474e+00	6.818915e-01	2.452413e-01	2.100138e+00	8.117204e-01	1.041568e+00	
1  103.318	2.241279e+00	1.201248e-01	6.736499e+01	3.049487e+00	9.670051e-01	6.551110e-02	9.933164e-01	8.803743e+00	6.844621e-01	2.453206e-01	2.110434e+00	8.137932e-01	1.041882e+00	
5  103.289	2.241279e+00	1.201248e-01	6.736499e+01	3.049487e+00	9.670051e-01	6.551110e-02	9.926631e-01	8.803743e+00	6.844621e-01	2.453206e-01	2.110434e+00	8.137932e-01	1.041882e+00	
1  103.508	2.231301e+00	1.209562e-01	6.698908e+01	3.040400e+00	9.656908e-01	6.063833e-02	9.922007e-01	8.362080e+00	6.793067e-01	2.452780e-01	2.091315e+00	8.128396e-01	1.041897e+00	
1  103.455	2.236406e+00	1.194664e-01	6.765105e+01	3.036550e+00	9.709158e-01	6.031513e-02	9.925919e-01	8.287020e+00	6.886740e-01	2.452998e-01	2.083375e+00	8.080163e-01	1.042171e+00	
1  103.46	2.236406e+00	1.194664e-01	6.765105e+01	3.036550e+00	9.709158e-01	6.031513e-02	9.929159e-01	8.287020e+00	6.886740e-01	2.452998e-01	2.083375e+00	8.080163e-01	1.042171e+00	
1  104.125	2.244489e+00	1.197141e-01	6.751297e+01	3.029145e+00	9.717495e-01	5.797998e-02	9.914087e-01	8.037595e+00	6.866697e-01	2.453340e-01	2.068021e+00	8.054522e-01	1.041805e+00	
1  104.642	2.251384e+00	1.184172e-01	6.799800e+01	3.024745e+00	9.765626e-01	5.690102e-02	9.920741e-01	7.887898e+00	6.937441e-01	2.453633e-01	2.058919e+00	8.004292e-01	1.041689e+00	
2  104.005	2.244661e+00	1.190853e-01	6.761310e+01	3.033381e+00	9.752453e-01	5.783962e-02	9.945606e-01	8.009170e+00	6.889487e-01	2.453350e-01	2.076645e+00	8.058103e-01	1.041433e+00	
2  103.877	2.225268e+00	1.190022e-01	6.732834e+01	3.043691e+00	9.704388e-01	6.225206e-02	9.955056e-01	8.499181e+00	6.868993e-01	2.452523e-01	2.097829e+00	8.086057e-01	1.041017e+00	
2  104.06	2.225268e+00	1.190022e-01	6.732834e+01	3.043691e+00	9.704388e-01	6.225206e-02	9.944326e-01	8.499181e+00	6.868993e-01	2.452523e-01	2.097829e+00	8.086057e-01	1.041017e+00	
1  103.978	2.230300e+00	1.185128e-01	6.752976e+01	3.040576e+00	9.724663e-01	5.824167e-02	9.972672e-01	8.070563e+00	6.897098e-01	2.452738e-01	2.091257e+00	8.060839e-01	1.040959e+00	
2  103.49	2.240057e+00	1.205731e-01	6.693837e+01	3.031570e+00	9.666347e-01	5.175254e-02	9.960750e-01	7.411287e+00	6.794290e-01	2.453155e-01	2.072791e+00	8.072596e-01	1.041108e+00	
1  103.023	2.232082e+00	1.214804e-01	6.663813e+01	3.036917e+00	9.637234e-01	5.165357e-02	9.974693e-01	7.432875e+00	6.746951e-01	2.452814e-01	2.083947e+00	8.120201e-01	1.041370e+00	
1  102.966	2.241036e+00	1.217076e-01	6.677593e+01	3.040421e+00	9.636248e-01	5.251836e-02	9.976662e-01	7.512669e+00	6.753283e-01	2.453197e-01	2.091376e+00	8.141835e-01	1.041779e+00	
2  102.789	2.241036e+00	1.217076e-01	6.677593e+01	3.040421e+00	9.636248e-01	5.251836e-02	9.984369e-01	7.512669e+00	6.753283e-01	2.453197e-01	2.091376e+00	8.141835e-01	1.041779e+00	
2  103.03	2.240726e+00	1.220986e-01	6.655328e+01	3.038711e+00	9.597440e-01	4.852793e-02	1.000623e+00	7.086586e+00	6.722599e-01	2.453184e-01	2.087790e+00	8.133209e-01	1.041523e+00	
3  102.765	2.247126e+00	1.208875e-01	6.701335e+01	3.055873e+00	9.653003e-01	5.743130e-02	1.001967e+00	7.992566e+00	6.792827e-01	2.453460e-01	2.123828e+00	8.178003e-01	1.041472e+00	
2  102.784	2.247126e+00	1.208875e-01	6.701335e+01	3.055873e+00	9.653003e-01	5.743130e-02	1.002700e+00	7.992566e+00	6.792827e-01	2.453460e-01	2.123828e+00	8.178003e-01	1.041472e+00	
2  106.811	2.287263e+00	1.169791e-01	6.861017e+01	3.051221e+00	9.755924e-01	7.114141e-02	9.914778e-01	9.168054e+00	7.013114e-01	2.455138e-01	2.113847e+00	8.036563e-01	1.041007e+00	
1  105.397	2.275740e+00	1.190010e-01	6.782273e+01	3.061032e+00	9.647063e-01	7.257529e-02	9.917549e-01	9.376722e+00	6.902409e-01	2.454664e-01	2.134881e+00	8.118844e-01	1.041140e+00	
1  106.019	2.275740e+00	1.190010e-01	6.782273e+01	3.061032e+00	9.647063e-01	7.257529e-02	9.902416e-01	9.376722e+00	6.902409e-01	2.454664e-01	2.134881e+00	8.118844e-01	1.041140e+00	
1  105.776	2.272664e+00	1.169713e-01	6.864757e+01	3.059499e+00	9.687063e-01	7.528291e-02	9.895520e-01	9.588152e+00	7.019900e-01	2.454533e-01	2.131507e+00	8.058448e-01	1.041501e+00	
1  105.824	2.272245e+00	1.176892e-01	6.829497e+01	3.068738e+00	9.674532e-01	7.818849e-02	9.903259e-01	9.868703e+00	6.973850e-01	2.454518e-01	2.151320e+00	8.115259e-01	1.041241e+00	
1  106.341	2.257944e+00	1.182950e-01	6.792965e+01	3.061328e+00	9.674283e-01	7.725652e-02	9.875266e-01	9.833863e+00	6.931405e-01	2.453911e-01	2.135401e+00	8.111486e-01	1.041186e+00	
2  106.657	2.256275e+00	1.188016e-01	6.765659e+01	3.066128e+00	9.647464e-01	7.821077e-02	9.881773e-01	9.940590e+00	6.895834e-01	2.453842e-01	2.145717e+00	8.138799e-01	1.040960e+00	
1  106.484	2.252024e+00	1.201450e-01	6.714130e+01	3.056095e+00	9.569010e-01	6.971169e-02	9.893364e-01	9.197466e+00	6.819524e-01	2.453668e-01	2.124552e+00	8.121154e-01	1.040953e+00	
1  105.832	2.252024e+00	1.201450e-01	6.714130e+01	3.056095e+00	9.569010e-01	6.971169e-02	9.918777e-01	9.197466e+00	6.819524e-01	2.453668e-01	2.124552e+00	8.121154e-01	1.040953e+00	
1  105.289	2.236905e+00	1.198805e-01	6.721458e+01	3.050885e+00	9.581202e-01	6.951890e-02	9.903327e-01	9.208481e+00	6.836135e-01	2.453026e-01	2.113351e+00	8.104031e-01	1.041297e+00	
1  105.308	2.247792e+00	1.201229e-01	6.735351e+01	3.046971e+00	9.630833e-01	6.911074e-02	9.887095e-01	9.137997e+00	6.841663e-01	2.453481e-01	2.105081e+00	8.110538e-01	1.041671e+00	
2  104.265	2.239719e+00	1.202838e-01	6.717681e+01	3.024753e+00	9.630610e-01	5.580197e-02	9.908070e-01	7.840154e+00	6.823618e-01	2.453140e-01	2.058816e+00	8.028432e-01	1.041530e+00	
1  104.442	2.222966e+00	1.216458e-01	6.643258e+01	3.028769e+00	9.613932e-01	5.508988e-02	9.921900e-01	7.824310e+00	6.725527e-01	2.452424e-01	2.066977e+00	8.086731e-01	1.041175e+00	
1  104.327	2.215506e+00	1.208039e-01	6.656043e+01	3.034422e+00	9.597099e-01	5.689330e-02	9.941564e-01	8.012331e+00	6.758277e-01	2.452107e-01	2.078623e+00	8.077615e-01	1.040883e+00	
1  104.656	2.215506e+00	1.208039e-01	6.656043e+01	3.034422e+00	9.597099e-01	5.689330e-02	9.950026e-01	8.012331e+00	6.758277e-01	2.452107e-01	2.078623e+00	8.077615e-01	1.040883e+00	
1  104.602	2.236726e+00	1.199803e-01	6.700923e+01	3.031716e+00	9.625358e-01	5.528554e-02	9.958843e-01	7.782904e+00	6.814576e-01	2.453014e-01	2.073070e+00	8.039475e-01	1.040791e+00	
1  104.319	2.234022e+00	1.197792e-01	6.705344e+01	3.031050e+00	9.656640e-01	5.347816e-02	9.977867e-01	7.592255e+00	6.823868e-01	2.452898e-01	2.071556e+00	8.040811e-01	1.040782e+00	
2  103.81	2.233998e+00	1.198600e-01	6.718124e+01	3.032176e+00	9.645647e-01	5.671540e-02	9.950129e-01	7.936973e+00	6.834502e-01	2.452898e-01	2.074029e+00	8.048799e-01	1.041251e+00	
2  103.673	2.256970e+00	1.191895e-01	6.778072e+01	3.029405e+00	9.648186e-01	5.502778e-02	9.953194e-01	7.704441e+00	6.899651e-01	2.453873e-01	2.068489e+00	8.011264e-01	1.041714e+00	
2  103.887	2.256970e+00	1.191895e-01	6.778072e+01	3.029405e+00	9.648186e-01	5.502778e-02	9.956370e-01	7.704441e+00	6.899651e-01	2.453873e-01	2.068489e+00	8.011264e-01	1.041714e+00	
1  105.204	2.285384e+00	1.179285e-01	6.860545e+01	3.027333e+00	9.727024e-01	5.511969e-02	9.958411e-01	7.633107e+00	6.994312e-01	2.455063e-01	2.064387e+00	7.975616e-01	1.042062e+00	
4  104.986	2.272502e+00	1.188942e-01	6.806901e+01	3.013709e+00	9.679527e-01	4.828549e-02	9.948158e-01	6.966434e+00	6.928761e-01	2.454523e-01	2.036438e+00	7.943215e-01	1.041843e+00	
1  104.376	2.272502e+00	1.188942e-01	6.806901e+01	3.013709e+00	9.679527e-01	4.828549e-02	9.937613e-01	6.966434e+00	6.928761e-01	2.454523e-01	2.036438e+00	7.943215e-01	1.041843e+00	
2  106.263	2.278213e+00	1.171339e-01	6.887460e+01	3.009235e+00	9.739017e-01	5.170453e-02	9.907569e-01	7.285084e+00	7.035639e-01	2.454753e-01	2.027380e+00	7.883791e-01	1.042198e+00	
5  105.173	2.271056e+00	1.176020e-01	6.861786e+01	3.006092e+00	9.710903e-01	4.739379e-02	9.927077e-01	6.857490e+00	7.005215e-01	2.454459e-01	2.020953e+00	7.881655e-01	1.042133e+00	
2  107.097	2.209944e+00	1.229348e-01	6.581053e+01	2.990510e+00	9.545284e-01	3.641233e-02	9.913537e-01	5.801758e+00	6.637858e-01	2.451867e-01	1.989463e+00	7.955961e-01	1.040987e+00	
1  106.832	2.210774e+00	1.235457e-01	6.563720e+01	3.018873e+00	9.526905e-01	4.951606e-02	9.914320e-01	7.287712e+00	6.605798e-01	2.451901e-01	2.046761e+00	8.083066e-01	1.041067e+00	
3  105.659	2.207066e+00	1.230817e-01	6.581256e+01	3.038098e+00	9.571239e-01	5.775349e-02	9.935961e-01	8.166336e+00	6.634730e-01	2.451740e-01	2.086290e+00	8.163055e-01	1.041221e+00	
1  105.712	2.207066e+00	1.230817e-01	6.581256e+01	3.038098e+00	9.571239e-01	5.775349e-02	9.936761e-01	8.166336e+00	6.634730e-01	2.451740e-01	2.086290e+00	8.163055e-01	1.041221e+00	
3  105.592	2.212628e+00	1.218316e-01	6.637553e+01	3.056414e+00	9.642489e-01	6.952156e-02	9.930394e-01	9.305287e+00	6.718096e-01	2.451980e-01	2.124865e+00	8.220584e-01	1.041476e+00	
1  105.493	2.225426e+00	1.197693e-01	6.735345e+01	3.052731e+00	9.682762e-01	7.223772e-02	9.910164e-01	9.478663e+00	6.854831e-01	2.452530e-01	2.117172e+00	8.149134e-01	1.041898e+00	
2  104.783	2.212612e+00	1.207106e-01	6.692537e+01	3.063098e+00	9.667642e-01	7.259104e-02	9.945544e-01	9.568585e+00	6.796635e-01	2.451981e-01	2.139227e+00	8.224060e-01	1.041952e+00	
1  105.926	2.212612e+00	1.207106e-01	6.692537e+01	3.063098e+00	9.667642e-01	7.259104e-02	9.958099e-01	9.568585e+00	6.796635e-01	2.451981e-01	2.139227e+00	8.224060e-01	1.041952e+00	
3  105.664	2.202318e+00	1.208367e-01	6.663776e+01	3.061641e+00	9.612230e-01	6.979221e-02	9.974767e-01	9.338734e+00	6.768355e-01	2.451539e-01	2.136007e+00	8.204945e-01	1.041501e+00	
1  106.419	2.186046e+00	1.221977e-01	6.595386e+01	3.060162e+00	9.615353e-01	6.549651e-02	9.997354e-01	8.988705e+00	6.673574e-01	2.450827e-01	2.132608e+00	8.248058e-01	1.041302e+00	
1  106.063	2.183505e+00	1.224865e-01	6.594188e+01	3.061409e+00	9.595177e-01	6.232852e-02	1.002652e+00	8.678658e+00	6.666005e-01	2.450714e-01	2.135309e+00	8.260424e-01	1.041628e+00	
1  106.07	2.185783e+00	1.221615e-01	6.616131e+01	3.063329e+00	9.627359e-01	6.438013e-02	1.002148e+00	8.875113e+00	6.694897e-01	2.450814e-01	2.139438e+00	8.269670e-01	1.041891e+00	
2  104.647	2.185783e+00	1.221615e-01	6.616131e+01	3.063329e+00	9.627359e-01	6.438013e-02	1.000338e+00	8.875113e+00	6.694897e-01	2.450814e-01	2.139438e+00	8.269670e-01	1.041891e+00	
2  104.5	2.193632e+00	1.213301e-01	6.663323e+01	3.068483e+00	9.667145e-01	6.716268e-02	1.001089e+00	9.110919e+00	6.758347e-01	2.451156e-01	2.150681e+00	8.276902e-01	1.042232e+00	
1  104.14	2.198220e+00	1.206708e-01	6.697682e+01	3.060337e+00	9.673651e-01	6.381330e-02	1.001025e+00	8.752504e+00	6.805125e-01	2.451355e-01	2.133289e+00	8.224114e-01	1.042447e+00	
1  104.235	2.213554e+00	1.215971e-01	6.679251e+01	3.061108e+00	9.670577e-01	6.514933e-02	9.987557e-01	8.865774e+00	6.763499e-01	2.452019e-01	2.135041e+00	8.250502e-01	1.042452e+00	
1  103.98	2.206253e+00	1.214891e-01	6.676592e+01	3.039831e+00	9.675485e-01	5.336652e-02	1.000158e+00	7.680046e+00	6.764765e-01	2.451704e-01	2.090015e+00	8.164214e-01	1.042457e+00	
1  103.708	2.206253e+00	1.214891e-01	6.676592e+01	3.039831e+00	9.675485e-01	5.336652e-02	9.993865e-01	7.680046e+00	6.764765e-01	2.451704e-01	2.090015e+00	8.164214e-01	1.042457e+00	
1  103.98	2.196683e+00	1.214054e-01	6.673594e+01	3.039874e+00	9.658367e-01	5.340359e-02	9.995199e-01	7.702652e+00	6.765763e-01	2.451289e-01	2.089983e+00	8.160908e-01	1.042536e+00	
1  104.687	2.198892e+00	1.210645e-01	6.693248e+01	3.057912e+00	9.697995e-01	6.051253e-02	1.001844e+00	8.428578e+00	6.791541e-01	2.451383e-01	2.128199e+00	8.236779e-01	1.042710e+00	
2  103.734	2.201761e+00	1.203216e-01	6.714540e+01	3.060349e+00	9.681059e-01	6.016134e-02	1.003925e+00	8.367580e+00	6.827800e-01	2.451506e-01	2.133318e+00	8.214022e-01	1.042490e+00	
1  104.477	2.183848e+00	1.205147e-01	6.692016e+01	3.036288e+00	9.660260e-01	5.007274e-02	1.002227e+00	7.352919e+00	6.805700e-01	2.450729e-01	2.082350e+00	8.122835e-01	1.042498e+00	
1  104.945	2.176446e+00	1.216368e-01	6.646803e+01	3.036657e+00	9.607616e-01	4.936219e-02	1.001545e+00	7.308591e+00	6.738514e-01	2.450405e-01	2.083004e+00	8.147330e-01	1.042513e+00	
1  105.13	2.176446e+00	1.216368e-01	6.646803e+01	3.036657e+00	9.607616e-01	4.936219e-02	1.002123e+00	7.308591e+00	6.738514e-01	2.450405e-01	2.083004e+00	8.147330e-01	1.042513e+00	
7  105.044	2.180508e+00	1.204259e-01	6.690911e+01	3.026405e+00	9.637666e-01	4.349952e-02	1.004294e+00	6.627892e+00	6.807013e-01	2.450582e-01	2.061777e+00	8.074074e-01	1.042460e+00	
1  105.433	2.272555e+00	1.187524e-01	6.845748e+01	3.018086e+00	9.712748e-01	4.366610e-02	9.965525e-01	6.472040e+00	6.967019e-01	2.454527e-01	2.045485e+00	7.974958e-01	1.042852e+00	
2  104.666	2.258172e+00	1.190156e-01	6.816324e+01	3.021434e+00	9.722366e-01	4.537302e-02	9.967423e-01	6.683682e+00	6.938246e-01	2.453923e-01	2.052302e+00	8.004087e-01	1.042640e+00	
4  103.788	2.265389e+00	1.189138e-01	6.802929e+01	3.031035e+00	9.690209e-01	5.033756e-02	9.964648e-01	7.193119e+00	6.926625e-01	2.454232e-01	2.071884e+00	8.020110e-01	1.041936e+00	
1  103.973	2.250993e+00	1.199730e-01	6.748106e+01	3.020990e+00	9.650822e-01	4.760710e-02	9.933003e-01	6.946414e+00	6.856529e-01	2.453620e-01	2.051199e+00	8.007832e-01	1.041808e+00	
1  104.369	2.242967e+00	1.203015e-01	6.725826e+01	3.018285e+00	9.607181e-01	4.786408e-02	9.913324e-01	6.994524e+00	6.830227e-01	2.453280e-01	2.045650e+00	7.996704e-01	1.041704e+00	
3  104.172	2.227819e+00	1.211234e-01	6.683589e+01	3.017808e+00	9.606636e-01	4.570026e-02	9.925646e-01	6.798251e+00	6.775359e-01	2.452633e-01	2.044578e+00	8.027157e-01	1.041707e+00	
2  103.698	2.235427e+00	1.193969e-01	6.746539e+01	3.030355e+00	9.654774e-01	5.283732e-02	9.939034e-01	7.521394e+00	6.870990e-01	2.452960e-01	2.070299e+00	8.031453e-01	1.041570e+00	
2  103.914	2.238751e+00	1.187870e-01	6.762094e+01	3.043731e+00	9.654220e-01	5.836220e-02	9.956057e-01	8.074019e+00	6.897709e-01	2.453103e-01	2.098163e+00	8.060789e-01	1.041298e+00	
1  103.86	2.249405e+00	1.182026e-01	6.801467e+01	3.034338e+00	9.663289e-01	5.506462e-02	9.946991e-01	7.705627e+00	6.943733e-01	2.453556e-01	2.078590e+00	8.003991e-01	1.041563e+00	
1  104.147	2.248849e+00	1.172788e-01	6.834087e+01	3.031715e+00	9.705852e-01	5.350946e-02	9.962983e-01	7.529591e+00	6.992617e-01	2.453532e-01	2.073050e+00	7.974894e-01	1.041554e+00	
1  104.3	2.257605e+00	1.167002e-01	6.866732e+01	3.044024e+00	9.710408e-01	6.014583e-02	9.962512e-01	8.177148e+00	7.031558e-01	2.453903e-01	2.098789e+00	8.002434e-01	1.041665e+00	
1  104.573	2.259929e+00	1.167728e-01	6.865280e+01	3.047921e+00	9.655128e-01	5.829009e-02	9.991032e-01	7.988192e+00	7.028069e-01	2.454007e-01	2.107072e+00	8.002442e-01	1.041639e+00	
1  105.45	2.259929e+00	1.167728e-01	6.865280e+01	3.047921e+00	9.655128e-01	5.829009e-02	9.983136e-01	7.988192e+00	7.028069e-01	2.454007e-01	2.107072e+00	8.002442e-01	1.041639e+00	
3  104.73	2.245294e+00	1.178667e-01	6.814611e+01	3.043040e+00	9.645398e-01	5.771235e-02	9.957073e-01	7.977980e+00	6.963633e-01	2.453384e-01	2.096800e+00	8.024824e-01	1.041703e+00	
5  105.051	2.237602e+00	1.187484e-01	6.769904e+01	3.027373e+00	9.623812e-01	5.250105e-02	9.924528e-01	7.471857e+00	6.905836e-01	2.453056e-01	2.064176e+00	7.987012e-01	1.041521e+00	
1  105.177	2.228366e+00	1.196724e-01	6.731219e+01	3.020466e+00	9.595110e-01	4.876286e-02	9.916787e-01	7.106690e+00	6.852154e-01	2.452661e-01	2.049992e+00	7.985867e-01	1.041594e+00	
2  104.78	2.237533e+00	1.186342e-01	6.790342e+01	3.039038e+00	9.611712e-01	5.551136e-02	9.948672e-01	7.780247e+00	6.927143e-01	2.453052e-01	2.088463e+00	8.030723e-01	1.042009e+00	
3  104.924	2.220032e+00	1.195593e-01	6.742863e+01	3.025166e+00	9.599525e-01	4.867659e-02	9.941076e-01	7.109136e+00	6.867397e-01	2.452302e-01	2.059603e+00	8.009789e-01	1.042043e+00	
1  105.746	2.202265e+00	1.218203e-01	6.641959e+01	3.005796e+00	9.570043e-01	3.680786e-02	9.939141e-01	5.845189e+00	6.724812e-01	2.451534e-01	2.019981e+00	8.001428e-01	1.041869e+00	
4  106.108	2.202299e+00	1.228604e-01	6.616994e+01	3.026050e+00	9.560033e-01	4.493471e-02	9.943914e-01	6.787157e+00	6.676444e-01	2.451531e-01	2.061300e+00	8.115405e-01	1.042192e+00	
2  105.658	2.221653e+00	1.207067e-01	6.721162e+01	3.009152e+00	9.614072e-01	3.928903e-02	9.940666e-01	6.093704e+00	6.821615e-01	2.452365e-01	2.026923e+00	7.991756e-01	1.042563e+00	
1  106.304	2.218032e+00	1.206744e-01	6.712249e+01	2.997663e+00	9.622889e-01	3.856253e-02	9.897755e-01	6.022482e+00	6.814960e-01	2.452213e-01	2.003750e+00	7.946905e-01	1.042359e+00	
3  105.94	2.223520e+00	1.208981e-01	6.713950e+01	3.016278e+00	9.611308e-01	4.691160e-02	9.901062e-01	6.940568e+00	6.810472e-01	2.452447e-01	2.041443e+00	8.024065e-01	1.042494e+00	
5  105.66	2.231895e+00	1.194568e-01	6.772028e+01	3.009680e+00	9.634226e-01	4.403750e-02	9.912753e-01	6.589018e+00	6.894113e-01	2.452805e-01	2.028030e+00	7.954328e-01	1.042489e+00	
1  105.493	2.248431e+00	1.199435e-01	6.780207e+01	3.031106e+00	9.643866e-01	5.077299e-02	9.939283e-01	7.287578e+00	6.887501e-01	2.453507e-01	2.072039e+00	8.055503e-01	1.042804e+00	
