1  104.274	2.206830e+00	1.230158e-01	6.586662e+01	3.013129e+00	9.597758e-01	3.752178e-02	9.982430e-01	5.938931e+00	6.641248e-01	2.451726e-01	2.034761e+00	8.069078e-01	1.041306e+00	
1  105.141	2.216616e+00	1.232772e-01	6.585277e+01	3.016933e+00	9.643958e-01	4.029579e-02	9.973377e-01	6.256648e+00	6.631783e-01	2.452153e-01	2.042365e+00	8.102198e-01	1.041269e+00	
1  105.244	2.216616e+00	1.232772e-01	6.585277e+01	3.016933e+00	9.643958e-01	4.029579e-02	9.970983e-01	6.256648e+00	6.631783e-01	2.452153e-01	2.042365e+00	8.102198e-01	1.041269e+00	
1  104.085	2.237147e+00	1.215806e-01	6.668376e+01	3.025666e+00	9.682262e-01	4.152427e-02	1.001558e+00	6.332338e+00	6.747374e-01	2.453037e-01	2.060368e+00	8.090238e-01	1.041466e+00	
2  105.262	2.216497e+00	1.222194e-01	6.615315e+01	3.036835e+00	9.668789e-01	4.365143e-02	1.004513e+00	6.610606e+00	6.684602e-01	2.452145e-01	2.082950e+00	8.155642e-01	1.041083e+00	
2  105.395	2.196776e+00	1.218449e-01	6.607003e+01	3.045874e+00	9.685328e-01	5.199978e-02	1.002082e+00	7.564433e+00	6.689311e-01	2.451289e-01	2.102207e+00	8.192635e-01	1.040981e+00	
1  103.91	2.198124e+00	1.209310e-01	6.654060e+01	3.043550e+00	9.684040e-01	5.199606e-02	1.001834e+00	7.543114e+00	6.756331e-01	2.451349e-01	2.097598e+00	8.157507e-01	1.041409e+00	
1  103.666	2.198124e+00	1.209310e-01	6.654060e+01	3.043550e+00	9.684040e-01	5.199606e-02	1.003293e+00	7.543114e+00	6.756331e-01	2.451349e-01	2.097598e+00	8.157507e-01	1.041409e+00	
1  104.345	2.192456e+00	1.229746e-01	6.573813e+01	3.057211e+00	9.567530e-01	5.644064e-02	1.002403e+00	8.050353e+00	6.631364e-01	2.451089e-01	2.126556e+00	8.243790e-01	1.041263e+00	
1  103.86	2.195720e+00	1.229135e-01	6.588187e+01	3.032819e+00	9.599263e-01	5.024872e-02	9.971334e-01	7.387975e+00	6.647394e-01	2.451245e-01	2.075357e+00	8.153094e-01	1.041548e+00	
4  104.019	2.199830e+00	1.232472e-01	6.584162e+01	3.028559e+00	9.589614e-01	4.858124e-02	9.961332e-01	7.201470e+00	6.634978e-01	2.451423e-01	2.066549e+00	8.142662e-01	1.041658e+00	
1  104.391	2.199830e+00	1.232472e-01	6.584162e+01	3.028559e+00	9.589614e-01	4.858124e-02	9.944878e-01	7.201470e+00	6.634978e-01	2.451423e-01	2.066549e+00	8.142662e-01	1.041658e+00	
1  103.305	2.216062e+00	1.222621e-01	6.645916e+01	3.042607e+00	9.595121e-01	5.342823e-02	9.970441e-01	7.668252e+00	6.714992e-01	2.452117e-01	2.095869e+00	8.168761e-01	1.042065e+00	
4  102.609	2.231272e+00	1.212815e-01	6.686993e+01	3.047749e+00	9.618780e-01	5.446467e-02	9.993966e-01	7.730924e+00	6.773505e-01	2.452773e-01	2.106716e+00	8.157696e-01	1.041874e+00	
1  102.738	2.226459e+00	1.211847e-01	6.677945e+01	3.041390e+00	9.593791e-01	4.900264e-02	1.001566e+00	7.151285e+00	6.767890e-01	2.452569e-01	2.093471e+00	8.120661e-01	1.041631e+00	
3  103.164	2.226459e+00	1.211847e-01	6.677945e+01	3.041390e+00	9.593791e-01	4.900264e-02	1.000887e+00	7.151285e+00	6.767890e-01	2.452569e-01	2.093471e+00	8.120661e-01	1.041631e+00	
1  103.017	2.248383e+00	1.200820e-01	6.750965e+01	3.031166e+00	9.662330e-01	4.571098e-02	1.000349e+00	6.751133e+00	6.856773e-01	2.453512e-01	2.072140e+00	8.059454e-01	1.042078e+00	
1  103.648	2.258374e+00	1.207215e-01	6.743335e+01	3.025065e+00	9.627290e-01	4.257047e-02	9.991402e-01	6.396956e+00	6.833324e-01	2.453931e-01	2.059689e+00	8.042877e-01	1.042251e+00	
2  103.78	2.248329e+00	1.209076e-01	6.717894e+01	3.028483e+00	9.640928e-01	4.045564e-02	1.002881e+00	6.175986e+00	6.806993e-01	2.453510e-01	2.066449e+00	8.067822e-01	1.041952e+00	
1  104.113	2.248329e+00	1.209076e-01	6.717894e+01	3.028483e+00	9.640928e-01	4.045564e-02	1.002468e+00	6.175986e+00	6.806993e-01	2.453510e-01	2.066449e+00	8.067822e-01	1.041952e+00	
1  104.526	2.221084e+00	1.221332e-01	6.630561e+01	3.020418e+00	9.593800e-01	3.803128e-02	1.000140e+00	5.951495e+00	6.701461e-01	2.452339e-01	2.049749e+00	8.064879e-01	1.041334e+00	
1  104.174	2.214707e+00	1.225078e-01	6.621943e+01	3.026554e+00	9.582520e-01	4.532846e-02	9.958332e-01	6.798179e+00	6.686271e-01	2.452061e-01	2.062561e+00	8.103645e-01	1.041635e+00	
2  104.164	2.220976e+00	1.219020e-01	6.648742e+01	3.015753e+00	9.572908e-01	3.653015e-02	9.993564e-01	5.773244e+00	6.724475e-01	2.452332e-01	2.040493e+00	8.035794e-01	1.041645e+00	
1  105.386	2.223210e+00	1.220163e-01	6.650237e+01	3.000041e+00	9.595249e-01	2.525783e-02	1.002469e+00	4.439043e+00	6.721870e-01	2.452431e-01	2.008442e+00	7.982719e-01	1.041747e+00	
1  104.262	2.225130e+00	1.198703e-01	6.737640e+01	3.012130e+00	9.618228e-01	3.430499e-02	1.002085e+00	5.489333e+00	6.852890e-01	2.452517e-01	2.033105e+00	7.972051e-01	1.042078e+00	
2  105.422	2.246410e+00	1.167425e-01	6.861821e+01	3.060816e+00	9.835721e-01	7.421268e-02	9.937921e-01	9.533293e+00	7.029570e-01	2.453422e-01	2.135252e+00	8.116902e-01	1.041873e+00	
1  105.204	2.246410e+00	1.167425e-01	6.861821e+01	3.060816e+00	9.835721e-01	7.421268e-02	9.944445e-01	9.533293e+00	7.029570e-01	2.453422e-01	2.135252e+00	8.116902e-01	1.041873e+00	
2  104.561	2.231774e+00	1.176865e-01	6.820311e+01	3.073771e+00	9.807046e-01	7.793556e-02	9.959821e-01	9.923599e+00	6.975787e-01	2.452794e-01	2.162885e+00	8.201919e-01	1.042047e+00	
1  104.435	2.219606e+00	1.171576e-01	6.810595e+01	3.072600e+00	9.774655e-01	7.572703e-02	9.982163e-01	9.762167e+00	6.980277e-01	2.452273e-01	2.160214e+00	8.168412e-01	1.041513e+00	
2  104.434	2.221672e+00	1.172401e-01	6.814972e+01	3.059250e+00	9.791632e-01	7.036117e-02	9.969945e-01	9.259623e+00	6.982412e-01	2.452365e-01	2.131644e+00	8.123025e-01	1.041676e+00	
1  105.678	2.212016e+00	1.171168e-01	6.803783e+01	3.041977e+00	9.822717e-01	5.939660e-02	9.998423e-01	8.207694e+00	6.977371e-01	2.451952e-01	2.095323e+00	8.060787e-01	1.041465e+00	
1  105.999	2.212016e+00	1.171168e-01	6.803783e+01	3.041977e+00	9.822717e-01	5.939660e-02	1.001847e+00	8.207694e+00	6.977371e-01	2.451952e-01	2.095323e+00	8.060787e-01	1.041465e+00	
1  108.09	2.220638e+00	1.169144e-01	6.814110e+01	3.039697e+00	9.883485e-01	6.143521e-02	9.995377e-01	8.380227e+00	6.989391e-01	2.452326e-01	2.091425e+00	8.058551e-01	1.041326e+00	
1  106.63	2.236010e+00	1.166291e-01	6.848149e+01	3.040767e+00	9.875789e-01	6.012084e-02	1.000985e+00	8.212277e+00	7.022679e-01	2.452985e-01	2.093340e+00	8.046862e-01	1.041620e+00	
1  106.767	2.228190e+00	1.162356e-01	6.871481e+01	3.038189e+00	9.877020e-01	5.922712e-02	1.001090e+00	8.135167e+00	7.053327e-01	2.452645e-01	2.087891e+00	8.030621e-01	1.042095e+00	
1  107.241	2.231351e+00	1.172321e-01	6.836038e+01	3.064392e+00	9.895165e-01	6.888075e-02	1.003243e+00	9.072309e+00	7.000502e-01	2.452775e-01	2.143385e+00	8.175954e-01	1.042038e+00	
3  107.713	2.231259e+00	1.185503e-01	6.787505e+01	3.076850e+00	9.883198e-01	7.232876e-02	1.004262e+00	9.412757e+00	6.928099e-01	2.452770e-01	2.169823e+00	8.269262e-01	1.042006e+00	
3  109.508	2.230656e+00	1.191454e-01	6.750217e+01	3.076708e+00	9.895971e-01	7.171669e-02	1.004396e+00	9.368731e+00	6.880122e-01	2.452748e-01	2.169632e+00	8.288783e-01	1.041540e+00	
2  110.397	2.221748e+00	1.207594e-01	6.682688e+01	3.086461e+00	9.847728e-01	6.923684e-02	1.009171e+00	9.200540e+00	6.780739e-01	2.452358e-01	2.189142e+00	8.370763e-01	1.041445e+00	
1  110.436	2.221756e+00	1.209456e-01	6.668967e+01	3.070899e+00	9.851133e-01	6.380676e-02	1.006947e+00	8.685511e+00	6.763859e-01	2.452369e-01	2.155817e+00	8.310949e-01	1.041232e+00	
2  110.666	2.221756e+00	1.209456e-01	6.668967e+01	3.070899e+00	9.851133e-01	6.380676e-02	1.007402e+00	8.685511e+00	6.763859e-01	2.452369e-01	2.155817e+00	8.310949e-01	1.041232e+00	
1  109.723	2.216456e+00	1.205871e-01	6.676804e+01	3.062626e+00	9.851409e-01	6.538791e-02	1.002721e+00	8.848248e+00	6.781561e-01	2.452146e-01	2.139008e+00	8.267547e-01	1.041244e+00	
3  108.656	2.210489e+00	1.205382e-01	6.686482e+01	3.058594e+00	9.843098e-01	6.304591e-02	1.003017e+00	8.632574e+00	6.793813e-01	2.451888e-01	2.130317e+00	8.253338e-01	1.041643e+00	
1  109.358	2.206300e+00	1.211487e-01	6.663888e+01	3.074277e+00	9.828268e-01	6.673912e-02	1.006068e+00	9.014254e+00	6.758156e-01	2.451696e-01	2.163107e+00	8.335996e-01	1.041710e+00	
1  109.118	2.206300e+00	1.211487e-01	6.663888e+01	3.074277e+00	9.828268e-01	6.673912e-02	1.005619e+00	9.014254e+00	6.758156e-01	2.451696e-01	2.163107e+00	8.335996e-01	1.041710e+00	
1  108.2	2.212279e+00	1.218588e-01	6.638533e+01	3.055866e+00	9.792922e-01	5.466541e-02	1.007089e+00	7.810786e+00	6.716090e-01	2.451963e-01	2.123088e+00	8.266911e-01	1.041522e+00	
2  107.87	2.210897e+00	1.218534e-01	6.638583e+01	3.052438e+00	9.781255e-01	5.153737e-02	1.008307e+00	7.485837e+00	6.716449e-01	2.451904e-01	2.115631e+00	8.249699e-01	1.041553e+00	
2  108.988	2.217685e+00	1.216702e-01	6.660965e+01	3.060130e+00	9.818940e-01	5.604507e-02	1.007960e+00	7.930993e+00	6.741275e-01	2.452196e-01	2.132173e+00	8.288024e-01	1.041855e+00	
1  107.913	2.225047e+00	1.195489e-01	6.744911e+01	3.042865e+00	9.862764e-01	5.114529e-02	1.007040e+00	7.368313e+00	6.868214e-01	2.452521e-01	2.097009e+00	8.159172e-01	1.041957e+00	
2  107.883	2.225047e+00	1.195489e-01	6.744911e+01	3.042865e+00	9.862764e-01	5.114529e-02	1.006980e+00	7.368313e+00	6.868214e-01	2.452521e-01	2.097009e+00	8.159172e-01	1.041957e+00	
2  111.477	2.282994e+00	1.196825e-01	6.848999e+01	3.156491e+00	9.648042e-01	1.041631e-01	1.003284e+00	1.183036e+01	6.950039e-01	2.454977e-01	2.347211e+00	8.559893e-01	1.043631e+00	
2  110.55	2.276565e+00	1.207589e-01	6.804627e+01	3.130932e+00	9.616155e-01	9.095637e-02	1.002429e+00	1.088239e+01	6.886932e-01	2.454693e-01	2.288118e+00	8.481739e-01	1.043614e+00	
2  110.934	2.285957e+00	1.206444e-01	6.821207e+01	3.121913e+00	9.632083e-01	9.240654e-02	9.970025e-01	1.095930e+01	6.902814e-01	2.455084e-01	2.267528e+00	8.441626e-01	1.043733e+00	
1  109.457	2.278941e+00	1.212794e-01	6.785754e+01	3.103385e+00	9.599931e-01	8.068548e-02	9.985344e-01	1.004936e+01	6.857364e-01	2.454786e-01	2.226354e+00	8.376982e-01	1.043532e+00	
2  110.346	2.278941e+00	1.212794e-01	6.785754e+01	3.103385e+00	9.599931e-01	8.068548e-02	9.975218e-01	1.004936e+01	6.857364e-01	2.454786e-01	2.226354e+00	8.376982e-01	1.043532e+00	
1  110.473	2.291269e+00	1.205974e-01	6.828168e+01	3.079024e+00	9.608261e-01	6.743272e-02	9.989595e-01	8.828470e+00	6.908571e-01	2.455309e-01	2.173205e+00	8.252237e-01	1.043765e+00	
1  111.305	2.298809e+00	1.195397e-01	6.880916e+01	3.080350e+00	9.641067e-01	6.851628e-02	9.997301e-01	8.894928e+00	6.977348e-01	2.455631e-01	2.175918e+00	8.230354e-01	1.044027e+00	
1  110.353	2.291158e+00	1.195966e-01	6.867455e+01	3.078478e+00	9.628456e-01	7.006847e-02	9.975259e-01	9.061111e+00	6.965597e-01	2.455308e-01	2.171914e+00	8.222735e-01	1.043887e+00	
1  109.315	2.299506e+00	1.187296e-01	6.900292e+01	3.065149e+00	9.662959e-01	6.596508e-02	9.962899e-01	8.661238e+00	7.011027e-01	2.455658e-01	2.143268e+00	8.143991e-01	1.043725e+00	
3  108.965	2.297516e+00	1.192703e-01	6.875323e+01	3.063272e+00	9.692048e-01	6.662328e-02	9.945995e-01	8.730814e+00	6.978561e-01	2.455572e-01	2.139222e+00	8.164273e-01	1.043607e+00	
1  109.427	2.283080e+00	1.211624e-01	6.789649e+01	3.051004e+00	9.652577e-01	6.275571e-02	9.905797e-01	8.419186e+00	6.863275e-01	2.454959e-01	2.113230e+00	8.170552e-01	1.043417e+00	
3  109.286	2.290975e+00	1.203412e-01	6.822649e+01	3.058215e+00	9.682414e-01	6.805250e-02	9.900124e-01	8.891516e+00	6.909720e-01	2.455292e-01	2.128424e+00	8.177668e-01	1.043332e+00	
1  109.425	2.283126e+00	1.222311e-01	6.737900e+01	3.054281e+00	9.643768e-01	6.383393e-02	9.899974e-01	8.540680e+00	6.791110e-01	2.454959e-01	2.120077e+00	8.212501e-01	1.042974e+00	
4  109.335	2.283126e+00	1.222311e-01	6.737900e+01	3.054281e+00	9.643768e-01	6.383393e-02	9.900867e-01	8.540680e+00	6.791110e-01	2.454959e-01	2.120077e+00	8.212501e-01	1.042974e+00	
1  108.388	2.298979e+00	1.212250e-01	6.783437e+01	3.048135e+00	9.647866e-01	5.886545e-02	9.925923e-01	8.019691e+00	6.852193e-01	2.455626e-01	2.107372e+00	8.148414e-01	1.042873e+00	
1  108.424	2.305953e+00	1.207397e-01	6.810988e+01	3.057215e+00	9.656706e-01	6.063339e-02	9.954952e-01	8.169202e+00	6.886584e-01	2.455922e-01	2.126523e+00	8.170294e-01	1.043007e+00	
1  107.305	2.295553e+00	1.211387e-01	6.778696e+01	3.050089e+00	9.632203e-01	5.734972e-02	9.949463e-01	7.878824e+00	6.850005e-01	2.455486e-01	2.111599e+00	8.148891e-01	1.042738e+00	
2  106.648	2.295553e+00	1.211387e-01	6.778696e+01	3.050089e+00	9.632203e-01	5.734972e-02	9.957857e-01	7.878824e+00	6.850005e-01	2.455486e-01	2.111599e+00	8.148891e-01	1.042738e+00	
2  106.309	2.286310e+00	1.218942e-01	6.736107e+01	3.059301e+00	9.593010e-01	5.897620e-02	9.976350e-01	8.068301e+00	6.794981e-01	2.455096e-01	2.131170e+00	8.200902e-01	1.042496e+00	
1  106.418	2.288861e+00	1.219059e-01	6.734313e+01	3.048926e+00	9.580472e-01	5.499037e-02	9.964035e-01	7.663933e+00	6.792452e-01	2.455201e-01	2.109391e+00	8.153057e-01	1.042385e+00	
1  106.193	2.296238e+00	1.210828e-01	6.768548e+01	3.040458e+00	9.633958e-01	5.368718e-02	9.949302e-01	7.513550e+00	6.841452e-01	2.455516e-01	2.091473e+00	8.104818e-01	1.042358e+00	
1  106.474	2.314012e+00	1.193392e-01	6.853863e+01	3.064026e+00	9.678918e-01	6.290184e-02	9.990017e-01	8.360946e+00	6.953294e-01	2.456272e-01	2.141120e+00	8.150365e-01	1.042603e+00	
2  106.097	2.314012e+00	1.193392e-01	6.853863e+01	3.064026e+00	9.678918e-01	6.290184e-02	1.001258e+00	8.360946e+00	6.953294e-01	2.456272e-01	2.141120e+00	8.150365e-01	1.042603e+00	
2  106.133	2.311719e+00	1.194034e-01	6.853973e+01	3.067291e+00	9.682630e-01	6.344097e-02	1.002226e+00	8.415311e+00	6.952662e-01	2.456178e-01	2.148057e+00	8.169135e-01	1.042737e+00	
1  107.584	2.322338e+00	1.186126e-01	6.901677e+01	3.060827e+00	9.751604e-01	6.194986e-02	1.001742e+00	8.233459e+00	7.010236e-01	2.456623e-01	2.134254e+00	8.134919e-01	1.043036e+00	
1  104.09	2.239699e+00	1.192996e-01	6.786729e+01	3.090745e+00	9.698670e-01	8.424586e-02	9.964210e-01	1.047517e+01	6.908718e-01	2.453131e-01	2.199082e+00	8.294947e-01	1.042547e+00	
2  103.272	2.235105e+00	1.187683e-01	6.790096e+01	3.073700e+00	9.707904e-01	7.644422e-02	9.966581e-01	9.810513e+00	6.924224e-01	2.452939e-01	2.162137e+00	8.208205e-01	1.042210e+00	
1  103.743	2.235105e+00	1.187683e-01	6.790096e+01	3.073700e+00	9.707904e-01	7.644422e-02	9.975976e-01	9.810513e+00	6.924224e-01	2.452939e-01	2.162137e+00	8.208205e-01	1.042210e+00	
1  103.71	2.237345e+00	1.197453e-01	6.759216e+01	3.078305e+00	9.662378e-01	7.672346e-02	9.979165e-01	9.845777e+00	6.874036e-01	2.453032e-01	2.172039e+00	8.246036e-01	1.042262e+00	
4  103.6	2.254886e+00	1.189928e-01	6.798781e+01	3.094847e+00	9.699239e-01	8.126806e-02	1.002023e+00	1.018152e+01	6.923110e-01	2.453779e-01	2.208193e+00	8.292049e-01	1.042180e+00	
2  103.904	2.253114e+00	1.180678e-01	6.826633e+01	3.104747e+00	9.734123e-01	8.739528e-02	1.002314e+00	1.068829e+01	6.968378e-01	2.453704e-01	2.230284e+00	8.311193e-01	1.042073e+00	
2  103.783	2.252053e+00	1.187657e-01	6.795115e+01	3.105483e+00	9.701057e-01	8.457307e-02	1.004264e+00	1.047230e+01	6.924925e-01	2.453659e-01	2.231894e+00	8.327467e-01	1.041906e+00	
3  104.53	2.241308e+00	1.197283e-01	6.743968e+01	3.117921e+00	9.662388e-01	8.896844e-02	1.004874e+00	1.089335e+01	6.858339e-01	2.453195e-01	2.259965e+00	8.403122e-01	1.041684e+00	
2  104.906	2.251087e+00	1.180719e-01	6.812313e+01	3.129841e+00	9.725643e-01	9.916889e-02	1.003083e+00	1.163710e+01	6.954930e-01	2.453617e-01	2.287315e+00	8.410796e-01	1.041706e+00	
1  105.724	2.252604e+00	1.195273e-01	6.767836e+01	3.141520e+00	9.681219e-01	1.021545e-01	1.003625e+00	1.187111e+01	6.882198e-01	2.453677e-01	2.313949e+00	8.498653e-01	1.041881e+00	
1  105.393	2.245108e+00	1.192170e-01	6.778423e+01	3.136625e+00	9.692433e-01	1.028331e-01	1.001335e+00	1.193843e+01	6.900576e-01	2.453359e-01	2.302709e+00	8.475437e-01	1.042069e+00	
1  104.519	2.254216e+00	1.177438e-01	6.843710e+01	3.117813e+00	9.682686e-01	9.485656e-02	1.001280e+00	1.128788e+01	6.990134e-01	2.453757e-01	2.259688e+00	8.337995e-01	1.042201e+00	
2  105.276	2.265251e+00	1.153281e-01	6.948550e+01	3.090804e+00	9.764381e-01	8.656311e-02	9.995104e-01	1.054144e+01	7.129262e-01	2.454225e-01	2.198919e+00	8.160813e-01	1.042400e+00	
1  106.154	2.281166e+00	1.143838e-01	6.989725e+01	3.106051e+00	9.784232e-01	9.389854e-02	1.000620e+00	1.107675e+01	7.179401e-01	2.454903e-01	2.232656e+00	8.184763e-01	1.042158e+00	
2  105.717	2.281166e+00	1.143838e-01	6.989725e+01	3.106051e+00	9.784232e-01	9.389854e-02	9.997980e-01	1.107675e+01	7.179401e-01	2.454903e-01	2.232656e+00	8.184763e-01	1.042158e+00	
1  104.479	2.270500e+00	1.155256e-01	6.939909e+01	3.092230e+00	9.723164e-01	8.377409e-02	1.001239e+00	1.030220e+01	7.116740e-01	2.454457e-01	2.202139e+00	8.157402e-01	1.042223e+00	
3  104.413	2.256412e+00	1.162737e-01	6.905396e+01	3.104769e+00	9.697453e-01	8.808967e-02	1.002275e+00	1.071192e+01	7.075117e-01	2.453858e-01	2.230083e+00	8.235809e-01	1.042388e+00	
2  105.765	2.244755e+00	1.152891e-01	6.937472e+01	3.101305e+00	9.702929e-01	8.782415e-02	1.002257e+00	1.070638e+01	7.125329e-01	2.453363e-01	2.222066e+00	8.193218e-01	1.042570e+00	
1  106.535	2.262023e+00	1.147071e-01	6.970121e+01	3.109968e+00	9.700789e-01	8.670865e-02	1.007428e+00	1.055103e+01	7.161714e-01	2.454113e-01	2.241530e+00	8.197747e-01	1.042442e+00	
1  106.934	2.268859e+00	1.149127e-01	6.980513e+01	3.089049e+00	9.668032e-01	7.710125e-02	1.005887e+00	9.709970e+00	7.164149e-01	2.454403e-01	2.194999e+00	8.109801e-01	1.042797e+00	
1  106.078	2.277818e+00	1.148546e-01	6.983555e+01	3.084506e+00	9.689100e-01	7.609601e-02	1.004836e+00	9.600933e+00	7.165755e-01	2.454779e-01	2.185014e+00	8.090282e-01	1.042586e+00	
1  105.564	2.265511e+00	1.177924e-01	6.863446e+01	3.098269e+00	9.599593e-01	7.579827e-02	1.007772e+00	9.642349e+00	7.005166e-01	2.454256e-01	2.216288e+00	8.231326e-01	1.042541e+00	
1  104.945	2.248806e+00	1.181741e-01	6.824467e+01	3.099466e+00	9.594174e-01	7.640197e-02	1.007819e+00	9.749507e+00	6.965835e-01	2.453541e-01	2.219076e+00	8.252693e-01	1.042234e+00	
1  105.657	2.250024e+00	1.182841e-01	6.823791e+01	3.094739e+00	9.578407e-01	7.125206e-02	1.010056e+00	9.269753e+00	6.962736e-01	2.453598e-01	2.208762e+00	8.232388e-01	1.042299e+00	
2  105.691	2.250024e+00	1.182841e-01	6.823791e+01	3.094739e+00	9.578407e-01	7.125206e-02	1.008107e+00	9.269753e+00	6.962736e-01	2.453598e-01	2.208762e+00	8.232388e-01	1.042299e+00	
