135.61272479363416
145.4064211967966
142.08150109298947
147.32544122675029
147.1129956053435
139.8283328351649
139.5968359203776
140.1829433954146
148.4908703559386
143.33191388739604
143.5090217338588
148.0656541131092
145.25177780935343
137.74430372567772
139.06790236232888
141.5299628845664
151.79367600262006
148.4413467365552
139.48569791563273
145.31007627487682
138.13792981083674
147.23884868408166
147.20888035609062
140.8789144687523
146.6206269842732
147.41779103296565
145.10023901957678
145.44405565361342
144.24680380243453
151.65003800003996
136.5062070337114
141.49560368672027
142.45282481362236
138.8661519756741
147.87147216906968
148.17615675436645
146.92151101450577
