140.61060025144278
148.04386537427317
152.6552564455707
141.6431406051447
151.93565627989062
136.87855743851577
142.9261535397038
139.46383411406916
138.77048857105237
140.42123836170578
136.6458153866342
142.41387855456202
145.10618433269167
139.10980217150464
140.84641251493252
139.188262942829
151.6230890900052
138.71210476905247
142.07398550656106
149.94046464589758
146.61677461555794
149.40135633693006
145.93698974784309
145.1923614275679
151.45506120411437
144.81831991886324
146.84728340014254
140.23136694579912
140.18893529779774
138.61244073644812
137.75833025906707
137.15154456464262
143.9961939126704
150.2774701048562
143.08891810668234
142.3982451359674
