139.39255791003166
140.50408869637252
142.2168044490809
150.3741354544909
143.90207945547004
139.28365645282935
147.38407139484798
143.03884139154027
147.07474622849918
139.00611594224023
138.82008051636697
148.88476373340367
144.0619486959688
138.2826742795087
145.799278236897
143.10471877322098
139.05054171183832
138.23894592773286
146.47911151049567
150.33502006919454
138.6302879575178
135.1620578301401
141.45889712220378
142.55535451208445
145.46458691631835
144.66447631788637
143.44052511582038
144.1441264547209
139.22470098440536
144.61636296558143
139.26277414861923
140.79400024678478
140.4637048978023
