140.3934995045946
148.50437686939858
151.65267835437592
140.65563361142534
138.28577242153045
139.76662380766172
141.8222264487143
150.58647496620816
138.9773567186177
138.369413538785
138.15526748489665
142.82119464961158
138.20230367716962
139.05896478435665
145.87506438218378
138.6460107602327
148.6323660713803
149.9004807985304
137.73049582897355
142.10659836680531
141.72691786255197
143.9918512418479
145.46084466762406
144.57279727409826
151.05421360556008
147.16720809856
139.66039300346662
140.35257563510518
143.06052668709404
146.489942975962
143.63134250100782
141.49623063434467
142.93040996655776
145.10234937014806
148.72100497141778
139.65688151879826
