150.7052849772629
146.11776017687
145.98721711781386
144.6897328408762
140.4055686004178
151.67549332895481
147.52053119696959
147.71285065781208
144.6904933582506
144.09395577835875
149.72829147946123
140.94088158501665
140.82323485200254
145.32592012225567
141.39423634935272
143.02900814482928
135.02083636929282
139.37170875406412
146.69073812990885
138.6202463544286
146.48373528800505
142.79590525845705
153.1704768621095
137.41244194104547
144.74733961583425
147.75179904578158
143.12731415958496
141.3596828085715
146.9339329755384
148.52203230293483
142.8625065172301
143.71682641044794
