149.0977151755506
145.2023755086322
149.54933319481094
141.22140348390394
144.9645193720113
140.20203633339594
141.15325430429166
144.1306984118882
142.36669002693966
147.0474361534596
146.33208763679025
143.00268732566084
137.94151603647458
140.31329090925337
148.29304269649003
151.32134422043166
141.97457035278433
139.35170985994685
150.54188332908015
151.2065866906641
145.4892334033465
137.96065736967157
137.61476815088372
140.96761854824953
140.04746855616455
143.22645152895652
145.47651225925122
143.9893840344904
144.5337217199301
142.3995158198373
147.99730273223247
147.4563314443547
150.9511907705044
