146.10549958186786
143.20116425211265
144.3693091982046
143.74901753136854
144.4223091241984
144.70953772705272
147.30278671003805
136.19218831433798
139.866697309437
143.9364257998384
139.83654261078357
151.92367041103853
145.0719973893234
140.3420234002439
143.87014144058188
137.67746299319253
136.31766146196986
151.83812135069903
141.6721801560294
140.33015157971545
139.65425917586725
144.41054934988017
146.789770128306
147.89868092356662
148.49212744996072
135.66098018259873
139.55781274888085
146.85877714316103
144.52523960469023
