139.20804179947075
144.96693606120536
145.11077899181223
143.47602860760637
146.77602140124807
141.8979152556057
140.0871928935829
145.99356864429078
145.32249114689537
141.29058182322797
141.82074342237055
146.76209460663384
140.91646909814145
141.6454209989395
137.41262798051824
150.77922466761854
144.16816489311168
140.72755889850384
136.44982789623216
142.12482658407103
140.08447846228722
146.19892378446087
150.58484634777082
142.25377178214697
141.86094778233505
144.26060104246633
135.71508245723277
145.3045420186691
150.6864585618411
136.27224230114078
142.51633953993147
143.26863265117663
148.4094827904418
143.7702023479966
137.52777358816064
136.92081576154578
