135.9889587820052
138.5483029198867
144.18444424587216
140.00445301486698
145.69751414738298
143.64479254841328
149.56792804789578
150.200459210418
144.57345931555182
145.39735828989944
141.98960973412184
141.16908706864297
138.6565163813972
138.9851060272767
146.22319374579942
144.98377940779088
136.7027684212064
140.20073642038346
139.27220506672134
144.45469151337423
139.90120238277473
151.44132247592754
140.55508529092546
139.61713487832515
140.72739918327122
149.3716333886346
140.19022956903
140.03071085442426
146.36946666816567
146.04545547414736
141.64663931432457
145.8541893836893
140.5832669421977
148.3670238077112
144.11073441939254
