1  104.465	2.216912e+00	1.187060e-01	6.834431e-01	3.006550e+00	9.581924e-01	3.639825e-02	3.532928e-02	1.705082e-01	3.436191e+00	1.000412e+00	5.752430e+00	6.968812e-01	2.453052e-01	2.022997e+00	7.900200e-01	1.042701e+00	6.837685e+01	1.474777e+02	3.031113e-01	4.875183e-03	1.094071e-13	
2  106.202	2.217600e+00	1.232536e-01	6.894147e-01	2.973137e+00	9.526747e-01	2.131834e-02	2.208219e-01	3.390638e-01	3.145938e+00	9.989406e-01	3.928276e+00	6.926265e-01	2.453124e-01	1.956818e+00	7.849151e-01	1.042817e+00	6.895247e+01	1.453760e+02	3.075317e-01	2.915490e-02	1.324533e-13	
5  104.942	2.220071e+00	1.204282e-01	6.962618e-01	3.008991e+00	9.607529e-01	4.118339e-02	2.134643e-01	2.667778e-01	2.375365e+00	1.000667e+00	6.344996e+00	7.044344e-01	2.453209e-01	2.027690e+00	7.916838e-01	1.042065e+00	6.967464e+01	1.461369e+02	2.955345e-01	2.756396e-02	-2.672710e-15	
3  105.057	2.220071e+00	1.204282e-01	6.962618e-01	3.008991e+00	9.607529e-01	4.118339e-02	2.134643e-01	2.667778e-01	2.375365e+00	1.000505e+00	6.344996e+00	7.044344e-01	2.453209e-01	2.027690e+00	7.916838e-01	1.042065e+00	6.967464e+01	1.461369e+02	2.955345e-01	2.756396e-02	-2.672710e-15	
1  102.771	2.242835e+00	1.254554e-01	7.044060e-01	3.039223e+00	9.622472e-01	5.949729e-02	4.044691e-01	1.025608e-02	2.164860e+00	9.975259e-01	8.325202e+00	7.005635e-01	2.454171e-01	2.088824e+00	8.149230e-01	1.042548e+00	7.044035e+01	1.436935e+02	2.994168e-01	5.137020e-02	1.514368e-14	
6  103.48	2.227811e+00	1.219988e-01	6.890282e-01	3.034900e+00	9.552190e-01	5.435796e-02	1.885000e-01	3.478018e-01	2.238868e+00	9.975395e-01	7.777475e+00	6.947226e-01	2.453511e-01	2.080401e+00	8.060820e-01	1.042223e+00	6.892352e+01	1.457492e+02	3.053526e-01	2.463308e-02	8.798521e-14	
4  103.636	2.227811e+00	1.219988e-01	6.890282e-01	3.034900e+00	9.552190e-01	5.435796e-02	1.885000e-01	3.478018e-01	2.238868e+00	9.972952e-01	7.777475e+00	6.947226e-01	2.453511e-01	2.080401e+00	8.060820e-01	1.042223e+00	6.892352e+01	1.457492e+02	3.053526e-01	2.463308e-02	8.798521e-14	
3  104.464	2.206096e+00	1.237685e-01	6.756502e-01	3.022093e+00	9.470617e-01	4.499797e-02	1.571818e-01	6.323871e-01	2.088356e+00	9.972866e-01	6.846581e+00	6.792117e-01	2.452582e-01	2.054373e+00	8.053778e-01	1.041759e+00	6.759495e+01	1.456879e+02	3.210075e-01	2.083302e-02	1.719335e-13	
3  104.626	2.220503e+00	1.254496e-01	6.834510e-01	2.982486e+00	9.494258e-01	2.745236e-02	2.632850e-01	9.124821e-01	2.519286e+00	9.963179e-01	4.745090e+00	6.825500e-01	2.453233e-01	1.975159e+00	7.921988e-01	1.041794e+00	6.836853e+01	1.446115e+02	3.175994e-01	3.438171e-02	-3.409106e-14	
1  104.057	2.220503e+00	1.254496e-01	6.834510e-01	2.982486e+00	9.494258e-01	2.745236e-02	2.632850e-01	9.124821e-01	2.519286e+00	9.979027e-01	4.745090e+00	6.825500e-01	2.453233e-01	1.975159e+00	7.921988e-01	1.041794e+00	6.836853e+01	1.446115e+02	3.175994e-01	3.438171e-02	-3.409106e-14	
8  103.857	2.249491e+00	1.298522e-01	7.075711e-01	2.991740e+00	9.549067e-01	3.663238e-02	5.616051e-01	9.917858e-01	2.454695e+00	9.971993e-01	5.890392e+00	6.944492e-01	2.454471e-01	1.992849e+00	8.025845e-01	1.042494e+00	7.078129e+01	1.418524e+02	3.056934e-01	7.030486e-02	5.652513e-14	
3  102.12	2.251259e+00	1.254723e-01	6.999557e-01	3.005829e+00	9.604302e-01	4.490937e-02	3.629882e-01	6.649701e-01	2.840598e+00	9.955849e-01	6.771874e+00	6.966382e-01	2.454526e-01	2.020662e+00	8.017089e-01	1.042446e+00	7.000973e+01	1.437910e+02	3.033748e-01	4.659917e-02	4.150514e-14	
7  102.643	2.266036e+00	1.254250e-01	6.958473e-01	2.978345e+00	9.633402e-01	2.695681e-02	3.060230e-01	3.242873e-01	3.362900e+00	9.976121e-01	4.580691e+00	6.927771e-01	2.455140e-01	1.965911e+00	7.927665e-01	1.042724e+00	6.956409e+01	1.439134e+02	3.072446e-01	3.965162e-02	-4.898626e-14	
1  102.718	2.236871e+00	1.269100e-01	6.808582e-01	2.973916e+00	9.580669e-01	2.087110e-02	2.539470e-01	4.077540e-01	2.715529e+00	9.985486e-01	3.840452e+00	6.765500e-01	2.453926e-01	1.957037e+00	7.960028e-01	1.042372e+00	6.805468e+01	1.441046e+02	3.234832e-01	3.295794e-02	-1.027718e-13	
6  102.815	2.236871e+00	1.269100e-01	6.808582e-01	2.973916e+00	9.580669e-01	2.087110e-02	2.539470e-01	4.077540e-01	2.715529e+00	9.994170e-01	3.840452e+00	6.765500e-01	2.453926e-01	1.957037e+00	7.960028e-01	1.042372e+00	6.805468e+01	1.441046e+02	3.234832e-01	3.295794e-02	-1.027718e-13	
1  102.842	2.248508e+00	1.236481e-01	6.927009e-01	3.038140e+00	9.694615e-01	4.725971e-02	2.275121e-01	6.684028e-01	3.384880e+00	1.007416e+00	6.967525e+00	6.939949e-01	2.454388e-01	2.086475e+00	8.161593e-01	1.043124e+00	6.927036e+01	1.449075e+02	3.060223e-01	2.960518e-02	1.872068e-13	
3  104.127	2.200743e+00	1.259316e-01	6.586185e-01	3.101793e+00	9.586838e-01	7.143495e-02	7.211388e-02	7.640116e-01	3.340536e+00	1.008510e+00	9.576362e+00	6.571572e-01	2.452298e-01	2.223368e+00	8.512359e-01	1.041897e+00	6.587278e+01	1.455868e+02	3.426345e-01	9.193722e-03	1.620557e-14	
10  104.682	2.200743e+00	1.259316e-01	6.586185e-01	3.101793e+00	9.586838e-01	7.143495e-02	7.211388e-02	7.640116e-01	3.340536e+00	1.009520e+00	9.576362e+00	6.571572e-01	2.452298e-01	2.223368e+00	8.512359e-01	1.041897e+00	6.587278e+01	1.455868e+02	3.426345e-01	9.193722e-03	1.620557e-14	
9  103.965	2.200743e+00	1.259316e-01	6.586185e-01	3.101793e+00	9.586838e-01	7.143495e-02	7.211388e-02	7.640116e-01	3.340536e+00	1.007096e+00	9.576362e+00	6.571572e-01	2.452298e-01	2.223368e+00	8.512359e-01	1.041897e+00	6.587278e+01	1.455868e+02	3.426345e-01	9.193722e-03	1.620557e-14	
4  105.191	2.188559e+00	1.289579e-01	6.527015e-01	3.078715e+00	9.534622e-01	5.516118e-02	1.261970e-01	7.586474e-01	3.501217e+00	1.009587e+00	8.036777e+00	6.442512e-01	2.451781e-01	2.172767e+00	8.476578e-01	1.041605e+00	6.528675e+01	1.446927e+02	3.554731e-01	1.623063e-02	1.590958e-13	
2  105.689	2.201251e+00	1.314338e-01	6.606112e-01	3.070939e+00	9.509932e-01	5.216247e-02	2.397202e-01	6.022799e-01	3.532209e+00	1.008690e+00	7.750379e+00	6.469228e-01	2.452344e-01	2.156108e+00	8.481557e-01	1.042227e+00	6.607104e+01	1.434144e+02	3.529068e-01	3.054100e-02	4.402882e-13	
1  105.504	2.206599e+00	1.262291e-01	6.541072e-01	3.065853e+00	9.610807e-01	4.912259e-02	2.114850e-02	5.216725e-01	4.421520e+00	1.009128e+00	7.283589e+00	6.518921e-01	2.452586e-01	2.145293e+00	8.393190e-01	1.042445e+00	6.543064e+01	1.456909e+02	3.480527e-01	2.183594e-03	4.020011e-13	
4  107.464	2.195346e+00	1.274487e-01	6.662051e-01	3.050330e+00	9.711806e-01	5.041956e-02	1.573786e-01	1.924459e-01	4.660264e+00	1.004671e+00	7.498706e+00	6.616763e-01	2.452113e-01	2.112480e+00	8.372972e-01	1.042947e+00	6.661569e+01	1.448372e+02	3.381972e-01	2.032395e-02	2.191192e-13	
1  107.485	2.195346e+00	1.274487e-01	6.662051e-01	3.050330e+00	9.711806e-01	5.041956e-02	1.573786e-01	1.924459e-01	4.660264e+00	1.005718e+00	7.498706e+00	6.616763e-01	2.452113e-01	2.112480e+00	8.372972e-01	1.042947e+00	6.661569e+01	1.448372e+02	3.381972e-01	2.032395e-02	2.191192e-13	
31  106.567	2.210055e+00	1.242402e-01	6.617471e-01	3.018174e+00	9.738196e-01	3.391984e-02	2.963520e-02	6.380368e-02	4.906303e+00	1.005817e+00	5.473940e+00	6.638762e-01	2.452762e-01	2.045687e+00	8.173313e-01	1.042371e+00	6.617725e+01	1.461295e+02	3.360627e-01	3.644705e-03	8.430090e-14	
8  103.512	2.206533e+00	1.249337e-01	6.634361e-01	3.034599e+00	9.699327e-01	4.605353e-02	7.960044e-02	1.188765e-01	4.904898e+00	1.002914e+00	6.937698e+00	6.642911e-01	2.452594e-01	2.078791e+00	8.233012e-01	1.041941e+00	6.635055e+01	1.457471e+02	3.354942e-01	1.042466e-02	-1.616124e-14	
10  104.078	2.206533e+00	1.249337e-01	6.634361e-01	3.034599e+00	9.699327e-01	4.605353e-02	7.960044e-02	1.188765e-01	4.904898e+00	1.004119e+00	6.937698e+00	6.642911e-01	2.452594e-01	2.078791e+00	8.233012e-01	1.041941e+00	6.635055e+01	1.457471e+02	3.354942e-01	1.042466e-02	-1.616124e-14	
3  103.562	2.206533e+00	1.249337e-01	6.634361e-01	3.034599e+00	9.699327e-01	4.605353e-02	7.960044e-02	1.188765e-01	4.904898e+00	1.003087e+00	6.937698e+00	6.642911e-01	2.452594e-01	2.078791e+00	8.233012e-01	1.041941e+00	6.635055e+01	1.457471e+02	3.354942e-01	1.042466e-02	-1.616124e-14	
3  103.196	2.236135e+00	1.228562e-01	6.736082e-01	3.036831e+00	9.713152e-01	4.473567e-02	1.063837e-01	3.332799e-01	4.556412e+00	1.007513e+00	6.686691e+00	6.782348e-01	2.453860e-01	2.083857e+00	8.155746e-01	1.041134e+00	6.736826e+01	1.458341e+02	3.215519e-01	1.403733e-02	-3.395416e-15	
1  103.832	2.271250e+00	1.257463e-01	7.032735e-01	2.964539e+00	9.734400e-01	1.751424e-02	4.093662e-01	2.728661e-01	3.886451e+00	1.003996e+00	3.315530e+00	6.982056e-01	2.455385e-01	1.937846e+00	7.874006e-01	1.041589e+00	7.032230e+01	1.433017e+02	3.014567e-01	5.157632e-02	-1.459900e-13	
1  104.558	2.303087e+00	1.259186e-01	7.193978e-01	2.973954e+00	9.809705e-01	2.776533e-02	5.274240e-01	1.626746e-01	3.933439e+00	1.002032e+00	4.629817e+00	7.107612e-01	2.456684e-01	1.956617e+00	7.896857e-01	1.041614e+00	7.195540e+01	1.423892e+02	2.890299e-01	6.568123e-02	-9.128731e-14	
3  103.794	2.304688e+00	1.243665e-01	7.073176e-01	2.998055e+00	9.757807e-01	3.629017e-02	3.819166e-01	3.651271e-01	4.276587e+00	1.002382e+00	5.634016e+00	7.039052e-01	2.456736e-01	2.004781e+00	7.962915e-01	1.041373e+00	7.073981e+01	1.434147e+02	2.959365e-01	4.846454e-02	1.897421e-14	
4  103.537	2.266714e+00	1.268018e-01	6.927915e-01	3.055910e+00	9.692151e-01	6.205522e-02	3.774966e-01	4.799718e-01	3.949081e+00	1.003314e+00	8.527359e+00	6.870841e-01	2.455140e-01	2.123589e+00	8.265997e-01	1.040794e+00	6.926432e+01	1.432320e+02	3.127725e-01	4.831633e-02	7.600319e-14	
5  102.302	2.262589e+00	1.223114e-01	6.813482e-01	3.060382e+00	9.663533e-01	5.952255e-02	1.412422e-01	3.393821e-01	4.338057e+00	1.005303e+00	8.194337e+00	6.863645e-01	2.454958e-01	2.133210e+00	8.196988e-01	1.040967e+00	6.811853e+01	1.455146e+02	3.135193e-01	1.875990e-02	9.056423e-14	
2  102.462	2.262589e+00	1.223114e-01	6.813482e-01	3.060382e+00	9.663533e-01	5.952255e-02	1.412422e-01	3.393821e-01	4.338057e+00	1.003954e+00	8.194337e+00	6.863645e-01	2.454958e-01	2.133210e+00	8.196988e-01	1.040967e+00	6.811853e+01	1.455146e+02	3.135193e-01	1.875990e-02	9.056423e-14	
5  102.99	2.281585e+00	1.212446e-01	6.937461e-01	3.096239e+00	9.740584e-01	8.283769e-02	1.890693e-01	3.013454e-01	4.071095e+00	1.001723e+00	1.030413e+01	6.993011e-01	2.455748e-01	2.211481e+00	8.316714e-01	1.041363e+00	6.936307e+01	1.453480e+02	3.005943e-01	2.503961e-02	1.075422e-13	
3  102.874	2.263398e+00	1.270557e-01	6.926429e-01	3.089879e+00	9.659614e-01	8.184519e-02	3.688468e-01	4.567679e-02	4.031884e+00	9.986996e-01	1.039955e+01	6.864495e-01	2.454994e-01	2.197366e+00	8.414304e-01	1.041386e+00	6.924828e+01	1.432348e+02	3.133824e-01	4.737149e-02	-5.490519e-15	
2  103.415	2.263398e+00	1.270557e-01	6.926429e-01	3.089879e+00	9.659614e-01	8.184519e-02	3.688468e-01	4.567679e-02	4.031884e+00	9.975541e-01	1.039955e+01	6.864495e-01	2.454994e-01	2.197366e+00	8.414304e-01	1.041386e+00	6.924828e+01	1.432348e+02	3.133824e-01	4.737149e-02	-5.490519e-15	
1  102.744	2.271886e+00	1.313338e-01	7.011778e-01	3.061981e+00	9.631636e-01	6.310123e-02	5.418860e-01	1.632323e-01	3.389199e+00	1.001466e+00	8.727079e+00	6.852019e-01	2.455368e-01	2.136595e+00	8.379681e-01	1.042129e+00	7.010528e+01	1.413420e+02	3.145807e-01	6.774408e-02	5.328637e-14	
3  103.121	2.286737e+00	1.299855e-01	7.165862e-01	3.078198e+00	9.707965e-01	7.702560e-02	6.017613e-01	2.072801e-01	3.824121e+00	9.993847e-01	9.990098e+00	7.009637e-01	2.455988e-01	2.172042e+00	8.415800e-01	1.042867e+00	7.164787e+01	1.412332e+02	2.988445e-01	7.469197e-02	7.252302e-14	
4  104.429	2.284356e+00	1.333220e-01	7.168932e-01	2.984258e+00	9.718849e-01	3.102624e-02	7.106716e-01	2.559654e-02	4.206225e+00	9.982843e-01	5.180313e+00	6.947435e-01	2.455926e-01	1.976914e+00	8.104985e-01	1.042752e+00	7.168428e+01	1.400219e+02	3.051049e-01	8.682894e-02	-2.083080e-13	
3  104.406	2.284356e+00	1.333220e-01	7.168932e-01	2.984258e+00	9.718849e-01	3.102624e-02	7.106716e-01	2.559654e-02	4.206225e+00	9.983150e-01	5.180313e+00	6.947435e-01	2.455926e-01	1.976914e+00	8.104985e-01	1.042752e+00	7.168428e+01	1.400219e+02	3.051049e-01	8.682894e-02	-2.083080e-13	
7  105.995	2.298728e+00	1.335721e-01	7.365513e-01	2.953604e+00	9.752236e-01	2.429645e-02	8.564256e-01	7.494694e-02	4.028058e+00	9.940783e-01	4.318882e+00	7.102621e-01	2.456516e-01	1.917225e+00	7.963952e-01	1.043479e+00	7.363439e+01	1.391905e+02	2.897333e-01	1.031687e-01	-1.340132e-13	
1  105.283	2.298728e+00	1.335721e-01	7.365513e-01	2.953604e+00	9.752236e-01	2.429645e-02	8.564256e-01	7.494694e-02	4.028058e+00	9.967133e-01	4.318882e+00	7.102621e-01	2.456516e-01	1.917225e+00	7.963952e-01	1.043479e+00	7.363439e+01	1.391905e+02	2.897333e-01	1.031687e-01	-1.340132e-13	
3  104.251	2.275769e+00	1.321387e-01	7.095053e-01	2.995800e+00	9.672950e-01	3.608461e-02	5.981040e-01	1.556309e-01	4.658565e+00	9.993507e-01	5.803518e+00	6.910252e-01	2.455554e-01	2.000174e+00	8.139113e-01	1.043372e+00	7.092613e+01	1.408714e+02	3.089649e-01	7.413555e-02	5.453136e-14	
1  103.713	2.282828e+00	1.286332e-01	7.142354e-01	3.019234e+00	9.728267e-01	4.939188e-02	5.194962e-01	2.285373e-01	4.962132e+00	9.995047e-01	7.246419e+00	7.017802e-01	2.455832e-01	2.047352e+00	8.166462e-01	1.043664e+00	7.139917e+01	1.419726e+02	2.981808e-01	6.509150e-02	1.116099e-13	
1  103.22	2.273710e+00	1.262369e-01	7.065228e-01	3.025202e+00	9.691897e-01	5.612134e-02	3.966212e-01	4.375703e-01	4.989098e+00	9.952893e-01	7.931221e+00	7.002189e-01	2.455444e-01	2.059623e+00	8.137282e-01	1.043367e+00	7.062749e+01	1.432079e+02	2.997104e-01	5.051361e-02	6.705551e-14	
4  102.805	2.269896e+00	1.287805e-01	7.132790e-01	3.046784e+00	9.731433e-01	6.840591e-02	5.466656e-01	5.048901e-01	4.879675e+00	9.961219e-01	9.197855e+00	7.009367e-01	2.455290e-01	2.104511e+00	8.276305e-01	1.042991e+00	7.130570e+01	1.419416e+02	2.989385e-01	6.832454e-02	4.495960e-14	
1  102.856	2.269896e+00	1.287805e-01	7.132790e-01	3.046784e+00	9.731433e-01	6.840591e-02	5.466656e-01	5.048901e-01	4.879675e+00	9.962795e-01	9.197855e+00	7.009367e-01	2.455290e-01	2.104511e+00	8.276305e-01	1.042991e+00	7.130570e+01	1.419416e+02	2.989385e-01	6.832454e-02	4.495960e-14	
7  101.959	2.245402e+00	1.244826e-01	6.870781e-01	3.081302e+00	9.690750e-01	7.782774e-02	2.392732e-01	5.903758e-01	4.873392e+00	9.997160e-01	1.002881e+01	6.872064e-01	2.454233e-01	2.178246e+00	8.352637e-01	1.042000e+00	6.869334e+01	1.446717e+02	3.126224e-01	3.118740e-02	1.393072e-15	
10  101.976	2.246889e+00	1.260025e-01	6.970693e-01	3.022189e+00	9.697588e-01	5.623326e-02	3.706599e-01	4.632217e-01	4.884550e+00	9.946960e-01	7.987030e+00	6.930230e-01	2.454336e-01	2.052977e+00	8.124531e-01	1.042003e+00	6.970016e+01	1.436650e+02	3.068850e-01	4.733868e-02	-1.849253e-14	
3  103.178	2.260041e+00	1.276076e-01	7.109157e-01	3.026806e+00	9.776329e-01	6.131495e-02	5.359009e-01	3.561128e-01	4.502292e+00	9.955765e-01	8.499291e+00	7.014218e-01	2.454893e-01	2.062466e+00	8.168055e-01	1.041779e+00	7.108485e+01	1.423760e+02	2.985924e-01	6.701138e-02	-1.723524e-14	
4  104.823	2.282561e+00	1.233606e-01	7.293885e-01	3.012253e+00	9.879974e-01	5.797677e-02	5.498942e-01	1.997951e-01	4.957865e+00	9.968543e-01	8.062488e+00	7.240396e-01	2.455840e-01	2.032797e+00	7.989705e-01	1.041646e+00	7.293106e+01	1.431093e+02	2.761073e-01	6.832674e-02	4.006978e-14	
1  104.372	2.316886e+00	1.244436e-01	7.353845e-01	2.987700e+00	9.869875e-01	4.396083e-02	6.024590e-01	1.719110e-01	4.843634e+00	9.977321e-01	6.537242e+00	7.258067e-01	2.457237e-01	1.983699e+00	7.897879e-01	1.041795e+00	7.354867e+01	1.422489e+02	2.741479e-01	7.442298e-02	7.577818e-14	
4  105.709	2.301154e+00	1.218079e-01	7.042896e-01	2.943649e+00	9.749067e-01	1.962691e-02	2.729096e-01	4.014994e-01	4.751189e+00	9.929451e-01	3.513437e+00	7.063200e-01	2.456571e-01	1.898272e+00	7.698390e-01	1.041641e+00	7.041570e+01	1.446173e+02	2.933504e-01	3.469957e-02	9.791832e-14	
1  105.64	2.301154e+00	1.218079e-01	7.042896e-01	2.943649e+00	9.749067e-01	1.962691e-02	2.729096e-01	4.014994e-01	4.751189e+00	9.926197e-01	3.513437e+00	7.063200e-01	2.456571e-01	1.898272e+00	7.698390e-01	1.041641e+00	7.041570e+01	1.446173e+02	2.933504e-01	3.469957e-02	9.791832e-14	
7  105.008	2.323788e+00	1.207881e-01	7.268481e-01	2.979840e+00	9.738456e-01	3.869823e-02	4.133778e-01	3.833299e-01	4.510297e+00	9.956723e-01	5.884017e+00	7.260997e-01	2.457503e-01	1.969438e+00	7.752441e-01	1.041707e+00	7.270376e+01	1.439384e+02	2.736750e-01	5.237775e-02	1.195541e-13	
2  103.998	2.312650e+00	1.187138e-01	7.075958e-01	2.980826e+00	9.768861e-01	3.235865e-02	1.892900e-01	5.637448e-01	4.750040e+00	9.982981e-01	5.076873e+00	7.151703e-01	2.457019e-01	1.971182e+00	7.765366e-01	1.041907e+00	7.075742e+01	1.456697e+02	2.846182e-01	2.480455e-02	1.418343e-13	
3  104.13	2.312650e+00	1.187138e-01	7.075958e-01	2.980826e+00	9.768861e-01	3.235865e-02	1.892900e-01	5.637448e-01	4.750040e+00	9.989898e-01	5.076873e+00	7.151703e-01	2.457019e-01	1.971182e+00	7.765366e-01	1.041907e+00	7.075742e+01	1.456697e+02	2.846182e-01	2.480455e-02	1.418343e-13	
1  103.681	2.274737e+00	1.183312e-01	6.999973e-01	2.977329e+00	9.744836e-01	3.184312e-02	1.550870e-01	5.924870e-01	4.535382e+00	9.981731e-01	5.092543e+00	7.105843e-01	2.455478e-01	1.964209e+00	7.753440e-01	1.041480e+00	7.002141e+01	1.463519e+02	2.891557e-01	2.027590e-02	1.337936e-13	
6  103.471	2.256544e+00	1.167856e-01	6.984087e-01	3.006780e+00	9.812695e-01	4.327451e-02	1.060709e-01	8.388970e-01	4.234199e+00	1.002301e+00	6.427400e+00	7.128835e-01	2.454703e-01	2.022421e+00	7.857771e-01	1.041538e+00	6.985741e+01	1.471990e+02	2.869810e-01	1.385756e-02	1.263561e-13	
5  103.622	2.256544e+00	1.167856e-01	6.984087e-01	3.006780e+00	9.812695e-01	4.327451e-02	1.060709e-01	8.388970e-01	4.234199e+00	1.002727e+00	6.427400e+00	7.128835e-01	2.454703e-01	2.022421e+00	7.857771e-01	1.041538e+00	6.985741e+01	1.471990e+02	2.869810e-01	1.385756e-02	1.263561e-13	
2  104.629	2.268779e+00	1.200417e-01	7.147469e-01	3.042938e+00	9.856299e-01	5.949075e-02	3.373993e-01	5.747455e-01	3.813363e+00	1.007470e+00	8.172166e+00	7.195210e-01	2.455227e-01	2.096564e+00	8.056521e-01	1.041478e+00	7.145319e+01	1.450906e+02	2.805256e-01	4.310278e-02	4.012883e-14	
4  103.898	2.250135e+00	1.181299e-01	7.029951e-01	3.045705e+00	9.810039e-01	5.494436e-02	1.817874e-01	7.628114e-01	4.135262e+00	1.010272e+00	7.701745e+00	7.141873e-01	2.454434e-01	2.102418e+00	8.042773e-01	1.041864e+00	7.028955e+01	1.465433e+02	2.857287e-01	2.353461e-02	-2.557822e-14	
5  103.984	2.223720e+00	1.166533e-01	6.927837e-01	3.060005e+00	9.797645e-01	6.298704e-02	6.639868e-02	6.492979e-01	4.165892e+00	1.008381e+00	8.527906e+00	7.091959e-01	2.453307e-01	2.132573e+00	8.091089e-01	1.041994e+00	6.926722e+01	1.477935e+02	2.907012e-01	8.472130e-03	-7.691989e-14	
4  102.819	2.229055e+00	1.193506e-01	6.872842e-01	3.044745e+00	9.768397e-01	5.213951e-02	8.833373e-02	7.884297e-01	4.271332e+00	1.008752e+00	7.456672e+00	6.985533e-01	2.453548e-01	2.100248e+00	8.108982e-01	1.042355e+00	6.872603e+01	1.468998e+02	3.013410e-01	1.170890e-02	1.604483e-15	
9  102.91	2.229055e+00	1.193506e-01	6.872842e-01	3.044745e+00	9.768397e-01	5.213951e-02	8.833373e-02	7.884297e-01	4.271332e+00	1.008933e+00	7.456672e+00	6.985533e-01	2.453548e-01	2.100248e+00	8.108982e-01	1.042355e+00	6.872603e+01	1.468998e+02	3.013410e-01	1.170890e-02	1.604483e-15	
1  101.952	2.232488e+00	1.206136e-01	6.831649e-01	3.075010e+00	9.712945e-01	7.167080e-02	1.009234e-01	8.611473e-01	4.585467e+00	1.003853e+00	9.404456e+00	6.921452e-01	2.453680e-01	2.164423e+00	8.248169e-01	1.041936e+00	6.830083e+01	1.464725e+02	3.077275e-01	1.338193e-02	1.813117e-14	
11  101.816	2.232488e+00	1.206136e-01	6.831649e-01	3.075010e+00	9.712945e-01	7.167080e-02	1.009234e-01	8.611473e-01	4.585467e+00	1.000284e+00	9.404456e+00	6.921452e-01	2.453680e-01	2.164423e+00	8.248169e-01	1.041936e+00	6.830083e+01	1.464725e+02	3.077275e-01	1.338193e-02	1.813117e-14	
2  102.146	2.213435e+00	1.246541e-01	6.648915e-01	3.056284e+00	9.638633e-01	5.899583e-02	7.179132e-02	8.443532e-01	4.462890e+00	9.983183e-01	8.300761e+00	6.664722e-01	2.452862e-01	2.123959e+00	8.295231e-01	1.042173e+00	6.648648e+01	1.457842e+02	3.333772e-01	9.449817e-03	1.209592e-13	
1  104.368	2.235884e+00	1.268556e-01	6.880086e-01	3.052752e+00	9.682661e-01	5.877647e-02	2.856788e-01	6.089104e-01	4.919584e+00	9.999399e-01	8.286159e+00	6.833177e-01	2.453847e-01	2.117049e+00	8.310607e-01	1.043356e+00	6.877962e+01	1.439641e+02	3.165953e-01	3.670864e-02	2.702413e-13	
1  103.133	2.223817e+00	1.277050e-01	6.805165e-01	3.038734e+00	9.663790e-01	5.313585e-02	2.741744e-01	7.523946e-01	4.732934e+00	9.979488e-01	7.742424e+00	6.747434e-01	2.453334e-01	2.087463e+00	8.274214e-01	1.042721e+00	6.803735e+01	1.439400e+02	3.251180e-01	3.537077e-02	1.552520e-13	
5  103.02	2.220419e+00	1.275399e-01	6.714990e-01	3.051209e+00	9.660099e-01	5.939580e-02	2.306366e-01	9.159384e-01	4.405948e+00	9.974261e-01	8.376744e+00	6.663349e-01	2.453163e-01	2.113077e+00	8.319731e-01	1.041447e+00	6.715205e+01	1.442296e+02	3.334162e-01	2.990843e-02	-2.155323e-14	
2  102.805	2.220419e+00	1.275399e-01	6.714990e-01	3.051209e+00	9.660099e-01	5.939580e-02	2.306366e-01	9.159384e-01	4.405948e+00	9.996347e-01	8.376744e+00	6.663349e-01	2.453163e-01	2.113077e+00	8.319731e-01	1.041447e+00	6.715205e+01	1.442296e+02	3.334162e-01	2.990843e-02	-2.155323e-14	
1  105.443	2.205063e+00	1.281240e-01	6.726251e-01	3.090287e+00	9.629832e-01	8.165131e-02	2.867696e-01	6.213418e-01	3.971607e+00	9.984725e-01	1.054070e+01	6.661980e-01	2.452485e-01	2.198081e+00	8.477494e-01	1.040891e+00	6.725286e+01	1.439722e+02	3.336708e-01	3.720530e-02	-2.133319e-13	
3  106.298	2.180043e+00	1.283869e-01	6.626222e-01	3.089312e+00	9.625386e-01	7.939826e-02	2.157455e-01	4.155256e-01	3.749175e+00	9.983507e-01	1.042098e+01	6.560660e-01	2.451397e-01	2.196001e+00	8.509921e-01	1.041234e+00	6.626312e+01	1.445007e+02	3.437527e-01	2.811506e-02	-3.374348e-13	
2  105.659	2.185469e+00	1.296364e-01	6.503793e-01	3.077434e+00	9.565094e-01	6.494811e-02	1.505369e-01	5.316614e-01	3.685766e+00	1.002278e+00	9.053225e+00	6.403608e-01	2.451609e-01	2.169247e+00	8.487409e-01	1.040835e+00	6.506203e+01	1.444526e+02	3.592104e-01	1.965496e-02	-1.939157e-13	
1  105.172	2.214431e+00	1.245222e-01	6.660219e-01	3.096032e+00	9.726677e-01	7.381824e-02	7.968823e-02	1.617738e-01	4.483397e+00	1.006126e+00	9.745338e+00	6.676168e-01	2.452898e-01	2.210987e+00	8.484384e-01	1.042076e+00	6.661497e+01	1.457597e+02	3.321668e-01	1.038281e-02	-5.296115e-14	
1  104.846	2.222985e+00	1.232530e-01	6.682301e-01	3.106700e+00	9.669096e-01	7.137632e-02	4.798687e-02	2.654298e-01	4.527727e+00	1.012436e+00	9.449371e+00	6.724151e-01	2.453279e-01	2.234554e+00	8.477498e-01	1.042298e+00	6.683286e+01	1.461505e+02	3.274332e-01	5.942065e-03	7.438269e-14	
19  105.157	2.222985e+00	1.232530e-01	6.682301e-01	3.106700e+00	9.669096e-01	7.137632e-02	4.798687e-02	2.654298e-01	4.527727e+00	1.010635e+00	9.449371e+00	6.724151e-01	2.453279e-01	2.234554e+00	8.477498e-01	1.042298e+00	6.683286e+01	1.461505e+02	3.274332e-01	5.942065e-03	7.438269e-14	
2  105.049	2.256442e+00	1.253891e-01	6.783911e-01	3.109766e+00	9.614671e-01	7.511094e-02	1.608667e-01	4.351773e-02	4.122893e+00	1.008223e+00	9.773119e+00	6.768962e-01	2.454710e-01	2.241336e+00	8.501955e-01	1.042713e+00	6.784888e+01	1.447161e+02	3.230339e-01	2.046690e-02	1.596754e-13	
9  103.135	2.221200e+00	1.230284e-01	6.672139e-01	3.078800e+00	9.624687e-01	5.977385e-02	3.104036e-02	1.100965e-01	4.120246e+00	1.007910e+00	8.320905e+00	6.721359e-01	2.453208e-01	2.172753e+00	8.344010e-01	1.042401e+00	6.672306e+01	1.463109e+02	3.277892e-01	3.859527e-03	1.829958e-13	
10  103.165	2.221200e+00	1.230284e-01	6.672139e-01	3.078800e+00	9.624687e-01	5.977385e-02	3.104036e-02	1.100965e-01	4.120246e+00	1.010590e+00	8.320905e+00	6.721359e-01	2.453208e-01	2.172753e+00	8.344010e-01	1.042401e+00	6.672306e+01	1.463109e+02	3.277892e-01	3.859527e-03	1.829958e-13	
7  103.395	2.221200e+00	1.230284e-01	6.672139e-01	3.078800e+00	9.624687e-01	5.977385e-02	3.104036e-02	1.100965e-01	4.120246e+00	1.010993e+00	8.320905e+00	6.721359e-01	2.453208e-01	2.172753e+00	8.344010e-01	1.042401e+00	6.672306e+01	1.463109e+02	3.277892e-01	3.859527e-03	1.829958e-13	
1  103.295	2.186690e+00	1.253491e-01	6.680815e-01	3.056251e+00	9.593125e-01	5.409841e-02	1.527527e-01	4.944315e-01	3.844461e+00	1.007759e+00	7.874967e+00	6.683782e-01	2.451737e-01	2.124450e+00	8.288330e-01	1.041780e+00	6.680874e+01	1.454975e+02	3.314450e-01	2.008679e-02	-3.465060e-14	
2  104.473	2.195500e+00	1.255184e-01	6.680710e-01	3.020515e+00	9.534661e-01	4.365525e-02	1.208175e-01	6.814719e-01	3.824325e+00	9.992205e-01	6.734889e+00	6.682259e-01	2.452133e-01	2.050551e+00	8.143163e-01	1.042801e+00	6.680298e+01	1.455180e+02	3.318694e-01	1.607510e-02	2.854278e-13	
3  104.211	2.195500e+00	1.255184e-01	6.680710e-01	3.020515e+00	9.534661e-01	4.365525e-02	1.208175e-01	6.814719e-01	3.824325e+00	9.953629e-01	6.734889e+00	6.682259e-01	2.452133e-01	2.050551e+00	8.143163e-01	1.042801e+00	6.680298e+01	1.455180e+02	3.318694e-01	1.607510e-02	2.854278e-13	
6  104.857	2.181807e+00	1.223496e-01	6.701391e-01	3.048251e+00	9.568859e-01	5.007881e-02	6.152189e-02	8.771798e-01	3.722000e+00	1.003991e+00	7.402233e+00	6.772339e-01	2.451531e-01	2.107897e+00	8.186883e-01	1.042591e+00	6.703062e+01	1.467697e+02	3.227718e-01	7.925533e-03	2.020890e-13	
1  104.641	2.195154e+00	1.242039e-01	6.784258e-01	3.059645e+00	9.604715e-01	5.969921e-02	1.697246e-01	8.168063e-01	3.681699e+00	1.001613e+00	8.414018e+00	6.807491e-01	2.452111e-01	2.131749e+00	8.272302e-01	1.042882e+00	6.784034e+01	1.456160e+02	3.191945e-01	2.198127e-02	1.780538e-13	
2  103.876	2.195154e+00	1.242039e-01	6.784258e-01	3.059645e+00	9.604715e-01	5.969921e-02	1.697246e-01	8.168063e-01	3.681699e+00	1.004058e+00	8.414018e+00	6.807491e-01	2.452111e-01	2.131749e+00	8.272302e-01	1.042882e+00	6.784034e+01	1.456160e+02	3.191945e-01	2.198127e-02	1.780538e-13	
1  103.253	2.220620e+00	1.273123e-01	6.960545e-01	3.058801e+00	9.716923e-01	6.213862e-02	4.106637e-01	6.663187e-01	3.535813e+00	1.005515e+00	8.665996e+00	6.897384e-01	2.453217e-01	2.130016e+00	8.325638e-01	1.042396e+00	6.958978e+01	1.434301e+02	3.101055e-01	5.231279e-02	-8.804742e-14	
5  103.174	2.202756e+00	1.240836e-01	6.750222e-01	3.025505e+00	9.732159e-01	4.741530e-02	1.541207e-01	8.497728e-01	3.442249e+00	1.000861e+00	7.089611e+00	6.775712e-01	2.452443e-01	2.060021e+00	8.163470e-01	1.042087e+00	6.750972e+01	1.456437e+02	3.223270e-01	2.033932e-02	-8.499045e-14	
1  102.774	2.193616e+00	1.222211e-01	6.654765e-01	3.020263e+00	9.704789e-01	4.333384e-02	2.988862e-02	9.790520e-01	3.068639e+00	1.000689e+00	6.609542e+00	6.726615e-01	2.452041e-01	2.049250e+00	8.108193e-01	1.041844e+00	6.656421e+01	1.468361e+02	3.272371e-01	4.066586e-03	-3.434140e-14	
1  103.58	2.203880e+00	1.223912e-01	6.729269e-01	3.059835e+00	9.716590e-01	6.933401e-02	7.669366e-02	9.559788e-01	3.303096e+00	9.961290e-01	9.290794e+00	6.793819e-01	2.452461e-01	2.131600e+00	8.266444e-01	1.042344e+00	6.728033e+01	1.464426e+02	3.205844e-01	1.013540e-02	-4.904159e-15	
11  103.792	2.203880e+00	1.223912e-01	6.729269e-01	3.059835e+00	9.716590e-01	6.933401e-02	7.669366e-02	9.559788e-01	3.303096e+00	9.936884e-01	9.290794e+00	6.793819e-01	2.452461e-01	2.131600e+00	8.266444e-01	1.042344e+00	6.728033e+01	1.464426e+02	3.205844e-01	1.013540e-02	-4.904159e-15	
4  102.164	2.221908e+00	1.258652e-01	6.743665e-01	3.027202e+00	9.603137e-01	5.240513e-02	1.888032e-01	5.552184e-01	3.152170e+00	9.924121e-01	7.631666e+00	6.730691e-01	2.453249e-01	2.063270e+00	8.167560e-01	1.042001e+00	6.743784e+01	1.448277e+02	3.268565e-01	2.474944e-02	7.413980e-14	
2  103.407	2.230949e+00	1.219346e-01	6.786597e-01	3.051490e+00	9.650011e-01	7.137194e-02	1.111941e-01	6.584848e-01	3.229059e+00	9.885214e-01	9.402606e+00	6.853900e-01	2.453624e-01	2.113888e+00	8.170598e-01	1.041668e+00	6.786417e+01	1.460954e+02	3.145898e-01	1.476562e-02	5.832780e-15	
4  103.681	2.299930e+00	1.216905e-01	7.037613e-01	3.043175e+00	9.775211e-01	6.850923e-02	2.567903e-01	6.899539e-01	2.706163e+00	9.908501e-01	8.971872e+00	7.065566e-01	2.456501e-01	2.096534e+00	8.102986e-01	1.041947e+00	7.037417e+01	1.447176e+02	2.934261e-01	3.333163e-02	5.893949e-14	
2  106.258	2.331484e+00	1.222253e-01	7.204018e-01	3.056293e+00	9.871702e-01	7.790392e-02	3.947776e-01	5.621157e-01	2.314220e+00	9.916771e-01	9.764571e+00	7.184002e-01	2.457789e-01	2.124638e+00	8.151720e-01	1.041782e+00	7.204749e+01	1.435929e+02	2.817110e-01	5.030418e-02	1.915934e-13	
2  107.373	2.340937e+00	1.199318e-01	7.319103e-01	3.040234e+00	9.959932e-01	7.064426e-02	4.071241e-01	2.313299e-01	2.289322e+00	9.939095e-01	9.055626e+00	7.313243e-01	2.458155e-01	2.090710e+00	8.028451e-01	1.041992e+00	7.318918e+01	1.440126e+02	2.688680e-01	5.170846e-02	1.807665e-13	
13  107.759	2.324628e+00	1.245825e-01	7.281917e-01	3.052569e+00	9.957161e-01	7.727882e-02	5.121266e-01	2.528850e-01	2.013013e+00	9.921283e-01	9.793850e+00	7.201958e-01	2.457490e-01	2.117138e+00	8.223795e-01	1.042691e+00	7.282813e+01	1.425602e+02	2.800908e-01	6.426124e-02	1.424754e-13	
2  108.711	2.302757e+00	1.220114e-01	7.248132e-01	3.056195e+00	9.971953e-01	8.283942e-02	4.143915e-01	5.925057e-01	2.189213e+00	9.893188e-01	1.027075e+01	7.228906e-01	2.456591e-01	2.124630e+00	8.193146e-01	1.042926e+00	7.248026e+01	1.438711e+02	2.774578e-01	5.276386e-02	1.176689e-13	
1  108.561	2.302757e+00	1.220114e-01	7.248132e-01	3.056195e+00	9.971953e-01	8.283942e-02	4.143915e-01	5.925057e-01	2.189213e+00	9.931397e-01	1.027075e+01	7.228906e-01	2.456591e-01	2.124630e+00	8.193146e-01	1.042926e+00	7.248026e+01	1.438711e+02	2.774578e-01	5.276386e-02	1.176689e-13	
1  107.515	2.299375e+00	1.194244e-01	7.173903e-01	3.080022e+00	9.968532e-01	8.970533e-02	2.854440e-01	6.471845e-01	2.599940e+00	9.967918e-01	1.080743e+01	7.222593e-01	2.456448e-01	2.175986e+00	8.234576e-01	1.042547e+00	7.174596e+01	1.451677e+02	2.780141e-01	3.711956e-02	2.420699e-13	
1  107.642	2.290116e+00	1.187514e-01	6.968063e-01	3.101310e+00	9.912605e-01	9.325337e-02	1.127978e-01	5.138698e-01	3.170993e+00	9.990467e-01	1.111436e+01	7.070411e-01	2.456063e-01	2.222963e+00	8.331528e-01	1.042048e+00	6.971262e+01	1.462897e+02	2.931193e-01	1.518441e-02	3.239093e-13	
1  107.901	2.303949e+00	1.178586e-01	7.110032e-01	3.131651e+00	9.936948e-01	1.131077e-01	1.868940e-01	6.143947e-01	2.873762e+00	9.975586e-01	1.266923e+01	7.202649e-01	2.456629e-01	2.291253e+00	8.407763e-01	1.042292e+00	7.113086e+01	1.460238e+02	2.798730e-01	2.462870e-02	4.598642e-13	
4  108.077	2.319786e+00	1.153595e-01	7.297515e-01	3.138317e+00	1.000306e+00	1.155973e-01	2.509521e-01	5.671520e-01	2.549760e+00	1.002396e+00	1.273759e+01	7.393603e-01	2.457261e-01	2.305945e+00	8.335252e-01	1.042358e+00	7.298689e+01	1.462034e+02	2.607530e-01	3.261849e-02	6.378418e-13	
1  108.212	2.364538e+00	1.189701e-01	7.672630e-01	3.145287e+00	1.003023e+00	1.254820e-01	6.278142e-01	3.569938e-01	2.525331e+00	1.002166e+00	1.345684e+01	7.576549e-01	2.459077e-01	2.320663e+00	8.373783e-01	1.042839e+00	7.673553e+01	1.430213e+02	2.423081e-01	7.779573e-02	6.139962e-13	
1  105.723	2.310146e+00	1.184949e-01	7.369536e-01	3.125203e+00	9.913654e-01	1.066622e-01	3.960277e-01	5.823331e-01	2.646853e+00	1.004420e+00	1.213379e+01	7.385298e-01	2.456899e-01	2.276013e+00	8.334186e-01	1.043087e+00	7.370347e+01	1.447906e+02	2.612969e-01	5.019690e-02	2.092842e-13	
8  105.555	2.310146e+00	1.184949e-01	7.369536e-01	3.125203e+00	9.913654e-01	1.066622e-01	3.960277e-01	5.823331e-01	2.646853e+00	1.003828e+00	1.213379e+01	7.385298e-01	2.456899e-01	2.276013e+00	8.334186e-01	1.043087e+00	7.370347e+01	1.447906e+02	2.612969e-01	5.019690e-02	2.092842e-13	
3  103.419	2.297507e+00	1.185846e-01	7.174106e-01	3.085740e+00	9.831540e-01	8.654817e-02	2.475710e-01	4.774720e-01	2.876319e+00	9.997976e-01	1.051703e+01	7.236874e-01	2.456395e-01	2.188252e+00	8.197969e-01	1.042996e+00	7.174329e+01	1.455950e+02	2.761130e-01	3.217578e-02	-3.446341e-14	
5  105.285	2.313036e+00	1.166799e-01	7.333945e-01	3.102371e+00	9.885367e-01	1.001330e-01	3.245792e-01	5.100876e-01	3.240032e+00	9.992114e-01	1.154595e+01	7.391327e-01	2.457030e-01	2.224902e+00	8.176253e-01	1.042478e+00	7.334516e+01	1.455591e+02	2.606341e-01	4.158343e-02	9.229910e-14	
3  104.946	2.290754e+00	1.145623e-01	7.237148e-01	3.077265e+00	9.861900e-01	8.523614e-02	1.959163e-01	5.967421e-01	3.336280e+00	1.000162e+00	1.032724e+01	7.364417e-01	2.456105e-01	2.169725e+00	8.036523e-01	1.042427e+00	7.237618e+01	1.469885e+02	2.632929e-01	2.518957e-02	-9.553079e-14	
1  105.11	2.271308e+00	1.120272e-01	7.093219e-01	3.075518e+00	9.843110e-01	8.262530e-02	1.369129e-02	2.193496e-01	3.365161e+00	9.996281e-01	1.009540e+01	7.309439e-01	2.455280e-01	2.166173e+00	7.992915e-01	1.042342e+00	7.094287e+01	1.488111e+02	2.687327e-01	1.399979e-03	-1.231046e-13	
4  105.086	2.271308e+00	1.120272e-01	7.093219e-01	3.075518e+00	9.843110e-01	8.262530e-02	1.369129e-02	2.193496e-01	3.365161e+00	9.982266e-01	1.009540e+01	7.309439e-01	2.455280e-01	2.166173e+00	7.992915e-01	1.042342e+00	7.094287e+01	1.488111e+02	2.687327e-01	1.399979e-03	-1.231046e-13	
4  104.967	2.303431e+00	1.145021e-01	7.009916e-01	3.028221e+00	9.905252e-01	5.179940e-02	4.486431e-03	2.908602e-02	3.370961e+00	1.001858e+00	7.165641e+00	7.186099e-01	2.456601e-01	2.066307e+00	7.904190e-01	1.042125e+00	7.009232e+01	1.478109e+02	2.814122e-01	7.166341e-04	2.232069e-13	
11  105.704	2.302305e+00	1.162497e-01	7.228519e-01	3.003798e+00	9.959138e-01	4.967162e-02	2.328864e-01	1.777564e-01	2.040398e+00	9.977172e-01	7.017673e+00	7.321600e-01	2.456561e-01	2.015750e+00	7.823236e-01	1.042440e+00	7.228816e+01	1.462284e+02	2.678664e-01	3.015200e-02	4.338678e-14	
1  106.254	2.281212e+00	1.180298e-01	7.205041e-01	3.021502e+00	9.966409e-01	6.137705e-02	2.978624e-01	4.514522e-04	2.054611e+00	9.960011e-01	8.288176e+00	7.275532e-01	2.455722e-01	2.051457e+00	7.945917e-01	1.042012e+00	7.204195e+01	1.456689e+02	2.726993e-01	3.808210e-02	5.370304e-14	
2  107	2.281212e+00	1.180298e-01	7.205041e-01	3.021502e+00	9.966409e-01	6.137705e-02	2.978624e-01	4.514522e-04	2.054611e+00	9.946007e-01	8.288176e+00	7.275532e-01	2.455722e-01	2.051457e+00	7.945917e-01	1.042012e+00	7.204195e+01	1.456689e+02	2.726993e-01	3.808210e-02	5.370304e-14	
12  105.476	2.288392e+00	1.182878e-01	7.236294e-01	3.001650e+00	9.913336e-01	5.255985e-02	3.166958e-01	1.424575e-01	2.456433e+00	9.930650e-01	7.397767e+00	7.291193e-01	2.456031e-01	2.011270e+00	7.854054e-01	1.042353e+00	7.236911e+01	1.454347e+02	2.708927e-01	4.048626e-02	-4.216153e-14	
3  104.586	2.275646e+00	1.203318e-01	7.194214e-01	2.976671e+00	9.781577e-01	3.502639e-02	3.626581e-01	1.004306e-01	2.687659e+00	9.958239e-01	5.522370e+00	7.222649e-01	2.455544e-01	1.962420e+00	7.775587e-01	1.042102e+00	7.197321e+01	1.448347e+02	2.775304e-01	4.620116e-02	-2.746377e-14	
2  105.242	2.254087e+00	1.169448e-01	7.076177e-01	2.982157e+00	9.755786e-01	3.599500e-02	1.805776e-01	1.404770e-02	2.551760e+00	9.961325e-01	5.630254e+00	7.200763e-01	2.454634e-01	1.973665e+00	7.732247e-01	1.041880e+00	7.080065e+01	1.468316e+02	2.796560e-01	2.329045e-02	-4.189648e-15	
7  106.582	2.250753e+00	1.133683e-01	6.976375e-01	3.005373e+00	9.718189e-01	4.225956e-02	4.651908e-03	3.110806e-01	3.044279e+00	9.994786e-01	6.307565e+00	7.196098e-01	2.454443e-01	2.020831e+00	7.731144e-01	1.041287e+00	6.980766e+01	1.487090e+02	2.801336e-01	1.026839e-04	2.068704e-13	
1  107.49	2.242476e+00	1.159891e-01	7.013140e-01	2.957601e+00	9.724675e-01	2.276759e-02	1.234402e-01	4.501979e-01	3.011241e+00	9.964855e-01	4.005736e+00	7.171920e-01	2.454151e-01	1.926250e+00	7.611628e-01	1.041303e+00	7.018908e+01	1.475007e+02	2.823765e-01	1.574479e-02	1.848346e-13	
2  106.042	2.266426e+00	1.125483e-01	7.042225e-01	3.051018e+00	9.858528e-01	6.589567e-02	1.616161e-02	2.033173e-01	2.887530e+00	1.000800e+00	8.643990e+00	7.262775e-01	2.455073e-01	2.113867e+00	7.913658e-01	1.041477e+00	7.041296e+01	1.486965e+02	2.736366e-01	1.681857e-03	1.371143e-13	
2  104.309	2.259130e+00	1.149214e-01	7.015676e-01	3.019447e+00	9.766913e-01	5.072205e-02	7.048338e-02	3.619395e-01	3.201735e+00	9.987115e-01	7.214054e+00	7.193585e-01	2.454802e-01	2.048477e+00	7.836762e-01	1.041610e+00	7.017576e+01	1.478509e+02	2.804586e-01	9.023018e-03	8.665379e-14	
11  102.812	2.251528e+00	1.176833e-01	6.870512e-01	3.044181e+00	9.720929e-01	5.625666e-02	5.335463e-02	7.810896e-01	3.155150e+00	1.001657e+00	7.817934e+00	7.016517e-01	2.454477e-01	2.099264e+00	8.022441e-01	1.041129e+00	6.869978e+01	1.472785e+02	2.982986e-01	7.071525e-03	2.056709e-13	
2  102.753	2.214501e+00	1.193935e-01	6.781463e-01	3.043391e+00	9.634602e-01	5.477529e-02	5.704081e-02	6.549110e-01	3.610945e+00	1.001131e+00	7.786254e+00	6.907282e-01	2.452923e-01	2.097658e+00	8.065965e-01	1.041172e+00	6.781863e+01	1.472170e+02	3.092155e-01	7.513750e-03	6.970652e-14	
3  104.049	2.232062e+00	1.202655e-01	6.870685e-01	3.066835e+00	9.704945e-01	6.984839e-02	1.556354e-01	9.595747e-01	3.851243e+00	1.000355e+00	9.228815e+00	6.964682e-01	2.453665e-01	2.147045e+00	8.174307e-01	1.040856e+00	6.867798e+01	1.463089e+02	3.035682e-01	2.036230e-02	1.283352e-13	
1  103.846	2.252007e+00	1.185156e-01	6.902735e-01	3.060357e+00	9.764733e-01	7.429743e-02	1.064303e-01	8.289329e-01	3.483937e+00	9.940577e-01	9.548677e+00	7.026307e-01	2.454505e-01	2.132891e+00	8.114778e-01	1.041116e+00	6.901757e+01	1.467778e+02	2.974234e-01	1.407451e-02	1.968544e-13	
1  103.303	2.252896e+00	1.189620e-01	6.912927e-01	3.019654e+00	9.717102e-01	5.167045e-02	1.309087e-01	9.116115e-01	3.588963e+00	9.957279e-01	7.374619e+00	7.025506e-01	2.454557e-01	2.048277e+00	7.943650e-01	1.041023e+00	6.913919e+01	1.465396e+02	2.974060e-01	1.708274e-02	2.177062e-13	
5  103.247	2.269617e+00	1.225612e-01	6.993923e-01	2.999901e+00	9.745857e-01	3.890698e-02	2.861632e-01	6.034027e-01	3.601239e+00	9.986328e-01	5.986668e+00	7.016157e-01	2.455279e-01	2.008338e+00	7.948027e-01	1.041397e+00	6.995728e+01	1.446897e+02	2.982522e-01	3.687187e-02	4.299171e-14	
1  102.494	2.297348e+00	1.175838e-01	6.976042e-01	3.042836e+00	9.759168e-01	6.168309e-02	7.829952e-02	7.466982e-01	4.226719e+00	9.961102e-01	8.244584e+00	7.097521e-01	2.456381e-01	2.096276e+00	8.007543e-01	1.042038e+00	6.975408e+01	1.466731e+02	2.901367e-01	1.063568e-02	1.646262e-14	
3  103.3	2.314634e+00	1.212700e-01	7.027816e-01	3.015570e+00	9.744713e-01	4.685700e-02	2.099857e-01	7.904521e-01	3.921396e+00	9.964369e-01	6.752060e+00	7.061452e-01	2.457102e-01	2.040230e+00	7.979841e-01	1.042434e+00	7.026952e+01	1.449006e+02	2.938424e-01	2.747382e-02	2.124067e-14	
1  103.115	2.308027e+00	1.185438e-01	7.016940e-01	3.037543e+00	9.807333e-01	5.774622e-02	1.248225e-01	8.258539e-01	3.370084e+00	9.976639e-01	7.841952e+00	7.109247e-01	2.456815e-01	2.085222e+00	8.020014e-01	1.042361e+00	7.016394e+01	1.460881e+02	2.890636e-01	1.661490e-02	5.760733e-14	
2  103.723	2.291828e+00	1.164155e-01	6.993263e-01	3.002524e+00	9.760084e-01	4.724454e-02	5.964378e-02	7.119857e-01	3.403279e+00	9.917966e-01	6.778027e+00	7.135748e-01	2.456145e-01	2.013971e+00	7.815598e-01	1.042090e+00	6.994343e+01	1.471400e+02	2.862758e-01	8.150328e-03	9.037163e-14	
2  102.889	2.295033e+00	1.221267e-01	6.885604e-01	3.031099e+00	9.657040e-01	5.532072e-02	1.461415e-01	4.399272e-01	2.766274e+00	9.932395e-01	7.698703e+00	6.927230e-01	2.456296e-01	2.071628e+00	8.064212e-01	1.041873e+00	6.885194e+01	1.451951e+02	3.072485e-01	1.936788e-02	1.903195e-14	
1  102.756	2.276031e+00	1.227696e-01	6.779168e-01	3.035158e+00	9.550452e-01	4.827974e-02	9.323124e-02	3.493173e-01	3.131361e+00	9.986244e-01	7.011469e+00	6.821157e-01	2.455514e-01	2.080529e+00	8.089083e-01	1.041718e+00	6.778452e+01	1.454844e+02	3.179857e-01	1.266994e-02	6.048065e-14	
2  104.267	2.285090e+00	1.192757e-01	6.913799e-01	3.010290e+00	9.659442e-01	4.780747e-02	6.073710e-02	2.281194e-01	3.572380e+00	9.910349e-01	6.896939e+00	7.011786e-01	2.455877e-01	2.029847e+00	7.924508e-01	1.042925e+00	6.912096e+01	1.464588e+02	2.988088e-01	8.528098e-03	-2.345462e-14	
4  104.179	2.276910e+00	1.224210e-01	7.050113e-01	3.002170e+00	9.634743e-01	4.346826e-02	2.707918e-01	1.634287e-01	3.990629e+00	9.935830e-01	6.513263e+00	7.064798e-01	2.455579e-01	2.013617e+00	7.936117e-01	1.043191e+00	7.049656e+01	1.447099e+02	2.935017e-01	3.533917e-02	-1.701955e-14	
4  104.456	2.276910e+00	1.224210e-01	7.050113e-01	3.002170e+00	9.634743e-01	4.346826e-02	2.707918e-01	1.634287e-01	3.990629e+00	9.975126e-01	6.513263e+00	7.064798e-01	2.455579e-01	2.013617e+00	7.936117e-01	1.043191e+00	7.049656e+01	1.447099e+02	2.935017e-01	3.533917e-02	-1.701955e-14	
4  104.137	2.255663e+00	1.212225e-01	6.924701e-01	3.065951e+00	9.664928e-01	7.029578e-02	1.412712e-01	3.782335e-01	4.448462e+00	1.000572e+00	9.242453e+00	6.986584e-01	2.454667e-01	2.145248e+00	8.207390e-01	1.043281e+00	6.923709e+01	1.458721e+02	3.012148e-01	1.852697e-02	6.740643e-14	
2  104.574	2.262476e+00	1.209440e-01	6.834677e-01	3.112304e+00	9.725216e-01	9.172336e-02	7.311396e-02	2.760584e-02	4.320021e+00	1.001341e+00	1.112451e+01	6.910864e-01	2.454937e-01	2.247286e+00	8.419884e-01	1.042517e+00	6.835867e+01	1.462148e+02	3.087105e-01	9.653639e-03	3.275294e-14	
13  103.824	2.262476e+00	1.209440e-01	6.834677e-01	3.112304e+00	9.725216e-01	9.172336e-02	7.311396e-02	2.760584e-02	4.320021e+00	1.000440e+00	1.112451e+01	6.910864e-01	2.454937e-01	2.247286e+00	8.419884e-01	1.042517e+00	6.835867e+01	1.462148e+02	3.087105e-01	9.653639e-03	3.275294e-14	
4  104.583	2.272943e+00	1.277912e-01	7.080180e-01	3.088227e+00	9.661542e-01	8.569466e-02	4.603952e-01	8.431228e-02	3.947074e+00	9.977008e-01	1.074692e+01	6.982886e-01	2.455406e-01	2.194301e+00	8.418628e-01	1.043246e+00	7.078931e+01	1.425397e+02	3.015365e-01	5.796653e-02	1.050631e-13	
2  104.175	2.295620e+00	1.269821e-01	7.181825e-01	3.080143e+00	9.722641e-01	8.111557e-02	4.962621e-01	2.974844e-02	4.009782e+00	9.997718e-01	1.026575e+01	7.079524e-01	2.456351e-01	2.176307e+00	8.362743e-01	1.043553e+00	7.180784e+01	1.423394e+02	2.918676e-01	6.223580e-02	8.177515e-14	
4  103.552	2.265077e+00	1.324813e-01	7.003359e-01	3.029111e+00	9.590444e-01	5.005383e-02	5.458285e-01	2.722838e-01	3.703921e+00	1.000303e+00	7.424510e+00	6.825140e-01	2.455090e-01	2.067649e+00	8.272941e-01	1.043052e+00	7.001886e+01	1.411266e+02	3.174405e-01	6.803551e-02	2.417279e-13	
4  104.161	2.257207e+00	1.306755e-01	7.053440e-01	3.085338e+00	9.608272e-01	7.433880e-02	5.432614e-01	9.197159e-02	4.198327e+00	1.005673e+00	9.829439e+00	6.904315e-01	2.454754e-01	2.187343e+00	8.462120e-01	1.043031e+00	7.052222e+01	1.416366e+02	3.094009e-01	6.767254e-02	1.995331e-13	
1  103.076	2.299638e+00	1.304158e-01	7.064523e-01	3.049848e+00	9.624080e-01	5.346716e-02	5.199704e-01	1.612982e-01	4.080467e+00	1.007236e+00	7.665023e+00	6.912335e-01	2.456538e-01	2.110842e+00	8.299202e-01	1.042714e+00	7.063562e+01	1.413717e+02	3.087209e-01	6.492867e-02	7.156078e-14	
1  102.591	2.294654e+00	1.275498e-01	7.050748e-01	3.062575e+00	9.589888e-01	6.403231e-02	4.410976e-01	1.920790e-01	3.953679e+00	1.004180e+00	8.690341e+00	6.959001e-01	2.456316e-01	2.137883e+00	8.269719e-01	1.042227e+00	7.049204e+01	1.424553e+02	3.040697e-01	5.595279e-02	-1.762696e-14	
1  102.757	2.308909e+00	1.279359e-01	7.173128e-01	3.056188e+00	9.619807e-01	6.559265e-02	5.527594e-01	1.717815e-01	3.285884e+00	1.002566e+00	8.817492e+00	7.051491e-01	2.456908e-01	2.124421e+00	8.227549e-01	1.042054e+00	7.171663e+01	1.417039e+02	2.948235e-01	6.920041e-02	-5.038474e-14	
1  102.888	2.308909e+00	1.279359e-01	7.173128e-01	3.056188e+00	9.619807e-01	6.559265e-02	5.527594e-01	1.717815e-01	3.285884e+00	1.002847e+00	8.817492e+00	7.051491e-01	2.456908e-01	2.124421e+00	8.227549e-01	1.042054e+00	7.171663e+01	1.417039e+02	2.948235e-01	6.920041e-02	-5.038474e-14	
2  106.926	2.313450e+00	1.249620e-01	7.287164e-01	3.004149e+00	9.575671e-01	4.350811e-02	5.675186e-01	3.453587e-01	3.337167e+00	1.002021e+00	6.514862e+00	7.200266e-01	2.457092e-01	2.018259e+00	7.896591e-01	1.041707e+00	7.290081e+01	1.423092e+02	2.801084e-01	7.081579e-02	9.270963e-14	
1  109.666	2.337512e+00	1.257945e-01	7.356049e-01	3.005965e+00	9.532825e-01	4.477292e-02	6.252017e-01	2.341414e-01	2.863464e+00	1.001378e+00	6.624670e+00	7.231618e-01	2.458062e-01	2.022354e+00	7.894471e-01	1.041946e+00	7.359016e+01	1.415825e+02	2.771085e-01	7.762571e-02	-3.935341e-14	
3  108.821	2.332321e+00	1.279245e-01	7.264711e-01	2.998287e+00	9.531947e-01	4.330660e-02	6.325100e-01	5.026111e-01	3.594488e+00	9.978369e-01	6.487278e+00	7.122458e-01	2.457861e-01	2.006594e+00	7.929143e-01	1.041424e+00	7.266013e+01	1.410888e+02	2.879630e-01	7.844163e-02	-3.967434e-17	
1  108.238	2.345450e+00	1.269641e-01	7.165526e-01	2.983697e+00	9.568289e-01	3.460045e-02	5.017582e-01	1.280135e-01	3.767451e+00	9.965539e-01	5.420066e+00	7.057351e-01	2.458392e-01	1.977255e+00	7.884457e-01	1.041569e+00	7.164076e+01	1.417740e+02	2.943156e-01	6.307431e-02	-2.425650e-13	
3  106.428	2.302611e+00	1.287199e-01	7.065027e-01	2.968199e+00	9.587181e-01	3.021734e-02	5.107802e-01	2.260141e-01	3.123619e+00	9.935032e-01	4.969403e+00	6.947438e-01	2.456659e-01	1.946032e+00	7.894495e-01	1.041304e+00	7.066222e+01	1.417911e+02	3.051929e-01	6.378322e-02	-1.997294e-13	
7  104.042	2.319046e+00	1.297313e-01	7.165778e-01	2.994841e+00	9.646758e-01	4.068860e-02	6.026664e-01	1.692890e-01	2.377486e+00	9.975101e-01	6.210808e+00	7.009418e-01	2.457325e-01	1.998101e+00	8.023090e-01	1.041723e+00	7.166537e+01	1.409653e+02	2.990004e-01	7.456769e-02	-8.690301e-14	
1  102.53	2.322029e+00	1.259583e-01	7.212475e-01	3.000826e+00	9.719066e-01	4.117878e-02	5.033940e-01	3.471540e-01	2.806845e+00	1.001001e+00	6.211422e+00	7.119378e-01	2.457437e-01	2.010276e+00	7.983059e-01	1.042474e+00	7.212646e+01	1.422776e+02	2.880128e-01	6.329700e-02	-6.966945e-14	
2  101.194	2.274762e+00	1.246493e-01	7.081874e-01	3.041839e+00	9.696482e-01	5.699455e-02	4.014346e-01	1.512614e-01	3.115850e+00	1.004732e+00	7.984914e+00	7.047980e-01	2.455496e-01	2.094020e+00	8.141726e-01	1.042064e+00	7.080893e+01	1.435621e+02	2.951140e-01	5.114776e-02	-6.900728e-15	
6  101.324	2.277372e+00	1.264132e-01	7.129976e-01	3.033461e+00	9.697486e-01	5.244434e-02	4.827663e-01	2.135609e-01	2.930679e+00	1.005325e+00	7.541378e+00	7.052341e-01	2.455613e-01	2.076525e+00	8.145263e-01	1.042458e+00	7.129773e+01	1.427284e+02	2.946792e-01	6.088918e-02	-1.542754e-14	
4  101.536	2.289827e+00	1.259264e-01	7.153177e-01	3.054086e+00	9.725438e-01	6.157264e-02	4.789212e-01	4.026964e-01	2.238739e+00	1.006743e+00	8.429213e+00	7.078614e-01	2.456116e-01	2.119844e+00	8.218850e-01	1.042419e+00	7.152287e+01	1.427368e+02	2.920696e-01	6.040388e-02	2.241693e-16	
2  101.68	2.288004e+00	1.210893e-01	7.004564e-01	3.045071e+00	9.708540e-01	5.773932e-02	1.970652e-01	4.209368e-01	2.553864e+00	1.003172e+00	7.947111e+00	7.052107e-01	2.456014e-01	2.100942e+00	8.097910e-01	1.042714e+00	7.003983e+01	1.452905e+02	2.947579e-01	2.585766e-02	1.381412e-14	
1  102.066	2.230694e+00	1.225060e-01	6.869734e-01	2.999491e+00	9.643779e-01	3.661802e-02	1.804635e-01	5.724324e-01	2.282608e+00	1.000752e+00	5.794497e+00	6.916803e-01	2.453649e-01	2.007876e+00	7.966037e-01	1.042350e+00	6.871255e+01	1.456299e+02	3.082774e-01	2.386596e-02	6.727688e-15	
26  101.949	2.228903e+00	1.220331e-01	6.688463e-01	3.023982e+00	9.669571e-01	4.696392e-02	3.587604e-02	5.137325e-01	2.128549e+00	9.997365e-01	6.940275e+00	6.759385e-01	2.453529e-01	2.056610e+00	8.087767e-01	1.041506e+00	6.690208e+01	1.464809e+02	3.239747e-01	4.862465e-03	1.093203e-13	
1  101.225	2.228903e+00	1.220331e-01	6.688463e-01	3.023982e+00	9.669571e-01	4.696392e-02	3.587604e-02	5.137325e-01	2.128549e+00	9.970948e-01	6.940275e+00	6.759385e-01	2.453529e-01	2.056610e+00	8.087767e-01	1.041506e+00	6.690208e+01	1.464809e+02	3.239747e-01	4.862465e-03	1.093203e-13	
7  102.053	2.238404e+00	1.208800e-01	6.750814e-01	3.018764e+00	9.644155e-01	5.023911e-02	2.057847e-02	5.452246e-01	2.482715e+00	9.919042e-01	7.274770e+00	6.842731e-01	2.453929e-01	2.046270e+00	8.031315e-01	1.042438e+00	6.750674e+01	1.467500e+02	3.157304e-01	3.014632e-03	1.347971e-13	
2  102.198	2.217536e+00	1.216886e-01	6.741325e-01	3.009731e+00	9.659651e-01	4.369108e-02	4.932341e-02	4.110802e-01	2.015314e+00	9.942319e-01	6.613042e+00	6.819474e-01	2.453064e-01	2.028048e+00	8.027513e-01	1.042561e+00	6.741466e+01	1.466255e+02	3.180584e-01	6.797783e-03	1.082325e-13	
12  102.834	2.217536e+00	1.216886e-01	6.741325e-01	3.009731e+00	9.659651e-01	4.369108e-02	4.932341e-02	4.110802e-01	2.015314e+00	9.928393e-01	6.613042e+00	6.819474e-01	2.453064e-01	2.028048e+00	8.027513e-01	1.042561e+00	6.741466e+01	1.466255e+02	3.180584e-01	6.797783e-03	1.082325e-13	
3  103.745	2.250427e+00	1.266859e-01	6.774335e-01	2.992165e+00	9.601523e-01	2.867054e-02	2.053928e-01	3.056948e-01	2.301887e+00	9.963223e-01	4.816153e+00	6.735796e-01	2.454471e-01	1.993004e+00	8.039892e-01	1.042412e+00	6.772228e+01	1.442558e+02	3.265013e-01	2.669060e-02	7.631443e-15	
3  105.317	2.240980e+00	1.288582e-01	6.798434e-01	3.006533e+00	9.647651e-01	3.123043e-02	2.873907e-01	7.273142e-02	2.106226e+00	1.000990e+00	5.182058e+00	6.712638e-01	2.454088e-01	2.021846e+00	8.163221e-01	1.042778e+00	6.797026e+01	1.434272e+02	3.287809e-01	3.675971e-02	1.024945e-13	
2  103.448	2.285790e+00	1.292487e-01	7.008293e-01	3.030395e+00	9.679139e-01	4.593940e-02	4.557148e-01	1.948858e-01	2.170911e+00	1.001942e+00	6.851257e+00	6.889406e-01	2.455957e-01	2.070368e+00	8.220569e-01	1.042452e+00	7.008273e+01	1.420910e+02	3.109896e-01	5.738417e-02	3.524479e-14	
1  103.567	2.285790e+00	1.292487e-01	7.008293e-01	3.030395e+00	9.679139e-01	4.593940e-02	4.557148e-01	1.948858e-01	2.170911e+00	1.001823e+00	6.851257e+00	6.889406e-01	2.455957e-01	2.070368e+00	8.220569e-01	1.042452e+00	7.008273e+01	1.420910e+02	3.109896e-01	5.738417e-02	3.524479e-14	
2  103.468	2.302646e+00	1.281681e-01	7.242349e-01	3.057337e+00	9.699788e-01	6.875517e-02	5.908724e-01	2.241480e-01	2.486081e+00	9.977910e-01	9.141129e+00	7.104442e-01	2.456647e-01	2.126860e+00	8.266989e-01	1.043164e+00	7.241735e+01	1.415531e+02	2.894561e-01	7.340951e-02	3.359653e-15	
1  104.665	2.330933e+00	1.281246e-01	7.313336e-01	3.021332e+00	9.797566e-01	4.731409e-02	6.331365e-01	2.939109e-01	2.616623e+00	1.002167e+00	6.905286e+00	7.156014e-01	2.457804e-01	2.051681e+00	8.126633e-01	1.042997e+00	7.313583e+01	1.410891e+02	2.843855e-01	7.821596e-02	-6.844355e-14	
1  104.379	2.339926e+00	1.293740e-01	7.409711e-01	3.019162e+00	9.759630e-01	4.871348e-02	7.383120e-01	1.726305e-01	2.216751e+00	1.000884e+00	7.068822e+00	7.205067e-01	2.458168e-01	2.047060e+00	8.114678e-01	1.043274e+00	7.409982e+01	1.402387e+02	2.794766e-01	9.008937e-02	-9.144023e-14	
5  104.833	2.325708e+00	1.310401e-01	7.291938e-01	3.020327e+00	9.709029e-01	4.262839e-02	7.162415e-01	2.172080e-01	2.305651e+00	1.004607e+00	6.444072e+00	7.085332e-01	2.457612e-01	2.049618e+00	8.162129e-01	1.042707e+00	7.292471e+01	1.400925e+02	2.914451e-01	8.757467e-02	-7.200725e-14	
3  103.122	2.325708e+00	1.310401e-01	7.291938e-01	3.020327e+00	9.709029e-01	4.262839e-02	7.162415e-01	2.172080e-01	2.305651e+00	1.007371e+00	6.444072e+00	7.085332e-01	2.457612e-01	2.049618e+00	8.162129e-01	1.042707e+00	7.292471e+01	1.400925e+02	2.914451e-01	8.757467e-02	-7.200725e-14	
6  104.136	2.295891e+00	1.304751e-01	7.131644e-01	2.972927e+00	9.655960e-01	1.713485e-02	5.830052e-01	4.694349e-01	2.142329e+00	1.006139e+00	3.285969e+00	6.970343e-01	2.456397e-01	1.954245e+00	7.982125e-01	1.042757e+00	7.128558e+01	1.410983e+02	3.030087e-01	7.231027e-02	4.196195e-14	
1  103.671	2.291881e+00	1.301642e-01	7.180897e-01	2.944236e+00	9.656987e-01	1.092184e-02	6.434983e-01	7.138788e-01	2.082853e+00	1.001227e+00	2.440227e+00	7.018834e-01	2.456233e-01	1.898176e+00	7.837647e-01	1.041983e+00	7.178268e+01	1.409510e+02	2.978990e-01	7.893342e-02	7.301029e-14	
1  103.693	2.291881e+00	1.301642e-01	7.180897e-01	2.944236e+00	9.656987e-01	1.092184e-02	6.434983e-01	7.138788e-01	2.082853e+00	1.001805e+00	2.440227e+00	7.018834e-01	2.456233e-01	1.898176e+00	7.837647e-01	1.041983e+00	7.178268e+01	1.409510e+02	2.978990e-01	7.893342e-02	7.301029e-14	
9  104.466	2.307018e+00	1.317118e-01	7.182760e-01	2.960387e+00	9.590919e-01	1.461306e-02	6.730315e-01	3.094889e-01	2.245233e+00	1.003898e+00	2.954450e+00	6.987951e-01	2.456854e-01	1.929865e+00	7.915541e-01	1.042182e+00	7.179111e+01	1.402937e+02	3.012098e-01	8.254524e-02	-7.499550e-14	
13  104.441	2.307018e+00	1.317118e-01	7.182760e-01	2.960387e+00	9.590919e-01	1.461306e-02	6.730315e-01	3.094889e-01	2.245233e+00	1.003325e+00	2.954450e+00	6.987951e-01	2.456854e-01	1.929865e+00	7.915541e-01	1.042182e+00	7.179111e+01	1.402937e+02	3.012098e-01	8.254524e-02	-7.499550e-14	
1  103.639	2.282209e+00	1.260915e-01	7.170950e-01	2.941262e+00	9.656497e-01	1.156494e-02	5.082116e-01	2.489613e-01	2.452581e+00	9.997381e-01	2.513828e+00	7.091920e-01	2.455832e-01	1.892917e+00	7.744622e-01	1.042340e+00	7.168008e+01	1.426210e+02	2.905875e-01	6.363881e-02	2.431264e-13	
2  103.854	2.219527e+00	1.228001e-01	6.907136e-01	2.971351e+00	9.593729e-01	2.347992e-02	2.498118e-01	6.715175e-01	2.236387e+00	9.999897e-01	4.195647e+00	6.946194e-01	2.453211e-01	1.952828e+00	7.828601e-01	1.041694e+00	6.910863e+01	1.453608e+02	3.052822e-01	3.243796e-02	-1.190485e-13	
4  104.738	2.243097e+00	1.203785e-01	6.864610e-01	3.004154e+00	9.522438e-01	3.606907e-02	1.343612e-01	7.063238e-01	2.152451e+00	1.001538e+00	5.702738e+00	6.957313e-01	2.454143e-01	2.018611e+00	7.875782e-01	1.041242e+00	6.868176e+01	1.462738e+02	3.044002e-01	1.784614e-02	1.996687e-13	
3  104.801	2.243097e+00	1.203785e-01	6.864610e-01	3.004154e+00	9.522438e-01	3.606907e-02	1.343612e-01	7.063238e-01	2.152451e+00	1.001045e+00	5.702738e+00	6.957313e-01	2.454143e-01	2.018611e+00	7.875782e-01	1.041242e+00	6.868176e+01	1.462738e+02	3.044002e-01	1.784614e-02	1.996687e-13	
4  104.947	2.256923e+00	1.182099e-01	6.975069e-01	3.044822e+00	9.564782e-01	6.005455e-02	1.275648e-01	2.707496e-01	2.633006e+00	9.995607e-01	8.225740e+00	7.093349e-01	2.454712e-01	2.101679e+00	7.980470e-01	1.042042e+00	6.978059e+01	1.467177e+02	2.907097e-01	1.666449e-02	-9.533204e-15	
1  102.782	2.274313e+00	1.200642e-01	6.968796e-01	3.045379e+00	9.589899e-01	5.692787e-02	1.691597e-01	5.693603e-01	3.117344e+00	1.001771e+00	7.897089e+00	7.046691e-01	2.455441e-01	2.102265e+00	8.033696e-01	1.041926e+00	6.969447e+01	1.458309e+02	2.953810e-01	2.231266e-02	4.135575e-14	
5  102.237	2.231462e+00	1.234082e-01	6.857145e-01	3.013119e+00	9.574921e-01	3.639201e-02	2.028940e-01	3.760424e-01	2.641131e+00	1.004126e+00	5.782596e+00	6.886957e-01	2.453679e-01	2.035627e+00	8.019303e-01	1.042122e+00	6.858844e+01	1.452790e+02	3.113415e-01	2.669460e-02	7.164459e-14	
1  102.785	2.266107e+00	1.307636e-01	7.044982e-01	2.995522e+00	9.603066e-01	2.962643e-02	5.545132e-01	4.892071e-01	2.812205e+00	1.003978e+00	4.995322e+00	6.895332e-01	2.455164e-01	1.999712e+00	8.079323e-01	1.042287e+00	7.045617e+01	1.414837e+02	3.104387e-01	6.938002e-02	-1.040354e-13	
3  103.041	2.272592e+00	1.257003e-01	6.968606e-01	3.003251e+00	9.704911e-01	3.029518e-02	3.317129e-01	5.968153e-01	3.155275e+00	1.006564e+00	4.965593e+00	6.928487e-01	2.455419e-01	2.015269e+00	8.043920e-01	1.042259e+00	6.968798e+01	1.436545e+02	3.070911e-01	4.257151e-02	-2.809148e-14	
5  103.077	2.272510e+00	1.283112e-01	6.947456e-01	3.000223e+00	9.644094e-01	3.039005e-02	3.770179e-01	7.239109e-01	3.809288e+00	1.003180e+00	5.027286e+00	6.856785e-01	2.455411e-01	2.009255e+00	8.085735e-01	1.042745e+00	6.946063e+01	1.428074e+02	3.143671e-01	4.804701e-02	3.800746e-14	
3  101.343	2.249873e+00	1.265679e-01	6.800135e-01	3.044788e+00	9.589436e-01	4.997023e-02	2.314947e-01	6.289807e-01	3.930005e+00	1.003647e+00	7.319069e+00	6.762542e-01	2.454436e-01	2.100209e+00	8.237442e-01	1.042175e+00	6.799678e+01	1.441479e+02	3.236908e-01	3.009091e-02	1.548579e-13	
3  101.909	2.239549e+00	1.232965e-01	6.750589e-01	3.069910e+00	9.556147e-01	5.900699e-02	1.015377e-01	6.663465e-01	4.076359e+00	1.006383e+00	8.218082e+00	6.788397e-01	2.453980e-01	2.153562e+00	8.264816e-01	1.042096e+00	6.750287e+01	1.457049e+02	3.211967e-01	1.340975e-02	1.729542e-13	
1  101.978	2.267835e+00	1.281023e-01	6.882412e-01	3.029279e+00	9.555963e-01	4.389851e-02	3.394617e-01	3.354927e-01	3.595125e+00	1.002816e+00	6.645993e+00	6.803798e-01	2.455203e-01	2.068128e+00	8.174291e-01	1.042007e+00	6.881821e+01	1.430757e+02	3.196290e-01	4.361065e-02	6.554034e-14	
1  101.932	2.266406e+00	1.214858e-01	6.885354e-01	3.039610e+00	9.593282e-01	4.766449e-02	1.423943e-01	1.395451e-01	3.672781e+00	1.005458e+00	6.953488e+00	6.946086e-01	2.455127e-01	2.089934e+00	8.071519e-01	1.042089e+00	6.885040e+01	1.456779e+02	3.054519e-01	1.888035e-02	8.579362e-14	
1  101.87	2.266406e+00	1.214858e-01	6.885354e-01	3.039610e+00	9.593282e-01	4.766449e-02	1.423943e-01	1.395451e-01	3.672781e+00	1.006146e+00	6.953488e+00	6.946086e-01	2.455127e-01	2.089934e+00	8.071519e-01	1.042089e+00	6.885040e+01	1.456779e+02	3.054519e-01	1.888035e-02	8.579362e-14	
1  102.753	2.295819e+00	1.216118e-01	7.088578e-01	3.057720e+00	9.626031e-01	6.377335e-02	2.868697e-01	1.273002e-01	3.313354e+00	1.003151e+00	8.548439e+00	7.109665e-01	2.456349e-01	2.127934e+00	8.109016e-01	1.042415e+00	7.088398e+01	1.446364e+02	2.890163e-01	3.709888e-02	-9.589512e-14	
8  102.485	2.276110e+00	1.213833e-01	6.814920e-01	3.058787e+00	9.555396e-01	6.065601e-02	7.549241e-02	7.741468e-02	3.107769e+00	1.001084e+00	8.269969e+00	6.883327e-01	2.455513e-01	2.130091e+00	8.148271e-01	1.041945e+00	6.813952e+01	1.459240e+02	3.117447e-01	1.037016e-02	-2.286304e-14	
7  103.83	2.276110e+00	1.213833e-01	6.814920e-01	3.058787e+00	9.555396e-01	6.065601e-02	7.549241e-02	7.741468e-02	3.107769e+00	9.977819e-01	8.269969e+00	6.883327e-01	2.455513e-01	2.130091e+00	8.148271e-01	1.041945e+00	6.813952e+01	1.459240e+02	3.117447e-01	1.037016e-02	-2.286304e-14	
3  103.778	2.291697e+00	1.292017e-01	6.972780e-01	3.056261e+00	9.619872e-01	6.209897e-02	4.400304e-01	3.162164e-01	3.084285e+00	9.978791e-01	8.530383e+00	6.857734e-01	2.456184e-01	2.124312e+00	8.302614e-01	1.041732e+00	6.971800e+01	1.421025e+02	3.140835e-01	5.571397e-02	3.442727e-15	
5  102.278	2.291697e+00	1.292017e-01	6.972780e-01	3.056261e+00	9.619872e-01	6.209897e-02	4.400304e-01	3.162164e-01	3.084285e+00	1.000476e+00	8.530383e+00	6.857734e-01	2.456184e-01	2.124312e+00	8.302614e-01	1.041732e+00	6.971800e+01	1.421025e+02	3.140835e-01	5.571397e-02	3.442727e-15	
5  101.35	2.257842e+00	1.252390e-01	6.774119e-01	3.056834e+00	9.593079e-01	6.121985e-02	1.742468e-01	6.188232e-01	3.430164e+00	9.988568e-01	8.437089e+00	6.765757e-01	2.454750e-01	2.125280e+00	8.255377e-01	1.041796e+00	6.773546e+01	1.446685e+02	3.233314e-01	2.292096e-02	6.507058e-14	
8  101.409	2.257842e+00	1.252390e-01	6.774119e-01	3.056834e+00	9.593079e-01	6.121985e-02	1.742468e-01	6.188232e-01	3.430164e+00	9.993740e-01	8.437089e+00	6.765757e-01	2.454750e-01	2.125280e+00	8.255377e-01	1.041796e+00	6.773546e+01	1.446685e+02	3.233314e-01	2.292096e-02	6.507058e-14	
2  101.624	2.193877e+00	1.253603e-01	6.613522e-01	3.048788e+00	9.566921e-01	5.359233e-02	9.435859e-02	6.483009e-01	3.510954e+00	1.001605e+00	7.801861e+00	6.617022e-01	2.452031e-01	2.108297e+00	8.259555e-01	1.041582e+00	6.614217e+01	1.457032e+02	3.381461e-01	1.257977e-02	3.952440e-14	
6  101.984	2.193877e+00	1.253603e-01	6.613522e-01	3.048788e+00	9.566921e-01	5.359233e-02	9.435859e-02	6.483009e-01	3.510954e+00	9.994684e-01	7.801861e+00	6.617022e-01	2.452031e-01	2.108297e+00	8.259555e-01	1.041582e+00	6.614217e+01	1.457032e+02	3.381461e-01	1.257977e-02	3.952440e-14	
4  102.838	2.191736e+00	1.246172e-01	6.601413e-01	3.074342e+00	9.584380e-01	6.513406e-02	7.496344e-02	8.426407e-01	3.816393e+00	1.001113e+00	8.955369e+00	6.620036e-01	2.451915e-01	2.162668e+00	8.349935e-01	1.041184e+00	6.601125e+01	1.460104e+02	3.378121e-01	1.001138e-02	-8.414108e-14	
7  102.46	2.191736e+00	1.246172e-01	6.601413e-01	3.074342e+00	9.584380e-01	6.513406e-02	7.496344e-02	8.426407e-01	3.816393e+00	1.002103e+00	8.955369e+00	6.620036e-01	2.451915e-01	2.162668e+00	8.349935e-01	1.041184e+00	6.601125e+01	1.460104e+02	3.378121e-01	1.001138e-02	-8.414108e-14	
2  102.971	2.191553e+00	1.276439e-01	6.635553e-01	3.055690e+00	9.502186e-01	5.430062e-02	1.896619e-01	4.874574e-01	3.835585e+00	1.002663e+00	7.926854e+00	6.587667e-01	2.451926e-01	2.123044e+00	8.311409e-01	1.041350e+00	6.635690e+01	1.446989e+02	3.411095e-01	2.492534e-02	5.747583e-14	
5  102.149	2.216127e+00	1.215992e-01	6.676255e-01	3.068497e+00	9.580369e-01	5.604254e-02	1.789236e-02	7.879458e-01	3.974738e+00	1.008031e+00	7.927748e+00	6.758738e-01	2.452975e-01	2.150619e+00	8.239003e-01	1.041648e+00	6.676264e+01	1.468098e+02	3.240969e-01	2.351798e-03	1.461947e-13	
1  102.266	2.231773e+00	1.242762e-01	6.904782e-01	3.061163e+00	9.631082e-01	5.979415e-02	2.583047e-01	6.559281e-01	4.456948e+00	1.005113e+00	8.344642e+00	6.909886e-01	2.453676e-01	2.134811e+00	8.248118e-01	1.042511e+00	6.904145e+01	1.447847e+02	3.089157e-01	3.336853e-02	9.256583e-14	
1  101.267	2.225042e+00	1.232021e-01	6.848863e-01	3.041256e+00	9.645856e-01	5.310252e-02	1.873571e-01	4.323729e-01	4.524210e+00	1.001759e+00	7.657340e+00	6.883780e-01	2.453397e-01	2.092848e+00	8.157457e-01	1.042363e+00	6.848450e+01	1.454643e+02	3.114999e-01	2.456364e-02	3.965683e-14	
1  102.132	2.250725e+00	1.249979e-01	7.053526e-01	3.064683e+00	9.692065e-01	7.292757e-02	3.895819e-01	5.315589e-01	4.458576e+00	9.980461e-01	9.582849e+00	7.020729e-01	2.454488e-01	2.142558e+00	8.262855e-01	1.042643e+00	7.051894e+01	1.437797e+02	2.977949e-01	4.964374e-02	4.198216e-15	
2  103.125	2.224738e+00	1.232653e-01	6.906066e-01	3.039620e+00	9.653686e-01	5.584921e-02	2.141045e-01	7.391216e-01	4.745994e+00	9.991223e-01	7.944925e+00	6.933560e-01	2.453386e-01	2.089550e+00	8.155286e-01	1.043200e+00	6.905245e+01	1.453248e+02	3.065659e-01	2.784914e-02	1.350377e-13	
2  103.841	2.247676e+00	1.280843e-01	7.104720e-01	3.039311e+00	9.674867e-01	5.432104e-02	5.062789e-01	7.613077e-01	4.128849e+00	1.002963e+00	7.825873e+00	7.003128e-01	2.454376e-01	2.088735e+00	8.228177e-01	1.043434e+00	7.104623e+01	1.425242e+02	2.996097e-01	6.356204e-02	1.570376e-13	
3  104.786	2.241446e+00	1.274029e-01	7.135856e-01	3.067676e+00	9.681502e-01	7.066341e-02	5.190579e-01	6.615486e-01	4.331865e+00	1.002305e+00	9.439266e+00	7.042998e-01	2.454107e-01	2.148973e+00	8.323654e-01	1.043388e+00	7.135108e+01	1.426977e+02	2.955633e-01	6.484184e-02	1.100177e-13	
3  103.702	2.254203e+00	1.306765e-01	7.253758e-01	3.025005e+00	9.681953e-01	5.480374e-02	7.181539e-01	5.722984e-01	4.300280e+00	9.993548e-01	7.914689e+00	7.074470e-01	2.454675e-01	2.059205e+00	8.190148e-01	1.043157e+00	7.254249e+01	1.409029e+02	2.924689e-01	8.797970e-02	2.189539e-14	
3  102.086	2.228116e+00	1.215162e-01	6.939126e-01	3.014495e+00	9.661371e-01	4.571264e-02	2.129239e-01	9.329115e-01	4.907515e+00	9.988151e-01	6.838906e+00	6.998305e-01	2.453542e-01	2.038158e+00	7.990776e-01	1.042321e+00	6.940441e+01	1.457525e+02	3.000514e-01	2.772937e-02	-1.964811e-14	
2  101.904	2.228116e+00	1.215162e-01	6.939126e-01	3.014495e+00	9.661371e-01	4.571264e-02	2.129239e-01	9.329115e-01	4.907515e+00	9.994236e-01	6.838906e+00	6.998305e-01	2.453542e-01	2.038158e+00	7.990776e-01	1.042321e+00	6.940441e+01	1.457525e+02	3.000514e-01	2.772937e-02	-1.964811e-14	
10  101.454	2.231831e+00	1.252512e-01	6.886285e-01	3.029521e+00	9.593388e-01	5.009617e-02	2.740776e-01	9.082924e-01	4.305417e+00	9.995383e-01	7.365167e+00	6.873564e-01	2.453689e-01	2.068653e+00	8.132852e-01	1.042432e+00	6.886176e+01	1.444676e+02	3.126054e-01	3.552916e-02	1.150615e-13	
8  102.546	2.212174e+00	1.218913e-01	6.749631e-01	3.082490e+00	9.562429e-01	7.180979e-02	7.855044e-02	7.655830e-01	4.910051e+00	1.002087e+00	9.497581e+00	6.822081e-01	2.452806e-01	2.180867e+00	8.289901e-01	1.042146e+00	6.749151e+01	1.464789e+02	3.177325e-01	1.020544e-02	6.264541e-14	
4  103.1	2.212174e+00	1.218913e-01	6.749631e-01	3.082490e+00	9.562429e-01	7.180979e-02	7.855044e-02	7.655830e-01	4.910051e+00	1.000539e+00	9.497581e+00	6.822081e-01	2.452806e-01	2.180867e+00	8.289901e-01	1.042146e+00	6.749151e+01	1.464789e+02	3.177325e-01	1.020544e-02	6.264541e-14	
5  103.002	2.230180e+00	1.194839e-01	6.843206e-01	3.076285e+00	9.613839e-01	7.173778e-02	6.401376e-02	6.185514e-01	4.366189e+00	9.997306e-01	9.397820e+00	6.956596e-01	2.453581e-01	2.167626e+00	8.199388e-01	1.042425e+00	6.843511e+01	1.469848e+02	3.042391e-01	8.306742e-03	3.145132e-14	
3  103.261	2.229588e+00	1.198736e-01	6.809711e-01	3.082168e+00	9.585929e-01	7.639790e-02	5.084978e-02	3.843698e-01	4.105770e+00	9.973348e-01	9.835788e+00	6.918225e-01	2.453554e-01	2.180575e+00	8.231198e-01	1.042311e+00	6.810100e+01	1.469514e+02	3.080894e-01	6.677050e-03	2.353638e-15	
13  101.597	2.235091e+00	1.237268e-01	6.846674e-01	3.056706e+00	9.608361e-01	6.122354e-02	1.997393e-01	2.532123e-02	4.879097e+00	9.997903e-01	8.475680e+00	6.868802e-01	2.453817e-01	2.125215e+00	8.216155e-01	1.042136e+00	6.844949e+01	1.451643e+02	3.129942e-01	2.609470e-02	2.918597e-14	
9  102.182	2.255712e+00	1.246604e-01	6.940438e-01	3.067727e+00	9.642011e-01	6.469348e-02	3.011968e-01	6.624029e-02	4.522630e+00	1.003256e+00	8.784535e+00	6.929125e-01	2.454688e-01	2.148839e+00	8.264232e-01	1.041847e+00	6.938109e+01	1.442294e+02	3.069600e-01	3.887865e-02	7.112883e-15	
8  102.835	2.245872e+00	1.210602e-01	6.818364e-01	3.030440e+00	9.757966e-01	4.604348e-02	1.001935e-01	2.088963e-01	4.770788e+00	1.002770e+00	6.793070e+00	6.896509e-01	2.454271e-01	2.070466e+00	8.088651e-01	1.041673e+00	6.818248e+01	1.462167e+02	3.102003e-01	1.329741e-02	2.230648e-14	
1  101.929	2.229868e+00	1.187127e-01	6.789215e-01	3.010821e+00	9.705380e-01	4.174671e-02	1.885058e-02	4.070221e-01	4.218634e+00	9.979318e-01	6.324319e+00	6.924607e-01	2.453591e-01	2.030501e+00	7.943722e-01	1.041598e+00	6.790647e+01	1.474113e+02	3.073677e-01	2.662085e-03	3.951136e-14	
1  102.582	2.212601e+00	1.213316e-01	6.777790e-01	3.005873e+00	9.710351e-01	4.290374e-02	8.775367e-02	3.450939e-01	4.452595e+00	9.944260e-01	6.534226e+00	6.860098e-01	2.452879e-01	2.020140e+00	8.004291e-01	1.042081e+00	6.778505e+01	1.465720e+02	3.138624e-01	1.176604e-02	-8.646837e-14	
3  102.78	2.198910e+00	1.206545e-01	6.711017e-01	3.003192e+00	9.607631e-01	4.183070e-02	2.057135e-02	3.944941e-01	4.731706e+00	9.924226e-01	6.443494e+00	6.816258e-01	2.452297e-01	2.015430e+00	7.963951e-01	1.042077e+00	6.712391e+01	1.472325e+02	3.182699e-01	2.966642e-03	-5.220752e-14	
7  103.739	2.220668e+00	1.275357e-01	6.750609e-01	3.012388e+00	9.598778e-01	5.027146e-02	2.508370e-01	5.691197e-01	4.915162e+00	9.881479e-01	7.430738e+00	6.701637e-01	2.453204e-01	2.032740e+00	8.139199e-01	1.041815e+00	6.750646e+01	1.441404e+02	3.297464e-01	3.238715e-02	2.017487e-14	
4  103.786	2.218612e+00	1.321189e-01	6.882054e-01	3.000160e+00	9.591736e-01	3.789202e-02	5.003292e-01	9.240810e-01	4.243450e+00	9.956829e-01	6.111134e+00	6.726839e-01	2.453153e-01	2.008939e+00	8.161157e-01	1.041954e+00	6.882935e+01	1.419156e+02	3.271630e-01	6.290656e-02	-1.116278e-13	
1  103.358	2.210233e+00	1.260674e-01	6.777574e-01	2.982850e+00	9.605311e-01	2.661747e-02	2.494357e-01	9.987553e-01	3.921975e+00	9.975633e-01	4.631862e+00	6.757185e-01	2.452804e-01	1.974793e+00	7.980084e-01	1.041480e+00	6.779190e+01	1.446387e+02	3.241054e-01	3.233360e-02	-2.897993e-13	
1  102.799	2.294881e+00	1.261803e-01	7.200126e-01	3.021120e+00	9.812073e-01	5.200232e-02	5.313634e-01	8.536963e-01	3.386107e+00	9.991365e-01	7.451925e+00	7.110438e-01	2.456324e-01	2.051028e+00	8.102070e-01	1.042151e+00	7.200366e+01	1.423822e+02	2.889140e-01	6.655154e-02	-3.098976e-15	
1  101.928	2.294881e+00	1.261803e-01	7.200126e-01	3.021120e+00	9.812073e-01	5.200232e-02	5.313634e-01	8.536963e-01	3.386107e+00	1.000831e+00	7.451925e+00	7.110438e-01	2.456324e-01	2.051028e+00	8.102070e-01	1.042151e+00	7.200366e+01	1.423822e+02	2.889140e-01	6.655154e-02	-3.098976e-15	
6  101.175	2.246449e+00	1.255304e-01	6.924421e-01	3.066754e+00	9.642184e-01	6.836985e-02	3.167654e-01	7.243206e-01	3.146166e+00	1.001156e+00	9.172677e+00	6.898481e-01	2.454289e-01	2.146816e+00	8.289004e-01	1.041994e+00	6.922895e+01	1.440379e+02	3.100534e-01	4.084326e-02	3.986303e-14	
1  102.699	2.305590e+00	1.263080e-01	7.052415e-01	3.065643e+00	9.620642e-01	7.165161e-02	3.974880e-01	9.272648e-01	2.504415e+00	9.975546e-01	9.353536e+00	6.982675e-01	2.456751e-01	2.144645e+00	8.259851e-01	1.042188e+00	7.050823e+01	1.428478e+02	3.016924e-01	5.070665e-02	-6.434703e-14	
3  102.444	2.289210e+00	1.309072e-01	7.069808e-01	3.070061e+00	9.615608e-01	7.142799e-02	5.570605e-01	8.983790e-01	2.054477e+00	9.997851e-01	9.475424e+00	6.908368e-01	2.456077e-01	2.154191e+00	8.387162e-01	1.042406e+00	7.068202e+01	1.411996e+02	3.090550e-01	6.943653e-02	6.026123e-14	
4  102.044	2.267362e+00	1.281867e-01	6.841392e-01	3.046001e+00	9.580108e-01	5.847445e-02	3.082195e-01	7.677144e-01	2.725537e+00	9.969768e-01	8.200953e+00	6.764536e-01	2.455153e-01	2.102428e+00	8.260939e-01	1.041943e+00	6.840559e+01	1.432138e+02	3.234698e-01	3.961049e-02	8.712765e-14	
2  101.075	2.277695e+00	1.257170e-01	7.009504e-01	3.028604e+00	9.649280e-01	5.524894e-02	3.683149e-01	9.111684e-01	3.525421e+00	9.963911e-01	7.812956e+00	6.964421e-01	2.455606e-01	2.066459e+00	8.115866e-01	1.042091e+00	7.008831e+01	1.434215e+02	3.034975e-01	4.713320e-02	4.572086e-14	
2  101.532	2.276785e+00	1.260964e-01	7.123792e-01	3.023351e+00	9.680459e-01	5.694013e-02	4.653786e-01	7.007333e-01	3.682587e+00	9.949313e-01	8.004387e+00	7.053446e-01	2.455585e-01	2.055779e+00	8.094574e-01	1.042555e+00	7.123521e+01	1.428871e+02	2.945879e-01	5.881557e-02	-7.789582e-16	
8  102.195	2.247840e+00	1.256804e-01	6.799713e-01	3.050615e+00	9.666342e-01	6.163294e-02	1.960442e-01	6.918076e-01	4.227508e+00	9.967702e-01	8.516344e+00	6.782284e-01	2.454330e-01	2.112108e+00	8.271071e-01	1.042522e+00	6.798595e+01	1.445657e+02	3.216614e-01	2.550752e-02	1.274033e-13	
2  102.1	2.231744e+00	1.269863e-01	6.802059e-01	3.062233e+00	9.673783e-01	6.452787e-02	2.577690e-01	4.186544e-01	4.955884e+00	1.000193e+00	8.870379e+00	6.757929e-01	2.453659e-01	2.136892e+00	8.349995e-01	1.042246e+00	6.800800e+01	1.441087e+02	3.239848e-01	3.335622e-02	3.961082e-14	
3  102.684	2.232134e+00	1.227062e-01	6.952452e-01	3.055182e+00	9.780395e-01	6.283148e-02	2.483575e-01	6.101509e-01	4.492606e+00	1.003205e+00	8.614892e+00	6.984256e-01	2.453693e-01	2.122090e+00	8.224486e-01	1.042623e+00	6.950815e+01	1.452153e+02	3.014678e-01	3.230447e-02	-5.972628e-14	
3  102.393	2.220932e+00	1.215018e-01	6.934075e-01	3.021296e+00	9.722021e-01	4.707096e-02	2.050549e-01	7.108213e-01	4.540285e+00	1.001820e+00	6.991500e+00	6.995134e-01	2.453239e-01	2.051721e+00	8.044607e-01	1.042616e+00	6.934669e+01	1.458625e+02	3.003519e-01	2.680256e-02	-8.385023e-14	
2  102.288	2.247434e+00	1.214197e-01	7.014147e-01	3.020927e+00	9.696097e-01	4.622181e-02	2.396311e-01	5.705753e-01	4.769206e+00	1.002369e+00	6.845993e+00	7.060755e-01	2.454350e-01	2.051083e+00	8.014857e-01	1.042974e+00	7.014914e+01	1.454314e+02	2.938070e-01	3.119165e-02	4.060753e-15	
3  103.107	2.253611e+00	1.202540e-01	6.958912e-01	3.051424e+00	9.688826e-01	5.384276e-02	1.468984e-01	5.063516e-01	4.497292e+00	1.007479e+00	7.598003e+00	7.037114e-01	2.454586e-01	2.114262e+00	8.121310e-01	1.043151e+00	6.959428e+01	1.461158e+02	2.962502e-01	1.913851e-02	1.182783e-13	
2  104.262	2.253611e+00	1.202540e-01	6.958912e-01	3.051424e+00	9.688826e-01	5.384276e-02	1.468984e-01	5.063516e-01	4.497292e+00	1.010697e+00	7.598003e+00	7.037114e-01	2.454586e-01	2.114262e+00	8.121310e-01	1.043151e+00	6.959428e+01	1.461158e+02	2.962502e-01	1.913851e-02	1.182783e-13	
1  105.366	2.260351e+00	1.213743e-01	6.968611e-01	3.049473e+00	9.725498e-01	4.903698e-02	1.814251e-01	4.210807e-01	4.509604e+00	1.014039e+00	7.079640e+00	7.020779e-01	2.454882e-01	2.110197e+00	8.151695e-01	1.043244e+00	6.968736e+01	1.455807e+02	2.979520e-01	2.356427e-02	1.562787e-13	
