9  108.975	2.397903e+00	1.293257e-01	7.496462e-01	3.051078e+00	9.655079e-01	5.801363e-02	7.687548e-01	5.629455e-03	2.285263e+00	1.006463e+00	7.899631e+00	7.256060e-01	2.460508e-01	2.113758e+00	8.175662e-01	1.043066e+00	7.496443e+01	1.395223e+02	2.746366e-01	9.322388e-02	-4.899489e-13	
7  107.936	2.349236e+00	1.305012e-01	7.197238e-01	3.051442e+00	9.575211e-01	5.165655e-02	5.856454e-01	6.864690e-02	3.337397e+00	1.006741e+00	7.362803e+00	7.012968e-01	2.458575e-01	2.114469e+00	8.259522e-01	1.043083e+00	7.196509e+01	1.405504e+02	2.990549e-01	7.236250e-02	-1.247171e-13	
3  106.94	2.338386e+00	1.335236e-01	7.142099e-01	3.016933e+00	9.559594e-01	3.686666e-02	6.533028e-01	1.331782e-01	2.732953e+00	1.003771e+00	5.781051e+00	6.910774e-01	2.458132e-01	2.043093e+00	8.186005e-01	1.042546e+00	7.140511e+01	1.396645e+02	3.091483e-01	8.009318e-02	-1.756394e-13	
4  106.771	2.296850e+00	1.311993e-01	6.974321e-01	2.985661e+00	9.542953e-01	1.615305e-02	4.702439e-01	7.273326e-01	2.637377e+00	1.006394e+00	3.147863e+00	6.817309e-01	2.456436e-01	1.979887e+00	8.046067e-01	1.042610e+00	6.968171e+01	1.414165e+02	3.186271e-01	5.874127e-02	1.468763e-13	
3  107.31	2.313755e+00	1.236905e-01	6.982127e-01	2.997444e+00	9.519761e-01	2.992997e-02	2.331623e-01	9.780962e-01	2.890859e+00	9.997662e-01	4.847728e+00	6.975118e-01	2.457068e-01	2.005093e+00	7.915267e-01	1.042828e+00	6.978667e+01	1.441732e+02	3.030167e-01	3.071883e-02	5.969387e-14	
1  106.187	2.349100e+00	1.251894e-01	7.194133e-01	2.995453e+00	9.639717e-01	3.301099e-02	4.333184e-01	7.169329e-01	3.270351e+00	1.000279e+00	5.182832e+00	7.113349e-01	2.458521e-01	2.000470e+00	7.922788e-01	1.042776e+00	7.191946e+01	1.424955e+02	2.888644e-01	5.507461e-02	-1.293773e-13	
1  107.868	2.352386e+00	1.240166e-01	7.292879e-01	2.975483e+00	9.714980e-01	1.786719e-02	4.819498e-01	9.307511e-01	3.272698e+00	1.007703e+00	3.220402e+00	7.213300e-01	2.458647e-01	1.959940e+00	7.810593e-01	1.042694e+00	7.288898e+01	1.425035e+02	2.787489e-01	6.059806e-02	4.186085e-13	
2  105.252	2.341061e+00	1.266532e-01	7.213474e-01	3.047411e+00	9.673459e-01	5.193503e-02	5.195204e-01	6.015629e-01	3.889010e+00	1.008036e+00	7.342998e+00	7.102468e-01	2.458231e-01	2.106229e+00	8.164118e-01	1.042145e+00	7.212279e+01	1.418380e+02	2.898317e-01	6.506993e-02	-9.513088e-14	
2  105.35	2.325779e+00	1.216919e-01	7.081903e-01	3.060794e+00	9.754546e-01	6.263358e-02	2.967059e-01	8.777422e-01	4.140399e+00	1.004883e+00	8.350821e+00	7.096749e-01	2.457583e-01	2.134715e+00	8.138787e-01	1.041177e+00	7.079189e+01	1.442505e+02	2.903346e-01	3.831428e-02	1.350498e-13	
1  103.214	2.305666e+00	1.233066e-01	7.142446e-01	3.019487e+00	9.804488e-01	4.468492e-02	3.805151e-01	9.294057e-01	4.844640e+00	1.003714e+00	6.576944e+00	7.117032e-01	2.456760e-01	2.048114e+00	8.037292e-01	1.042306e+00	7.142065e+01	1.436681e+02	2.882286e-01	4.855582e-02	-7.462688e-16	
8  102.891	2.294568e+00	1.286601e-01	7.029735e-01	3.026976e+00	9.732213e-01	4.756562e-02	4.562105e-01	8.383148e-01	4.896399e+00	1.001085e+00	7.003017e+00	6.917560e-01	2.456310e-01	2.063299e+00	8.200305e-01	1.042235e+00	7.029691e+01	1.421402e+02	3.080954e-01	5.738286e-02	8.313172e-15	
7  102.5	2.294568e+00	1.286601e-01	7.029735e-01	3.026976e+00	9.732213e-01	4.756562e-02	4.562105e-01	8.383148e-01	4.896399e+00	1.002212e+00	7.003017e+00	6.917560e-01	2.456310e-01	2.063299e+00	8.200305e-01	1.042235e+00	7.029691e+01	1.421402e+02	3.080954e-01	5.738286e-02	8.313172e-15	
14  103.419	2.285734e+00	1.298572e-01	7.076070e-01	3.064752e+00	9.765887e-01	6.771664e-02	5.561625e-01	7.862422e-01	4.404322e+00	1.003340e+00	9.110675e+00	6.935028e-01	2.455935e-01	2.142917e+00	8.377760e-01	1.041690e+00	7.075323e+01	1.414863e+02	3.063022e-01	6.948609e-02	1.173001e-14	
1  105.705	2.265053e+00	1.388263e-01	7.063536e-01	3.053986e+00	9.686757e-01	5.964681e-02	8.261867e-01	7.023906e-01	4.552007e+00	1.003962e+00	8.540860e+00	6.746086e-01	2.455056e-01	2.120247e+00	8.511125e-01	1.041769e+00	7.063850e+01	1.384873e+02	3.248349e-01	9.959958e-02	7.008817e-14	
2  106.296	2.259298e+00	1.359710e-01	7.211960e-01	3.073818e+00	9.794603e-01	7.691407e-02	8.670931e-01	7.360092e-01	3.686855e+00	1.002406e+00	1.017702e+01	6.935726e-01	2.454824e-01	2.163790e+00	8.545249e-01	1.042176e+00	7.210455e+01	1.389859e+02	3.062647e-01	1.046644e-01	-7.152352e-14	
2  105.271	2.265005e+00	1.350829e-01	7.137193e-01	3.050264e+00	9.777081e-01	6.762354e-02	7.557110e-01	6.063935e-01	3.743443e+00	9.977177e-01	9.269217e+00	6.890156e-01	2.455060e-01	2.112571e+00	8.442968e-01	1.042604e+00	7.136666e+01	1.396161e+02	3.108154e-01	9.199876e-02	6.603207e-14	
2  105.192	2.283572e+00	1.318465e-01	7.169790e-01	3.092299e+00	9.802633e-01	8.767683e-02	6.645807e-01	6.393414e-01	3.438679e+00	9.990219e-01	1.100648e+01	6.978085e-01	2.455827e-01	2.204292e+00	8.551010e-01	1.042842e+00	7.170196e+01	1.405548e+02	3.020877e-01	8.187595e-02	1.240557e-13	
1  106.649	2.248133e+00	1.284826e-01	7.065925e-01	3.078798e+00	9.813016e-01	8.392041e-02	4.898073e-01	7.746130e-01	3.731768e+00	9.958249e-01	1.067497e+01	6.962928e-01	2.454349e-01	2.174152e+00	8.453350e-01	1.043239e+00	7.063770e+01	1.424929e+02	3.037367e-01	6.165176e-02	1.074290e-13	
1  106.662	2.252927e+00	1.202359e-01	7.041998e-01	3.109125e+00	9.850555e-01	1.001374e-01	2.109987e-01	9.993447e-01	3.305839e+00	9.956216e-01	1.182138e+01	7.106608e-01	2.454531e-01	2.240447e+00	8.393618e-01	1.043361e+00	7.040546e+01	1.458291e+02	2.893437e-01	2.722929e-02	1.543792e-13	
1  106.683	2.252927e+00	1.202359e-01	7.041998e-01	3.109125e+00	9.850555e-01	1.001374e-01	2.109987e-01	9.993447e-01	3.305839e+00	9.958140e-01	1.182138e+01	7.106608e-01	2.454531e-01	2.240447e+00	8.393618e-01	1.043361e+00	7.040546e+01	1.458291e+02	2.893437e-01	2.722929e-02	1.543792e-13	
3  105.132	2.248866e+00	1.305788e-01	7.078941e-01	3.082705e+00	9.751976e-01	8.500487e-02	5.730822e-01	7.343426e-01	2.599029e+00	9.964885e-01	1.081356e+01	6.931214e-01	2.454386e-01	2.182832e+00	8.489736e-01	1.042923e+00	7.077047e+01	1.416118e+02	3.068340e-01	7.136527e-02	8.149054e-14	
4  105.598	2.255040e+00	1.264977e-01	7.052264e-01	3.096278e+00	9.776718e-01	9.242671e-02	4.121030e-01	9.322447e-01	2.816963e+00	9.955943e-01	1.134369e+01	6.988617e-01	2.454638e-01	2.212476e+00	8.468782e-01	1.043242e+00	7.050429e+01	1.432679e+02	3.011184e-01	5.217818e-02	1.339329e-13	
3  105.943	2.197723e+00	1.274138e-01	6.766646e-01	3.079972e+00	9.586832e-01	7.404181e-02	2.389701e-01	6.647315e-01	3.079810e+00	9.986690e-01	9.877135e+00	6.721025e-01	2.452203e-01	2.175994e+00	8.434047e-01	1.043164e+00	6.764878e+01	1.444474e+02	3.278404e-01	3.059099e-02	2.703858e-13	
1  105.07	2.190381e+00	1.262789e-01	6.650152e-01	3.106811e+00	9.570590e-01	8.288059e-02	1.285915e-01	5.293525e-01	2.809871e+00	1.001119e+00	1.068228e+01	6.630881e-01	2.451852e-01	2.235206e+00	8.533192e-01	1.042507e+00	6.650288e+01	1.453355e+02	3.367985e-01	1.640266e-02	4.115310e-14	
6  105.428	2.191929e+00	1.297577e-01	6.687936e-01	3.099731e+00	9.579911e-01	8.271847e-02	2.789493e-01	1.949575e-01	2.719981e+00	9.990108e-01	1.074431e+01	6.590906e-01	2.451915e-01	2.219718e+00	8.568141e-01	1.041971e+00	6.687392e+01	1.437406e+02	3.407233e-01	3.581113e-02	-1.162494e-13	
5  105.19	2.189185e+00	1.263092e-01	6.675290e-01	3.112122e+00	9.616191e-01	8.957221e-02	1.671187e-01	2.665151e-01	2.376081e+00	9.992007e-01	1.127842e+01	6.654356e-01	2.451796e-01	2.247588e+00	8.557484e-01	1.042014e+00	6.675166e+01	1.451569e+02	3.344616e-01	2.156296e-02	-1.910323e-13	
3  104.52	2.227901e+00	1.285521e-01	6.834111e-01	3.100875e+00	9.681732e-01	8.796364e-02	3.386133e-01	4.465309e-01	2.198330e+00	9.977377e-01	1.108865e+01	6.753842e-01	2.453469e-01	2.222597e+00	8.543387e-01	1.042132e+00	6.833920e+01	1.433875e+02	3.244846e-01	4.330935e-02	-5.157385e-14	
3  104.743	2.241990e+00	1.316084e-01	6.852850e-01	3.103514e+00	9.597261e-01	8.845106e-02	4.429420e-01	4.680261e-01	2.164156e+00	9.972602e-01	1.115998e+01	6.703077e-01	2.454058e-01	2.228428e+00	8.585758e-01	1.041829e+00	6.852711e+01	1.420280e+02	3.294843e-01	5.596513e-02	-6.025080e-14	
5  104.037	2.225102e+00	1.279138e-01	6.662699e-01	3.085132e+00	9.618651e-01	7.635912e-02	1.820287e-01	2.127971e-01	2.213089e+00	9.970770e-01	1.002799e+01	6.603654e-01	2.453332e-01	2.186568e+00	8.473888e-01	1.041772e+00	6.664020e+01	1.443214e+02	3.394140e-01	2.356064e-02	-4.278515e-14	
6  105.17	2.294723e+00	1.288674e-01	6.979569e-01	3.119436e+00	9.721926e-01	9.614026e-02	4.219615e-01	2.409240e-01	2.033022e+00	9.994182e-01	1.163528e+01	6.868053e-01	2.456284e-01	2.264856e+00	8.600633e-01	1.042106e+00	6.982783e+01	1.422484e+02	3.129936e-01	5.334254e-02	-1.660232e-14	
1  105.295	2.294723e+00	1.288674e-01	6.979569e-01	3.119436e+00	9.721926e-01	9.614026e-02	4.219615e-01	2.409240e-01	2.033022e+00	9.999778e-01	1.163528e+01	6.868053e-01	2.456284e-01	2.264856e+00	8.600633e-01	1.042106e+00	6.982783e+01	1.422484e+02	3.129936e-01	5.334254e-02	-1.660232e-14	
9  103.971	2.282674e+00	1.253714e-01	7.026116e-01	3.116006e+00	9.754198e-01	9.995768e-02	3.722405e-01	5.953460e-01	2.125956e+00	9.977723e-01	1.187260e+01	6.983117e-01	2.455785e-01	2.256577e+00	8.497477e-01	1.041943e+00	7.026860e+01	1.434400e+02	3.016301e-01	4.767033e-02	8.150693e-14	
4  104.211	2.282674e+00	1.253714e-01	7.026116e-01	3.116006e+00	9.754198e-01	9.995768e-02	3.722405e-01	5.953460e-01	2.125956e+00	9.983404e-01	1.187260e+01	6.983117e-01	2.455785e-01	2.256577e+00	8.497477e-01	1.041943e+00	7.026860e+01	1.434400e+02	3.016301e-01	4.767033e-02	8.150693e-14	
3  103.849	2.282099e+00	1.298621e-01	6.981837e-01	3.087491e+00	9.669328e-01	8.236583e-02	4.581645e-01	4.811630e-01	2.424638e+00	9.983233e-01	1.047712e+01	6.853654e-01	2.455765e-01	2.192599e+00	8.473909e-01	1.042294e+00	6.982012e+01	1.419673e+02	3.144420e-01	5.774371e-02	2.586003e-14	
2  102.872	2.291589e+00	1.275906e-01	7.081675e-01	3.077103e+00	9.621214e-01	7.822672e-02	4.690926e-01	5.000441e-01	2.399712e+00	9.990774e-01	1.001975e+01	6.984605e-01	2.456178e-01	2.169653e+00	8.335675e-01	1.042310e+00	7.080610e+01	1.423499e+02	3.014584e-01	5.933730e-02	-2.277158e-14	
1  102.904	2.306863e+00	1.283290e-01	7.175781e-01	3.056257e+00	9.630068e-01	6.937436e-02	5.492009e-01	5.778821e-01	2.084893e+00	9.986687e-01	9.189096e+00	7.046250e-01	2.456813e-01	2.124735e+00	8.251102e-01	1.042681e+00	7.174889e+01	1.416541e+02	2.953376e-01	6.866932e-02	-4.391391e-14	
2  102.655	2.306863e+00	1.283290e-01	7.175781e-01	3.056257e+00	9.630068e-01	6.937436e-02	5.492009e-01	5.778821e-01	2.084893e+00	9.977983e-01	9.189096e+00	7.046250e-01	2.456813e-01	2.124735e+00	8.251102e-01	1.042681e+00	7.174889e+01	1.416541e+02	2.953376e-01	6.866932e-02	-4.391391e-14	
5  100.924	2.275992e+00	1.261750e-01	7.021774e-01	3.018344e+00	9.670015e-01	4.914329e-02	3.904800e-01	8.436862e-01	2.032353e+00	9.980250e-01	7.179754e+00	6.966175e-01	2.455537e-01	2.045421e+00	8.090901e-01	1.042210e+00	7.021832e+01	1.432340e+02	3.033499e-01	4.978666e-02	5.388809e-14	
11  100.987	2.270875e+00	1.218994e-01	6.825188e-01	3.039832e+00	9.648676e-01	5.450574e-02	1.046751e-01	8.604336e-01	2.657397e+00	9.993574e-01	7.660302e+00	6.882122e-01	2.455293e-01	2.089772e+00	8.110437e-01	1.041931e+00	6.824751e+01	1.457182e+02	3.117720e-01	1.397883e-02	1.157371e-13	
2  100.9	2.219783e+00	1.221812e-01	6.644615e-01	3.019005e+00	9.579601e-01	4.203253e-02	5.627819e-03	8.361031e-01	2.804701e+00	9.989148e-01	6.419536e+00	6.715901e-01	2.453145e-01	2.046973e+00	8.057695e-01	1.041641e+00	6.645901e+01	1.466870e+02	3.283800e-01	9.886026e-04	1.363461e-13	
8  101.014	2.219783e+00	1.221812e-01	6.644615e-01	3.019005e+00	9.579601e-01	4.203253e-02	5.627819e-03	8.361031e-01	2.804701e+00	9.971141e-01	6.419536e+00	6.715901e-01	2.453145e-01	2.046973e+00	8.057695e-01	1.041641e+00	6.645901e+01	1.466870e+02	3.283800e-01	9.886026e-04	1.363461e-13	
8  102.1	2.275152e+00	1.255790e-01	6.893660e-01	3.051342e+00	9.706557e-01	5.858968e-02	2.602506e-01	5.963546e-01	2.796525e+00	9.999504e-01	8.140872e+00	6.865025e-01	2.455485e-01	2.113961e+00	8.254926e-01	1.042279e+00	6.893525e+01	1.440011e+02	3.134205e-01	3.361294e-02	8.914154e-14	
4  102.088	2.273577e+00	1.226107e-01	6.933157e-01	3.031981e+00	9.774658e-01	5.450442e-02	2.109152e-01	8.021492e-01	2.304408e+00	9.972845e-01	7.668053e+00	6.962267e-01	2.455409e-01	2.073249e+00	8.113365e-01	1.042128e+00	6.933314e+01	1.449994e+02	3.037710e-01	2.748552e-02	1.138985e-13	
2  101.735	2.273577e+00	1.226107e-01	6.933157e-01	3.031981e+00	9.774658e-01	5.450442e-02	2.109152e-01	8.021492e-01	2.304408e+00	9.987943e-01	7.668053e+00	6.962267e-01	2.455409e-01	2.073249e+00	8.113365e-01	1.042128e+00	6.933314e+01	1.449994e+02	3.037710e-01	2.748552e-02	1.138985e-13	
7  103.821	2.235845e+00	1.222165e-01	6.857138e-01	2.993236e+00	9.792234e-01	3.892770e-02	1.700379e-01	9.795466e-01	2.460036e+00	9.958669e-01	6.022461e+00	6.908578e-01	2.453847e-01	1.994417e+00	7.974183e-01	1.041899e+00	6.859551e+01	1.457148e+02	3.091540e-01	2.217588e-02	4.180335e-15	
1  103.649	2.237384e+00	1.183424e-01	6.849979e-01	2.991421e+00	9.785250e-01	3.973975e-02	5.809407e-02	7.073425e-01	2.305772e+00	9.950854e-01	6.065717e+00	6.984839e-01	2.453904e-01	1.990997e+00	7.863040e-01	1.041440e+00	6.853461e+01	1.472515e+02	3.014651e-01	7.580552e-03	1.269054e-13	
7  103.913	2.237384e+00	1.183424e-01	6.849979e-01	2.991421e+00	9.785250e-01	3.973975e-02	5.809407e-02	7.073425e-01	2.305772e+00	9.961393e-01	6.065717e+00	6.984839e-01	2.453904e-01	1.990997e+00	7.863040e-01	1.041440e+00	6.853461e+01	1.472515e+02	3.014651e-01	7.580552e-03	1.269054e-13	
1  103.293	2.244933e+00	1.264956e-01	7.002275e-01	2.997715e+00	9.703714e-01	4.704289e-02	4.257237e-01	2.982455e-01	2.083507e+00	9.934359e-01	7.015387e+00	6.948534e-01	2.454272e-01	2.003404e+00	8.025694e-01	1.041638e+00	7.004614e+01	1.433286e+02	3.051592e-01	5.380363e-02	-3.441731e-14	
2  103.475	2.283770e+00	1.220295e-01	7.082413e-01	3.042471e+00	9.790960e-01	7.120738e-02	3.004580e-01	2.306720e-01	2.276403e+00	9.925030e-01	9.276519e+00	7.098910e-01	2.455843e-01	2.095217e+00	8.115933e-01	1.042537e+00	7.081478e+01	1.445993e+02	2.900926e-01	3.874506e-02	-1.356481e-14	
2  103.177	2.283770e+00	1.220295e-01	7.082413e-01	3.042471e+00	9.790960e-01	7.120738e-02	3.004580e-01	2.306720e-01	2.276403e+00	9.909195e-01	9.276519e+00	7.098910e-01	2.455843e-01	2.095217e+00	8.115933e-01	1.042537e+00	7.081478e+01	1.445993e+02	2.900926e-01	3.874506e-02	-1.356481e-14	
1  101.4	2.281993e+00	1.183830e-01	6.948969e-01	3.051055e+00	9.745003e-01	6.453657e-02	9.594749e-02	4.093048e-01	2.835023e+00	9.983666e-01	8.574133e+00	7.062437e-01	2.455752e-01	2.113459e+00	8.064388e-01	1.041891e+00	6.948425e+01	1.465444e+02	2.936705e-01	1.290324e-02	5.650278e-14	
1  102.855	2.288816e+00	1.150704e-01	6.980285e-01	3.032774e+00	9.805448e-01	6.055548e-02	9.024193e-03	1.956593e-01	3.621104e+00	9.949952e-01	8.112589e+00	7.153869e-01	2.456017e-01	2.075310e+00	7.916751e-01	1.042097e+00	6.980144e+01	1.477838e+02	2.844615e-01	1.433454e-03	1.586582e-14	
2  105.84	2.340407e+00	1.142672e-01	7.139149e-01	3.045482e+00	9.890038e-01	6.718461e-02	6.529397e-02	1.815726e-01	3.591527e+00	9.964116e-01	8.592591e+00	7.283309e-01	2.458107e-01	2.102126e+00	7.926979e-01	1.042510e+00	7.138589e+01	1.471648e+02	2.715390e-01	9.012349e-03	-1.586566e-13	
4  106.165	2.352726e+00	1.142558e-01	7.346296e-01	3.065843e+00	9.886462e-01	7.784826e-02	2.123507e-01	1.285964e-01	4.523766e+00	9.992265e-01	9.525853e+00	7.432020e-01	2.458620e-01	2.145102e+00	7.957770e-01	1.042982e+00	7.346722e+01	1.463077e+02	2.563452e-01	2.781271e-02	-5.039046e-13	
2  106.298	2.352726e+00	1.142558e-01	7.346296e-01	3.065843e+00	9.886462e-01	7.784826e-02	2.123507e-01	1.285964e-01	4.523766e+00	1.001841e+00	9.525853e+00	7.432020e-01	2.458620e-01	2.145102e+00	7.957770e-01	1.042982e+00	7.346722e+01	1.463077e+02	2.563452e-01	2.781271e-02	-5.039046e-13	
1  106.492	2.358065e+00	1.170177e-01	7.392385e-01	3.067299e+00	9.869800e-01	8.438373e-02	3.312001e-01	1.881925e-01	4.163408e+00	9.970305e-01	1.013911e+01	7.411917e-01	2.458858e-01	2.148279e+00	8.024426e-01	1.043059e+00	7.393194e+01	1.449418e+02	2.583678e-01	4.279162e-02	-4.788498e-13	
1  106.748	2.326844e+00	1.117525e-01	7.264444e-01	3.063526e+00	9.868089e-01	7.422326e-02	7.890562e-02	4.499936e-01	4.671873e+00	1.003217e+00	9.202543e+00	7.426060e-01	2.457541e-01	2.140189e+00	7.902227e-01	1.043218e+00	7.266585e+01	1.479448e+02	2.568548e-01	1.036403e-02	-5.485693e-13	
6  106.486	2.339892e+00	1.144851e-01	7.353520e-01	3.042941e+00	9.838365e-01	6.848823e-02	2.253258e-01	2.000376e-01	4.864633e+00	9.998314e-01	8.737815e+00	7.433405e-01	2.458100e-01	2.096762e+00	7.865493e-01	1.043324e+00	7.354574e+01	1.463237e+02	2.561195e-01	2.930463e-02	-6.325165e-13	
9  106.853	2.339892e+00	1.144851e-01	7.353520e-01	3.042941e+00	9.838365e-01	6.848823e-02	2.253258e-01	2.000376e-01	4.864633e+00	9.963848e-01	8.737815e+00	7.433405e-01	2.458100e-01	2.096762e+00	7.865493e-01	1.043324e+00	7.354574e+01	1.463237e+02	2.561195e-01	2.930463e-02	-6.325165e-13	
3  104.809	2.326445e+00	1.192074e-01	7.297840e-01	3.038072e+00	9.766105e-01	6.569465e-02	3.368788e-01	1.693280e-01	4.399420e+00	9.948922e-01	8.614594e+00	7.309353e-01	2.457593e-01	2.086522e+00	7.970231e-01	1.043361e+00	7.297830e+01	1.446872e+02	2.687494e-01	4.328068e-02	-3.977353e-13	
6  105.203	2.309810e+00	1.180906e-01	7.244195e-01	3.031127e+00	9.695516e-01	5.916208e-02	2.850169e-01	2.385136e-01	3.969430e+00	9.971031e-01	8.017695e+00	7.295380e-01	2.456913e-01	2.072627e+00	7.899159e-01	1.042866e+00	7.246500e+01	1.454009e+02	2.702022e-01	3.671789e-02	-2.872849e-13	
2  105.249	2.334710e+00	1.183897e-01	7.238878e-01	3.053945e+00	9.728370e-01	7.275049e-02	2.707885e-01	9.443317e-02	4.583642e+00	9.943551e-01	9.223958e+00	7.279455e-01	2.457934e-01	2.120141e+00	8.004338e-01	1.042840e+00	7.238803e+01	1.451175e+02	2.717309e-01	3.523915e-02	-4.620338e-13	
9  105.526	2.334710e+00	1.183897e-01	7.238878e-01	3.053945e+00	9.728370e-01	7.275049e-02	2.707885e-01	9.443317e-02	4.583642e+00	9.980365e-01	9.223958e+00	7.279455e-01	2.457934e-01	2.120141e+00	8.004338e-01	1.042840e+00	7.238803e+01	1.451175e+02	2.717309e-01	3.523915e-02	-4.620338e-13	
2  107.985	2.346393e+00	1.161669e-01	7.180409e-01	3.089865e+00	9.747769e-01	9.125809e-02	1.494383e-01	5.165981e-02	4.675973e+00	9.965389e-01	1.071366e+01	7.275019e-01	2.458405e-01	2.197757e+00	8.103467e-01	1.042638e+00	7.182096e+01	1.461761e+02	2.720200e-01	2.015887e-02	-5.528206e-13	
5  108.093	2.353007e+00	1.170321e-01	7.361657e-01	3.083582e+00	9.778856e-01	9.299749e-02	3.350089e-01	2.933900e-01	4.498772e+00	9.964767e-01	1.086369e+01	7.391915e-01	2.458681e-01	2.184061e+00	8.054745e-01	1.042214e+00	7.363284e+01	1.449627e+02	2.603571e-01	4.329171e-02	-3.499622e-13	
8  107.619	2.359249e+00	1.226320e-01	7.534954e-01	3.036363e+00	9.787238e-01	7.578601e-02	6.584086e-01	2.914369e-01	4.680402e+00	9.939939e-01	9.534788e+00	7.410852e-01	2.458956e-01	2.083373e+00	7.969360e-01	1.042021e+00	7.534732e+01	1.419618e+02	2.587468e-01	8.105606e-02	-1.267413e-13	
2  107.355	2.326614e+00	1.225139e-01	7.285917e-01	3.017494e+00	9.769849e-01	6.669647e-02	4.813216e-01	3.669416e-01	4.870059e+00	9.900030e-01	8.771666e+00	7.240770e-01	2.457635e-01	2.043884e+00	7.948661e-01	1.041647e+00	7.285928e+01	1.431414e+02	2.759035e-01	6.036287e-02	6.299671e-14	
1  108.201	2.336072e+00	1.252838e-01	7.338668e-01	3.011325e+00	9.756369e-01	6.629032e-02	5.930339e-01	3.184687e-01	4.564366e+00	9.875318e-01	8.760386e+00	7.226679e-01	2.458020e-01	2.031342e+00	7.981182e-01	1.042022e+00	7.338832e+01	1.418603e+02	2.773180e-01	7.335411e-02	-2.800394e-14	
6  107.169	2.335833e+00	1.310886e-01	7.410362e-01	3.002159e+00	9.703800e-01	5.959308e-02	8.186526e-01	4.341257e-01	4.733704e+00	9.891628e-01	8.227061e+00	7.174984e-01	2.458011e-01	2.012948e+00	8.056263e-01	1.042500e+00	7.410232e+01	1.395206e+02	2.824871e-01	9.862337e-02	-4.846845e-14	
7  104.386	2.310520e+00	1.273189e-01	7.288443e-01	3.019856e+00	9.697590e-01	6.252539e-02	6.254125e-01	3.307805e-01	4.940020e+00	9.934274e-01	8.507896e+00	7.155288e-01	2.456989e-01	2.048728e+00	8.065943e-01	1.042287e+00	7.287784e+01	1.415033e+02	2.844013e-01	7.732008e-02	-4.820395e-14	
2  103.376	2.310520e+00	1.273189e-01	7.288443e-01	3.019856e+00	9.697590e-01	6.252539e-02	6.254125e-01	3.307805e-01	4.940020e+00	9.907473e-01	8.507896e+00	7.155288e-01	2.456989e-01	2.048728e+00	8.065943e-01	1.042287e+00	7.287784e+01	1.415033e+02	2.844013e-01	7.732008e-02	-4.820395e-14	
1  103.124	2.314311e+00	1.271712e-01	7.155893e-01	3.005191e+00	9.691624e-01	4.974782e-02	5.185332e-01	5.117546e-01	4.729568e+00	9.928764e-01	7.188788e+00	7.051715e-01	2.457125e-01	2.018747e+00	8.024187e-01	1.041787e+00	7.156017e+01	1.419903e+02	2.947332e-01	6.484415e-02	3.688969e-15	
1  103.078	2.274044e+00	1.247444e-01	6.880458e-01	3.031368e+00	9.542523e-01	5.552966e-02	2.288867e-01	6.821552e-01	4.975763e+00	9.934847e-01	7.835945e+00	6.872311e-01	2.455437e-01	2.072525e+00	8.102790e-01	1.042131e+00	6.878973e+01	1.443500e+02	3.127920e-01	3.000689e-02	8.713641e-15	
3  103.122	2.310587e+00	1.242994e-01	7.032567e-01	3.037672e+00	9.639113e-01	6.177930e-02	3.224122e-01	4.576230e-01	3.757843e+00	9.937469e-01	8.365597e+00	7.006565e-01	2.456957e-01	2.085450e+00	8.103056e-01	1.041973e+00	7.031469e+01	1.436267e+02	2.992836e-01	4.161890e-02	-9.292420e-14	
3  103.238	2.269492e+00	1.248916e-01	6.784896e-01	3.061493e+00	9.597334e-01	6.641262e-02	1.415833e-01	1.983830e-01	4.351579e+00	9.952920e-01	8.918129e+00	6.781861e-01	2.455236e-01	2.135262e+00	8.275841e-01	1.042546e+00	6.783461e+01	1.447965e+02	3.217426e-01	1.855137e-02	3.676843e-14	
4  103.234	2.269492e+00	1.248916e-01	6.784896e-01	3.061493e+00	9.597334e-01	6.641262e-02	1.415833e-01	1.983830e-01	4.351579e+00	9.952209e-01	8.918129e+00	6.781861e-01	2.455236e-01	2.135262e+00	8.275841e-01	1.042546e+00	6.783461e+01	1.447965e+02	3.217426e-01	1.855137e-02	3.676843e-14	
4  103.071	2.274039e+00	1.258544e-01	6.897716e-01	3.073334e+00	9.568104e-01	7.490447e-02	2.755311e-01	1.993392e-01	4.450081e+00	9.952709e-01	9.723767e+00	6.863098e-01	2.455439e-01	2.161042e+00	8.305548e-01	1.042171e+00	6.896244e+01	1.438525e+02	3.135872e-01	3.578842e-02	-5.548559e-14	
5  104.031	2.257955e+00	1.208690e-01	6.811596e-01	3.045920e+00	9.564147e-01	6.716827e-02	8.260880e-02	2.967445e-01	4.626350e+00	9.902271e-01	8.933125e+00	6.895140e-01	2.454762e-01	2.102774e+00	8.083858e-01	1.041560e+00	6.811205e+01	1.462042e+02	3.104491e-01	1.132995e-02	-4.962552e-14	
3  104.004	2.230428e+00	1.220208e-01	6.804062e-01	3.004299e+00	9.579413e-01	5.003507e-02	1.291785e-01	2.805786e-01	4.728029e+00	9.878396e-01	7.308517e+00	6.868734e-01	2.453641e-01	2.017402e+00	7.958751e-01	1.041672e+00	6.805296e+01	1.459914e+02	3.130995e-01	1.709596e-02	-2.751127e-16	
2  103.284	2.244501e+00	1.216913e-01	6.856174e-01	2.987075e+00	9.577304e-01	3.733458e-02	1.540636e-01	2.966592e-01	4.763353e+00	9.919573e-01	5.861977e+00	6.919533e-01	2.454238e-01	1.983774e+00	7.867214e-01	1.041642e+00	6.857841e+01	1.458092e+02	3.079607e-01	2.042503e-02	-4.490186e-14	
1  105.111	2.225404e+00	1.215578e-01	6.829014e-01	3.003515e+00	9.556788e-01	4.947860e-02	1.528757e-01	4.195645e-01	4.500116e+00	9.890416e-01	7.257833e+00	6.902432e-01	2.453438e-01	2.016359e+00	7.925913e-01	1.041267e+00	6.831940e+01	1.460510e+02	3.097965e-01	2.004045e-02	4.781913e-14	
18  103.34	2.295790e+00	1.233360e-01	7.066849e-01	3.008150e+00	9.665895e-01	5.201581e-02	3.450353e-01	9.212900e-02	4.704992e+00	9.914270e-01	7.405630e+00	7.057420e-01	2.456371e-01	2.024903e+00	7.957556e-01	1.041616e+00	7.066554e+01	1.439138e+02	2.941638e-01	4.415663e-02	1.235437e-14	
13  103.114	2.242013e+00	1.220415e-01	6.844593e-01	3.017072e+00	9.616872e-01	5.571897e-02	1.595622e-01	1.516800e-01	4.287304e+00	9.893630e-01	7.871439e+00	6.902804e-01	2.454123e-01	2.042788e+00	8.007303e-01	1.041539e+00	6.845055e+01	1.457080e+02	3.096735e-01	2.097860e-02	2.023447e-14	
5  103.319	2.242013e+00	1.220415e-01	6.844593e-01	3.017072e+00	9.616872e-01	5.571897e-02	1.595622e-01	1.516800e-01	4.287304e+00	9.904821e-01	7.871439e+00	6.902804e-01	2.454123e-01	2.042788e+00	8.007303e-01	1.041539e+00	6.845055e+01	1.457080e+02	3.096735e-01	2.097860e-02	2.023447e-14	
4  104.383	2.281515e+00	1.157129e-01	6.987903e-01	3.047325e+00	9.750211e-01	7.170112e-02	6.051421e-02	1.125000e-01	4.815762e+00	9.934248e-01	9.197689e+00	7.149468e-01	2.455745e-01	2.105816e+00	7.962226e-01	1.041406e+00	6.987335e+01	1.474155e+02	2.849053e-01	8.098632e-03	4.595723e-14	
6  104.711	2.280395e+00	1.213269e-01	6.939827e-01	3.102811e+00	9.676603e-01	9.625247e-02	1.917725e-01	8.535036e-02	4.517016e+00	9.938379e-01	1.143789e+01	6.992366e-01	2.455702e-01	2.226201e+00	8.325812e-01	1.041453e+00	6.939852e+01	1.453229e+02	3.006229e-01	2.540061e-02	5.232729e-15	
5  107.771	2.274847e+00	1.199350e-01	7.113515e-01	3.103098e+00	9.751588e-01	1.021734e-01	3.183884e-01	7.871085e-02	4.111671e+00	9.943336e-01	1.188775e+01	7.168733e-01	2.455485e-01	2.227506e+00	8.260757e-01	1.040891e+00	7.111174e+01	1.451364e+02	2.833413e-01	4.087830e-02	4.100984e-13	
1  107.721	2.274847e+00	1.199350e-01	7.113515e-01	3.103098e+00	9.751588e-01	1.021734e-01	3.183884e-01	7.871085e-02	4.111671e+00	9.939383e-01	1.188775e+01	7.168733e-01	2.455485e-01	2.227506e+00	8.260757e-01	1.040891e+00	7.111174e+01	1.451364e+02	2.833413e-01	4.087830e-02	4.100984e-13	
3  108.495	2.279272e+00	1.229303e-01	7.240570e-01	3.100784e+00	9.775843e-01	1.065833e-01	5.072818e-01	1.771351e-01	4.129562e+00	9.912326e-01	1.229434e+01	7.209250e-01	2.455689e-01	2.222654e+00	8.309062e-01	1.041205e+00	7.238348e+01	1.434438e+02	2.794356e-01	6.357057e-02	3.822507e-13	
6  108.508	2.324423e+00	1.264578e-01	7.430273e-01	3.082664e+00	9.680175e-01	9.446711e-02	7.374392e-01	2.386076e-01	4.302643e+00	9.944805e-01	1.126575e+01	7.275736e-01	2.457559e-01	2.182752e+00	8.239835e-01	1.041403e+00	7.428773e+01	1.410608e+02	2.725864e-01	9.023467e-02	1.643842e-13	
3  109.719	2.324423e+00	1.264578e-01	7.430273e-01	3.082664e+00	9.680175e-01	9.446711e-02	7.374392e-01	2.386076e-01	4.302643e+00	9.917840e-01	1.126575e+01	7.275736e-01	2.457559e-01	2.182752e+00	8.239835e-01	1.041403e+00	7.428773e+01	1.410608e+02	2.725864e-01	9.023467e-02	1.643842e-13	
1  109.831	2.318246e+00	1.200253e-01	7.190742e-01	3.067282e+00	9.685070e-01	8.752491e-02	3.425522e-01	4.901234e-01	4.154347e+00	9.871496e-01	1.056015e+01	7.217051e-01	2.457290e-01	2.149120e+00	8.074518e-01	1.041231e+00	7.190752e+01	1.445013e+02	2.782697e-01	4.415799e-02	4.735645e-14	
5  108.065	2.278993e+00	1.175121e-01	6.930290e-01	3.114960e+00	9.681213e-01	1.065831e-01	7.412594e-02	5.093892e-01	4.528434e+00	9.877130e-01	1.216164e+01	7.062672e-01	2.455631e-01	2.253473e+00	8.275692e-01	1.041245e+00	6.931651e+01	1.469233e+02	2.935927e-01	1.009069e-02	3.868248e-14	
1  110.066	2.253695e+00	1.162436e-01	6.991762e-01	3.087164e+00	9.747726e-01	9.432968e-02	1.251212e-01	6.091260e-01	4.805241e+00	9.900897e-01	1.120353e+01	7.148766e-01	2.454588e-01	2.191939e+00	8.125172e-01	1.040607e+00	6.990150e+01	1.472747e+02	2.853453e-01	1.610639e-02	4.205925e-13	
3  110.866	2.253695e+00	1.162436e-01	6.991762e-01	3.087164e+00	9.747726e-01	9.432968e-02	1.251212e-01	6.091260e-01	4.805241e+00	9.959385e-01	1.120353e+01	7.148766e-01	2.454588e-01	2.191939e+00	8.125172e-01	1.040607e+00	6.990150e+01	1.472747e+02	2.853453e-01	1.610639e-02	4.205925e-13	
1  109.795	2.283594e+00	1.230464e-01	7.024461e-01	3.077020e+00	9.748755e-01	9.130571e-02	3.289511e-01	4.961326e-01	4.498766e+00	9.923679e-01	1.103243e+01	7.030566e-01	2.455844e-01	2.169181e+00	8.255313e-01	1.040970e+00	7.024800e+01	1.441835e+02	2.970757e-01	4.235560e-02	2.619657e-13	
1  108.291	2.327986e+00	1.221984e-01	7.113111e-01	3.109636e+00	9.777720e-01	9.974844e-02	3.324556e-01	4.623095e-01	4.680792e+00	9.992370e-01	1.162078e+01	7.111600e-01	2.457671e-01	2.241618e+00	8.356015e-01	1.041336e+00	7.114452e+01	1.439181e+02	2.887294e-01	4.316771e-02	1.869201e-13	
1  109.132	2.366507e+00	1.222451e-01	7.443202e-01	3.108406e+00	9.915320e-01	1.070837e-01	5.666479e-01	1.659380e-01	4.721610e+00	9.984667e-01	1.211373e+01	7.357463e-01	2.459227e-01	2.238929e+00	8.315371e-01	1.041884e+00	7.445316e+01	1.424089e+02	2.642457e-01	7.116203e-02	4.032796e-13	
1  108.239	2.382314e+00	1.297499e-01	7.703077e-01	3.105203e+00	9.902126e-01	1.086860e-01	9.932507e-01	2.993612e-01	4.483092e+00	9.990774e-01	1.239392e+01	7.403403e-01	2.459857e-01	2.232375e+00	8.432754e-01	1.042433e+00	7.705373e+01	1.385957e+02	2.596917e-01	1.181297e-01	3.194581e-13	
3  106.765	2.358519e+00	1.271371e-01	7.587543e-01	3.131939e+00	9.882689e-01	1.156727e-01	8.223074e-01	4.663612e-01	4.605773e+00	1.002943e+00	1.296557e+01	7.373880e-01	2.458899e-01	2.292017e+00	8.512094e-01	1.042756e+00	7.589226e+01	1.401905e+02	2.625395e-01	9.982118e-02	2.800371e-13	
1  106.187	2.358519e+00	1.271371e-01	7.587543e-01	3.131939e+00	9.882689e-01	1.156727e-01	8.223074e-01	4.663612e-01	4.605773e+00	1.002396e+00	1.296557e+01	7.373880e-01	2.458899e-01	2.292017e+00	8.512094e-01	1.042756e+00	7.589226e+01	1.401905e+02	2.625395e-01	9.982118e-02	2.800371e-13	
1  107.187	2.351398e+00	1.344630e-01	7.510750e-01	3.114309e+00	9.785493e-01	1.038349e-01	9.714999e-01	4.705191e-01	3.827776e+00	1.001203e+00	1.225123e+01	7.187697e-01	2.458615e-01	2.253519e+00	8.615145e-01	1.043260e+00	7.513577e+01	1.379600e+02	2.810510e-01	1.153202e-01	1.149235e-13	
6  106.058	2.343262e+00	1.317494e-01	7.374630e-01	3.113437e+00	9.696587e-01	9.713064e-02	7.988288e-01	6.587136e-01	3.927061e+00	1.004270e+00	1.162790e+01	7.131531e-01	2.458305e-01	2.250623e+00	8.538945e-01	1.042572e+00	7.375811e+01	1.393787e+02	2.866462e-01	9.698078e-02	-4.200581e-14	
5  107.059	2.319451e+00	1.290699e-01	7.085770e-01	3.141070e+00	9.689577e-01	1.027756e-01	5.001343e-01	9.450092e-01	4.530289e+00	1.006860e+00	1.211937e+01	6.948970e-01	2.457331e-01	2.313696e+00	8.658392e-01	1.042110e+00	7.087976e+01	1.415798e+02	3.048459e-01	6.272278e-02	-9.615515e-14	
8  109.624	2.316885e+00	1.335701e-01	7.166470e-01	3.164139e+00	9.651777e-01	1.091634e-01	7.188871e-01	9.711872e-01	4.611518e+00	1.012628e+00	1.279178e+01	6.925628e-01	2.457215e-01	2.368077e+00	8.829943e-01	1.041731e+00	7.167301e+01	1.395832e+02	3.071808e-01	8.792518e-02	-1.521999e-13	
8  108.36	2.307827e+00	1.353620e-01	7.168874e-01	3.134302e+00	9.593647e-01	9.639880e-02	7.740365e-01	9.398706e-01	4.773170e+00	1.010033e+00	1.176715e+01	6.896241e-01	2.456835e-01	2.298051e+00	8.724117e-01	1.041994e+00	7.168378e+01	1.390316e+02	3.100891e-01	9.404141e-02	-5.270932e-14	
1  109.558	2.370583e+00	1.293410e-01	7.381101e-01	3.166124e+00	9.722678e-01	1.131348e-01	7.070819e-01	8.013311e-01	4.578508e+00	1.012782e+00	1.282454e+01	7.173892e-01	2.459436e-01	2.371403e+00	8.712201e-01	1.042601e+00	7.385302e+01	1.400760e+02	2.824638e-01	8.649833e-02	-1.208695e-13	
1  108.721	2.370583e+00	1.293410e-01	7.381101e-01	3.166124e+00	9.722678e-01	1.131348e-01	7.070819e-01	8.013311e-01	4.578508e+00	1.011420e+00	1.282454e+01	7.173892e-01	2.459436e-01	2.371403e+00	8.712201e-01	1.042601e+00	7.385302e+01	1.400760e+02	2.824638e-01	8.649833e-02	-1.208695e-13	
1  108.449	2.415884e+00	1.324802e-01	7.737732e-01	3.147716e+00	9.859190e-01	1.136789e-01	1.067179e+00	8.435791e-01	3.968502e+00	1.009449e+00	1.281948e+01	7.372058e-01	2.461215e-01	2.328797e+00	8.663990e-01	1.042803e+00	7.743494e+01	1.373573e+02	2.626914e-01	1.255248e-01	1.160806e-13	
1  108.37	2.413122e+00	1.372970e-01	7.720305e-01	3.107534e+00	9.751143e-01	9.480896e-02	1.212154e+00	8.142008e-01	4.094922e+00	1.006753e+00	1.138193e+01	7.275845e-01	2.461105e-01	2.237641e+00	8.568530e-01	1.042501e+00	7.723096e+01	1.357438e+02	2.722341e-01	1.399514e-01	-1.525117e-13	
5  106.843	2.394090e+00	1.347104e-01	7.678014e-01	3.113603e+00	9.767380e-01	9.578891e-02	1.106505e+00	8.490172e-01	4.355321e+00	1.008750e+00	1.145223e+01	7.294425e-01	2.460351e-01	2.250749e+00	8.554449e-01	1.042693e+00	7.680359e+01	1.369188e+02	2.703835e-01	1.294359e-01	-5.687512e-14	
1  107.098	2.358855e+00	1.340725e-01	7.539891e-01	3.132530e+00	9.698707e-01	1.099038e-01	1.013271e+00	4.763730e-01	4.536942e+00	1.003270e+00	1.267982e+01	7.211593e-01	2.458927e-01	2.294039e+00	8.625692e-01	1.042184e+00	7.540643e+01	1.377850e+02	2.787327e-01	1.202021e-01	-3.472269e-14	
1  108.856	2.369634e+00	1.415424e-01	7.778950e-01	3.110280e+00	9.689670e-01	9.665525e-02	1.432906e+00	8.196826e-01	4.557089e+00	1.008565e+00	1.171877e+01	7.253600e-01	2.459343e-01	2.243180e+00	8.642707e-01	1.042521e+00	7.778736e+01	1.344079e+02	2.745022e-01	1.616583e-01	-8.263383e-14	
1  108.319	2.369634e+00	1.415424e-01	7.778950e-01	3.110280e+00	9.689670e-01	9.665525e-02	1.432906e+00	8.196826e-01	4.557089e+00	1.007814e+00	1.171877e+01	7.253600e-01	2.459343e-01	2.243180e+00	8.642707e-01	1.042521e+00	7.778736e+01	1.344079e+02	2.745022e-01	1.616583e-01	-8.263383e-14	
4  108.037	2.380370e+00	1.393623e-01	7.729939e-01	3.119799e+00	9.686501e-01	1.003407e-01	1.305578e+00	5.188189e-01	4.697094e+00	1.007111e+00	1.196701e+01	7.253618e-01	2.459786e-01	2.264624e+00	8.649114e-01	1.042733e+00	7.731903e+01	1.352524e+02	2.744617e-01	1.493008e-01	-1.126213e-13	
5  104.635	2.308323e+00	1.315801e-01	7.292169e-01	3.092831e+00	9.642201e-01	8.230737e-02	7.780874e-01	9.348227e-01	4.760631e+00	1.006234e+00	1.041838e+01	7.075842e-01	2.456872e-01	2.203963e+00	8.438244e-01	1.041724e+00	7.288854e+01	1.398720e+02	2.923521e-01	9.484445e-02	5.002972e-14	
3  104.69	2.308323e+00	1.315801e-01	7.292169e-01	3.092831e+00	9.642201e-01	8.230737e-02	7.780874e-01	9.348227e-01	4.760631e+00	1.006461e+00	1.041838e+01	7.075842e-01	2.456872e-01	2.203963e+00	8.438244e-01	1.041724e+00	7.288854e+01	1.398720e+02	2.923521e-01	9.484445e-02	5.002972e-14	
1  104.021	2.331163e+00	1.340501e-01	7.465437e-01	3.050105e+00	9.643551e-01	6.707764e-02	9.686071e-01	6.457030e-01	4.441430e+00	1.002982e+00	9.023712e+00	7.162775e-01	2.457821e-01	2.111434e+00	8.281570e-01	1.042278e+00	7.464493e+01	1.382660e+02	2.836806e-01	1.151841e-01	-2.512913e-14	
4  104.562	2.328758e+00	1.338229e-01	7.375111e-01	3.016285e+00	9.613651e-01	5.491781e-02	8.940959e-01	8.110280e-01	4.279805e+00	9.969765e-01	7.817185e+00	7.098747e-01	2.457722e-01	2.041454e+00	8.145249e-01	1.041975e+00	7.375060e+01	1.386508e+02	2.901366e-01	1.071164e-01	9.505265e-15	
2  104.375	2.340213e+00	1.361861e-01	7.588452e-01	3.036214e+00	9.667908e-01	6.566295e-02	1.112748e+00	6.414338e-01	4.211058e+00	9.997069e-01	8.908780e+00	7.215422e-01	2.458187e-01	2.082395e+00	8.260990e-01	1.042945e+00	7.588638e+01	1.371095e+02	2.783877e-01	1.299707e-01	-5.335640e-14	
5  104.998	2.340213e+00	1.361861e-01	7.588452e-01	3.036214e+00	9.667908e-01	6.566295e-02	1.112748e+00	6.414338e-01	4.211058e+00	1.000614e+00	8.908780e+00	7.215422e-01	2.458187e-01	2.082395e+00	8.260990e-01	1.042945e+00	7.588638e+01	1.371095e+02	2.783877e-01	1.299707e-01	-5.335640e-14	
2  105.166	2.373710e+00	1.379395e-01	7.722910e-01	3.018995e+00	9.754361e-01	5.561931e-02	1.231077e+00	4.450410e-01	4.414278e+00	1.003037e+00	7.893447e+00	7.276916e-01	2.459516e-01	2.046806e+00	8.235475e-01	1.043681e+00	7.723197e+01	1.359325e+02	2.721940e-01	1.416147e-01	-7.571150e-14	
1  104.765	2.386585e+00	1.347372e-01	7.750175e-01	3.015982e+00	9.758952e-01	5.737534e-02	1.168298e+00	7.265572e-01	4.840895e+00	1.001501e+00	7.988885e+00	7.345995e-01	2.460026e-01	2.040847e+00	8.132284e-01	1.042975e+00	7.750089e+01	1.367386e+02	2.652836e-01	1.354665e-01	-1.716146e-13	
2  106.178	2.407650e+00	1.383307e-01	7.896286e-01	3.016435e+00	9.872839e-01	5.663634e-02	1.359535e+00	5.973552e-01	4.540443e+00	1.004256e+00	7.948830e+00	7.382848e-01	2.460830e-01	2.042030e+00	8.233228e-01	1.043859e+00	7.896015e+01	1.350180e+02	2.616080e-01	1.540239e-01	-1.112716e-13	
2  107.078	2.407650e+00	1.383307e-01	7.896286e-01	3.016435e+00	9.872839e-01	5.663634e-02	1.359535e+00	5.973552e-01	4.540443e+00	9.991009e-01	7.948830e+00	7.382848e-01	2.460830e-01	2.042030e+00	8.233228e-01	1.043859e+00	7.896015e+01	1.350180e+02	2.616080e-01	1.540239e-01	-1.112716e-13	
2  107.632	2.390107e+00	1.385146e-01	7.761903e-01	2.974659e+00	9.748975e-01	3.356792e-02	1.271880e+00	6.726984e-01	4.789263e+00	9.978199e-01	5.431394e+00	7.292899e-01	2.460150e-01	1.958623e+00	8.052596e-01	1.043586e+00	7.761615e+01	1.354809e+02	2.706975e-01	1.457933e-01	-1.261244e-13	
6  108.118	2.327499e+00	1.448171e-01	7.547768e-01	2.952438e+00	9.657971e-01	2.009711e-02	1.337897e+00	5.164247e-01	4.951133e+00	9.964097e-01	3.880724e+00	7.040149e-01	2.457674e-01	1.914972e+00	8.110326e-01	1.043272e+00	7.545595e+01	1.345150e+02	2.959750e-01	1.520553e-01	-1.430489e-13	
1  107.194	2.327499e+00	1.448171e-01	7.547768e-01	2.952438e+00	9.657971e-01	2.009711e-02	1.337897e+00	5.164247e-01	4.951133e+00	9.977161e-01	3.880724e+00	7.040149e-01	2.457674e-01	1.914972e+00	8.110326e-01	1.043272e+00	7.545595e+01	1.345150e+02	2.959750e-01	1.520553e-01	-1.430489e-13	
9  107.173	2.361172e+00	1.449847e-01	7.606339e-01	2.974844e+00	9.722860e-01	3.426326e-02	1.368271e+00	3.503831e-01	4.958482e+00	9.956635e-01	5.646905e+00	7.075450e-01	2.459006e-01	1.958686e+00	8.210947e-01	1.043164e+00	7.606081e+01	1.340672e+02	2.922957e-01	1.542927e-01	-8.375254e-14	
1  107.329	2.361172e+00	1.449847e-01	7.606339e-01	2.974844e+00	9.722860e-01	3.426326e-02	1.368271e+00	3.503831e-01	4.958482e+00	9.953660e-01	5.646905e+00	7.075450e-01	2.459006e-01	1.958686e+00	8.210947e-01	1.043164e+00	7.606081e+01	1.340672e+02	2.922957e-01	1.542927e-01	-8.375254e-14	
2  107.126	2.321213e+00	1.427335e-01	7.530605e-01	2.966859e+00	9.713398e-01	3.160674e-02	1.254873e+00	3.201114e-01	4.708804e+00	9.940753e-01	5.352802e+00	7.064390e-01	2.457413e-01	1.943164e+00	8.157180e-01	1.043603e+00	7.529428e+01	1.353518e+02	2.935404e-01	1.439649e-01	-3.085472e-15	
3  107.236	2.278485e+00	1.379259e-01	7.284554e-01	2.975010e+00	9.690556e-01	2.601937e-02	9.284982e-01	3.051335e-01	4.609060e+00	9.992917e-01	4.635672e+00	6.959680e-01	2.455689e-01	1.958997e+00	8.144555e-01	1.043624e+00	7.282738e+01	1.381041e+02	3.040101e-01	1.108688e-01	-1.225639e-14	
2  108.528	2.291952e+00	1.397757e-01	7.437566e-01	2.972427e+00	9.752273e-01	3.111512e-02	1.095320e+00	2.669104e-01	4.437908e+00	9.964824e-01	5.296487e+00	7.048755e-01	2.456231e-01	1.954098e+00	8.163972e-01	1.044037e+00	7.435800e+01	1.368917e+02	2.951486e-01	1.283230e-01	7.772278e-14	
2  108.151	2.229626e+00	1.375360e-01	7.193029e-01	3.038516e+00	9.750708e-01	5.827578e-02	8.949582e-01	7.403969e-01	4.454643e+00	1.000382e+00	8.455345e+00	6.894711e-01	2.453612e-01	2.087984e+00	8.436165e-01	1.043061e+00	7.190916e+01	1.388175e+02	3.102896e-01	1.076199e-01	-2.768431e-14	
1  107.876	2.229626e+00	1.375360e-01	7.193029e-01	3.038516e+00	9.750708e-01	5.827578e-02	8.949582e-01	7.403969e-01	4.454643e+00	1.000787e+00	8.455345e+00	6.894711e-01	2.453612e-01	2.087984e+00	8.436165e-01	1.043061e+00	7.190916e+01	1.388175e+02	3.102896e-01	1.076199e-01	-2.768431e-14	
5  106.637	2.207312e+00	1.349716e-01	7.013632e-01	3.049386e+00	9.681688e-01	6.077625e-02	6.962694e-01	8.743013e-01	4.446368e+00	1.000655e+00	8.704436e+00	6.788860e-01	2.452651e-01	2.110499e+00	8.435999e-01	1.042445e+00	7.011185e+01	1.404761e+02	3.208496e-01	8.571569e-02	-9.080861e-14	
3  105.53	2.215737e+00	1.326045e-01	6.976133e-01	3.068332e+00	9.652122e-01	6.792175e-02	5.748872e-01	9.913928e-01	4.278460e+00	1.001197e+00	9.352474e+00	6.802295e-01	2.452997e-01	2.150722e+00	8.467354e-01	1.042780e+00	6.973339e+01	1.414671e+02	3.195371e-01	7.158031e-02	9.304341e-14	
3  105.078	2.225023e+00	1.343276e-01	7.066799e-01	3.039956e+00	9.665988e-01	5.823213e-02	6.973271e-01	9.850033e-01	4.681850e+00	9.986971e-01	8.394655e+00	6.848480e-01	2.453414e-01	2.090379e+00	8.369370e-01	1.042838e+00	7.064542e+01	1.404426e+02	3.149484e-01	8.567005e-02	8.197185e-14	
8  106.986	2.249708e+00	1.327054e-01	7.215879e-01	3.082536e+00	9.805381e-01	8.244616e-02	7.513038e-01	5.661009e-01	4.514469e+00	9.997924e-01	1.063850e+01	7.005453e-01	2.454434e-01	2.182679e+00	8.528017e-01	1.043115e+00	7.213427e+01	1.403086e+02	2.993618e-01	9.186187e-02	2.388712e-14	
3  106.42	2.249708e+00	1.327054e-01	7.215879e-01	3.082536e+00	9.805381e-01	8.244616e-02	7.513038e-01	5.661009e-01	4.514469e+00	1.001308e+00	1.063850e+01	7.005453e-01	2.454434e-01	2.182679e+00	8.528017e-01	1.043115e+00	7.213427e+01	1.403086e+02	2.993618e-01	9.186187e-02	2.388712e-14	
3  105.916	2.221255e+00	1.313040e-01	7.091605e-01	3.071216e+00	9.743246e-01	7.502311e-02	6.310115e-01	4.949765e-01	4.660268e+00	1.001157e+00	9.989082e+00	6.931114e-01	2.453247e-01	2.157436e+00	8.455225e-01	1.042871e+00	7.088394e+01	1.414598e+02	3.067568e-01	7.823550e-02	-7.517878e-14	
3  105.321	2.246341e+00	1.332494e-01	7.015921e-01	3.073052e+00	9.689396e-01	6.396334e-02	5.970091e-01	6.852955e-01	4.655657e+00	1.007732e+00	8.918036e+00	6.820263e-01	2.454296e-01	2.160993e+00	8.506258e-01	1.042996e+00	7.014863e+01	1.409023e+02	3.176637e-01	7.394658e-02	2.032628e-13	
2  106.054	2.250620e+00	1.293307e-01	7.111551e-01	3.133766e+00	9.723794e-01	1.016331e-01	5.564042e-01	2.120098e-01	4.345761e+00	1.004254e+00	1.223373e+01	6.981550e-01	2.454452e-01	2.297466e+00	8.665726e-01	1.043130e+00	7.110740e+01	1.419578e+02	3.016934e-01	6.911073e-02	1.160039e-13	
4  105.676	2.228218e+00	1.291184e-01	6.950983e-01	3.104989e+00	9.698759e-01	8.291749e-02	4.299750e-01	4.013985e-01	4.087302e+00	1.005224e+00	1.066089e+01	6.849456e-01	2.453512e-01	2.231697e+00	8.569461e-01	1.043063e+00	6.949859e+01	1.428110e+02	3.148423e-01	5.424475e-02	1.333153e-13	
3  105.025	2.197287e+00	1.257730e-01	6.858593e-01	3.077477e+00	9.631231e-01	6.941158e-02	2.782620e-01	3.218311e-01	4.203736e+00	1.004261e+00	9.397766e+00	6.841478e-01	2.452207e-01	2.170280e+00	8.375272e-01	1.042928e+00	6.857339e+01	1.446747e+02	3.157150e-01	3.561502e-02	7.981565e-14	
1  105.552	2.184123e+00	1.286736e-01	6.782156e-01	3.085424e+00	9.601875e-01	7.751078e-02	3.254759e-01	9.602057e-03	3.998298e+00	9.994134e-01	1.025641e+01	6.708753e-01	2.451623e-01	2.188055e+00	8.475835e-01	1.042354e+00	6.779665e+01	1.438712e+02	3.289883e-01	4.159736e-02	-7.859264e-14	
1  103.549	2.200976e+00	1.249247e-01	6.722188e-01	3.091610e+00	9.659102e-01	7.978710e-02	1.519460e-01	2.113082e-01	4.785740e+00	9.993513e-01	1.033855e+01	6.730632e-01	2.452331e-01	2.201054e+00	8.442113e-01	1.042218e+00	6.720921e+01	1.454486e+02	3.267505e-01	1.981928e-02	-7.394794e-14	
2  103.543	2.200976e+00	1.249247e-01	6.722188e-01	3.091610e+00	9.659102e-01	7.978710e-02	1.519460e-01	2.113082e-01	4.785740e+00	9.992105e-01	1.033855e+01	6.730632e-01	2.452331e-01	2.201054e+00	8.442113e-01	1.042218e+00	6.720921e+01	1.454486e+02	3.267505e-01	1.981928e-02	-7.394794e-14	
7  103.154	2.205972e+00	1.236165e-01	6.680026e-01	3.094646e+00	9.658380e-01	8.285771e-02	8.561432e-02	3.167771e-01	4.428721e+00	9.974049e-01	1.056196e+01	6.718051e-01	2.452532e-01	2.207516e+00	8.424175e-01	1.041769e+00	6.679943e+01	1.460540e+02	3.280339e-01	1.132347e-02	-1.203755e-13	
1  103.324	2.245951e+00	1.267547e-01	6.845892e-01	3.099560e+00	9.679424e-01	8.574722e-02	2.740476e-01	5.224555e-01	4.996595e+00	9.980630e-01	1.080038e+01	6.800303e-01	2.454244e-01	2.218878e+00	8.492603e-01	1.042365e+00	6.845498e+01	1.439398e+02	3.197432e-01	3.530711e-02	1.556706e-14	
12  104.206	2.245951e+00	1.267547e-01	6.845892e-01	3.099560e+00	9.679424e-01	8.574722e-02	2.740476e-01	5.224555e-01	4.996595e+00	1.000305e+00	1.080038e+01	6.800303e-01	2.454244e-01	2.218878e+00	8.492603e-01	1.042365e+00	6.845498e+01	1.439398e+02	3.197432e-01	3.530711e-02	1.556706e-14	
8  103.232	2.246664e+00	1.275233e-01	6.943520e-01	3.011291e+00	9.699224e-01	4.787241e-02	3.721155e-01	3.488157e-01	4.813742e+00	9.965971e-01	7.131291e+00	6.875002e-01	2.454322e-01	2.030955e+00	8.134282e-01	1.042693e+00	6.942201e+01	1.432954e+02	3.124045e-01	4.750684e-02	1.660008e-14	
2  103.014	2.246664e+00	1.275233e-01	6.943520e-01	3.011291e+00	9.699224e-01	4.787241e-02	3.721155e-01	3.488157e-01	4.813742e+00	9.962718e-01	7.131291e+00	6.875002e-01	2.454322e-01	2.030955e+00	8.134282e-01	1.042693e+00	6.942201e+01	1.432954e+02	3.124045e-01	4.750684e-02	1.660008e-14	
1  102.845	2.273496e+00	1.285876e-01	7.201086e-01	3.006400e+00	9.785391e-01	5.066278e-02	6.069906e-01	3.137696e-01	4.646842e+00	9.969637e-01	7.405102e+00	7.068509e-01	2.455462e-01	2.020996e+00	8.103196e-01	1.042684e+00	7.200712e+01	1.416868e+02	2.930864e-01	7.531498e-02	-7.843301e-14	
1  103.117	2.248082e+00	1.226181e-01	7.071773e-01	3.031539e+00	9.763897e-01	6.245748e-02	3.275551e-01	2.756963e-01	4.842007e+00	9.963189e-01	8.552256e+00	7.083970e-01	2.454391e-01	2.072557e+00	8.092977e-01	1.042880e+00	7.070068e+01	1.446949e+02	2.914959e-01	4.205028e-02	-1.011282e-13	
5  102.114	2.220318e+00	1.186451e-01	6.857376e-01	3.054102e+00	9.682900e-01	6.406630e-02	6.454047e-02	8.623645e-01	4.856677e+00	1.001771e+00	8.681389e+00	6.988691e-01	2.453175e-01	2.119923e+00	8.103874e-01	1.042209e+00	6.856965e+01	1.473083e+02	3.009928e-01	8.381464e-03	-2.324265e-14	
1  102.072	2.252677e+00	1.178640e-01	6.945187e-01	3.049011e+00	9.676150e-01	6.213899e-02	1.020977e-01	8.402696e-01	4.300592e+00	1.002210e+00	8.413939e+00	7.075751e-01	2.454536e-01	2.109502e+00	8.025938e-01	1.041801e+00	6.945171e+01	1.469752e+02	2.923197e-01	1.338190e-02	3.570151e-14	
4  102.148	2.252677e+00	1.178640e-01	6.945187e-01	3.049011e+00	9.676150e-01	6.213899e-02	1.020977e-01	8.402696e-01	4.300592e+00	1.002375e+00	8.413939e+00	7.075751e-01	2.454536e-01	2.109502e+00	8.025938e-01	1.041801e+00	6.945171e+01	1.469752e+02	2.923197e-01	1.338190e-02	3.570151e-14	
1  102.01	2.255125e+00	1.211575e-01	6.896879e-01	3.007519e+00	9.635451e-01	4.157221e-02	1.692183e-01	7.214057e-01	4.375955e+00	1.000506e+00	6.310633e+00	6.964915e-01	2.454663e-01	2.024185e+00	7.937060e-01	1.041483e+00	6.898161e+01	1.457581e+02	3.034024e-01	2.230426e-02	7.519256e-14	
1  102.897	2.256609e+00	1.255185e-01	6.901671e-01	2.976838e+00	9.629635e-01	2.916672e-02	2.841532e-01	4.315431e-01	4.301711e+00	9.965383e-01	4.879219e+00	6.876707e-01	2.454749e-01	1.962895e+00	7.927841e-01	1.042150e+00	6.900969e+01	1.441027e+02	3.122383e-01	3.677461e-02	-1.533642e-13	
4  102.565	2.256095e+00	1.265603e-01	6.881270e-01	3.012956e+00	9.548193e-01	4.435001e-02	3.003393e-01	5.285263e-01	4.645022e+00	9.977998e-01	6.709922e+00	6.838289e-01	2.454709e-01	2.034901e+00	8.073853e-01	1.042066e+00	6.880848e+01	1.437587e+02	3.161730e-01	3.891015e-02	4.475713e-14	
6  102.571	2.256095e+00	1.265603e-01	6.881270e-01	3.012956e+00	9.548193e-01	4.435001e-02	3.003393e-01	5.285263e-01	4.645022e+00	9.942873e-01	6.709922e+00	6.838289e-01	2.454709e-01	2.034901e+00	8.073853e-01	1.042066e+00	6.880848e+01	1.437587e+02	3.161730e-01	3.891015e-02	4.475713e-14	
1  102.501	2.248254e+00	1.284539e-01	6.897052e-01	3.037446e+00	9.555800e-01	4.894521e-02	3.844100e-01	3.240020e-01	3.983368e+00	1.001701e+00	7.256928e+00	6.812989e-01	2.454383e-01	2.084902e+00	8.211904e-01	1.041814e+00	6.896547e+01	1.429889e+02	3.186372e-01	4.918019e-02	7.590148e-14	
3  103.012	2.264993e+00	1.272353e-01	7.013402e-01	3.050428e+00	9.637294e-01	5.422482e-02	4.045764e-01	2.865091e-01	3.752292e+00	1.004492e+00	7.760615e+00	6.938922e-01	2.455092e-01	2.112024e+00	8.251389e-01	1.042854e+00	7.012963e+01	1.430132e+02	3.060621e-01	5.140477e-02	1.305657e-13	
2  102.284	2.264993e+00	1.272353e-01	7.013402e-01	3.050428e+00	9.637294e-01	5.422482e-02	4.045764e-01	2.865091e-01	3.752292e+00	1.005749e+00	7.760615e+00	6.938922e-01	2.455092e-01	2.112024e+00	8.251389e-01	1.042854e+00	7.012963e+01	1.430132e+02	3.060621e-01	5.140477e-02	1.305657e-13	
1  102.987	2.302078e+00	1.270985e-01	7.086836e-01	3.047706e+00	9.727927e-01	5.228436e-02	4.413137e-01	1.939681e-01	3.514892e+00	1.007398e+00	7.464528e+00	6.997041e-01	2.456638e-01	2.106571e+00	8.239583e-01	1.042616e+00	7.086356e+01	1.424972e+02	3.002487e-01	5.570913e-02	5.351193e-15	
2  105.429	2.245287e+00	1.266739e-01	6.880749e-01	3.044751e+00	9.688541e-01	4.203458e-02	2.938805e-01	4.654540e-01	4.187318e+00	1.012542e+00	6.426127e+00	6.833772e-01	2.454281e-01	2.100671e+00	8.263170e-01	1.042674e+00	6.881208e+01	1.438652e+02	3.165711e-01	3.771410e-02	1.267670e-13	
2  103.677	2.218110e+00	1.206284e-01	6.780255e-01	3.062850e+00	9.726774e-01	5.588485e-02	4.479925e-02	5.613988e-01	3.785752e+00	1.008589e+00	7.879966e+00	6.876936e-01	2.453079e-01	2.138594e+00	8.233313e-01	1.042760e+00	6.780311e+01	1.468943e+02	3.122435e-01	5.856562e-03	1.296936e-13	
3  103.349	2.279766e+00	1.272788e-01	7.141603e-01	3.006738e+00	9.690429e-01	3.997790e-02	4.866849e-01	2.805099e-01	3.483506e+00	1.001124e+00	6.172887e+00	7.044557e-01	2.455715e-01	2.022090e+00	8.069395e-01	1.043471e+00	7.141263e+01	1.424731e+02	2.955704e-01	6.145930e-02	6.581759e-14	
2  103.206	2.279766e+00	1.272788e-01	7.141603e-01	3.006738e+00	9.690429e-01	3.997790e-02	4.866849e-01	2.805099e-01	3.483506e+00	1.001766e+00	6.172887e+00	7.044557e-01	2.455715e-01	2.022090e+00	8.069395e-01	1.043471e+00	7.141263e+01	1.424731e+02	2.955704e-01	6.145930e-02	6.581759e-14	
1  102.688	2.218097e+00	1.287040e-01	6.771486e-01	3.000588e+00	9.535839e-01	3.333170e-02	2.928863e-01	3.424747e-01	3.130775e+00	9.988980e-01	5.514139e+00	6.696144e-01	2.453124e-01	2.010120e+00	8.101580e-01	1.042255e+00	6.771341e+01	1.436773e+02	3.304098e-01	3.795404e-02	-9.723566e-15	
4  103.502	2.231985e+00	1.303566e-01	6.767506e-01	3.038483e+00	9.487669e-01	4.817069e-02	3.158839e-01	3.017569e-01	3.307964e+00	1.000682e+00	7.247197e+00	6.655222e-01	2.453677e-01	2.087166e+00	8.281876e-01	1.042598e+00	6.766552e+01	1.430110e+02	3.345743e-01	4.053924e-02	3.583660e-13	
3  103.184	2.224110e+00	1.292414e-01	6.701233e-01	3.028315e+00	9.487239e-01	4.535456e-02	2.374556e-01	2.838905e-01	3.946612e+00	9.979521e-01	6.929247e+00	6.616372e-01	2.453340e-01	2.066052e+00	8.227533e-01	1.042388e+00	6.700067e+01	1.437338e+02	3.384320e-01	3.082328e-02	2.769398e-13	
4  103.162	2.224110e+00	1.292414e-01	6.701233e-01	3.028315e+00	9.487239e-01	4.535456e-02	2.374556e-01	2.838905e-01	3.946612e+00	9.976853e-01	6.929247e+00	6.616372e-01	2.453340e-01	2.066052e+00	8.227533e-01	1.042388e+00	6.700067e+01	1.437338e+02	3.384320e-01	3.082328e-02	2.769398e-13	
7  102.037	2.239972e+00	1.289398e-01	6.804308e-01	3.047007e+00	9.528078e-01	5.639400e-02	3.149930e-01	4.262346e-01	4.042183e+00	9.986391e-01	8.074098e+00	6.718616e-01	2.454010e-01	2.104648e+00	8.280942e-01	1.042110e+00	6.803238e+01	1.432757e+02	3.280722e-01	4.057182e-02	1.566654e-13	
3  102.863	2.253407e+00	1.257226e-01	6.967401e-01	3.051038e+00	9.577841e-01	6.389097e-02	3.276762e-01	5.779732e-01	4.116181e+00	9.971258e-01	8.740431e+00	6.932062e-01	2.454592e-01	2.113639e+00	8.212052e-01	1.042875e+00	6.966582e+01	1.438625e+02	3.067721e-01	4.209881e-02	1.126538e-13	
4  102.913	2.249933e+00	1.248135e-01	6.956347e-01	3.017781e+00	9.569558e-01	5.325507e-02	3.200399e-01	3.271606e-01	4.262918e+00	9.927734e-01	7.663597e+00	6.942578e-01	2.454468e-01	2.044861e+00	8.042023e-01	1.042000e+00	6.956886e+01	1.441581e+02	3.057500e-01	4.126967e-02	2.712812e-14	
3  102.401	2.250674e+00	1.264223e-01	6.983480e-01	3.049564e+00	9.567779e-01	6.365555e-02	3.842799e-01	2.379958e-01	4.039196e+00	9.976456e-01	8.735834e+00	6.932307e-01	2.454486e-01	2.110482e+00	8.205191e-01	1.042237e+00	6.982617e+01	1.434532e+02	3.067532e-01	4.910195e-02	4.865341e-14	
1  102.245	2.277350e+00	1.273985e-01	7.074648e-01	2.995562e+00	9.625860e-01	3.693410e-02	4.558867e-01	5.432089e-01	4.470337e+00	9.980305e-01	5.835044e+00	6.986639e-01	2.455615e-01	2.000038e+00	8.010987e-01	1.042753e+00	7.074437e+01	1.426122e+02	3.013248e-01	5.784056e-02	-2.296362e-14	
1  102.384	2.295167e+00	1.307715e-01	7.259774e-01	3.000282e+00	9.643807e-01	4.155919e-02	7.033488e-01	4.954945e-01	4.158626e+00	9.990566e-01	6.398310e+00	7.071076e-01	2.456362e-01	2.009192e+00	8.066761e-01	1.042787e+00	7.260836e+01	1.405191e+02	2.928576e-01	8.641100e-02	-2.301726e-14	
2  103.065	2.300807e+00	1.237511e-01	7.305778e-01	2.993193e+00	9.718682e-01	4.564408e-02	5.318981e-01	8.267695e-01	3.873000e+00	9.951505e-01	6.746461e+00	7.237720e-01	2.456580e-01	1.995391e+00	7.880690e-01	1.042505e+00	7.308375e+01	1.429089e+02	2.761052e-01	6.658063e-02	-2.478007e-14	
2  103.435	2.244144e+00	1.201490e-01	7.015760e-01	3.027908e+00	9.664557e-01	6.167204e-02	2.214824e-01	6.483797e-01	3.620138e+00	9.925719e-01	8.440037e+00	7.088337e-01	2.454222e-01	2.065732e+00	7.991545e-01	1.042397e+00	7.017059e+01	1.458823e+02	2.910821e-01	2.866800e-02	-7.353444e-14	
3  103.48	2.215664e+00	1.196116e-01	6.803568e-01	2.991598e+00	9.615009e-01	3.917661e-02	4.419633e-02	8.250311e-01	3.861276e+00	9.924242e-01	6.096424e+00	6.921099e-01	2.453010e-01	1.992831e+00	7.877581e-01	1.042472e+00	6.805611e+01	1.472131e+02	3.078314e-01	6.181248e-03	6.826781e-15	
1  103.703	2.215664e+00	1.196116e-01	6.803568e-01	2.991598e+00	9.615009e-01	3.917661e-02	4.419633e-02	8.250311e-01	3.861276e+00	9.934966e-01	6.096424e+00	6.921099e-01	2.453010e-01	1.992831e+00	7.877581e-01	1.042472e+00	6.805611e+01	1.472131e+02	3.078314e-01	6.181248e-03	6.826781e-15	
3  104.437	2.244114e+00	1.240579e-01	7.034216e-01	2.999510e+00	9.685785e-01	5.104390e-02	3.436659e-01	8.675832e-01	2.883034e+00	9.901351e-01	7.423479e+00	7.024894e-01	2.454236e-01	2.007762e+00	7.983615e-01	1.042840e+00	7.034719e+01	1.443165e+02	2.975290e-01	4.402731e-02	-1.718421e-14	
10  104.879	2.248367e+00	1.193039e-01	6.928265e-01	3.020950e+00	9.753769e-01	6.051214e-02	1.018796e-01	9.151613e-01	2.691270e+00	9.899758e-01	8.278592e+00	7.030541e-01	2.454357e-01	2.050613e+00	7.999277e-01	1.042936e+00	6.927092e+01	1.466547e+02	2.969426e-01	1.352258e-02	-5.908124e-15	
5  104.222	2.285084e+00	1.239183e-01	7.121098e-01	3.020058e+00	9.704437e-01	5.819478e-02	3.634308e-01	3.880893e-01	2.479812e+00	9.925425e-01	8.071197e+00	7.092081e-01	2.455908e-01	2.049274e+00	8.050716e-01	1.043424e+00	7.119740e+01	1.438199e+02	2.907550e-01	4.654560e-02	-3.181826e-14	
1  106.235	2.325964e+00	1.233603e-01	7.418723e-01	3.090970e+00	9.818693e-01	9.721708e-02	5.534092e-01	1.529507e-01	2.585200e+00	9.948894e-01	1.144830e+01	7.322871e-01	2.457580e-01	2.200325e+00	8.287842e-01	1.043853e+00	7.419760e+01	1.426583e+02	2.674069e-01	6.902894e-02	-9.483379e-14	
1  106.626	2.325964e+00	1.233603e-01	7.418723e-01	3.090970e+00	9.818693e-01	9.721708e-02	5.534092e-01	1.529507e-01	2.585200e+00	9.925048e-01	1.144830e+01	7.322871e-01	2.457580e-01	2.200325e+00	8.287842e-01	1.043853e+00	7.419760e+01	1.426583e+02	2.674069e-01	6.902894e-02	-9.483379e-14	
1  106.101	2.326439e+00	1.231063e-01	7.361131e-01	3.089700e+00	9.789491e-01	9.532700e-02	5.024209e-01	1.215700e-01	3.006094e+00	9.922950e-01	1.128809e+01	7.284884e-01	2.457605e-01	2.197521e+00	8.277737e-01	1.043652e+00	7.362096e+01	1.429445e+02	2.711965e-01	6.312720e-02	-1.413831e-13	
5  103.953	2.314082e+00	1.251277e-01	7.427941e-01	3.083483e+00	9.834990e-01	8.812445e-02	6.457370e-01	2.119265e-01	2.719743e+00	9.985194e-01	1.077237e+01	7.301937e-01	2.457107e-01	2.183593e+00	8.297223e-01	1.043226e+00	7.427985e+01	1.419170e+02	2.696565e-01	7.976520e-02	1.012711e-14	
3  103.898	2.260481e+00	1.229559e-01	7.028709e-01	3.118782e+00	9.698073e-01	1.013857e-01	3.054815e-01	3.732308e-01	2.353046e+00	9.959169e-01	1.197981e+01	7.037854e-01	2.454865e-01	2.262736e+00	8.439748e-01	1.042387e+00	7.028151e+01	1.445981e+02	2.961188e-01	3.920047e-02	3.391374e-14	
1  103.537	2.260481e+00	1.229559e-01	7.028709e-01	3.118782e+00	9.698073e-01	1.013857e-01	3.054815e-01	3.732308e-01	2.353046e+00	9.972020e-01	1.197981e+01	7.037854e-01	2.454865e-01	2.262736e+00	8.439748e-01	1.042387e+00	7.028151e+01	1.445981e+02	2.961188e-01	3.920047e-02	3.391374e-14	
1  104.241	2.283792e+00	1.225073e-01	7.165537e-01	3.139426e+00	9.824750e-01	1.105230e-01	3.826516e-01	3.480923e-01	2.243642e+00	1.001233e+00	1.266758e+01	7.157468e-01	2.455824e-01	2.309865e+00	8.525153e-01	1.042647e+00	7.165508e+01	1.441042e+02	2.842260e-01	4.869691e-02	2.199145e-13	
1  104.171	2.271796e+00	1.241620e-01	6.996658e-01	3.151862e+00	9.730499e-01	1.087175e-01	3.103191e-01	1.890939e-01	2.617251e+00	1.004356e+00	1.262176e+01	6.982954e-01	2.455325e-01	2.338981e+00	8.628401e-01	1.042230e+00	6.997523e+01	1.441543e+02	3.015920e-01	3.974307e-02	4.136097e-14	
1  104.755	2.226949e+00	1.221522e-01	6.936963e-01	3.134559e+00	9.742968e-01	1.018942e-01	2.358552e-01	3.700057e-01	2.144765e+00	1.003874e+00	1.211195e+01	6.982067e-01	2.453426e-01	2.298921e+00	8.527145e-01	1.042151e+00	6.935243e+01	1.454957e+02	3.017974e-01	3.024452e-02	1.548585e-14	
2  105.62	2.248106e+00	1.243365e-01	6.960017e-01	3.165049e+00	9.705271e-01	1.175714e-01	3.251732e-01	3.427523e-01	2.297615e+00	1.003184e+00	1.340651e+01	6.949646e-01	2.454302e-01	2.370090e+00	8.681172e-01	1.041475e+00	6.957604e+01	1.442983e+02	3.051244e-01	4.151786e-02	-8.187462e-14	
1  106.438	2.205248e+00	1.220241e-01	6.689644e-01	3.173963e+00	9.677467e-01	1.202592e-01	5.916210e-02	4.670798e-01	2.348394e+00	1.000829e+00	1.370172e+01	6.754207e-01	2.452437e-01	2.390609e+00	8.723351e-01	1.041328e+00	6.689970e+01	1.466383e+02	3.246760e-01	6.906670e-03	-4.572803e-13	
3  104.368	2.244432e+00	1.210732e-01	6.967910e-01	3.142007e+00	9.758389e-01	1.061255e-01	2.203657e-01	3.899924e-01	2.202029e+00	1.003829e+00	1.238132e+01	7.028574e-01	2.454162e-01	2.315898e+00	8.522324e-01	1.041991e+00	6.966550e+01	1.456655e+02	2.971437e-01	2.836543e-02	1.054140e-13	
2  104.442	2.244432e+00	1.210732e-01	6.967910e-01	3.142007e+00	9.758389e-01	1.061255e-01	2.203657e-01	3.899924e-01	2.202029e+00	1.003454e+00	1.238132e+01	7.028574e-01	2.454162e-01	2.315898e+00	8.522324e-01	1.041991e+00	6.966550e+01	1.456655e+02	2.971437e-01	2.836543e-02	1.054140e-13	
2  106.328	2.246388e+00	1.233531e-01	6.964133e-01	3.184890e+00	9.773787e-01	1.290874e-01	2.889675e-01	4.588292e-01	2.968630e+00	1.002012e+00	1.433472e+01	6.973654e-01	2.454211e-01	2.416490e+00	8.772779e-01	1.041851e+00	6.961740e+01	1.447411e+02	3.028252e-01	3.658059e-02	-1.014719e-13	
2  105.513	2.271580e+00	1.229348e-01	6.891658e-01	3.186173e+00	9.715541e-01	1.261690e-01	1.821065e-01	3.323682e-01	3.251762e+00	1.001490e+00	1.402202e+01	6.911544e-01	2.455292e-01	2.419133e+00	8.768381e-01	1.042250e+00	6.894331e+01	1.451052e+02	3.087255e-01	2.298161e-02	-2.036402e-13	
2  105.68	2.271004e+00	1.169239e-01	6.915980e-01	3.193387e+00	9.798131e-01	1.295045e-01	1.708003e-02	3.523505e-01	3.648965e+00	1.003788e+00	1.406784e+01	7.062867e-01	2.455243e-01	2.435051e+00	8.661240e-01	1.042387e+00	6.918418e+01	1.475209e+02	2.935821e-01	1.236528e-03	1.453212e-13	
2  105.03	2.282315e+00	1.186408e-01	7.087893e-01	3.132705e+00	9.751958e-01	1.028460e-01	1.800667e-01	2.846266e-01	3.397975e+00	1.002073e+00	1.191594e+01	7.169741e-01	2.455760e-01	2.293508e+00	8.399251e-01	1.043278e+00	7.090150e+01	1.460989e+02	2.827273e-01	2.304514e-02	7.228265e-14	
2  105.339	2.282315e+00	1.186408e-01	7.087893e-01	3.132705e+00	9.751958e-01	1.028460e-01	1.800667e-01	2.846266e-01	3.397975e+00	1.001363e+00	1.191594e+01	7.169741e-01	2.455760e-01	2.293508e+00	8.399251e-01	1.043278e+00	7.090150e+01	1.460989e+02	2.827273e-01	2.304514e-02	7.228265e-14	
1  106.294	2.262426e+00	1.199235e-01	6.854586e-01	3.129141e+00	9.629396e-01	1.010171e-01	3.773685e-02	1.837548e-01	3.530653e+00	9.959163e-01	1.187261e+01	6.947528e-01	2.454925e-01	2.285779e+00	8.440698e-01	1.043235e+00	6.856954e+01	1.466803e+02	3.050221e-01	4.549168e-03	-4.795417e-14	
1  108.205	2.241222e+00	1.226426e-01	6.806761e-01	3.117436e+00	9.515221e-01	8.636115e-02	8.906977e-02	3.422997e-01	3.422325e+00	1.001680e+00	1.075677e+01	6.851431e-01	2.454032e-01	2.258982e+00	8.443337e-01	1.043435e+00	6.809544e+01	1.459338e+02	3.149498e-01	1.092185e-02	2.391449e-13	
6  107.942	2.214976e+00	1.205818e-01	6.787570e-01	3.102914e+00	9.624685e-01	8.222488e-02	1.957265e-02	5.105005e-01	3.228716e+00	1.000609e+00	1.040242e+01	6.884075e-01	2.452920e-01	2.226367e+00	8.381501e-01	1.043854e+00	6.788772e+01	1.470919e+02	3.115473e-01	1.696169e-03	3.758336e-13	
3  108.01	2.214976e+00	1.205818e-01	6.787570e-01	3.102914e+00	9.624685e-01	8.222488e-02	1.957265e-02	5.105005e-01	3.228716e+00	1.000444e+00	1.040242e+01	6.884075e-01	2.452920e-01	2.226367e+00	8.381501e-01	1.043854e+00	6.788772e+01	1.470919e+02	3.115473e-01	1.696169e-03	3.758336e-13	
1  108.396	2.249378e+00	1.278326e-01	7.167545e-01	3.094299e+00	9.692335e-01	8.424898e-02	5.293217e-01	4.859873e-01	3.226824e+00	1.001044e+00	1.066655e+01	7.059196e-01	2.454426e-01	2.207648e+00	8.452949e-01	1.044157e+00	7.167506e+01	1.424637e+02	2.939477e-01	6.566112e-02	3.466541e-13	
1  105.004	2.258935e+00	1.266520e-01	7.145845e-01	3.079512e+00	9.751317e-01	7.444517e-02	4.860163e-01	7.561106e-01	3.333739e+00	1.003636e+00	9.734452e+00	7.063479e-01	2.454827e-01	2.174643e+00	8.376431e-01	1.043540e+00	7.144965e+01	1.428439e+02	2.935288e-01	6.100810e-02	1.412271e-13	
1  106.75	2.277490e+00	1.271553e-01	7.267251e-01	3.051057e+00	9.751752e-01	6.110055e-02	5.693202e-01	6.658914e-01	2.719889e+00	1.003838e+00	8.418380e+00	7.148409e-01	2.455606e-01	2.113185e+00	8.249890e-01	1.044253e+00	7.267863e+01	1.421577e+02	2.851273e-01	7.071672e-02	2.056947e-13	
3  106.413	2.260934e+00	1.267372e-01	7.234741e-01	3.088403e+00	9.776540e-01	8.139999e-02	5.559625e-01	8.620227e-01	2.886534e+00	1.003307e+00	1.035395e+01	7.133455e-01	2.454910e-01	2.194250e+00	8.405915e-01	1.043795e+00	7.234034e+01	1.424869e+02	2.865342e-01	6.909519e-02	1.587475e-13	
1  106.205	2.259254e+00	1.355934e-01	7.226578e-01	3.090539e+00	9.724611e-01	8.458418e-02	8.351859e-01	9.160175e-01	2.298363e+00	1.000212e+00	1.086775e+01	6.955848e-01	2.454827e-01	2.200461e+00	8.597521e-01	1.043232e+00	7.224557e+01	1.392029e+02	3.042447e-01	1.007560e-01	1.665762e-13	
2  105.922	2.259254e+00	1.355934e-01	7.226578e-01	3.090539e+00	9.724611e-01	8.458418e-02	8.351859e-01	9.160175e-01	2.298363e+00	1.001719e+00	1.086775e+01	6.955848e-01	2.454827e-01	2.200461e+00	8.597521e-01	1.043232e+00	7.224557e+01	1.392029e+02	3.042447e-01	1.007560e-01	1.665762e-13	
3  107.55	2.277247e+00	1.376577e-01	7.177841e-01	3.069200e+00	9.749151e-01	7.744448e-02	8.343747e-01	5.614620e-01	2.381356e+00	9.964465e-01	1.024195e+01	6.874972e-01	2.455547e-01	2.154205e+00	8.571247e-01	1.043335e+00	7.177147e+01	1.385894e+02	3.123404e-01	1.001798e-01	3.192490e-13	
1  109.206	2.316220e+00	1.436986e-01	7.591589e-01	3.072480e+00	9.745534e-01	8.269698e-02	1.319498e+00	3.994364e-01	2.386115e+00	9.989674e-01	1.073638e+01	7.095204e-01	2.457168e-01	2.161616e+00	8.628258e-01	1.044289e+00	7.590788e+01	1.349340e+02	2.903016e-01	1.500440e-01	4.787809e-13	
4  109.485	2.347554e+00	1.416844e-01	7.791074e-01	3.126557e+00	9.820230e-01	1.057639e-01	1.406863e+00	8.947259e-02	2.214660e+00	1.006573e+00	1.261915e+01	7.270811e-01	2.458435e-01	2.281959e+00	8.797008e-01	1.044359e+00	7.794447e+01	1.346931e+02	2.727845e-01	1.585216e-01	4.080167e-13	
1  109.964	2.347554e+00	1.416844e-01	7.791074e-01	3.126557e+00	9.820230e-01	1.057639e-01	1.406863e+00	8.947259e-02	2.214660e+00	1.007686e+00	1.261915e+01	7.270811e-01	2.458435e-01	2.281959e+00	8.797008e-01	1.044359e+00	7.794447e+01	1.346931e+02	2.727845e-01	1.585216e-01	4.080167e-13	
9  108.722	2.341745e+00	1.400889e-01	7.715692e-01	3.119378e+00	9.829949e-01	1.008927e-01	1.304317e+00	2.633109e-02	2.636241e+00	1.007914e+00	1.219109e+01	7.244735e-01	2.458212e-01	2.265574e+00	8.749220e-01	1.044129e+00	7.718770e+01	1.354841e+02	2.753701e-01	1.487887e-01	3.804257e-13	
1  108.854	2.341745e+00	1.400889e-01	7.715692e-01	3.119378e+00	9.829949e-01	1.008927e-01	1.304317e+00	2.633109e-02	2.636241e+00	1.008143e+00	1.219109e+01	7.244735e-01	2.458212e-01	2.265574e+00	8.749220e-01	1.044129e+00	7.718770e+01	1.354841e+02	2.753701e-01	1.487887e-01	3.804257e-13	
1  107.583	2.352930e+00	1.345496e-01	7.749545e-01	3.098830e+00	9.896320e-01	9.894692e-02	1.147108e+00	2.697553e-01	3.280638e+00	1.002226e+00	1.182773e+01	7.360168e-01	2.458659e-01	2.218635e+00	8.548144e-01	1.044347e+00	7.751722e+01	1.372020e+02	2.638897e-01	1.334532e-01	2.868978e-13	
4  107.308	2.320987e+00	1.360289e-01	7.520603e-01	3.115789e+00	9.825679e-01	1.017095e-01	1.035948e+00	5.313150e-01	3.858146e+00	1.003253e+00	1.221476e+01	7.174723e-01	2.457368e-01	2.257385e+00	8.684127e-01	1.043840e+00	7.522276e+01	1.376431e+02	2.824099e-01	1.220202e-01	3.082564e-13	
3  106.103	2.307260e+00	1.389129e-01	7.468038e-01	3.068419e+00	9.785399e-01	7.929326e-02	1.098966e+00	5.488269e-01	3.005667e+00	1.001086e+00	1.034576e+01	7.084532e-01	2.456816e-01	2.152184e+00	8.540310e-01	1.043519e+00	7.467531e+01	1.369050e+02	2.913740e-01	1.285077e-01	2.189746e-13	
1  106.957	2.314993e+00	1.333996e-01	7.507895e-01	3.059546e+00	9.861098e-01	7.620872e-02	9.370495e-01	7.198328e-01	2.883552e+00	1.001134e+00	9.918736e+00	7.212748e-01	2.457132e-01	2.132508e+00	8.406591e-01	1.044251e+00	7.507047e+01	1.387159e+02	2.786950e-01	1.117018e-01	1.943490e-13	
1  106.683	2.314993e+00	1.333996e-01	7.507895e-01	3.059546e+00	9.861098e-01	7.620872e-02	9.370495e-01	7.198328e-01	2.883552e+00	9.993610e-01	9.918736e+00	7.212748e-01	2.457132e-01	2.132508e+00	8.406591e-01	1.044251e+00	7.507047e+01	1.387159e+02	2.786950e-01	1.117018e-01	1.943490e-13	
2  107.303	2.339941e+00	1.331171e-01	7.641660e-01	3.075106e+00	9.859181e-01	7.929772e-02	1.014083e+00	4.165489e-01	2.545972e+00	1.004973e+00	1.012292e+01	7.309632e-01	2.458150e-01	2.165407e+00	8.433417e-01	1.044547e+00	7.643436e+01	1.382074e+02	2.689305e-01	1.195929e-01	2.081139e-13	
5  107.448	2.371977e+00	1.333576e-01	7.697914e-01	3.040152e+00	9.872578e-01	6.638031e-02	1.038004e+00	3.023234e-01	2.568607e+00	1.000667e+00	8.865415e+00	7.337648e-01	2.459418e-01	2.090927e+00	8.282582e-01	1.044687e+00	7.697992e+01	1.377524e+02	2.662272e-01	1.219686e-01	3.048088e-14	
2  107.149	2.375381e+00	1.338928e-01	7.755644e-01	3.030238e+00	9.802524e-01	6.585885e-02	1.102547e+00	5.698811e-02	2.311834e+00	9.972129e-01	8.813257e+00	7.365690e-01	2.459562e-01	2.070143e+00	8.213757e-01	1.044637e+00	7.755428e+01	1.373313e+02	2.633317e-01	1.285881e-01	-1.089538e-13	
6  107.191	2.375381e+00	1.338928e-01	7.755644e-01	3.030238e+00	9.802524e-01	6.585885e-02	1.102547e+00	5.698811e-02	2.311834e+00	9.980784e-01	8.813257e+00	7.365690e-01	2.459562e-01	2.070143e+00	8.213757e-01	1.044637e+00	7.755428e+01	1.373313e+02	2.633317e-01	1.285881e-01	-1.089538e-13	
3  104.645	2.386172e+00	1.321090e-01	7.766004e-01	3.043833e+00	9.799786e-01	7.055373e-02	1.073985e+00	3.389649e-01	2.382330e+00	1.000824e+00	9.196122e+00	7.399826e-01	2.460003e-01	2.098318e+00	8.208314e-01	1.043801e+00	7.767154e+01	1.377195e+02	2.598531e-01	1.258727e-01	-2.643058e-13	
1  104.781	2.370824e+00	1.338545e-01	7.646893e-01	3.088445e+00	9.787048e-01	9.344551e-02	1.052281e+00	2.617271e-01	2.406488e+00	9.986382e-01	1.128842e+01	7.293178e-01	2.459403e-01	2.195351e+00	8.455570e-01	1.043347e+00	7.649032e+01	1.375648e+02	2.705128e-01	1.237765e-01	-2.366668e-14	
2  105.004	2.370824e+00	1.338545e-01	7.646893e-01	3.088445e+00	9.787048e-01	9.344551e-02	1.052281e+00	2.617271e-01	2.406488e+00	9.992727e-01	1.128842e+01	7.293178e-01	2.459403e-01	2.195351e+00	8.455570e-01	1.043347e+00	7.649032e+01	1.375648e+02	2.705128e-01	1.237765e-01	-2.366668e-14	
1  105.361	2.358819e+00	1.365381e-01	7.718297e-01	3.034558e+00	9.825374e-01	7.227248e-02	1.193692e+00	1.670740e-01	2.649927e+00	9.958474e-01	9.508113e+00	7.301198e-01	2.458911e-01	2.079585e+00	8.297322e-01	1.043790e+00	7.717704e+01	1.365348e+02	2.698109e-01	1.379021e-01	-5.874969e-15	
3  103.575	2.345442e+00	1.313387e-01	7.578234e-01	2.993788e+00	9.849385e-01	5.173237e-02	9.552823e-01	3.131759e-01	2.784339e+00	9.954392e-01	7.427649e+00	7.293332e-01	2.458384e-01	1.995789e+00	8.038806e-01	1.042792e+00	7.579202e+01	1.387999e+02	2.706732e-01	1.134641e-01	-1.737122e-14	
1  103.711	2.328698e+00	1.357897e-01	7.600433e-01	3.015860e+00	9.762031e-01	6.173186e-02	1.123191e+00	4.508400e-01	2.800101e+00	9.961400e-01	8.542450e+00	7.234770e-01	2.457726e-01	2.040511e+00	8.198088e-01	1.042890e+00	7.600731e+01	1.372752e+02	2.765161e-01	1.309802e-01	-5.328283e-15	
2  105.344	2.340474e+00	1.366244e-01	7.663733e-01	2.990606e+00	9.779998e-01	5.490158e-02	1.204227e+00	5.947662e-01	3.397386e+00	9.923773e-01	7.838566e+00	7.264320e-01	2.458202e-01	1.989694e+00	8.098511e-01	1.042589e+00	7.665078e+01	1.366520e+02	2.736548e-01	1.388769e-01	6.238949e-14	
1  106.26	2.315988e+00	1.348894e-01	7.526535e-01	2.948760e+00	9.774839e-01	3.333410e-02	1.053800e+00	5.739377e-01	3.239732e+00	9.911452e-01	5.445451e+00	7.199634e-01	2.457225e-01	1.908306e+00	7.925223e-01	1.042518e+00	7.530603e+01	1.379129e+02	2.801039e-01	1.236537e-01	-4.571397e-14	
2  106.384	2.315988e+00	1.348894e-01	7.526535e-01	2.948760e+00	9.774839e-01	3.333410e-02	1.053800e+00	5.739377e-01	3.239732e+00	9.913745e-01	5.445451e+00	7.199634e-01	2.457225e-01	1.908306e+00	7.925223e-01	1.042518e+00	7.530603e+01	1.379129e+02	2.801039e-01	1.236537e-01	-4.571397e-14	
6  108.064	2.342222e+00	1.382653e-01	7.683503e-01	2.944803e+00	9.809892e-01	3.447392e-02	1.280207e+00	8.141823e-01	3.384455e+00	9.911831e-01	5.584722e+00	7.251640e-01	2.458266e-01	1.900738e+00	7.950226e-01	1.042298e+00	7.687965e+01	1.360047e+02	2.749606e-01	1.461130e-01	8.291584e-14	
1  106.546	2.308510e+00	1.332022e-01	7.535066e-01	3.015473e+00	9.861679e-01	6.593152e-02	1.040117e+00	8.611713e-01	4.076197e+00	9.945998e-01	8.934204e+00	7.236346e-01	2.456906e-01	2.039670e+00	8.170232e-01	1.041757e+00	7.534834e+01	1.383925e+02	2.767022e-01	1.222866e-01	1.679340e-13	
1  106.974	2.322712e+00	1.308348e-01	7.525395e-01	3.039093e+00	9.892285e-01	7.792575e-02	9.487674e-01	9.258438e-01	3.825134e+00	9.942921e-01	9.964702e+00	7.269542e-01	2.457469e-01	2.088806e+00	8.220949e-01	1.041666e+00	7.524635e+01	1.391517e+02	2.734434e-01	1.128505e-01	2.889782e-13	
2  107.246	2.322712e+00	1.308348e-01	7.525395e-01	3.039093e+00	9.892285e-01	7.792575e-02	9.487674e-01	9.258438e-01	3.825134e+00	9.912557e-01	9.964702e+00	7.269542e-01	2.457469e-01	2.088806e+00	8.220949e-01	1.041666e+00	7.524635e+01	1.391517e+02	2.734434e-01	1.128505e-01	2.889782e-13	
1  105.341	2.349594e+00	1.306878e-01	7.656556e-01	3.028943e+00	9.882821e-01	6.926586e-02	1.025963e+00	9.157635e-01	3.461087e+00	9.956370e-01	9.131065e+00	7.359459e-01	2.458554e-01	2.067470e+00	8.141736e-01	1.041954e+00	7.655436e+01	1.385921e+02	2.642295e-01	1.209519e-01	1.746880e-13	
5  104.959	2.350229e+00	1.283922e-01	7.671013e-01	3.011243e+00	9.821732e-01	6.230489e-02	9.528437e-01	7.398452e-01	3.754474e+00	9.934298e-01	8.433905e+00	7.406830e-01	2.458589e-01	2.031231e+00	7.997730e-01	1.042374e+00	7.671449e+01	1.394216e+02	2.592965e-01	1.131764e-01	1.028534e-14	
1  107.068	2.324732e+00	1.288865e-01	7.610793e-01	2.971119e+00	9.742326e-01	4.407778e-02	9.441907e-01	5.892041e-01	3.631521e+00	9.909997e-01	6.620723e+00	7.362601e-01	2.457590e-01	1.952233e+00	7.840157e-01	1.042196e+00	7.615677e+01	1.396223e+02	2.637493e-01	1.121448e-01	1.618257e-13	
2  107.387	2.349099e+00	1.351108e-01	7.701763e-01	2.977386e+00	9.641493e-01	4.145322e-02	1.185700e+00	5.211594e-01	3.414478e+00	9.948687e-01	6.364946e+00	7.315160e-01	2.458555e-01	1.964550e+00	7.953773e-01	1.042528e+00	7.705910e+01	1.369636e+02	2.686002e-01	1.374564e-01	2.542194e-14	
3  106.42	2.362525e+00	1.345517e-01	7.501995e-01	3.017072e+00	9.597109e-01	5.381624e-02	9.823210e-01	3.017854e-01	3.493833e+00	9.959722e-01	7.657077e+00	7.176201e-01	2.459086e-01	2.043292e+00	8.133903e-01	1.042476e+00	7.502292e+01	1.377684e+02	2.824602e-01	1.165009e-01	-2.033340e-13	
3  106.527	2.375912e+00	1.349206e-01	7.553748e-01	3.015817e+00	9.630991e-01	5.091320e-02	1.036922e+00	2.508749e-01	3.014272e+00	9.991180e-01	7.332226e+00	7.205631e-01	2.459623e-01	2.040675e+00	8.128582e-01	1.042179e+00	7.553840e+01	1.373297e+02	2.794982e-01	1.221402e-01	-1.966039e-13	
1  106.092	2.326281e+00	1.340742e-01	7.292783e-01	2.990335e+00	9.554596e-01	3.573017e-02	8.342104e-01	2.621825e-02	3.358575e+00	9.972850e-01	5.696053e+00	7.029634e-01	2.457637e-01	1.989506e+00	8.043910e-01	1.041875e+00	7.293108e+01	1.388743e+02	2.971204e-01	1.007116e-01	-1.847500e-13	
