1  104.818	2.219405e+00	1.260615e-01	6.946155e-01	3.087894e+00	9.745046e-01	8.003141e-02	3.833486e-01	9.122531e-01	2.058457e+00	1.004793e+00	1.032508e+01	6.909838e-01	2.453138e-01	2.193510e+00	8.417018e-01	1.041650e+00	6.942728e+01	1.438855e+02	3.090343e-01	4.899278e-02	-1.221845e-13	
2  105.691	2.197928e+00	1.240672e-01	6.834576e-01	3.097539e+00	9.627547e-01	8.272098e-02	2.573298e-01	7.335763e-01	2.624312e+00	1.004763e+00	1.056422e+01	6.854311e-01	2.452201e-01	2.214799e+00	8.392040e-01	1.041181e+00	6.831100e+01	1.452212e+02	3.146533e-01	3.317934e-02	-1.248719e-13	
1  104.503	2.235978e+00	1.249009e-01	7.094016e-01	3.093670e+00	9.775750e-01	8.608186e-02	4.428974e-01	8.262482e-01	2.366394e+00	1.004341e+00	1.079255e+01	7.059261e-01	2.453854e-01	2.206345e+00	8.395829e-01	1.042326e+00	7.090987e+01	1.437196e+02	2.941027e-01	5.600278e-02	-2.619754e-14	
1  102.931	2.288067e+00	1.273156e-01	7.266057e-01	3.062666e+00	9.767228e-01	6.763475e-02	6.344189e-01	9.660965e-01	2.579079e+00	1.008349e+00	9.046952e+00	7.142527e-01	2.456046e-01	2.138224e+00	8.265929e-01	1.041955e+00	7.263474e+01	1.417223e+02	2.857289e-01	7.852127e-02	2.070162e-14	
9  102.794	2.311578e+00	1.263073e-01	7.431921e-01	3.033169e+00	9.849111e-01	6.008665e-02	7.170797e-01	8.676353e-01	2.275535e+00	1.005212e+00	8.255120e+00	7.284120e-01	2.457011e-01	2.075828e+00	8.108124e-01	1.042276e+00	7.431159e+01	1.413498e+02	2.716085e-01	8.775502e-02	-1.981352e-14	
15  102.189	2.291504e+00	1.249218e-01	7.167030e-01	3.057807e+00	9.808407e-01	6.698501e-02	4.697428e-01	6.105574e-01	2.177832e+00	1.005059e+00	8.929484e+00	7.109590e-01	2.456175e-01	2.127898e+00	8.226943e-01	1.042055e+00	7.165646e+01	1.430059e+02	2.890274e-01	5.937693e-02	3.369581e-14	
1  102.775	2.302388e+00	1.248639e-01	7.351922e-01	3.031498e+00	9.861186e-01	6.015051e-02	6.144880e-01	9.605847e-01	2.233645e+00	1.003498e+00	8.250506e+00	7.252886e-01	2.456629e-01	2.072330e+00	8.089100e-01	1.042165e+00	7.351031e+01	1.422509e+02	2.747675e-01	7.610780e-02	4.889537e-15	
2  102.732	2.302388e+00	1.248639e-01	7.351922e-01	3.031498e+00	9.861186e-01	6.015051e-02	6.144880e-01	9.605847e-01	2.233645e+00	1.003343e+00	8.250506e+00	7.252886e-01	2.456629e-01	2.072330e+00	8.089100e-01	1.042165e+00	7.351031e+01	1.422509e+02	2.747675e-01	7.610780e-02	4.889537e-15	
2  103.228	2.277135e+00	1.224049e-01	7.276844e-01	3.063044e+00	9.850065e-01	7.647925e-02	4.779735e-01	8.555845e-01	2.364567e+00	1.001976e+00	9.781724e+00	7.247058e-01	2.455582e-01	2.138938e+00	8.183990e-01	1.042709e+00	7.275266e+01	1.437447e+02	2.752875e-01	6.014979e-02	-4.541837e-14	
4  104.045	2.286583e+00	1.185569e-01	7.286007e-01	3.056256e+00	9.800880e-01	7.626065e-02	3.536376e-01	7.246766e-01	2.492539e+00	9.987791e-01	9.652752e+00	7.323309e-01	2.455966e-01	2.124600e+00	8.037345e-01	1.042847e+00	7.286826e+01	1.452173e+02	2.674482e-01	4.486538e-02	-1.895847e-13	
1  102.649	2.296505e+00	1.192056e-01	7.270472e-01	3.022025e+00	9.821041e-01	5.406189e-02	3.632609e-01	8.121048e-01	3.102545e+00	1.002856e+00	7.550503e+00	7.298639e-01	2.456367e-01	2.053028e+00	7.920993e-01	1.042513e+00	7.271479e+01	1.448885e+02	2.699867e-01	4.628265e-02	-7.661749e-14	
1  102.92	2.290569e+00	1.209624e-01	7.206665e-01	3.072909e+00	9.856174e-01	7.819710e-02	3.577319e-01	4.469991e-01	3.482795e+00	1.002697e+00	9.873617e+00	7.218264e-01	2.456124e-01	2.160229e+00	8.208341e-01	1.042884e+00	7.205714e+01	1.445196e+02	2.780816e-01	4.587246e-02	-1.488505e-14	
2  102.826	2.290569e+00	1.209624e-01	7.206665e-01	3.072909e+00	9.856174e-01	7.819710e-02	3.577319e-01	4.469991e-01	3.482795e+00	1.002337e+00	9.873617e+00	7.218264e-01	2.456124e-01	2.160229e+00	8.208341e-01	1.042884e+00	7.205714e+01	1.445196e+02	2.780816e-01	4.587246e-02	-1.488505e-14	
1  102.732	2.265446e+00	1.251115e-01	7.150111e-01	3.058003e+00	9.781893e-01	7.039783e-02	4.489254e-01	2.953963e-01	3.485016e+00	1.000940e+00	9.318509e+00	7.096544e-01	2.455104e-01	2.128264e+00	8.251056e-01	1.043161e+00	7.148577e+01	1.433216e+02	2.902405e-01	5.683257e-02	-2.712011e-15	
1  103.442	2.302440e+00	1.240045e-01	7.150207e-01	3.066659e+00	9.754113e-01	8.260264e-02	4.087520e-01	2.327418e-01	3.290474e+00	9.932291e-01	1.029473e+01	7.111208e-01	2.456628e-01	2.147041e+00	8.229846e-01	1.042374e+00	7.149657e+01	1.433858e+02	2.887760e-01	5.211533e-02	-2.008080e-14	
1  104.48	2.253632e+00	1.273257e-01	6.979006e-01	3.074430e+00	9.689097e-01	8.091959e-02	3.815584e-01	1.378946e-01	3.036496e+00	9.946448e-01	1.036241e+01	6.909449e-01	2.454589e-01	2.164089e+00	8.381780e-01	1.043009e+00	6.977197e+01	1.432206e+02	3.089502e-01	4.853434e-02	1.004843e-13	
9  103.681	2.283634e+00	1.291473e-01	7.142026e-01	3.063837e+00	9.714947e-01	7.228470e-02	5.400769e-01	1.230533e-01	2.362743e+00	9.993211e-01	9.543075e+00	7.007672e-01	2.455850e-01	2.141068e+00	8.354229e-01	1.043458e+00	7.140533e+01	1.417509e+02	2.991327e-01	6.736171e-02	1.453774e-13	
6  102.229	2.240253e+00	1.298375e-01	6.873032e-01	3.050506e+00	9.602992e-01	5.455106e-02	3.902161e-01	1.380299e-01	2.181873e+00	1.004651e+00	7.897521e+00	6.762996e-01	2.454038e-01	2.112252e+00	8.330680e-01	1.042494e+00	6.872311e+01	1.427130e+02	3.235799e-01	4.961374e-02	1.673294e-13	
1  102.109	2.240253e+00	1.298375e-01	6.873032e-01	3.050506e+00	9.602992e-01	5.455106e-02	3.902161e-01	1.380299e-01	2.181873e+00	1.004175e+00	7.897521e+00	6.762996e-01	2.454038e-01	2.112252e+00	8.330680e-01	1.042494e+00	6.872311e+01	1.427130e+02	3.235799e-01	4.961374e-02	1.673294e-13	
3  102.569	2.211800e+00	1.234058e-01	6.604168e-01	3.091211e+00	9.576583e-01	7.751872e-02	9.036028e-03	1.924670e-01	2.474959e+00	9.987864e-01	1.005985e+01	6.648323e-01	2.452766e-01	2.199714e+00	8.395172e-01	1.041758e+00	6.605137e+01	1.464320e+02	3.350406e-01	1.207970e-03	-5.481485e-14	
1  101.365	2.223683e+00	1.222967e-01	6.802613e-01	3.065710e+00	9.670136e-01	6.847726e-02	1.258661e-01	3.028922e-01	2.545007e+00	1.000028e+00	9.170267e+00	6.861413e-01	2.453313e-01	2.144516e+00	8.251443e-01	1.042202e+00	6.801770e+01	1.460126e+02	3.137604e-01	1.663174e-02	2.207738e-14	
4  101.848	2.222158e+00	1.233186e-01	6.831944e-01	3.057564e+00	9.668964e-01	6.588298e-02	1.734857e-01	3.616012e-01	2.901652e+00	9.989289e-01	8.949783e+00	6.866725e-01	2.453260e-01	2.127150e+00	8.241388e-01	1.042531e+00	6.830891e+01	1.455339e+02	3.132335e-01	2.274615e-02	4.291069e-14	
11  101.807	2.229146e+00	1.218444e-01	6.729960e-01	3.095381e+00	9.646508e-01	7.740354e-02	4.749174e-02	1.372895e-01	3.316146e+00	1.003274e+00	9.971946e+00	6.801573e-01	2.453527e-01	2.209210e+00	8.371192e-01	1.042127e+00	6.729964e+01	1.464562e+02	3.196931e-01	6.285414e-03	2.191495e-14	
18  102.069	2.229146e+00	1.218444e-01	6.729960e-01	3.095381e+00	9.646508e-01	7.740354e-02	4.749174e-02	1.372895e-01	3.316146e+00	1.003930e+00	9.971946e+00	6.801573e-01	2.453527e-01	2.209210e+00	8.371192e-01	1.042127e+00	6.729964e+01	1.464562e+02	3.196931e-01	6.285414e-03	2.191495e-14	
7  102.233	2.230219e+00	1.186172e-01	6.790816e-01	3.077900e+00	9.729045e-01	7.732846e-02	4.481850e-03	6.189449e-02	3.376709e+00	9.990392e-01	9.887181e+00	6.928633e-01	2.453576e-01	2.170826e+00	8.226149e-01	1.042028e+00	6.790248e+01	1.475034e+02	3.070181e-01	6.812438e-04	1.872797e-14	
13  102.62	2.261644e+00	1.168243e-01	6.979716e-01	3.073181e+00	9.821506e-01	7.294745e-02	6.943941e-02	1.632947e-01	3.518924e+00	1.004051e+00	9.370995e+00	7.124155e-01	2.454897e-01	2.160758e+00	8.146317e-01	1.042587e+00	6.978785e+01	1.473147e+02	2.874570e-01	9.225853e-03	1.180824e-14	
1  103.156	2.238344e+00	1.188265e-01	6.875114e-01	3.044118e+00	9.825855e-01	5.449463e-02	6.745276e-02	2.366887e-01	3.395801e+00	1.006198e+00	7.672200e+00	6.996996e-01	2.453933e-01	2.098893e+00	8.109231e-01	1.042345e+00	6.874627e+01	1.470399e+02	3.002624e-01	9.074129e-03	1.944322e-14	
6  102.005	2.246903e+00	1.221346e-01	6.963381e-01	3.058593e+00	9.775191e-01	6.260509e-02	2.402199e-01	1.058548e-01	3.799086e+00	1.006179e+00	8.550317e+00	7.003320e-01	2.454316e-01	2.129391e+00	8.210603e-01	1.042228e+00	6.961610e+01	1.452471e+02	2.995551e-01	3.124646e-02	-4.354026e-14	
1  102.546	2.211652e+00	1.234704e-01	6.772162e-01	3.011619e+00	9.678209e-01	3.711628e-02	1.647285e-01	4.280464e-01	3.736385e+00	1.004799e+00	5.888594e+00	6.808043e-01	2.452845e-01	2.032093e+00	8.059774e-01	1.041507e+00	6.773857e+01	1.456619e+02	3.189921e-01	2.169552e-02	-1.695057e-13	
5  102.417	2.222611e+00	1.205572e-01	6.879547e-01	3.012827e+00	9.658326e-01	4.636907e-02	1.623879e-01	5.087876e-01	3.591029e+00	9.994875e-01	6.908356e+00	6.968355e-01	2.453310e-01	2.034753e+00	7.959988e-01	1.041449e+00	6.881834e+01	1.463057e+02	3.030768e-01	2.121311e-02	-5.011447e-15	
1  103.193	2.217236e+00	1.270073e-01	6.903137e-01	3.002166e+00	9.560534e-01	3.980040e-02	3.639367e-01	5.778345e-01	3.925636e+00	9.987671e-01	6.279406e+00	6.855024e-01	2.453108e-01	2.013530e+00	8.045475e-01	1.042082e+00	6.905299e+01	1.437770e+02	3.144997e-01	4.672058e-02	-3.183093e-14	
5  102.659	2.246819e+00	1.171558e-01	7.017545e-01	3.035237e+00	9.736567e-01	6.019364e-02	1.402494e-01	2.655589e-01	3.968452e+00	9.997851e-01	8.237017e+00	7.151194e-01	2.454312e-01	2.080683e+00	7.958072e-01	1.041987e+00	7.018168e+01	1.470370e+02	2.847244e-01	1.813564e-02	-6.963406e-14	
3  103.116	2.250619e+00	1.147083e-01	6.964135e-01	3.026173e+00	9.722766e-01	5.588423e-02	1.578487e-03	4.826366e-01	3.887797e+00	9.979107e-01	7.746624e+00	7.155406e-01	2.454443e-01	2.062299e+00	7.875205e-01	1.042504e+00	6.966438e+01	1.483480e+02	2.842039e-01	1.513809e-04	-1.037719e-13	
5  103.592	2.250619e+00	1.147083e-01	6.964135e-01	3.026173e+00	9.722766e-01	5.588423e-02	1.578487e-03	4.826366e-01	3.887797e+00	9.988287e-01	7.746624e+00	7.155406e-01	2.454443e-01	2.062299e+00	7.875205e-01	1.042504e+00	6.966438e+01	1.483480e+02	2.842039e-01	1.513809e-04	-1.037719e-13	
1  104.942	2.219905e+00	1.180138e-01	6.851280e-01	2.993988e+00	9.612846e-01	4.142671e-02	3.544154e-02	1.347921e-01	3.762115e+00	9.949024e-01	6.336827e+00	6.996654e-01	2.453200e-01	1.997884e+00	7.833834e-01	1.042376e+00	6.854462e+01	1.476281e+02	3.002024e-01	4.879661e-03	-5.934778e-14	
1  105.554	2.231475e+00	1.185338e-01	7.029211e-01	3.008355e+00	9.647407e-01	5.050626e-02	1.937226e-01	2.465059e-01	3.808271e+00	9.968914e-01	7.325809e+00	7.134591e-01	2.453706e-01	2.026561e+00	7.867293e-01	1.042372e+00	7.033702e+01	1.465886e+02	2.864014e-01	2.489546e-02	-1.077140e-13	
1  107.082	2.225398e+00	1.217108e-01	7.094685e-01	3.015797e+00	9.616166e-01	5.071376e-02	3.738079e-01	5.453089e-01	4.720342e+00	1.001704e+00	7.414842e+00	7.126709e-01	2.453460e-01	2.041713e+00	7.937627e-01	1.041681e+00	7.099025e+01	1.449950e+02	2.873869e-01	4.698125e-02	7.430278e-15	
2  106.951	2.228749e+00	1.260745e-01	7.193381e-01	3.017669e+00	9.641281e-01	5.817514e-02	5.699109e-01	1.946015e-01	4.649666e+00	9.970137e-01	8.233825e+00	7.118027e-01	2.453644e-01	2.045055e+00	8.045577e-01	1.042381e+00	7.195555e+01	1.429482e+02	2.882689e-01	7.050843e-02	-9.327699e-14	
2  106.39	2.228749e+00	1.260745e-01	7.193381e-01	3.017669e+00	9.641281e-01	5.817514e-02	5.699109e-01	1.946015e-01	4.649666e+00	9.944969e-01	8.233825e+00	7.118027e-01	2.453644e-01	2.045055e+00	8.045577e-01	1.042381e+00	7.195555e+01	1.429482e+02	2.882689e-01	7.050843e-02	-9.327699e-14	
1  101.914	2.272302e+00	1.282934e-01	7.187665e-01	3.020535e+00	9.645784e-01	5.064464e-02	5.905259e-01	4.286069e-01	3.655578e+00	9.997611e-01	7.402834e+00	7.064017e-01	2.455416e-01	2.050090e+00	8.109263e-01	1.042583e+00	7.188641e+01	1.418404e+02	2.935484e-01	7.352032e-02	1.127105e-14	
1  102.521	2.261934e+00	1.278999e-01	7.172912e-01	2.992690e+00	9.700507e-01	3.751309e-02	5.692604e-01	7.502441e-01	3.728754e+00	9.995716e-01	5.940149e+00	7.061349e-01	2.454994e-01	1.994003e+00	8.013678e-01	1.042753e+00	7.174859e+01	1.421455e+02	2.937887e-01	7.118887e-02	-8.625016e-14	
1  104.945	2.254211e+00	1.214016e-01	7.114615e-01	2.970333e+00	9.663250e-01	2.837004e-02	3.175380e-01	4.620668e-01	3.789529e+00	9.969935e-01	4.763589e+00	7.142503e-01	2.454659e-01	1.950992e+00	7.781074e-01	1.043043e+00	7.117592e+01	1.449988e+02	2.856150e-01	4.116744e-02	-1.277961e-15	
1  105.098	2.256135e+00	1.207423e-01	7.092168e-01	2.989011e+00	9.640647e-01	3.548055e-02	2.712539e-01	6.231082e-01	4.083238e+00	9.980660e-01	5.616287e+00	7.137072e-01	2.454721e-01	1.987847e+00	7.838761e-01	1.043221e+00	7.095663e+01	1.453674e+02	2.862174e-01	3.534044e-02	4.532691e-14	
3  104.551	2.276268e+00	1.217410e-01	7.211539e-01	3.015609e+00	9.719041e-01	5.333535e-02	3.738806e-01	6.462571e-01	3.913257e+00	9.960052e-01	7.559087e+00	7.206976e-01	2.455553e-01	2.040351e+00	7.967203e-01	1.043666e+00	7.212906e+01	1.444093e+02	2.791485e-01	4.774875e-02	-8.697082e-14	
4  106.983	2.284393e+00	1.187439e-01	7.346200e-01	3.030790e+00	9.872337e-01	7.044680e-02	3.848863e-01	5.485970e-01	3.887851e+00	9.919989e-01	9.134682e+00	7.361593e-01	2.455882e-01	2.071137e+00	7.965123e-01	1.043747e+00	7.346125e+01	1.450380e+02	2.635809e-01	4.884971e-02	-3.827089e-13	
1  106.207	2.309276e+00	1.201723e-01	7.458318e-01	3.020184e+00	9.904635e-01	6.459481e-02	5.017056e-01	3.761489e-01	4.378856e+00	9.938146e-01	8.570632e+00	7.410201e-01	2.456894e-01	2.049076e+00	7.939622e-01	1.043830e+00	7.457797e+01	1.438564e+02	2.587180e-01	6.299274e-02	-3.906341e-13	
1  105.042	2.238818e+00	1.177421e-01	7.060325e-01	3.012735e+00	9.797534e-01	4.785367e-02	1.586228e-01	7.110588e-01	4.509079e+00	9.993607e-01	6.971014e+00	7.173043e-01	2.453974e-01	2.034313e+00	7.920002e-01	1.043443e+00	7.061414e+01	1.468799e+02	2.825117e-01	2.082530e-02	-1.408951e-13	
7  103.706	2.228693e+00	1.172664e-01	6.868076e-01	3.062848e+00	9.793339e-01	7.116073e-02	1.487312e-03	3.656178e-01	4.695470e+00	9.977299e-01	9.294563e+00	7.025121e-01	2.453514e-01	2.138391e+00	8.148834e-01	1.043021e+00	6.866708e+01	1.478921e+02	2.973574e-01	2.238899e-04	-3.774837e-15	
13  103.088	2.291498e+00	1.204888e-01	7.128187e-01	3.040598e+00	9.838473e-01	5.830358e-02	2.645752e-01	2.761613e-01	4.940038e+00	1.001835e+00	7.984772e+00	7.163733e-01	2.456160e-01	2.091388e+00	8.085246e-01	1.043268e+00	7.126497e+01	1.450757e+02	2.835455e-01	3.436202e-02	-6.786101e-14	
5  102.494	2.292647e+00	1.246722e-01	7.216146e-01	3.033621e+00	9.857126e-01	5.937711e-02	4.850772e-01	4.309880e-01	4.389372e+00	1.000021e+00	8.188914e+00	7.152899e-01	2.456226e-01	2.076801e+00	8.136799e-01	1.042668e+00	7.215134e+01	1.429762e+02	2.846758e-01	6.121332e-02	-6.270912e-14	
2  102.458	2.292647e+00	1.246722e-01	7.216146e-01	3.033621e+00	9.857126e-01	5.937711e-02	4.850772e-01	4.309880e-01	4.389372e+00	1.001676e+00	8.188914e+00	7.152899e-01	2.456226e-01	2.076801e+00	8.136799e-01	1.042668e+00	7.215134e+01	1.429762e+02	2.846758e-01	6.121332e-02	-6.270912e-14	
1  103.133	2.316259e+00	1.253133e-01	7.218239e-01	3.035624e+00	9.837295e-01	6.254978e-02	4.795187e-01	8.471894e-02	3.761917e+00	9.982471e-01	8.456978e+00	7.137551e-01	2.457187e-01	2.081016e+00	8.154037e-01	1.042928e+00	7.216985e+01	1.426091e+02	2.862137e-01	6.038208e-02	-3.994806e-14	
5  102.791	2.289639e+00	1.266910e-01	7.096503e-01	3.003908e+00	9.713576e-01	4.672193e-02	4.380969e-01	4.139490e-03	3.852698e+00	9.952762e-01	6.906240e+00	7.016380e-01	2.456112e-01	2.016124e+00	8.051838e-01	1.042925e+00	7.094813e+01	1.427447e+02	2.983084e-01	5.544107e-02	-2.983902e-14	
1  103.178	2.281357e+00	1.221841e-01	6.974105e-01	2.998442e+00	9.697931e-01	3.767552e-02	1.992215e-01	1.869941e-01	3.835881e+00	9.987904e-01	5.806454e+00	7.004139e-01	2.455749e-01	2.005730e+00	7.949907e-01	1.043071e+00	6.971893e+01	1.450734e+02	2.996086e-01	2.628799e-02	4.027207e-14	
2  103.635	2.290643e+00	1.229622e-01	6.958520e-01	2.990325e+00	9.681026e-01	3.733290e-02	2.148974e-01	3.349697e-01	3.564046e+00	9.950093e-01	5.762836e+00	6.973329e-01	2.456127e-01	1.989514e+00	7.926090e-01	1.042635e+00	6.956801e+01	1.447088e+02	3.026700e-01	2.816398e-02	-1.163874e-14	
2  102.065	2.310338e+00	1.250175e-01	7.184148e-01	3.024112e+00	9.729008e-01	5.801203e-02	4.569013e-01	4.046157e-01	2.880803e+00	9.960997e-01	8.017570e+00	7.117209e-01	2.456953e-01	2.057280e+00	8.067648e-01	1.042564e+00	7.183656e+01	1.428377e+02	2.882080e-01	5.778791e-02	-6.015394e-14	
3  101.561	2.296380e+00	1.191782e-01	7.097278e-01	3.039238e+00	9.755485e-01	5.924782e-02	2.244045e-01	6.180277e-01	3.205456e+00	1.001695e+00	8.055651e+00	7.165129e-01	2.456358e-01	2.088804e+00	8.007334e-01	1.042242e+00	7.096970e+01	1.455530e+02	2.833778e-01	2.929634e-02	-2.141316e-14	
5  106.142	2.349068e+00	1.253222e-01	7.064335e-01	3.026338e+00	9.727678e-01	4.547279e-02	3.339268e-01	5.883354e-01	2.662477e+00	1.003656e+00	6.576509e+00	7.003266e-01	2.458530e-01	2.062735e+00	8.104502e-01	1.042520e+00	7.063657e+01	1.429603e+02	2.998460e-01	4.235710e-02	-7.524314e-14	
1  104.435	2.319203e+00	1.237900e-01	6.932646e-01	3.041867e+00	9.634255e-01	5.548193e-02	2.001428e-01	6.056545e-01	3.503830e+00	9.995322e-01	7.689548e+00	6.928449e-01	2.457301e-01	2.094454e+00	8.136199e-01	1.042457e+00	6.931125e+01	1.442671e+02	3.072440e-01	2.611690e-02	-9.778738e-14	
3  103.606	2.279899e+00	1.235158e-01	6.703819e-01	3.040109e+00	9.592967e-01	4.805910e-02	4.094501e-02	7.008323e-01	2.702387e+00	1.002082e+00	6.963378e+00	6.732109e-01	2.455669e-01	2.090602e+00	8.160008e-01	1.041946e+00	6.703655e+01	1.455344e+02	3.269162e-01	5.352430e-03	1.470039e-13	
5  103.888	2.265574e+00	1.224791e-01	6.763507e-01	3.008850e+00	9.597828e-01	3.345942e-02	4.598600e-02	7.109098e-01	3.866251e+00	1.002296e+00	5.312189e+00	6.813487e-01	2.455080e-01	2.027126e+00	8.015458e-01	1.042875e+00	6.760587e+01	1.459147e+02	3.189341e-01	6.335255e-03	2.730088e-13	
5  103.858	2.265574e+00	1.224791e-01	6.763507e-01	3.008850e+00	9.597828e-01	3.345942e-02	4.598600e-02	7.109098e-01	3.866251e+00	9.996734e-01	5.312189e+00	6.813487e-01	2.455080e-01	2.027126e+00	8.015458e-01	1.042875e+00	6.760587e+01	1.459147e+02	3.189341e-01	6.335255e-03	2.730088e-13	
3  104.377	2.299543e+00	1.274837e-01	6.979821e-01	3.038205e+00	9.650544e-01	5.210123e-02	3.424259e-01	3.736628e-01	2.983332e+00	9.988340e-01	7.461487e+00	6.898788e-01	2.456504e-01	2.086712e+00	8.220662e-01	1.043269e+00	6.978160e+01	1.428988e+02	3.102438e-01	4.356729e-02	1.517853e-13	
2  102.63	2.290780e+00	1.249673e-01	6.925619e-01	3.056328e+00	9.641169e-01	6.020005e-02	2.441102e-01	3.540881e-01	3.606828e+00	9.997817e-01	8.260746e+00	6.903679e-01	2.456141e-01	2.124615e+00	8.237069e-01	1.042711e+00	6.924486e+01	1.440589e+02	3.096299e-01	3.162526e-02	4.329272e-14	
6  102.361	2.290780e+00	1.249673e-01	6.925619e-01	3.056328e+00	9.641169e-01	6.020005e-02	2.441102e-01	3.540881e-01	3.606828e+00	1.001873e+00	8.260746e+00	6.903679e-01	2.456141e-01	2.124615e+00	8.237069e-01	1.042711e+00	6.924486e+01	1.440589e+02	3.096299e-01	3.162526e-02	4.329272e-14	
1  102.086	2.243308e+00	1.233458e-01	6.629508e-01	3.025172e+00	9.516046e-01	4.078853e-02	8.956875e-03	4.840251e-01	3.780734e+00	1.000857e+00	6.244535e+00	6.671466e-01	2.454138e-01	2.059855e+00	8.090132e-01	1.041634e+00	6.629443e+01	1.461080e+02	3.329461e-01	1.492254e-03	1.395944e-13	
6  101.209	2.256670e+00	1.216323e-01	6.748197e-01	3.041410e+00	9.577782e-01	5.268604e-02	4.967792e-02	2.427823e-01	3.526930e+00	1.000502e+00	7.504121e+00	6.820567e-01	2.454702e-01	2.093234e+00	8.104562e-01	1.041647e+00	6.747850e+01	1.461970e+02	3.179302e-01	6.942589e-03	8.073915e-14	
8  102.553	2.267517e+00	1.202230e-01	6.765303e-01	3.052501e+00	9.584286e-01	6.260712e-02	2.310788e-02	3.299096e-01	3.527164e+00	9.972589e-01	8.451844e+00	6.865185e-01	2.455145e-01	2.116477e+00	8.105272e-01	1.041324e+00	6.764926e+01	1.465705e+02	3.134502e-01	3.561668e-03	2.329294e-14	
18  102.219	2.277904e+00	1.227621e-01	6.826237e-01	3.053202e+00	9.670007e-01	6.386238e-02	1.376535e-01	3.577518e-02	3.200041e+00	9.975817e-01	8.594886e+00	6.863562e-01	2.455591e-01	2.117494e+00	8.184724e-01	1.041527e+00	6.825769e+01	1.452568e+02	3.135336e-01	1.823062e-02	2.787169e-14	
2  102.394	2.285610e+00	1.233992e-01	6.861628e-01	3.038709e+00	9.706810e-01	5.505763e-02	1.604942e-01	7.490299e-03	3.302026e+00	9.988644e-01	7.709610e+00	6.880134e-01	2.455916e-01	2.087259e+00	8.155189e-01	1.042235e+00	6.860876e+01	1.449165e+02	3.119386e-01	2.094802e-02	5.568583e-14	
6  101.526	2.262920e+00	1.283923e-01	6.914188e-01	3.054630e+00	9.657320e-01	6.166337e-02	3.756324e-01	4.816701e-02	2.248630e+00	1.001051e+00	8.542492e+00	6.827264e-01	2.454981e-01	2.120821e+00	8.313808e-01	1.042144e+00	6.913251e+01	1.428982e+02	3.171188e-01	4.786434e-02	5.042013e-14	
4  101.206	2.261938e+00	1.233886e-01	6.988866e-01	3.066700e+00	9.722017e-01	6.882670e-02	2.795044e-01	5.503661e-02	2.157083e+00	1.002766e+00	9.138855e+00	6.996945e-01	2.454939e-01	2.146781e+00	8.253690e-01	1.042525e+00	6.987431e+01	1.445904e+02	3.002074e-01	3.612081e-02	2.731215e-14	
2  101.873	2.248043e+00	1.179136e-01	6.958937e-01	3.058398e+00	9.753967e-01	6.788033e-02	1.188802e-01	9.245035e-02	2.796548e+00	1.001715e+00	8.972962e+00	7.087652e-01	2.454344e-01	2.129130e+00	8.087090e-01	1.041789e+00	6.957639e+01	1.469301e+02	2.911504e-01	1.555158e-02	1.872312e-14	
3  101.613	2.268204e+00	1.201573e-01	6.843485e-01	3.083141e+00	9.671000e-01	7.569424e-02	6.203089e-02	1.256280e-01	2.853647e+00	1.000852e+00	9.677065e+00	6.935645e-01	2.455178e-01	2.182404e+00	8.251911e-01	1.042192e+00	6.843204e+01	1.464050e+02	3.063166e-01	8.430246e-03	-2.157874e-15	
3  103.132	2.276964e+00	1.244377e-01	6.954385e-01	3.079106e+00	9.619818e-01	7.495065e-02	2.554090e-01	1.471256e-01	2.992394e+00	9.997966e-01	9.695356e+00	6.941980e-01	2.455562e-01	2.173794e+00	8.311608e-01	1.042988e+00	6.953650e+01	1.442810e+02	3.057280e-01	3.303923e-02	3.493037e-14	
2  102.562	2.250039e+00	1.273787e-01	6.809483e-01	3.045210e+00	9.512809e-01	5.287767e-02	2.555692e-01	2.841015e-01	2.924681e+00	1.001246e+00	7.658626e+00	6.755676e-01	2.454436e-01	2.101178e+00	8.236298e-01	1.042433e+00	6.808696e+01	1.438284e+02	3.245392e-01	3.319514e-02	2.108762e-13	
2  102.12	2.269227e+00	1.260951e-01	6.838343e-01	3.039139e+00	9.556524e-01	4.726677e-02	2.324139e-01	2.818212e-01	2.727074e+00	1.004097e+00	6.977954e+00	6.805632e-01	2.455249e-01	2.088630e+00	8.182822e-01	1.042270e+00	6.837614e+01	1.440561e+02	3.195508e-01	3.027147e-02	1.321354e-13	
1  102.156	2.209295e+00	1.235728e-01	6.722630e-01	3.014684e+00	9.524085e-01	3.780329e-02	1.171890e-01	3.964787e-01	3.289018e+00	1.002232e+00	5.997056e+00	6.762565e-01	2.452729e-01	2.038904e+00	8.044195e-01	1.041836e+00	6.724390e+01	1.458887e+02	3.237849e-01	1.575069e-02	6.752051e-14	
7  102.764	2.184553e+00	1.223894e-01	6.699323e-01	3.043777e+00	9.553478e-01	5.378531e-02	8.509892e-02	7.317639e-03	3.578134e+00	1.002180e+00	7.807366e+00	6.769553e-01	2.451657e-01	2.098432e+00	8.149649e-01	1.041684e+00	6.700079e+01	1.466190e+02	3.230009e-01	1.120108e-02	-3.286609e-14	
2  102.514	2.216314e+00	1.270241e-01	6.686050e-01	3.060999e+00	9.565128e-01	6.142970e-02	2.065509e-01	1.771584e-01	3.529707e+00	1.001476e+00	8.583345e+00	6.647656e-01	2.452986e-01	2.133956e+00	8.318329e-01	1.041000e+00	6.685497e+01	1.445096e+02	3.350377e-01	2.712046e-02	-3.093425e-14	
1  104.082	2.225235e+00	1.285068e-01	6.762208e-01	3.072404e+00	9.553079e-01	7.155730e-02	3.153080e-01	2.943626e-01	3.502775e+00	9.988104e-01	9.566547e+00	6.687497e-01	2.453360e-01	2.158659e+00	8.374692e-01	1.040841e+00	6.760730e+01	1.435357e+02	3.311318e-01	4.084755e-02	-3.651958e-14	
2  103.714	2.238503e+00	1.257317e-01	6.883204e-01	3.060162e+00	9.537753e-01	7.135531e-02	2.949395e-01	3.791728e-01	3.450874e+00	9.949134e-01	9.475574e+00	6.859505e-01	2.453957e-01	2.133122e+00	8.243657e-01	1.041941e+00	6.882301e+01	1.441672e+02	3.140822e-01	3.819476e-02	2.581552e-14	
4  102.78	2.253051e+00	1.254040e-01	6.949813e-01	3.048225e+00	9.607598e-01	6.811940e-02	3.421993e-01	2.619176e-01	3.144490e+00	9.944810e-01	9.125470e+00	6.923633e-01	2.454581e-01	2.107491e+00	8.184627e-01	1.041583e+00	6.948804e+01	1.438714e+02	3.076372e-01	4.401317e-02	2.909787e-14	
3  104.555	2.253051e+00	1.254040e-01	6.949813e-01	3.048225e+00	9.607598e-01	6.811940e-02	3.421993e-01	2.619176e-01	3.144490e+00	9.968844e-01	9.125470e+00	6.923633e-01	2.454581e-01	2.107491e+00	8.184627e-01	1.041583e+00	6.948804e+01	1.438714e+02	3.076372e-01	4.401317e-02	2.909787e-14	
1  104.445	2.231686e+00	1.261758e-01	6.907647e-01	3.007986e+00	9.571230e-01	4.588701e-02	3.470778e-01	4.172130e-01	2.733363e+00	9.982291e-01	6.921614e+00	6.874502e-01	2.453706e-01	2.024849e+00	8.040914e-01	1.041551e+00	6.909708e+01	1.439039e+02	3.125717e-01	4.456708e-02	1.627076e-14	
1  103.613	2.254222e+00	1.257770e-01	6.867934e-01	3.060943e+00	9.646555e-01	6.795291e-02	2.877732e-01	3.624683e-01	3.573976e+00	1.001243e+00	9.111941e+00	6.841436e-01	2.454610e-01	2.134084e+00	8.273508e-01	1.041361e+00	6.866821e+01	1.440274e+02	3.157280e-01	3.733458e-02	2.530050e-14	
3  104.109	2.292081e+00	1.315376e-01	7.137337e-01	3.080266e+00	9.677357e-01	7.695406e-02	6.390016e-01	1.673914e-01	3.450094e+00	1.004682e+00	1.000006e+01	6.953499e-01	2.456205e-01	2.176587e+00	8.445774e-01	1.042216e+00	7.136239e+01	1.406514e+02	3.044358e-01	7.903865e-02	2.942141e-14	
1  105.03	2.271981e+00	1.290320e-01	7.276407e-01	3.088362e+00	9.716953e-01	8.560170e-02	7.008903e-01	4.358745e-01	3.035315e+00	1.005456e+00	1.074805e+01	7.120361e-01	2.455380e-01	2.194684e+00	8.402012e-01	1.042247e+00	7.274272e+01	1.411751e+02	2.879438e-01	8.611043e-02	3.391318e-14	
2  105.164	2.284769e+00	1.261005e-01	7.354190e-01	3.074394e+00	9.773811e-01	8.658949e-02	6.645669e-01	3.886608e-01	2.503643e+00	1.000487e+00	1.072492e+01	7.234451e-01	2.455922e-01	2.164210e+00	8.270510e-01	1.042330e+00	7.352800e+01	1.419024e+02	2.766007e-01	8.183865e-02	4.557725e-14	
2  105.675	2.256688e+00	1.243129e-01	7.196177e-01	3.040138e+00	9.688627e-01	7.033937e-02	4.914940e-01	6.818306e-01	2.358300e+00	9.966811e-01	9.305573e+00	7.149832e-01	2.454771e-01	2.091096e+00	8.105501e-01	1.042485e+00	7.196505e+01	1.434270e+02	2.850384e-01	6.155783e-02	-5.645175e-14	
1  105.941	2.274430e+00	1.207109e-01	7.240629e-01	3.101998e+00	9.755869e-01	9.352534e-02	3.843822e-01	8.287379e-01	2.674121e+00	1.004077e+00	1.120588e+01	7.250594e-01	2.455458e-01	2.224263e+00	8.285191e-01	1.043113e+00	7.241193e+01	1.446606e+02	2.747254e-01	4.843698e-02	6.931834e-15	
1  105.757	2.278612e+00	1.202216e-01	7.214158e-01	3.113221e+00	9.737545e-01	9.557145e-02	3.521646e-01	6.538200e-01	2.737302e+00	1.006626e+00	1.135784e+01	7.239609e-01	2.455621e-01	2.249375e+00	8.314112e-01	1.042821e+00	7.214938e+01	1.448971e+02	2.758391e-01	4.452897e-02	3.775638e-14	
2  108.204	2.267884e+00	1.206835e-01	7.243291e-01	3.135773e+00	9.708621e-01	1.079345e-01	4.054575e-01	7.454810e-01	3.121285e+00	1.006683e+00	1.239824e+01	7.254599e-01	2.455164e-01	2.300712e+00	8.401645e-01	1.042630e+00	7.243313e+01	1.446688e+02	2.744198e-01	5.053053e-02	6.368216e-14	
6  106.062	2.266701e+00	1.244562e-01	7.212456e-01	3.122965e+00	9.719216e-01	1.028033e-01	4.975066e-01	7.035061e-01	2.547381e+00	1.004624e+00	1.210415e+01	7.157649e-01	2.455136e-01	2.272093e+00	8.458512e-01	1.042618e+00	7.211137e+01	1.432684e+02	2.841826e-01	6.219685e-02	7.471023e-14	
2  105.492	2.265273e+00	1.210591e-01	7.136114e-01	3.110355e+00	9.718834e-01	9.442150e-02	3.495259e-01	7.410123e-01	2.841443e+00	1.005969e+00	1.132361e+01	7.165084e-01	2.455068e-01	2.243346e+00	8.324826e-01	1.041916e+00	7.134155e+01	1.448292e+02	2.834742e-01	4.446970e-02	1.164397e-13	
1  105.39	2.246178e+00	1.220508e-01	6.949545e-01	3.067574e+00	9.660532e-01	6.376676e-02	2.647531e-01	8.695521e-01	2.709117e+00	1.011070e+00	8.660058e+00	6.994126e-01	2.454263e-01	2.149036e+00	8.187458e-01	1.040919e+00	6.946012e+01	1.451869e+02	3.006586e-01	3.417080e-02	1.503500e-13	
2  103.229	2.257002e+00	1.257041e-01	7.051349e-01	3.029263e+00	9.700386e-01	4.975917e-02	4.372979e-01	9.059497e-01	2.545994e+00	1.007552e+00	7.279388e+00	7.003967e-01	2.454758e-01	2.067988e+00	8.117732e-01	1.041537e+00	7.051237e+01	1.433391e+02	2.995455e-01	5.541403e-02	2.505304e-14	
8  104.685	2.260298e+00	1.277742e-01	7.218644e-01	3.016787e+00	9.711766e-01	4.929064e-02	6.421589e-01	9.798558e-01	2.083380e+00	1.005901e+00	7.264557e+00	7.101283e-01	2.454919e-01	2.042391e+00	8.079052e-01	1.041577e+00	7.219496e+01	1.418876e+02	2.899102e-01	7.921417e-02	1.274496e-14	
4  104.79	2.242394e+00	1.207241e-01	7.125480e-01	3.015820e+00	9.721688e-01	5.371137e-02	3.423489e-01	5.552583e-01	2.293412e+00	1.000736e+00	7.662195e+00	7.167672e-01	2.454164e-01	2.040766e+00	7.943385e-01	1.042120e+00	7.128145e+01	1.451937e+02	2.831912e-01	4.344817e-02	-7.399935e-14	
6  104.021	2.242394e+00	1.207241e-01	7.125480e-01	3.015820e+00	9.721688e-01	5.371137e-02	3.423489e-01	5.552583e-01	2.293412e+00	9.997301e-01	7.662195e+00	7.167672e-01	2.454164e-01	2.040766e+00	7.943385e-01	1.042120e+00	7.128145e+01	1.451937e+02	2.831912e-01	4.344817e-02	-7.399935e-14	
1  103.801	2.282307e+00	1.277026e-01	7.269642e-01	3.039321e+00	9.692981e-01	6.993240e-02	6.408285e-01	3.663976e-01	2.175298e+00	9.958569e-01	9.276759e+00	7.138825e-01	2.455831e-01	2.089174e+00	8.162339e-01	1.042400e+00	7.269288e+01	1.416482e+02	2.861365e-01	7.912435e-02	-1.373459e-14	
3  103.834	2.329256e+00	1.336833e-01	7.536453e-01	3.018010e+00	9.824830e-01	6.139727e-02	9.988035e-01	6.652432e-01	2.010834e+00	9.976660e-01	8.477322e+00	7.225216e-01	2.457730e-01	2.044872e+00	8.197966e-01	1.042979e+00	7.536533e+01	1.382553e+02	2.774952e-01	1.181373e-01	-3.183261e-16	
20  103.533	2.329256e+00	1.336833e-01	7.536453e-01	3.018010e+00	9.824830e-01	6.139727e-02	9.988035e-01	6.652432e-01	2.010834e+00	9.972414e-01	8.477322e+00	7.225216e-01	2.457730e-01	2.044872e+00	8.197966e-01	1.042979e+00	7.536533e+01	1.382553e+02	2.774952e-01	1.181373e-01	-3.183261e-16	
20  103.324	2.329256e+00	1.336833e-01	7.536453e-01	3.018010e+00	9.824830e-01	6.139727e-02	9.988035e-01	6.652432e-01	2.010834e+00	9.941356e-01	8.477322e+00	7.225216e-01	2.457730e-01	2.044872e+00	8.197966e-01	1.042979e+00	7.536533e+01	1.382553e+02	2.774952e-01	1.181373e-01	-3.183261e-16	
4  102.988	2.329256e+00	1.336833e-01	7.536453e-01	3.018010e+00	9.824830e-01	6.139727e-02	9.988035e-01	6.652432e-01	2.010834e+00	9.952991e-01	8.477322e+00	7.225216e-01	2.457730e-01	2.044872e+00	8.197966e-01	1.042979e+00	7.536533e+01	1.382553e+02	2.774952e-01	1.181373e-01	-3.183261e-16	
7  103.919	2.361178e+00	1.293268e-01	7.556316e-01	2.993955e+00	9.820905e-01	5.177730e-02	8.572911e-01	7.749966e-01	2.302788e+00	9.927609e-01	7.364154e+00	7.308843e-01	2.458998e-01	1.996369e+00	7.987579e-01	1.042894e+00	7.557001e+01	1.395178e+02	2.690870e-01	1.029879e-01	-6.622244e-14	
6  104.612	2.377599e+00	1.294581e-01	7.642839e-01	2.977009e+00	9.853718e-01	4.016609e-02	9.271347e-01	7.432532e-01	2.851986e+00	9.970839e-01	6.082366e+00	7.364640e-01	2.459643e-01	1.963043e+00	7.907547e-01	1.042738e+00	7.644143e+01	1.390195e+02	2.634539e-01	1.105660e-01	1.428090e-15	
2  105.144	2.394513e+00	1.302102e-01	7.703841e-01	2.983885e+00	9.871610e-01	4.359546e-02	9.902763e-01	6.965384e-01	2.891069e+00	9.978167e-01	6.450417e+00	7.389994e-01	2.460309e-01	1.976676e+00	7.940689e-01	1.042685e+00	7.704691e+01	1.384076e+02	2.609301e-01	1.171268e-01	-1.100395e-14	
1  104.405	2.381353e+00	1.299249e-01	7.706781e-01	2.984217e+00	9.807743e-01	4.191261e-02	9.812768e-01	7.781852e-01	2.734897e+00	9.990078e-01	6.284657e+00	7.399199e-01	2.459794e-01	1.977318e+00	7.922043e-01	1.043125e+00	7.708047e+01	1.386420e+02	2.599717e-01	1.164859e-01	-8.146856e-14	
4  104.504	2.381353e+00	1.299249e-01	7.706781e-01	2.984217e+00	9.807743e-01	4.191261e-02	9.812768e-01	7.781852e-01	2.734897e+00	1.000643e+00	6.284657e+00	7.399199e-01	2.459794e-01	1.977318e+00	7.922043e-01	1.043125e+00	7.708047e+01	1.386420e+02	2.599717e-01	1.164859e-01	-8.146856e-14	
1  106.378	2.386762e+00	1.341448e-01	7.897238e-01	2.958440e+00	9.793011e-01	3.404519e-02	1.268402e+00	3.689721e-01	2.205231e+00	9.994178e-01	5.441246e+00	7.456054e-01	2.460004e-01	1.927250e+00	7.867863e-01	1.043278e+00	7.898834e+01	1.364694e+02	2.543008e-01	1.458034e-01	4.041847e-14	
3  105.088	2.320079e+00	1.358995e-01	7.509679e-01	2.992574e+00	9.654005e-01	3.903760e-02	1.083302e+00	8.587138e-01	2.410746e+00	1.004290e+00	6.131775e+00	7.167447e-01	2.457384e-01	1.993719e+00	8.075105e-01	1.041984e+00	7.512549e+01	1.375140e+02	2.832966e-01	1.271467e-01	9.954534e-15	
2  105.432	2.345063e+00	1.375270e-01	7.577896e-01	2.981909e+00	9.655344e-01	3.589620e-02	1.163249e+00	6.799500e-01	3.234415e+00	1.002250e+00	5.747985e+00	7.185626e-01	2.458389e-01	1.972702e+00	8.053848e-01	1.042240e+00	7.580510e+01	1.365719e+02	2.814480e-01	1.351921e-01	-7.726271e-14	
4  105.265	2.345063e+00	1.375270e-01	7.577896e-01	2.981909e+00	9.655344e-01	3.589620e-02	1.163249e+00	6.799500e-01	3.234415e+00	1.001933e+00	5.747985e+00	7.185626e-01	2.458389e-01	1.972702e+00	8.053848e-01	1.042240e+00	7.580510e+01	1.365719e+02	2.814480e-01	1.351921e-01	-7.726271e-14	
5  105.758	2.296133e+00	1.365748e-01	7.279383e-01	2.948927e+00	9.566793e-01	1.878615e-02	9.052611e-01	4.923745e-01	3.274541e+00	9.968696e-01	3.622648e+00	6.979066e-01	2.456415e-01	1.908765e+00	7.951190e-01	1.042452e+00	7.278491e+01	1.383300e+02	3.021818e-01	1.083016e-01	-2.688533e-13	
5  105.641	2.302487e+00	1.330170e-01	7.178852e-01	2.951964e+00	9.534143e-01	1.503610e-02	7.166717e-01	4.771755e-01	3.597525e+00	9.995402e-01	3.053616e+00	6.960920e-01	2.456666e-01	1.914421e+00	7.893027e-01	1.042053e+00	7.175349e+01	1.398526e+02	3.039728e-01	8.754984e-02	-2.063358e-13	
2  105.469	2.330830e+00	1.331696e-01	7.252807e-01	2.959651e+00	9.590704e-01	1.963499e-02	7.502998e-01	7.807372e-01	3.397214e+00	9.993939e-01	3.639947e+00	7.013704e-01	2.457803e-01	1.929401e+00	7.930873e-01	1.042441e+00	7.249649e+01	1.393914e+02	2.987012e-01	9.122097e-02	-2.280647e-13	
1  105.179	2.327789e+00	1.288099e-01	7.353991e-01	2.971871e+00	9.651937e-01	3.524887e-02	6.900451e-01	9.159908e-01	3.718419e+00	9.940999e-01	5.585677e+00	7.175376e-01	2.457669e-01	1.953907e+00	7.889709e-01	1.043050e+00	7.354549e+01	1.407027e+02	2.824812e-01	8.495504e-02	-8.431766e-14	
3  102.743	2.303562e+00	1.293128e-01	7.119212e-01	3.001660e+00	9.641083e-01	4.379593e-02	5.404536e-01	8.936396e-01	3.875864e+00	9.960271e-01	6.597624e+00	6.981578e-01	2.456680e-01	2.011924e+00	8.064493e-01	1.042434e+00	7.118819e+01	1.415043e+02	3.018098e-01	6.751283e-02	-2.649184e-14	
3  102.707	2.303562e+00	1.293128e-01	7.119212e-01	3.001660e+00	9.641083e-01	4.379593e-02	5.404536e-01	8.936396e-01	3.875864e+00	9.940324e-01	6.597624e+00	6.981578e-01	2.456680e-01	2.011924e+00	8.064493e-01	1.042434e+00	7.118819e+01	1.415043e+02	3.018098e-01	6.751283e-02	-2.649184e-14	
6  103.984	2.318201e+00	1.293457e-01	7.173690e-01	3.000772e+00	9.709749e-01	3.704911e-02	5.551865e-01	9.099325e-01	4.219364e+00	9.999362e-01	5.783386e+00	7.022763e-01	2.457279e-01	2.010328e+00	8.080541e-01	1.043148e+00	7.172385e+01	1.412842e+02	2.977728e-01	6.914099e-02	-9.010732e-15	
1  103.701	2.324041e+00	1.295969e-01	7.102994e-01	3.040692e+00	9.717916e-01	5.528398e-02	5.118572e-01	8.563914e-01	3.590808e+00	1.000272e+00	7.780120e+00	6.957070e-01	2.457515e-01	2.091918e+00	8.259385e-01	1.042632e+00	7.102748e+01	1.413687e+02	3.042361e-01	6.376813e-02	8.120202e-15	
4  103.615	2.324041e+00	1.295969e-01	7.102994e-01	3.040692e+00	9.717916e-01	5.528398e-02	5.118572e-01	8.563914e-01	3.590808e+00	1.002308e+00	7.780120e+00	6.957070e-01	2.457515e-01	2.091918e+00	8.259385e-01	1.042632e+00	7.102748e+01	1.413687e+02	3.042361e-01	6.376813e-02	8.120202e-15	
1  102.718	2.338154e+00	1.291693e-01	7.379841e-01	3.077690e+00	9.757761e-01	7.814511e-02	7.231138e-01	7.321831e-01	2.819442e+00	1.004392e+00	9.938726e+00	7.185854e-01	2.458098e-01	2.170901e+00	8.349425e-01	1.042769e+00	7.379740e+01	1.403636e+02	2.812958e-01	8.850758e-02	-3.417255e-14	
2  102.767	2.343047e+00	1.289863e-01	7.521035e-01	3.032106e+00	9.781781e-01	5.924998e-02	8.141102e-01	6.927190e-01	2.991157e+00	1.003312e+00	8.149897e+00	7.292992e-01	2.458287e-01	2.073600e+00	8.140567e-01	1.043455e+00	7.521772e+01	1.399644e+02	2.706037e-01	9.849901e-02	-1.179239e-13	
3  102.583	2.347659e+00	1.270300e-01	7.502642e-01	3.031723e+00	9.812562e-01	5.707249e-02	7.457988e-01	8.220760e-01	3.244848e+00	1.005382e+00	7.886758e+00	7.313970e-01	2.458469e-01	2.072826e+00	8.098835e-01	1.043075e+00	7.503009e+01	1.406724e+02	2.685173e-01	9.098910e-02	-1.300396e-13	
4  102.708	2.347659e+00	1.270300e-01	7.502642e-01	3.031723e+00	9.812562e-01	5.707249e-02	7.457988e-01	8.220760e-01	3.244848e+00	1.004053e+00	7.886758e+00	7.313970e-01	2.458469e-01	2.072826e+00	8.098835e-01	1.043075e+00	7.503009e+01	1.406724e+02	2.685173e-01	9.098910e-02	-1.300396e-13	
1  102.955	2.322155e+00	1.277794e-01	7.163117e-01	3.048967e+00	9.728631e-01	5.496576e-02	5.132645e-01	8.001884e-01	3.040437e+00	1.006740e+00	7.715631e+00	7.043259e-01	2.457453e-01	2.109309e+00	8.238786e-01	1.042557e+00	7.162794e+01	1.418014e+02	2.956607e-01	6.422740e-02	-7.398613e-15	
5  101.767	2.269617e+00	1.243876e-01	6.920044e-01	3.048269e+00	9.683637e-01	5.087616e-02	2.582334e-01	8.120528e-01	2.870281e+00	1.007531e+00	7.325941e+00	6.914001e-01	2.455270e-01	2.107758e+00	8.197004e-01	1.042058e+00	6.919638e+01	1.443603e+02	3.085638e-01	3.344360e-02	9.920280e-14	
10  101.689	2.269617e+00	1.243876e-01	6.920044e-01	3.048269e+00	9.683637e-01	5.087616e-02	2.582334e-01	8.120528e-01	2.870281e+00	1.008251e+00	7.325941e+00	6.914001e-01	2.455270e-01	2.107758e+00	8.197004e-01	1.042058e+00	6.919638e+01	1.443603e+02	3.085638e-01	3.344360e-02	9.920280e-14	
13  101.969	2.269617e+00	1.243876e-01	6.920044e-01	3.048269e+00	9.683637e-01	5.087616e-02	2.582334e-01	8.120528e-01	2.870281e+00	1.006948e+00	7.325941e+00	6.914001e-01	2.455270e-01	2.107758e+00	8.197004e-01	1.042058e+00	6.919638e+01	1.443603e+02	3.085638e-01	3.344360e-02	9.920280e-14	
2  103.44	2.259699e+00	1.236624e-01	6.952549e-01	3.022943e+00	9.763840e-01	4.045357e-02	2.751387e-01	7.358473e-01	2.757123e+00	1.007085e+00	6.177418e+00	6.958990e-01	2.454865e-01	2.055276e+00	8.094603e-01	1.041962e+00	6.953482e+01	1.445681e+02	3.040197e-01	3.560341e-02	-6.193109e-15	
5  102.415	2.297043e+00	1.284654e-01	7.097204e-01	3.039959e+00	9.764696e-01	5.703987e-02	4.975725e-01	5.115843e-01	2.067289e+00	1.000345e+00	8.002096e+00	6.980458e-01	2.456403e-01	2.090224e+00	8.249325e-01	1.042551e+00	7.097261e+01	1.419751e+02	3.018928e-01	6.239485e-02	4.244950e-14	
3  107.188	2.297043e+00	1.284654e-01	7.097204e-01	3.039959e+00	9.764696e-01	5.703987e-02	4.975725e-01	5.115843e-01	2.067289e+00	1.006634e+00	8.002096e+00	6.980458e-01	2.456403e-01	2.090224e+00	8.249325e-01	1.042551e+00	7.097261e+01	1.419751e+02	3.018928e-01	6.239485e-02	4.244950e-14	
4  108.052	2.266208e+00	1.325355e-01	7.156182e-01	3.036435e+00	9.724873e-01	5.567329e-02	6.801839e-01	5.206128e-01	2.196664e+00	1.007374e+00	8.013922e+00	6.956209e-01	2.455143e-01	2.082966e+00	8.314610e-01	1.043096e+00	7.155688e+01	1.405116e+02	3.042556e-01	8.364548e-02	9.633359e-14	
3  108.018	2.239149e+00	1.317313e-01	6.991382e-01	3.025769e+00	9.692526e-01	5.159716e-02	5.655828e-01	5.594441e-01	2.216699e+00	1.004710e+00	7.614093e+00	6.831946e-01	2.454006e-01	2.060625e+00	8.265087e-01	1.042048e+00	6.991860e+01	1.414919e+02	3.166433e-01	7.055698e-02	-4.674289e-14	
2  109.032	2.239149e+00	1.317313e-01	6.991382e-01	3.025769e+00	9.692526e-01	5.159716e-02	5.655828e-01	5.594441e-01	2.216699e+00	1.005206e+00	7.614093e+00	6.831946e-01	2.454006e-01	2.060625e+00	8.265087e-01	1.042048e+00	6.991860e+01	1.414919e+02	3.166433e-01	7.055698e-02	-4.674289e-14	
6  108.705	2.315091e+00	1.286653e-01	7.278897e-01	3.035968e+00	9.776512e-01	6.654646e-02	6.581465e-01	6.372489e-01	2.047661e+00	1.000885e+00	8.903879e+00	7.122470e-01	2.457149e-01	2.081767e+00	8.188524e-01	1.042169e+00	7.278584e+01	1.410074e+02	2.877540e-01	8.105768e-02	4.351000e-14	
5  108.587	2.329912e+00	1.273878e-01	7.317565e-01	3.042959e+00	9.781420e-01	6.903120e-02	6.442772e-01	7.016343e-01	2.646372e+00	1.002321e+00	9.081031e+00	7.173591e-01	2.457755e-01	2.096489e+00	8.174134e-01	1.042040e+00	7.316977e+01	1.412098e+02	2.826230e-01	7.956676e-02	3.638771e-14	
11  108.446	2.295722e+00	1.211080e-01	7.246293e-01	3.058696e+00	9.824332e-01	7.473526e-02	4.263323e-01	9.372705e-01	2.589637e+00	1.005696e+00	9.555553e+00	7.245433e-01	2.456346e-01	2.129734e+00	8.110818e-01	1.041720e+00	7.244135e+01	1.441084e+02	2.755167e-01	5.397571e-02	1.350084e-13	
2  107.603	2.273535e+00	1.182334e-01	7.127061e-01	3.024159e+00	9.747691e-01	5.474934e-02	2.323542e-01	9.660151e-01	2.813872e+00	1.005226e+00	7.647512e+00	7.211529e-01	2.455417e-01	2.057671e+00	7.920156e-01	1.042439e+00	7.128580e+01	1.460206e+02	2.786998e-01	3.000228e-02	-3.881846e-14	
1  108.646	2.280318e+00	1.210548e-01	6.984216e-01	2.978719e+00	9.717761e-01	3.144930e-02	2.021591e-01	8.801369e-01	3.171693e+00	1.001981e+00	5.051390e+00	7.035841e-01	2.455702e-01	1.966621e+00	7.832111e-01	1.042132e+00	6.984794e+01	1.453665e+02	2.963070e-01	2.650917e-02	6.191190e-14	
1  108.869	2.295918e+00	1.250238e-01	7.113837e-01	2.957213e+00	9.725405e-01	1.875244e-02	4.032193e-01	6.990303e-01	3.784460e+00	1.004627e+00	3.448734e+00	7.061329e-01	2.456364e-01	1.924152e+00	7.822769e-01	1.042754e+00	7.110481e+01	1.432384e+02	2.937630e-01	5.130536e-02	8.388627e-14	
2  109.089	2.298747e+00	1.267419e-01	7.070957e-01	2.947813e+00	9.704475e-01	1.012517e-02	4.409444e-01	5.748942e-01	3.506271e+00	1.007397e+00	2.252880e+00	6.989615e-01	2.456501e-01	1.904757e+00	7.813104e-01	1.041913e+00	7.065896e+01	1.426039e+02	3.007142e-01	5.494857e-02	2.213536e-13	
1  109.761	2.298747e+00	1.267419e-01	7.070957e-01	2.947813e+00	9.704475e-01	1.012517e-02	4.409444e-01	5.748942e-01	3.506271e+00	1.007738e+00	2.252880e+00	6.989615e-01	2.456501e-01	1.904757e+00	7.813104e-01	1.041913e+00	7.065896e+01	1.426039e+02	3.007142e-01	5.494857e-02	2.213536e-13	
3  109.777	2.273021e+00	1.252164e-01	6.983557e-01	2.961989e+00	9.751652e-01	1.505887e-02	3.394390e-01	6.265624e-01	3.893798e+00	1.009479e+00	2.951306e+00	6.949112e-01	2.455442e-01	1.932690e+00	7.874039e-01	1.041931e+00	6.981592e+01	1.437338e+02	3.048047e-01	4.298114e-02	2.556648e-14	
1  109.497	2.298339e+00	1.257600e-01	7.112826e-01	2.954709e+00	9.710212e-01	1.498250e-02	4.234539e-01	6.309251e-01	3.601744e+00	1.006794e+00	2.935479e+00	7.045628e-01	2.456469e-01	1.918892e+00	7.824298e-01	1.042731e+00	7.107977e+01	1.429273e+02	2.953300e-01	5.358046e-02	1.919428e-13	
2  109.719	2.295965e+00	1.255047e-01	7.094641e-01	2.958490e+00	9.660035e-01	1.629109e-02	3.982372e-01	7.080353e-01	3.659938e+00	1.006432e+00	3.125275e+00	7.036720e-01	2.456369e-01	1.926718e+00	7.824348e-01	1.042854e+00	7.089614e+01	1.431281e+02	2.963197e-01	5.076044e-02	1.872106e-13	
2  109.33	2.326572e+00	1.279909e-01	7.152378e-01	3.011041e+00	9.653474e-01	4.092036e-02	5.098001e-01	2.131748e-01	3.281233e+00	1.007850e+00	6.196270e+00	7.030080e-01	2.457634e-01	2.030999e+00	8.064587e-01	1.042458e+00	7.151472e+01	1.417109e+02	2.970171e-01	6.394541e-02	-1.194632e-13	
1  111	2.370146e+00	1.282462e-01	7.453831e-01	3.039028e+00	9.685971e-01	5.605747e-02	7.170415e-01	1.627186e-01	3.623259e+00	1.010985e+00	7.752449e+00	7.250808e-01	2.459391e-01	2.088282e+00	8.128166e-01	1.043243e+00	7.454035e+01	1.402769e+02	2.749686e-01	8.765415e-02	-2.988005e-13	
2  111.852	2.370146e+00	1.282462e-01	7.453831e-01	3.039028e+00	9.685971e-01	5.605747e-02	7.170415e-01	1.627186e-01	3.623259e+00	1.011389e+00	7.752449e+00	7.250808e-01	2.459391e-01	2.088282e+00	8.128166e-01	1.043243e+00	7.454035e+01	1.402769e+02	2.749686e-01	8.765415e-02	-2.988005e-13	
2  113.041	2.378875e+00	1.262710e-01	7.392383e-01	3.017071e+00	9.750983e-01	4.371625e-02	5.878385e-01	2.388977e-01	3.777494e+00	1.011375e+00	6.371836e+00	7.238979e-01	2.459725e-01	2.043490e+00	8.031220e-01	1.043549e+00	7.391003e+01	1.412372e+02	2.762687e-01	7.292774e-02	-2.570579e-13	
5  111.479	2.382959e+00	1.261135e-01	7.545485e-01	3.009600e+00	9.786109e-01	4.852185e-02	7.153969e-01	4.694167e-01	4.028965e+00	1.007634e+00	6.918234e+00	7.351646e-01	2.459866e-01	2.028133e+00	7.967691e-01	1.043371e+00	7.545223e+01	1.406554e+02	2.647471e-01	8.764380e-02	-2.963068e-13	
3  111.612	2.365354e+00	1.233032e-01	7.480808e-01	3.072087e+00	9.823217e-01	8.266912e-02	5.844170e-01	1.504878e-01	4.369086e+00	1.005162e+00	1.012859e+01	7.359602e-01	2.459180e-01	2.158514e+00	8.181118e-01	1.043458e+00	7.481498e+01	1.421034e+02	2.637313e-01	7.280907e-02	-3.459769e-13	
7  111.381	2.359295e+00	1.312834e-01	7.509072e-01	3.059913e+00	9.718139e-01	7.342886e-02	8.679011e-01	5.056293e-03	4.650900e+00	1.007047e+00	9.508447e+00	7.239321e-01	2.458962e-01	2.132302e+00	8.284909e-01	1.043207e+00	7.508672e+01	1.390320e+02	2.758944e-01	1.042061e-01	-1.830922e-13	
4  111.687	2.368502e+00	1.341764e-01	7.673664e-01	3.053132e+00	9.793135e-01	7.062366e-02	1.077228e+00	2.128415e-01	4.618018e+00	1.009598e+00	9.293644e+00	7.306466e-01	2.459318e-01	2.117836e+00	8.316765e-01	1.043676e+00	7.674029e+01	1.374211e+02	2.691689e-01	1.261576e-01	-8.755773e-14	
7  113.318	2.400228e+00	1.282290e-01	7.820180e-01	3.036810e+00	9.892615e-01	6.574492e-02	9.670941e-01	2.878893e-02	4.895105e+00	1.009249e+00	8.635345e+00	7.494956e-01	2.460536e-01	2.083149e+00	8.111321e-01	1.044434e+00	7.819859e+01	1.389163e+02	2.502503e-01	1.147119e-01	-3.923187e-13	
1  112.188	2.400228e+00	1.282290e-01	7.820180e-01	3.036810e+00	9.892615e-01	6.574492e-02	9.670941e-01	2.878893e-02	4.895105e+00	1.008702e+00	8.635345e+00	7.494956e-01	2.460536e-01	2.083149e+00	8.111321e-01	1.044434e+00	7.819859e+01	1.389163e+02	2.502503e-01	1.147119e-01	-3.923187e-13	
1  113.311	2.423646e+00	1.266060e-01	7.814997e-01	3.066449e+00	9.881072e-01	7.452031e-02	8.998617e-01	1.611878e-01	4.209767e+00	1.013183e+00	9.337817e+00	7.513335e-01	2.461472e-01	2.145693e+00	8.179728e-01	1.044182e+00	7.817378e+01	1.393433e+02	2.484471e-01	1.074741e-01	-5.455496e-13	
1  115.463	2.469112e+00	1.243553e-01	8.035692e-01	3.075330e+00	9.996579e-01	8.331051e-02	9.855926e-01	5.190139e-02	4.220634e+00	1.013724e+00	9.949374e+00	7.672452e-01	2.463201e-01	2.164837e+00	8.124269e-01	1.043865e+00	8.037373e+01	1.390381e+02	2.323481e-01	1.168085e-01	-7.217759e-13	
1  115.741	2.459064e+00	1.271306e-01	8.015339e-01	3.054840e+00	1.006266e+00	6.868621e-02	1.077466e+00	2.554042e-01	3.930288e+00	1.018350e+00	8.776062e+00	7.623536e-01	2.462812e-01	2.122059e+00	8.141485e-01	1.043506e+00	8.014724e+01	1.381008e+02	2.376801e-01	1.262032e-01	-3.352964e-13	
2  115.435	2.454919e+00	1.238959e-01	7.893862e-01	3.074909e+00	9.999040e-01	7.633269e-02	8.821434e-01	7.493096e-01	4.248245e+00	1.017978e+00	9.376722e+00	7.601739e-01	2.462675e-01	2.164568e+00	8.142018e-01	1.043300e+00	7.894651e+01	1.397264e+02	2.397500e-01	1.057603e-01	-4.862191e-13	
10  112.801	2.416291e+00	1.243326e-01	7.708985e-01	3.038093e+00	9.812783e-01	6.013536e-02	8.019938e-01	8.479270e-01	3.784234e+00	1.013032e+00	8.008743e+00	7.486653e-01	2.461181e-01	2.086856e+00	7.978894e-01	1.042353e+00	7.707632e+01	1.403498e+02	2.512392e-01	9.707966e-02	-2.954522e-13	
1  111.631	2.399211e+00	1.283913e-01	7.680844e-01	3.056540e+00	9.834079e-01	6.193059e-02	9.037772e-01	9.009210e-01	3.852805e+00	1.018878e+00	8.276378e+00	7.403754e-01	2.460539e-01	2.125058e+00	8.184258e-01	1.042862e+00	7.680640e+01	1.391496e+02	2.596332e-01	1.079565e-01	-2.369555e-13	
1  112.328	2.398763e+00	1.314783e-01	7.738488e-01	3.030560e+00	9.842690e-01	5.149418e-02	1.070454e+00	9.778178e-01	4.118478e+00	1.018373e+00	7.307472e+00	7.391621e-01	2.460517e-01	2.071098e+00	8.130803e-01	1.042212e+00	7.737066e+01	1.377473e+02	2.608270e-01	1.254925e-01	-5.786773e-14	
6  110.011	2.377411e+00	1.294587e-01	7.615484e-01	3.052988e+00	9.795256e-01	6.357577e-02	9.121289e-01	9.664514e-01	4.382532e+00	1.015421e+00	8.511226e+00	7.345085e-01	2.459675e-01	2.117542e+00	8.195592e-01	1.042457e+00	7.614254e+01	1.390838e+02	2.654428e-01	1.090088e-01	-1.247374e-13	
1  111.065	2.392193e+00	1.323056e-01	7.680000e-01	3.049365e+00	9.778219e-01	6.470596e-02	1.006249e+00	9.669746e-01	4.374060e+00	1.011779e+00	8.637620e+00	7.336658e-01	2.460254e-01	2.109777e+00	8.246385e-01	1.043626e+00	7.680846e+01	1.378997e+02	2.662497e-01	1.187138e-01	-2.420852e-13	
8  111.059	2.405813e+00	1.279679e-01	7.804211e-01	3.055330e+00	9.882983e-01	6.950768e-02	9.629163e-01	9.203169e-01	4.375361e+00	1.013682e+00	8.966420e+00	7.489390e-01	2.460766e-01	2.122031e+00	8.167796e-01	1.043736e+00	7.805351e+01	1.389299e+02	2.508834e-01	1.143119e-01	-3.526190e-13	
5  109.95	2.376649e+00	1.313156e-01	7.709272e-01	2.990538e+00	9.832597e-01	4.288327e-02	1.021465e+00	9.328362e-01	4.578431e+00	1.007344e+00	6.422175e+00	7.378269e-01	2.459610e-01	1.989656e+00	7.993636e-01	1.043418e+00	7.709740e+01	1.382087e+02	2.620600e-01	1.206868e-01	-1.022810e-13	
16  109.975	2.388127e+00	1.280568e-01	7.643529e-01	3.024858e+00	9.796003e-01	6.022284e-02	8.632253e-01	7.807041e-01	4.849440e+00	1.005635e+00	8.143431e+00	7.384599e-01	2.460079e-01	2.059070e+00	8.050332e-01	1.043107e+00	7.643178e+01	1.394987e+02	2.613677e-01	1.037955e-01	-3.115544e-13	
6  108.576	2.354957e+00	1.251012e-01	7.443543e-01	3.006197e+00	9.780257e-01	4.777472e-02	6.444813e-01	7.585015e-01	4.822318e+00	1.006225e+00	6.886263e+00	7.303930e-01	2.458757e-01	2.021232e+00	7.943281e-01	1.042585e+00	7.443541e+01	1.414960e+02	2.694667e-01	7.961069e-02	-1.123393e-13	
3  105.475	2.354957e+00	1.251012e-01	7.443543e-01	3.006197e+00	9.780257e-01	4.777472e-02	6.444813e-01	7.585015e-01	4.822318e+00	1.004333e+00	6.886263e+00	7.303930e-01	2.458757e-01	2.021232e+00	7.943281e-01	1.042585e+00	7.443541e+01	1.414960e+02	2.694667e-01	7.961069e-02	-1.123393e-13	
7  106.408	2.360013e+00	1.247582e-01	7.560457e-01	3.009091e+00	9.774477e-01	5.311000e-02	7.126819e-01	4.509450e-01	4.596493e+00	1.002647e+00	7.438232e+00	7.390531e-01	2.458959e-01	2.027043e+00	7.923572e-01	1.043114e+00	7.561278e+01	1.412229e+02	2.607160e-01	8.731619e-02	-2.515758e-13	
1  106.859	2.360013e+00	1.247582e-01	7.560457e-01	3.009091e+00	9.774477e-01	5.311000e-02	7.126819e-01	4.509450e-01	4.596493e+00	1.002974e+00	7.438232e+00	7.390531e-01	2.458959e-01	2.027043e+00	7.923572e-01	1.043114e+00	7.561278e+01	1.412229e+02	2.607160e-01	8.731619e-02	-2.515758e-13	
3  106.762	2.332128e+00	1.248206e-01	7.331103e-01	2.987498e+00	9.693303e-01	3.725912e-02	5.491276e-01	6.444618e-01	4.180077e+00	1.003078e+00	5.749581e+00	7.230673e-01	2.457838e-01	1.984345e+00	7.871569e-01	1.042898e+00	7.331905e+01	1.422322e+02	2.768554e-01	6.887373e-02	-8.010958e-14	
1  108.148	2.395192e+00	1.254537e-01	7.546947e-01	3.023915e+00	9.780391e-01	5.717710e-02	7.087746e-01	5.515796e-01	4.353493e+00	1.004571e+00	7.776253e+00	7.361680e-01	2.460364e-01	2.057500e+00	7.991565e-01	1.042629e+00	7.546146e+01	1.407026e+02	2.637035e-01	8.684915e-02	-3.405431e-13	
9  106.842	2.362421e+00	1.222828e-01	7.404418e-01	3.034867e+00	9.750972e-01	5.967447e-02	5.172553e-01	8.505875e-01	4.319248e+00	1.005693e+00	8.025099e+00	7.324460e-01	2.459052e-01	2.079987e+00	7.985261e-01	1.042593e+00	7.404042e+01	1.426808e+02	2.674164e-01	6.494009e-02	-2.773369e-13	
1  107.94	2.367416e+00	1.204843e-01	7.421437e-01	3.005638e+00	9.780908e-01	4.948080e-02	4.732476e-01	9.118996e-01	4.312127e+00	1.002505e+00	6.964267e+00	7.367751e-01	2.459228e-01	2.020661e+00	7.826349e-01	1.042537e+00	7.421527e+01	1.432758e+02	2.630073e-01	5.976241e-02	-1.852090e-13	
3  108.209	2.377398e+00	1.219405e-01	7.529474e-01	3.008061e+00	9.814570e-01	5.318368e-02	6.129776e-01	8.155330e-01	4.554741e+00	1.002771e+00	7.366228e+00	7.416022e-01	2.459637e-01	2.025371e+00	7.848647e-01	1.042165e+00	7.529221e+01	1.421617e+02	2.581921e-01	7.589380e-02	-7.614289e-14	
2  108.399	2.353486e+00	1.196427e-01	7.327625e-01	3.080124e+00	9.797415e-01	8.155259e-02	4.078225e-01	8.764607e-01	4.718167e+00	1.007004e+00	9.977163e+00	7.321686e-01	2.458699e-01	2.176278e+00	8.115587e-01	1.041569e+00	7.325359e+01	1.439388e+02	2.677310e-01	5.206826e-02	3.788304e-14	
5  106.464	2.353486e+00	1.196427e-01	7.327625e-01	3.080124e+00	9.797415e-01	8.155259e-02	4.078225e-01	8.764607e-01	4.718167e+00	1.005142e+00	9.977163e+00	7.321686e-01	2.458699e-01	2.176278e+00	8.115587e-01	1.041569e+00	7.325359e+01	1.439388e+02	2.677310e-01	5.206826e-02	3.788304e-14	
1  106.94	2.361799e+00	1.191644e-01	7.213131e-01	3.067167e+00	9.758422e-01	7.698875e-02	2.751832e-01	4.230474e-01	4.491479e+00	9.998041e-01	9.540092e+00	7.240777e-01	2.459036e-01	2.148379e+00	8.075601e-01	1.042070e+00	7.212547e+01	1.445984e+02	2.757244e-01	3.600146e-02	-3.388258e-13	
3  105.168	2.361166e+00	1.245905e-01	7.351624e-01	3.071523e+00	9.783789e-01	7.746935e-02	5.659087e-01	5.137278e-01	4.199932e+00	1.004061e+00	9.717195e+00	7.244982e-01	2.459029e-01	2.157638e+00	8.206046e-01	1.041899e+00	7.350450e+01	1.418995e+02	2.754140e-01	7.080027e-02	-6.139371e-14	
2  105.215	2.335724e+00	1.203302e-01	7.240796e-01	3.095378e+00	9.845781e-01	8.634848e-02	3.628106e-01	5.859273e-01	4.564941e+00	1.006662e+00	1.045138e+01	7.248421e-01	2.457983e-01	2.209761e+00	8.244191e-01	1.041813e+00	7.239680e+01	1.441687e+02	2.750860e-01	4.672193e-02	1.383526e-13	
1  105.516	2.358439e+00	1.251211e-01	7.525797e-01	3.098796e+00	9.868386e-01	9.171055e-02	7.261035e-01	6.221926e-01	4.419906e+00	1.007971e+00	1.096764e+01	7.365056e-01	2.458909e-01	2.217351e+00	8.320266e-01	1.042129e+00	7.524915e+01	1.410862e+02	2.634456e-01	8.914290e-02	1.710052e-13	
2  105.224	2.372458e+00	1.273829e-01	7.613420e-01	3.098404e+00	9.881467e-01	9.216926e-02	8.395644e-01	4.301388e-01	4.223370e+00	1.007821e+00	1.102870e+01	7.383053e-01	2.459473e-01	2.216479e+00	8.368946e-01	1.042788e+00	7.614622e+01	1.399126e+02	2.615698e-01	1.015713e-01	6.200448e-14	
1  106.483	2.399585e+00	1.266272e-01	7.825096e-01	3.092963e+00	9.931279e-01	9.282774e-02	9.508827e-01	1.751475e-01	4.318101e+00	1.007973e+00	1.098297e+01	7.529204e-01	2.460529e-01	2.203657e+00	8.295683e-01	1.043500e+00	7.827493e+01	1.393436e+02	2.467967e-01	1.133333e-01	-1.133213e-13	
3  107.182	2.408549e+00	1.293717e-01	7.901351e-01	3.075292e+00	9.898157e-01	8.669543e-02	1.076161e+00	4.156842e-01	4.463718e+00	1.005590e+00	1.050268e+01	7.527928e-01	2.460872e-01	2.165058e+00	8.270539e-01	1.044085e+00	7.904108e+01	1.381012e+02	2.468554e-01	1.262073e-01	-2.841657e-13	
3  105.371	2.373784e+00	1.266814e-01	7.715722e-01	3.070301e+00	9.842064e-01	8.156468e-02	8.797441e-01	3.234695e-01	4.558459e+00	1.005762e+00	1.008881e+01	7.460270e-01	2.459515e-01	2.154171e+00	8.206092e-01	1.043552e+00	7.717290e+01	1.399025e+02	2.536546e-01	1.055637e-01	-2.597043e-13	
1  105.385	2.381342e+00	1.287130e-01	7.719233e-01	3.031339e+00	9.785814e-01	6.471153e-02	9.710387e-01	4.169472e-01	4.650911e+00	1.003509e+00	8.608038e+00	7.426898e-01	2.459825e-01	2.072384e+00	8.061159e-01	1.042580e+00	7.718776e+01	1.389497e+02	2.571602e-01	1.152651e-01	-1.850257e-13	
1  106.088	2.378939e+00	1.317529e-01	7.779801e-01	3.095806e+00	9.821310e-01	9.513184e-02	1.115653e+00	2.631967e-01	4.518655e+00	1.006474e+00	1.134557e+01	7.419031e-01	2.459733e-01	2.210664e+00	8.400154e-01	1.042732e+00	7.780492e+01	1.376801e+02	2.579505e-01	1.305450e-01	3.147889e-14	
4  103.82	2.286376e+00	1.312711e-01	7.291891e-01	3.028404e+00	9.638196e-01	5.831150e-02	7.649962e-01	6.308907e-01	4.419516e+00	1.001073e+00	8.215201e+00	7.088085e-01	2.455999e-01	2.066206e+00	8.177660e-01	1.042437e+00	7.291927e+01	1.402249e+02	2.911523e-01	9.317816e-02	3.200993e-14	
15  103.236	2.304151e+00	1.284720e-01	7.195506e-01	3.051330e+00	9.662222e-01	6.855772e-02	5.808557e-01	5.237780e-01	4.842700e+00	9.998263e-01	9.121715e+00	7.060239e-01	2.456711e-01	2.114048e+00	8.235631e-01	1.042429e+00	7.193990e+01	1.414998e+02	2.938481e-01	7.237151e-02	-3.472567e-14	
2  103.647	2.269322e+00	1.286658e-01	7.138060e-01	3.035937e+00	9.654278e-01	6.392563e-02	5.621526e-01	4.980487e-01	4.616235e+00	9.971895e-01	8.760686e+00	7.015948e-01	2.455282e-01	2.081811e+00	8.195049e-01	1.042543e+00	7.136807e+01	1.419031e+02	2.983228e-01	7.015452e-02	1.924299e-14	
5  103.384	2.242395e+00	1.305291e-01	7.075964e-01	3.024005e+00	9.653950e-01	5.287690e-02	5.977581e-01	6.392850e-01	4.834407e+00	1.001516e+00	7.730864e+00	6.930363e-01	2.454163e-01	2.057024e+00	8.200594e-01	1.042178e+00	7.075497e+01	1.415931e+02	3.068395e-01	7.435261e-02	-2.205502e-14	
1  103.811	2.296452e+00	1.305881e-01	7.284877e-01	3.028148e+00	9.704371e-01	6.351591e-02	7.249371e-01	2.832754e-01	4.992300e+00	9.963801e-01	8.697396e+00	7.093785e-01	2.456411e-01	2.065557e+00	8.185853e-01	1.042575e+00	7.283528e+01	1.404489e+02	2.905264e-01	8.859703e-02	-4.513934e-15	
1  102.642	2.296452e+00	1.305881e-01	7.284877e-01	3.028148e+00	9.704371e-01	6.351591e-02	7.249371e-01	2.832754e-01	4.992300e+00	9.947787e-01	8.697396e+00	7.093785e-01	2.456411e-01	2.065557e+00	8.185853e-01	1.042575e+00	7.283528e+01	1.404489e+02	2.905264e-01	8.859703e-02	-4.513934e-15	
3  103.845	2.303205e+00	1.315877e-01	7.321851e-01	2.947221e+00	9.745630e-01	1.894870e-02	7.849019e-01	6.559121e-01	4.376561e+00	9.991083e-01	3.575532e+00	7.103533e-01	2.456696e-01	1.904734e+00	7.885594e-01	1.042494e+00	7.321846e+01	1.399017e+02	2.894602e-01	9.511256e-02	-1.537474e-13	
1  104.39	2.295201e+00	1.321681e-01	7.221088e-01	2.943038e+00	9.717291e-01	1.652520e-02	7.356437e-01	6.318654e-01	4.040532e+00	9.976619e-01	3.246171e+00	7.011577e-01	2.456371e-01	1.896479e+00	7.888683e-01	1.042015e+00	7.221058e+01	1.400746e+02	2.985947e-01	8.921446e-02	-2.590546e-13	
1  104.358	2.304429e+00	1.343149e-01	7.279785e-01	2.963707e+00	9.672252e-01	3.011292e-02	8.334158e-01	8.286190e-01	3.334713e+00	9.946667e-01	5.050706e+00	7.019081e-01	2.456737e-01	1.937064e+00	7.994374e-01	1.042363e+00	7.281482e+01	1.390750e+02	2.980435e-01	1.003449e-01	-1.862274e-13	
10  106.329	2.268907e+00	1.312166e-01	7.134273e-01	2.937196e+00	9.613356e-01	2.078616e-02	6.488916e-01	9.295136e-01	3.786649e+00	9.896639e-01	3.860337e+00	6.963731e-01	2.455298e-01	1.886995e+00	7.838997e-01	1.042141e+00	7.135126e+01	1.409635e+02	3.036261e-01	7.977584e-02	-3.002094e-13	
4  106.46	2.310014e+00	1.286426e-01	7.081588e-01	2.930989e+00	9.667891e-01	1.277687e-02	4.890255e-01	6.830633e-01	3.933024e+00	9.917150e-01	2.646327e+00	6.959415e-01	2.456935e-01	1.873742e+00	7.781824e-01	1.042215e+00	7.075076e+01	1.418455e+02	3.038800e-01	6.050917e-02	-9.781290e-14	
2  108.296	2.310014e+00	1.286426e-01	7.081588e-01	2.930989e+00	9.667891e-01	1.277687e-02	4.890255e-01	6.830633e-01	3.933024e+00	9.872744e-01	2.646327e+00	6.959415e-01	2.456935e-01	1.873742e+00	7.781824e-01	1.042215e+00	7.075076e+01	1.418455e+02	3.038800e-01	6.050917e-02	-9.781290e-14	
4  107.664	2.342142e+00	1.295097e-01	7.313350e-01	2.946444e+00	9.754903e-01	1.839705e-02	6.812253e-01	7.430159e-01	4.121917e+00	9.932404e-01	3.403424e+00	7.127135e-01	2.458239e-01	1.903410e+00	7.835541e-01	1.042508e+00	7.310648e+01	1.404360e+02	2.871247e-01	8.318908e-02	-2.715532e-14	
1  107.391	2.328851e+00	1.344778e-01	7.258688e-01	2.968372e+00	9.725651e-01	2.864946e-02	7.982831e-01	7.277521e-01	4.328924e+00	9.923882e-01	4.820284e+00	6.992705e-01	2.457713e-01	1.945943e+00	8.035997e-01	1.042378e+00	7.259232e+01	1.389493e+02	3.005859e-01	9.594581e-02	-2.379460e-13	
4  107.251	2.334740e+00	1.314181e-01	7.271468e-01	2.978301e+00	9.779363e-01	3.543939e-02	7.101072e-01	5.332179e-01	4.429824e+00	9.917274e-01	5.600030e+00	7.059687e-01	2.457945e-01	1.965341e+00	8.023810e-01	1.042458e+00	7.272372e+01	1.399626e+02	2.939398e-01	8.634511e-02	-1.215583e-13	
4  107.337	2.322494e+00	1.311124e-01	7.337555e-01	2.958161e+00	9.791831e-01	3.190778e-02	7.661388e-01	5.102028e-01	4.538640e+00	9.881140e-01	5.202644e+00	7.120731e-01	2.457456e-01	1.926096e+00	7.928831e-01	1.042545e+00	7.338789e+01	1.399150e+02	2.878650e-01	9.275550e-02	-1.190191e-13	
1  105.789	2.297130e+00	1.293778e-01	7.277128e-01	2.980103e+00	9.765772e-01	3.958020e-02	7.047378e-01	8.280723e-01	4.585096e+00	9.916198e-01	6.136918e+00	7.110220e-01	2.456440e-01	1.968778e+00	7.972644e-01	1.041809e+00	7.279885e+01	1.408342e+02	2.889074e-01	8.612229e-02	-1.773871e-14	
1  106.732	2.304880e+00	1.278437e-01	7.274210e-01	3.040765e+00	9.861555e-01	6.926401e-02	6.528086e-01	8.020409e-01	4.399189e+00	9.931450e-01	9.170459e+00	7.136405e-01	2.456727e-01	2.091813e+00	8.210984e-01	1.041668e+00	7.273657e+01	1.413230e+02	2.864841e-01	8.051514e-02	1.394408e-13	
2  107.453	2.314251e+00	1.262493e-01	7.270492e-01	3.054418e+00	9.823652e-01	8.181860e-02	5.946356e-01	6.089758e-01	4.220341e+00	9.876002e-01	1.023288e+01	7.162381e-01	2.457117e-01	2.120776e+00	8.213181e-01	1.041617e+00	7.270427e+01	1.418524e+02	2.839024e-01	7.387482e-02	2.169333e-13	
3  107.305	2.320895e+00	1.260709e-01	7.327551e-01	3.010578e+00	9.772210e-01	5.730064e-02	6.440681e-01	7.210626e-01	4.042912e+00	9.906715e-01	7.945057e+00	7.208043e-01	2.457402e-01	2.029671e+00	7.992974e-01	1.041257e+00	7.328011e+01	1.416124e+02	2.792708e-01	7.919355e-02	2.603410e-13	
1  105.337	2.309448e+00	1.285686e-01	7.311858e-01	3.000728e+00	9.753804e-01	5.021846e-02	7.026082e-01	5.317319e-01	4.874996e+00	9.916672e-01	7.284533e+00	7.150812e-01	2.456944e-01	2.009707e+00	8.021038e-01	1.041719e+00	7.312753e+01	1.408892e+02	2.848734e-01	8.592254e-02	7.253830e-14	
3  105.676	2.290202e+00	1.255164e-01	7.215139e-01	3.040254e+00	9.760560e-01	6.896242e-02	5.496116e-01	4.034264e-01	4.589055e+00	9.921000e-01	9.127070e+00	7.136776e-01	2.456146e-01	2.090713e+00	8.130902e-01	1.041436e+00	7.213508e+01	1.424919e+02	2.863753e-01	6.861879e-02	1.312189e-13	
4  105.976	2.277170e+00	1.294029e-01	7.305094e-01	3.048760e+00	9.797652e-01	7.502023e-02	7.427961e-01	4.437362e-01	3.828234e+00	9.924577e-01	9.793158e+00	7.136186e-01	2.455613e-01	2.108977e+00	8.260011e-01	1.041933e+00	7.303329e+01	1.408430e+02	2.865118e-01	9.074534e-02	3.921166e-14	
2  103.931	2.277170e+00	1.294029e-01	7.305094e-01	3.048760e+00	9.797652e-01	7.502023e-02	7.427961e-01	4.437362e-01	3.828234e+00	9.951260e-01	9.793158e+00	7.136186e-01	2.455613e-01	2.108977e+00	8.260011e-01	1.041933e+00	7.303329e+01	1.408430e+02	2.865118e-01	9.074534e-02	3.921166e-14	
4  104.583	2.284730e+00	1.287107e-01	7.418670e-01	3.053270e+00	9.867541e-01	7.913515e-02	7.962084e-01	6.054089e-01	4.064212e+00	9.958334e-01	1.013750e+01	7.235560e-01	2.455923e-01	2.118715e+00	8.266435e-01	1.042499e+00	7.416716e+01	1.406908e+02	2.766086e-01	9.670612e-02	-6.317347e-15	
4  103.777	2.286396e+00	1.281642e-01	7.364484e-01	3.035987e+00	9.814724e-01	7.139545e-02	7.414347e-01	5.943177e-01	3.968570e+00	9.936820e-01	9.413883e+00	7.203604e-01	2.456002e-01	2.081996e+00	8.171794e-01	1.042162e+00	7.363329e+01	1.410458e+02	2.797669e-01	9.045716e-02	1.899377e-14	
1  104.436	2.286396e+00	1.281642e-01	7.364484e-01	3.035987e+00	9.814724e-01	7.139545e-02	7.414347e-01	5.943177e-01	3.968570e+00	9.924317e-01	9.413883e+00	7.203604e-01	2.456002e-01	2.081996e+00	8.171794e-01	1.042162e+00	7.363329e+01	1.410458e+02	2.797669e-01	9.045716e-02	1.899377e-14	
3  106.062	2.331146e+00	1.352228e-01	7.617858e-01	2.985274e+00	9.853664e-01	5.273426e-02	1.140571e+00	4.836498e-01	3.586334e+00	9.896200e-01	7.611856e+00	7.257602e-01	2.457823e-01	1.978850e+00	8.076763e-01	1.042227e+00	7.619936e+01	1.373139e+02	2.744243e-01	1.323532e-01	1.306462e-13	
3  105.976	2.375300e+00	1.376224e-01	7.842604e-01	3.011411e+00	9.897153e-01	6.470606e-02	1.370966e+00	2.891058e-01	3.427277e+00	9.936757e-01	8.774803e+00	7.365989e-01	2.459570e-01	2.031774e+00	8.194405e-01	1.042308e+00	7.842123e+01	1.354242e+02	2.635563e-01	1.551447e-01	1.522226e-13	
1  105.357	2.313667e+00	1.409758e-01	7.622899e-01	3.012958e+00	9.793764e-01	6.042878e-02	1.333751e+00	3.340243e-01	2.600943e+00	9.945019e-01	8.522865e+00	7.164326e-01	2.457111e-01	2.034644e+00	8.296056e-01	1.042329e+00	7.622862e+01	1.354822e+02	2.836295e-01	1.518836e-01	4.012082e-14	
1  105.348	2.338311e+00	1.424705e-01	7.804896e-01	3.012010e+00	9.842526e-01	6.101078e-02	1.508848e+00	5.139432e-01	2.929475e+00	9.965027e-01	8.566732e+00	7.266899e-01	2.458098e-01	2.032893e+00	8.301613e-01	1.042671e+00	7.804144e+01	1.342513e+02	2.733631e-01	1.685639e-01	1.827683e-14	
1  105.686	2.277265e+00	1.375451e-01	7.495020e-01	2.990863e+00	9.761660e-01	4.640137e-02	1.150431e+00	5.958226e-01	3.653414e+00	9.960594e-01	7.063277e+00	7.133543e-01	2.455654e-01	1.990071e+00	8.152775e-01	1.042238e+00	7.497358e+01	1.373182e+02	2.866975e-01	1.339752e-01	-1.053998e-13	
1  105.232	2.277265e+00	1.375451e-01	7.495020e-01	2.990863e+00	9.761660e-01	4.640137e-02	1.150431e+00	5.958226e-01	3.653414e+00	9.975038e-01	7.063277e+00	7.133543e-01	2.455654e-01	1.990071e+00	8.152775e-01	1.042238e+00	7.497358e+01	1.373182e+02	2.866975e-01	1.339752e-01	-1.053998e-13	
2  105.262	2.272599e+00	1.399949e-01	7.413847e-01	2.983752e+00	9.726776e-01	3.833258e-02	1.142232e+00	7.314268e-01	4.018371e+00	9.985604e-01	6.190157e+00	7.026626e-01	2.455449e-01	1.976130e+00	8.189940e-01	1.042665e+00	7.416072e+01	1.368626e+02	2.972293e-01	1.332555e-01	-1.420094e-13	
14  105.531	2.279478e+00	1.396673e-01	7.460258e-01	3.022918e+00	9.792316e-01	5.268674e-02	1.153420e+00	5.267506e-01	3.887872e+00	1.004074e+00	7.801829e+00	7.067745e-01	2.455712e-01	2.055184e+00	8.364708e-01	1.043105e+00	7.460146e+01	1.368001e+02	2.930030e-01	1.344955e-01	-5.147997e-14	
1  106.502	2.244829e+00	1.388149e-01	7.245941e-01	3.052400e+00	9.743103e-01	6.464770e-02	9.796425e-01	5.611027e-01	3.931166e+00	1.003312e+00	9.089751e+00	6.912267e-01	2.454241e-01	2.117305e+00	8.499429e-01	1.042675e+00	7.243973e+01	1.380330e+02	3.084793e-01	1.166408e-01	-3.777091e-14	
3  106.158	2.278811e+00	1.418661e-01	7.455651e-01	3.048054e+00	9.723146e-01	6.606600e-02	1.205654e+00	5.660395e-01	3.393553e+00	1.001979e+00	9.205494e+00	7.024825e-01	2.455664e-01	2.107887e+00	8.498146e-01	1.043413e+00	7.454234e+01	1.361250e+02	2.972648e-01	1.395263e-01	1.969403e-13	
4  106.327	2.269155e+00	1.427355e-01	7.352634e-01	3.056305e+00	9.690233e-01	6.424752e-02	1.165472e+00	8.343838e-01	3.823029e+00	1.005391e+00	9.066793e+00	6.923758e-01	2.455249e-01	2.125333e+00	8.555334e-01	1.042844e+00	7.350961e+01	1.361978e+02	3.072073e-01	1.355648e-01	1.714712e-13	
2  105.507	2.328605e+00	1.427169e-01	7.619368e-01	3.031293e+00	9.776184e-01	5.631519e-02	1.323731e+00	8.142212e-01	4.132075e+00	1.004633e+00	8.146174e+00	7.128975e-01	2.457702e-01	2.072488e+00	8.426977e-01	1.043708e+00	7.619428e+01	1.350026e+02	2.868452e-01	1.508135e-01	1.974611e-13	
1  105.766	2.275242e+00	1.415923e-01	7.183480e-01	3.050777e+00	9.636298e-01	5.619094e-02	9.704902e-01	5.360038e-01	4.193800e+00	1.005273e+00	8.227715e+00	6.800212e-01	2.455500e-01	2.113378e+00	8.528726e-01	1.042916e+00	7.183167e+01	1.371718e+02	3.195203e-01	1.148631e-01	3.740898e-13	
1  104.565	2.268736e+00	1.410678e-01	7.200136e-01	3.044012e+00	9.614261e-01	5.765718e-02	9.965797e-01	2.852719e-01	4.361160e+00	1.002360e+00	8.362900e+00	6.825547e-01	2.455232e-01	2.098598e+00	8.467339e-01	1.042282e+00	7.198964e+01	1.372480e+02	3.170403e-01	1.179975e-01	1.787698e-13	
2  106.259	2.243878e+00	1.420882e-01	7.250547e-01	3.027772e+00	9.654246e-01	5.149011e-02	1.085526e+00	1.065299e-01	4.317725e+00	1.002868e+00	7.774683e+00	6.853636e-01	2.454220e-01	2.065023e+00	8.428472e-01	1.042575e+00	7.249359e+01	1.369145e+02	3.142756e-01	1.274946e-01	7.184651e-14	
3  106.419	2.237650e+00	1.357832e-01	7.121090e-01	3.043570e+00	9.725987e-01	5.364163e-02	7.688422e-01	2.732323e-01	4.386638e+00	1.006220e+00	7.927569e+00	6.864952e-01	2.453956e-01	2.098296e+00	8.429149e-01	1.043146e+00	7.119987e+01	1.396600e+02	3.131901e-01	9.364922e-02	7.171687e-14	
1  106.826	2.210278e+00	1.362800e-01	6.888152e-01	3.085861e+00	9.566588e-01	6.932623e-02	6.183896e-01	2.106199e-01	3.996955e+00	1.005984e+00	9.592436e+00	6.643024e-01	2.452731e-01	2.189062e+00	8.609414e-01	1.042474e+00	6.886338e+01	1.404731e+02	3.353034e-01	7.644548e-02	2.164861e-13	
2  106.875	2.190389e+00	1.313651e-01	6.876218e-01	3.064536e+00	9.607306e-01	5.784523e-02	4.717743e-01	3.707794e-01	4.500448e+00	1.008232e+00	8.377890e+00	6.739193e-01	2.451923e-01	2.142475e+00	8.435279e-01	1.042742e+00	6.874968e+01	1.424813e+02	3.258317e-01	5.941778e-02	8.283612e-14	
4  106.107	2.156318e+00	1.251837e-01	6.595203e-01	3.060162e+00	9.632043e-01	5.188134e-02	9.182497e-02	3.887397e-01	4.680569e+00	1.008729e+00	7.696162e+00	6.604505e-01	2.450421e-01	2.133115e+00	8.340727e-01	1.041942e+00	6.595434e+01	1.461432e+02	3.392697e-01	1.205140e-02	-2.279574e-13	
6  104.244	2.205329e+00	1.257885e-01	6.730323e-01	3.074153e+00	9.701135e-01	6.654699e-02	1.703146e-01	9.747919e-02	4.665190e+00	1.002892e+00	9.108578e+00	6.719151e-01	2.452531e-01	2.162884e+00	8.407668e-01	1.042595e+00	6.728980e+01	1.450930e+02	3.278814e-01	2.215778e-02	3.130194e-14	
3  103.8	2.195462e+00	1.284805e-01	6.705539e-01	3.057192e+00	9.655725e-01	5.822499e-02	2.517845e-01	7.586626e-02	4.421969e+00	1.002272e+00	8.351979e+00	6.636907e-01	2.452115e-01	2.126354e+00	8.381737e-01	1.042060e+00	6.704643e+01	1.441448e+02	3.360155e-01	3.258166e-02	-6.791148e-14	
4  104.067	2.195462e+00	1.284805e-01	6.705539e-01	3.057192e+00	9.655725e-01	5.822499e-02	2.517845e-01	7.586626e-02	4.421969e+00	1.003760e+00	8.351979e+00	6.636907e-01	2.452115e-01	2.126354e+00	8.381737e-01	1.042060e+00	6.704643e+01	1.441448e+02	3.360155e-01	3.258166e-02	-6.791148e-14	
5  105.481	2.197152e+00	1.304021e-01	6.672073e-01	3.071523e+00	9.647673e-01	6.421027e-02	2.933587e-01	7.642944e-02	4.146379e+00	1.004138e+00	8.988791e+00	6.559261e-01	2.452158e-01	2.157183e+00	8.480403e-01	1.041512e+00	6.672199e+01	1.434666e+02	3.436703e-01	3.775686e-02	-1.645396e-13	
1  106.617	2.204281e+00	1.320038e-01	6.850526e-01	3.098069e+00	9.628382e-01	7.363801e-02	4.781362e-01	1.991755e-01	4.300936e+00	1.010289e+00	9.925064e+00	6.696513e-01	2.452478e-01	2.216062e+00	8.591595e-01	1.042015e+00	6.848317e+01	1.421548e+02	3.299823e-01	6.028342e-02	-1.101697e-13	
1  106.507	2.204281e+00	1.320038e-01	6.850526e-01	3.098069e+00	9.628382e-01	7.363801e-02	4.781362e-01	1.991755e-01	4.300936e+00	1.008996e+00	9.925064e+00	6.696513e-01	2.452478e-01	2.216062e+00	8.591595e-01	1.042015e+00	6.848317e+01	1.421548e+02	3.299823e-01	6.028342e-02	-1.101697e-13	
4  105.872	2.196229e+00	1.269885e-01	6.683752e-01	3.107613e+00	9.669497e-01	7.704996e-02	1.863286e-01	3.796248e-02	4.504431e+00	1.007891e+00	1.015730e+01	6.645687e-01	2.452119e-01	2.237127e+00	8.572093e-01	1.042107e+00	6.683496e+01	1.448071e+02	3.351279e-01	2.406992e-02	-1.391957e-13	
1  104.464	2.222050e+00	1.229160e-01	6.741756e-01	3.124284e+00	9.692049e-01	8.803137e-02	8.219569e-02	1.782312e-01	4.070944e+00	1.006225e+00	1.097300e+01	6.788549e-01	2.453223e-01	2.274643e+00	8.541926e-01	1.042574e+00	6.742991e+01	1.460817e+02	3.209680e-01	1.042995e-02	4.615691e-14	
2  102.942	2.264980e+00	1.262549e-01	7.000311e-01	3.110395e+00	9.712722e-01	8.742177e-02	3.749395e-01	2.217250e-01	4.123648e+00	1.004350e+00	1.088787e+01	6.946023e-01	2.455065e-01	2.243431e+00	8.500824e-01	1.042476e+00	6.999798e+01	1.433878e+02	3.051994e-01	4.784289e-02	5.726498e-14	
2  102.983	2.266722e+00	1.269129e-01	6.970514e-01	3.116572e+00	9.660391e-01	9.303725e-02	3.768519e-01	2.824662e-01	4.350518e+00	1.001165e+00	1.137925e+01	6.904974e-01	2.455131e-01	2.257383e+00	8.526627e-01	1.042159e+00	6.970108e+01	1.431990e+02	3.092948e-01	4.814451e-02	-3.502704e-15	
3  103.727	2.266722e+00	1.269129e-01	6.970514e-01	3.116572e+00	9.660391e-01	9.303725e-02	3.768519e-01	2.824662e-01	4.350518e+00	1.003425e+00	1.137925e+01	6.904974e-01	2.455131e-01	2.257383e+00	8.526627e-01	1.042159e+00	6.970108e+01	1.431990e+02	3.092948e-01	4.814451e-02	-3.502704e-15	
2  102.44	2.272101e+00	1.248718e-01	7.048925e-01	3.089461e+00	9.720933e-01	8.040711e-02	3.674789e-01	6.789751e-01	4.302886e+00	1.004565e+00	1.020581e+01	7.015178e-01	2.455367e-01	2.196418e+00	8.368542e-01	1.042545e+00	7.047669e+01	1.436890e+02	2.983190e-01	4.701321e-02	4.478153e-14	
3  102.923	2.260616e+00	1.303233e-01	7.080390e-01	3.065169e+00	9.704003e-01	6.911803e-02	5.654491e-01	4.892990e-01	4.206797e+00	1.003898e+00	9.321344e+00	6.934990e-01	2.454899e-01	2.143679e+00	8.388078e-01	1.042653e+00	7.078758e+01	1.415846e+02	3.062989e-01	7.057191e-02	5.536061e-14	
