8  110.412	2.327452e+00	1.187373e-01	7.416348e-01	3.123879e+00	9.851293e-01	9.756878e-02	4.171379e-01	7.954386e-01	2.206969e+00	1.009823e+00	1.122903e+01	7.405165e-01	2.457968e-01	2.270055e+00	8.318669e-01	1.045181e+00	7.405541e+01	1.443637e+02	2.652156e-01	4.681952e-02	5.500992e-12	
4  108.428	2.318901e+00	1.195285e-01	7.473608e-01	3.094923e+00	9.899729e-01	8.974084e-02	5.043625e-01	6.427805e-01	2.545417e+00	1.005588e+00	1.063337e+01	7.426894e-01	2.457581e-01	2.207543e+00	8.216382e-01	1.044683e+00	7.472957e+01	1.438067e+02	2.616651e-01	5.810601e-02	4.754406e-12	
2  108.408	2.265225e+00	1.225749e-01	7.271116e-01	3.062878e+00	9.800583e-01	7.261201e-02	4.469722e-01	3.314511e-01	2.351578e+00	1.001857e+00	9.345118e+00	7.210699e-01	2.455242e-01	2.142354e+00	8.206218e-01	1.045107e+00	7.295021e+01	1.438543e+02	2.841924e-01	5.173812e-02	4.254586e-12	
1  107.553	2.265225e+00	1.225749e-01	7.271116e-01	3.062878e+00	9.800583e-01	7.261201e-02	4.469722e-01	3.314511e-01	2.351578e+00	1.002758e+00	9.345118e+00	7.210699e-01	2.455242e-01	2.142354e+00	8.206218e-01	1.045107e+00	7.295021e+01	1.438543e+02	2.841924e-01	5.173812e-02	4.254586e-12	
1  108.559	2.316598e+00	1.261929e-01	7.605121e-01	3.087295e+00	9.831032e-01	8.719427e-02	7.976278e-01	3.269366e-01	2.426669e+00	1.004881e+00	1.059976e+01	7.371188e-01	2.457508e-01	2.187999e+00	8.305857e-01	1.045728e+00	7.607415e+01	1.407537e+02	2.662299e-01	9.107655e-02	5.048961e-12	
4  109.418	2.318465e+00	1.329460e-01	7.584121e-01	3.084207e+00	9.706817e-01	8.169187e-02	9.938559e-01	8.261987e-01	3.096672e+00	1.005275e+00	1.025442e+01	7.196890e-01	2.457687e-01	2.177567e+00	8.399211e-01	1.045553e+00	7.584039e+01	1.382146e+02	2.838433e-01	1.111414e-01	5.133337e-12	
7  107.097	2.331758e+00	1.299956e-01	7.653037e-01	3.074787e+00	9.785923e-01	8.283650e-02	9.600662e-01	8.256401e-01	2.527255e+00	1.002467e+00	1.026595e+01	7.311530e-01	2.458214e-01	2.159519e+00	8.298905e-01	1.045118e+00	7.646735e+01	1.389451e+02	2.716250e-01	1.078887e-01	4.377662e-12	
7  105.922	2.300611e+00	1.292792e-01	7.344860e-01	3.062968e+00	9.710241e-01	7.673104e-02	7.051514e-01	9.367452e-01	2.669995e+00	9.969351e-01	9.777701e+00	7.092184e-01	2.456905e-01	2.135800e+00	8.288968e-01	1.044262e+00	7.352622e+01	1.405857e+02	2.946854e-01	8.068873e-02	4.520397e-12	
9  105.429	2.300611e+00	1.292792e-01	7.344860e-01	3.062968e+00	9.710241e-01	7.673104e-02	7.051514e-01	9.367452e-01	2.669995e+00	9.989604e-01	9.777701e+00	7.092184e-01	2.456905e-01	2.135800e+00	8.288968e-01	1.044262e+00	7.352622e+01	1.405857e+02	2.946854e-01	8.068873e-02	4.520397e-12	
4  105.385	2.355231e+00	1.242140e-01	7.695973e-01	3.073724e+00	9.859802e-01	8.843175e-02	8.075990e-01	5.469775e-01	2.813192e+00	1.001055e+00	1.055252e+01	7.463575e-01	2.459150e-01	2.159121e+00	8.163691e-01	1.044507e+00	7.691754e+01	1.408197e+02	2.566226e-01	9.242916e-02	4.091253e-12	
1  107.119	2.372504e+00	1.298450e-01	7.811547e-01	3.082867e+00	9.883181e-01	9.586668e-02	1.085679e+00	4.124367e-01	3.319007e+00	9.998568e-01	1.128523e+01	7.418333e-01	2.459856e-01	2.176294e+00	8.297282e-01	1.044506e+00	7.779700e+01	1.380053e+02	2.589310e-01	1.209535e-01	3.618706e-12	
2  107.26	2.359558e+00	1.244911e-01	7.648873e-01	3.118922e+00	9.894531e-01	1.142149e-01	7.991778e-01	5.637174e-01	3.338863e+00	9.989248e-01	1.270604e+01	7.434078e-01	2.459298e-01	2.255117e+00	8.365862e-01	1.043805e+00	7.630378e+01	1.407224e+02	2.584693e-01	9.175762e-02	4.908747e-12	
1  106.927	2.312714e+00	1.249547e-01	7.518358e-01	3.101421e+00	9.858466e-01	9.780847e-02	7.095082e-01	5.313362e-01	2.674927e+00	1.003592e+00	1.150493e+01	7.339320e-01	2.457322e-01	2.218006e+00	8.355826e-01	1.044866e+00	7.510703e+01	1.415053e+02	2.688370e-01	8.174356e-02	5.125792e-12	
5  105.162	2.337096e+00	1.263289e-01	7.557659e-01	3.067910e+00	9.766912e-01	8.017687e-02	7.611667e-01	7.738320e-01	2.161620e+00	1.001965e+00	9.918171e+00	7.321266e-01	2.458445e-01	2.146889e+00	8.204646e-01	1.044700e+00	7.563085e+01	1.406893e+02	2.720781e-01	8.682439e-02	4.385716e-12	
2  105.21	2.355867e+00	1.257683e-01	7.550661e-01	3.055319e+00	9.750053e-01	7.894256e-02	7.256348e-01	4.956394e-01	2.061862e+00	9.960584e-01	9.742744e+00	7.322373e-01	2.459242e-01	2.120573e+00	8.130993e-01	1.044378e+00	7.556985e+01	1.408106e+02	2.720316e-01	8.300995e-02	3.881786e-12	
10  104.758	2.318020e+00	1.254556e-01	7.324231e-01	3.038270e+00	9.704913e-01	6.728060e-02	5.544082e-01	4.872020e-01	2.163949e+00	9.953244e-01	8.762069e+00	7.164629e-01	2.457649e-01	2.088076e+00	8.104055e-01	1.044059e+00	7.348297e+01	1.420410e+02	2.889028e-01	6.416557e-02	3.601122e-12	
1  107.238	2.365103e+00	1.254034e-01	7.438225e-01	3.041005e+00	9.731526e-01	6.314456e-02	5.746467e-01	6.325682e-01	2.703328e+00	9.994067e-01	8.210091e+00	7.238290e-01	2.459708e-01	2.094002e+00	8.105709e-01	1.045734e+00	7.472048e+01	1.413968e+02	2.830624e-01	6.459543e-02	4.188018e-12	
1  107.504	2.333028e+00	1.222965e-01	7.195441e-01	3.065735e+00	9.747015e-01	6.998433e-02	2.950133e-01	8.740675e-01	3.095801e+00	1.002076e+00	8.857602e+00	7.128164e-01	2.458318e-01	2.147780e+00	8.213421e-01	1.046018e+00	7.223437e+01	1.438672e+02	2.946145e-01	3.176017e-02	5.009155e-12	
4  106.667	2.294529e+00	1.219167e-01	7.018868e-01	3.045270e+00	9.709409e-01	6.290505e-02	1.720098e-01	8.992424e-01	2.536128e+00	9.970074e-01	8.292849e+00	6.995413e-01	2.456620e-01	2.107601e+00	8.153057e-01	1.045308e+00	7.052602e+01	1.449851e+02	3.079744e-01	1.754755e-02	3.836387e-12	
1  107.412	2.294529e+00	1.219167e-01	7.018868e-01	3.045270e+00	9.709409e-01	6.290505e-02	1.720098e-01	8.992424e-01	2.536128e+00	9.949623e-01	8.292849e+00	6.995413e-01	2.456620e-01	2.107601e+00	8.153057e-01	1.045308e+00	7.052602e+01	1.449851e+02	3.079744e-01	1.754755e-02	3.836387e-12	
1  109.775	2.290642e+00	1.218919e-01	6.946033e-01	3.043897e+00	9.713997e-01	6.382575e-02	1.051286e-01	7.431585e-01	2.743171e+00	9.918977e-01	8.391990e+00	6.928638e-01	2.456447e-01	2.104749e+00	8.171223e-01	1.045507e+00	6.978648e+01	1.453630e+02	3.142826e-01	9.087235e-03	3.882376e-12	
5  110.877	2.287612e+00	1.226032e-01	7.018824e-01	3.031460e+00	9.787300e-01	5.889173e-02	1.820617e-01	6.917609e-01	2.975194e+00	9.925609e-01	7.948801e+00	6.973984e-01	2.456286e-01	2.079828e+00	8.149726e-01	1.046045e+00	7.063774e+01	1.447959e+02	3.087444e-01	1.834591e-02	3.842079e-12	
9  110.52	2.309237e+00	1.212071e-01	6.973242e-01	3.037954e+00	9.837285e-01	6.301291e-02	1.106605e-01	8.697097e-01	3.580136e+00	9.916901e-01	8.254420e+00	6.962134e-01	2.457251e-01	2.092840e+00	8.151801e-01	1.045239e+00	7.011414e+01	1.452757e+02	3.096798e-01	8.888349e-03	4.140536e-12	
1  110.946	2.297077e+00	1.266467e-01	6.927469e-01	3.047822e+00	9.750551e-01	6.748413e-02	2.610155e-01	9.660702e-01	3.762571e+00	9.901199e-01	8.824160e+00	6.771090e-01	2.456786e-01	2.108698e+00	8.287958e-01	1.044331e+00	6.954816e+01	1.432623e+02	3.276264e-01	2.724256e-02	4.869418e-12	
3  112.089	2.290329e+00	1.255681e-01	6.945836e-01	3.022751e+00	9.831978e-01	5.780590e-02	2.558909e-01	9.804996e-01	3.903643e+00	9.892752e-01	7.890700e+00	6.817831e-01	2.456446e-01	2.060557e+00	8.181977e-01	1.044392e+00	6.985370e+01	1.436050e+02	3.222214e-01	2.633587e-02	3.796794e-12	
18  111.575	2.290329e+00	1.255681e-01	6.945836e-01	3.022751e+00	9.831978e-01	5.780590e-02	2.558909e-01	9.804996e-01	3.903643e+00	9.928554e-01	7.890700e+00	6.817831e-01	2.456446e-01	2.060557e+00	8.181977e-01	1.044392e+00	6.985370e+01	1.436050e+02	3.222214e-01	2.633587e-02	3.796794e-12	
1  112.558	2.293095e+00	1.247168e-01	6.931003e-01	3.016635e+00	9.800994e-01	5.089529e-02	1.878235e-01	9.720422e-01	3.561233e+00	9.946811e-01	7.124959e+00	6.820787e-01	2.456531e-01	2.049420e+00	8.144842e-01	1.045703e+00	6.987703e+01	1.440995e+02	3.233720e-01	1.718371e-02	3.875141e-12	
1  109.895	2.308854e+00	1.288027e-01	7.109055e-01	3.026654e+00	9.806771e-01	5.726463e-02	4.765858e-01	9.243748e-01	3.498592e+00	9.965862e-01	7.853253e+00	6.877758e-01	2.457290e-01	2.066115e+00	8.217781e-01	1.044696e+00	7.141250e+01	1.415292e+02	3.158323e-01	5.214542e-02	3.929532e-12	
4  109.705	2.308854e+00	1.288027e-01	7.109055e-01	3.026654e+00	9.806771e-01	5.726463e-02	4.765858e-01	9.243748e-01	3.498592e+00	9.961514e-01	7.853253e+00	6.877758e-01	2.457290e-01	2.066115e+00	8.217781e-01	1.044696e+00	7.141250e+01	1.415292e+02	3.158323e-01	5.214542e-02	3.929532e-12	
1  109.568	2.324854e+00	1.254869e-01	7.123667e-01	3.080160e+00	9.863313e-01	7.732057e-02	3.704084e-01	8.469786e-01	4.129882e+00	1.003872e+00	9.616637e+00	6.979195e-01	2.457950e-01	2.175941e+00	8.386484e-01	1.045388e+00	7.137976e+01	1.426989e+02	3.063731e-01	3.943920e-02	6.379771e-12	
1  108.311	2.302007e+00	1.243780e-01	7.104157e-01	3.054361e+00	9.854436e-01	6.987106e-02	3.237604e-01	8.594906e-01	2.595322e+00	9.988546e-01	9.010460e+00	6.998720e-01	2.456941e-01	2.123937e+00	8.268423e-01	1.045350e+00	7.126765e+01	1.434874e+02	3.044094e-01	3.502758e-02	4.915529e-12	
3  107.904	2.318855e+00	1.252909e-01	7.190957e-01	3.068039e+00	9.836575e-01	6.957928e-02	4.117549e-01	8.775231e-01	2.476232e+00	1.006138e+00	8.930592e+00	7.048634e-01	2.457692e-01	2.152076e+00	8.316165e-01	1.045781e+00	7.218064e+01	1.426270e+02	3.005234e-01	4.470804e-02	5.770260e-12	
10  107.821	2.297823e+00	1.244589e-01	7.195794e-01	3.073139e+00	9.833086e-01	7.045602e-02	4.080971e-01	4.834648e-01	2.024507e+00	1.009069e+00	9.054459e+00	7.086867e-01	2.456729e-01	2.163812e+00	8.321478e-01	1.045866e+00	7.227516e+01	1.431078e+02	2.970625e-01	4.483659e-02	5.786652e-12	
1  108.732	2.232024e+00	1.245562e-01	7.060509e-01	3.067609e+00	9.765584e-01	7.002249e-02	3.722830e-01	2.056183e-01	2.349948e+00	1.007391e+00	9.218781e+00	6.990371e-01	2.453739e-01	2.153252e+00	8.310117e-01	1.044530e+00	7.092313e+01	1.440378e+02	3.068884e-01	4.216322e-02	4.874696e-12	
1  109.009	2.232024e+00	1.245562e-01	7.060509e-01	3.067609e+00	9.765584e-01	7.002249e-02	3.722830e-01	2.056183e-01	2.349948e+00	1.005414e+00	9.218781e+00	6.990371e-01	2.453739e-01	2.153252e+00	8.310117e-01	1.044530e+00	7.092313e+01	1.440378e+02	3.068884e-01	4.216322e-02	4.874696e-12	
6  109.97	2.272725e+00	1.244036e-01	7.411317e-01	3.081169e+00	9.825961e-01	8.222628e-02	6.608502e-01	3.177798e-01	2.652516e+00	1.007852e+00	1.024306e+01	7.281193e-01	2.455569e-01	2.177615e+00	8.269886e-01	1.043881e+00	7.422580e+01	1.423027e+02	2.758643e-01	7.655002e-02	4.745220e-12	
3  106.616	2.289188e+00	1.226131e-01	7.320190e-01	3.079719e+00	9.845686e-01	8.663336e-02	5.277299e-01	5.836078e-02	2.419546e+00	1.001416e+00	1.053659e+01	7.243974e-01	2.456287e-01	2.174164e+00	8.238741e-01	1.043255e+00	7.324423e+01	1.432231e+02	2.792020e-01	6.127396e-02	4.575085e-12	
3  107.712	2.289188e+00	1.226131e-01	7.320190e-01	3.079719e+00	9.845686e-01	8.663336e-02	5.277299e-01	5.836078e-02	2.419546e+00	9.997206e-01	1.053659e+01	7.243974e-01	2.456287e-01	2.174164e+00	8.238741e-01	1.043255e+00	7.324423e+01	1.432231e+02	2.792020e-01	6.127396e-02	4.575085e-12	
2  109.539	2.267834e+00	1.226647e-01	7.200055e-01	3.100570e+00	9.801861e-01	9.521123e-02	4.556990e-01	1.723604e-01	2.137015e+00	1.000162e+00	1.134630e+01	7.156441e-01	2.455340e-01	2.218306e+00	8.339257e-01	1.042815e+00	7.197746e+01	1.438025e+02	2.885787e-01	5.282429e-02	4.951354e-12	
2  111.02	2.295847e+00	1.216430e-01	7.516914e-01	3.074219e+00	9.902857e-01	8.991440e-02	6.713970e-01	3.276148e-01	3.005305e+00	9.993447e-01	1.080727e+01	7.414175e-01	2.456555e-01	2.162167e+00	8.150225e-01	1.042715e+00	7.515504e+01	1.427382e+02	2.610047e-01	7.867216e-02	3.710235e-12	
1  108.597	2.275883e+00	1.259391e-01	7.325408e-01	3.065805e+00	9.785696e-01	8.108444e-02	6.507525e-01	3.769711e-01	2.300656e+00	9.977922e-01	1.018045e+01	7.171056e-01	2.455740e-01	2.143655e+00	8.237252e-01	1.042854e+00	7.332950e+01	1.419449e+02	2.861402e-01	7.569340e-02	4.192162e-12	
1  108.716	2.280121e+00	1.256896e-01	7.387983e-01	3.074360e+00	9.810373e-01	8.561659e-02	6.890666e-01	1.574761e-01	2.239351e+00	9.989946e-01	1.056739e+01	7.228246e-01	2.455904e-01	2.161183e+00	8.260977e-01	1.043168e+00	7.392014e+01	1.417904e+02	2.801090e-01	7.998248e-02	4.362850e-12	
1  108.495	2.279878e+00	1.238664e-01	7.453650e-01	3.068234e+00	9.885689e-01	8.553276e-02	6.699987e-01	1.705130e-01	2.071021e+00	9.981796e-01	1.053076e+01	7.320139e-01	2.455867e-01	2.149543e+00	8.212557e-01	1.043821e+00	7.455206e+01	1.423388e+02	2.702413e-01	7.802662e-02	3.935820e-12	
5  108.076	2.279878e+00	1.238664e-01	7.453650e-01	3.068234e+00	9.885689e-01	8.553276e-02	6.699987e-01	1.705130e-01	2.071021e+00	1.002476e+00	1.053076e+01	7.320139e-01	2.455867e-01	2.149543e+00	8.212557e-01	1.043821e+00	7.455206e+01	1.423388e+02	2.702413e-01	7.802662e-02	3.935820e-12	
2  109.557	2.231849e+00	1.222215e-01	7.162428e-01	3.079037e+00	9.866480e-01	8.541337e-02	4.027825e-01	1.439115e-01	2.914664e+00	1.003814e+00	1.060417e+01	7.141524e-01	2.453705e-01	2.175007e+00	8.301705e-01	1.044013e+00	7.167607e+01	1.445400e+02	2.895282e-01	4.666085e-02	4.401282e-12	
3  108.34	2.252387e+00	1.193970e-01	7.066746e-01	3.067218e+00	9.850188e-01	6.968282e-02	1.778500e-01	1.473694e-01	3.191735e+00	1.008513e+00	9.005098e+00	7.122958e-01	2.454612e-01	2.156259e+00	8.227137e-01	1.045776e+00	7.098524e+01	1.461277e+02	2.943310e-01	1.789574e-02	4.284315e-12	
6  108.289	2.252387e+00	1.193970e-01	7.066746e-01	3.067218e+00	9.850188e-01	6.968282e-02	1.778500e-01	1.473694e-01	3.191735e+00	1.008393e+00	9.005098e+00	7.122958e-01	2.454612e-01	2.156259e+00	8.227137e-01	1.045776e+00	7.098524e+01	1.461277e+02	2.943310e-01	1.789574e-02	4.284315e-12	
4  109.554	2.304044e+00	1.233829e-01	7.385689e-01	3.042734e+00	9.915809e-01	6.070256e-02	5.079269e-01	1.674316e-02	2.354038e+00	1.008179e+00	8.110518e+00	7.262031e-01	2.456946e-01	2.102674e+00	8.161884e-01	1.046850e+00	7.430238e+01	1.428309e+02	2.785806e-01	5.718405e-02	4.499619e-12	
6  110.788	2.304044e+00	1.233829e-01	7.385689e-01	3.042734e+00	9.915809e-01	6.070256e-02	5.079269e-01	1.674316e-02	2.354038e+00	1.009722e+00	8.110518e+00	7.262031e-01	2.456946e-01	2.102674e+00	8.161884e-01	1.046850e+00	7.430238e+01	1.428309e+02	2.785806e-01	5.718405e-02	4.499619e-12	
3  111.349	2.317549e+00	1.227262e-01	7.581720e-01	3.041296e+00	9.929960e-01	6.138556e-02	6.407688e-01	1.192231e-01	2.322691e+00	1.012159e+00	8.141602e+00	7.421974e-01	2.457530e-01	2.098929e+00	8.090486e-01	1.046887e+00	7.624368e+01	1.422489e+02	2.625714e-01	7.307435e-02	4.118024e-12	
1  111.654	2.314779e+00	1.217460e-01	7.396928e-01	3.067315e+00	9.935020e-01	7.049498e-02	4.564299e-01	1.262098e-01	2.643852e+00	1.012617e+00	8.968986e+00	7.313511e-01	2.457414e-01	2.152947e+00	8.228425e-01	1.047060e+00	7.428712e+01	1.433986e+02	2.737306e-01	5.109699e-02	5.275302e-12	
7  111.597	2.314779e+00	1.217460e-01	7.396928e-01	3.067315e+00	9.935020e-01	7.049498e-02	4.564299e-01	1.262098e-01	2.643852e+00	1.012564e+00	8.968986e+00	7.313511e-01	2.457414e-01	2.152947e+00	8.228425e-01	1.047060e+00	7.428712e+01	1.433986e+02	2.737306e-01	5.109699e-02	5.275302e-12	
3  112.306	2.305753e+00	1.210777e-01	7.389010e-01	3.060848e+00	9.842307e-01	6.236190e-02	4.296833e-01	1.061039e-01	2.107965e+00	1.016093e+00	8.194794e+00	7.328016e-01	2.457022e-01	2.141274e+00	8.160651e-01	1.047164e+00	7.441923e+01	1.438087e+02	2.747060e-01	4.819527e-02	4.828080e-12	
7  111.135	2.305753e+00	1.210777e-01	7.389010e-01	3.060848e+00	9.842307e-01	6.236190e-02	4.296833e-01	1.061039e-01	2.107965e+00	1.014633e+00	8.194794e+00	7.328016e-01	2.457022e-01	2.141274e+00	8.160651e-01	1.047164e+00	7.441923e+01	1.438087e+02	2.747060e-01	4.819527e-02	4.828080e-12	
3  110.875	2.302527e+00	1.201661e-01	7.413732e-01	3.061498e+00	9.885377e-01	6.508706e-02	4.291679e-01	1.467500e-01	2.172847e+00	1.013991e+00	8.460060e+00	7.370261e-01	2.456866e-01	2.142696e+00	8.147402e-01	1.046994e+00	7.459846e+01	1.440983e+02	2.696834e-01	4.850783e-02	4.623857e-12	
6  110.48	2.302527e+00	1.201661e-01	7.413732e-01	3.061498e+00	9.885377e-01	6.508706e-02	4.291679e-01	1.467500e-01	2.172847e+00	1.012480e+00	8.460060e+00	7.370261e-01	2.456866e-01	2.142696e+00	8.147402e-01	1.046994e+00	7.459846e+01	1.440983e+02	2.696834e-01	4.850783e-02	4.623857e-12	
3  111.896	2.306107e+00	1.163698e-01	7.411210e-01	3.080141e+00	9.904938e-01	7.330321e-02	3.077754e-01	2.344021e-03	2.521553e+00	1.014668e+00	9.123809e+00	7.461815e-01	2.456993e-01	2.182563e+00	8.132403e-01	1.047062e+00	7.439860e+01	1.457213e+02	2.609605e-01	3.408390e-02	4.225896e-12	
2  113.134	2.289088e+00	1.122923e-01	7.396908e-01	3.064557e+00	9.897038e-01	6.951694e-02	2.001492e-01	2.547857e-01	3.596375e+00	1.012860e+00	8.759121e+00	7.548667e-01	2.456220e-01	2.152744e+00	7.948805e-01	1.046126e+00	7.419261e+01	1.475970e+02	2.524557e-01	2.231652e-02	1.729644e-12	
1  111.766	2.275145e+00	1.131616e-01	7.296422e-01	3.070716e+00	9.869799e-01	7.201548e-02	1.667732e-01	1.466705e-01	2.671412e+00	1.012006e+00	9.038103e+00	7.460241e-01	2.455600e-01	2.165599e+00	8.012968e-01	1.045655e+00	7.309866e+01	1.477021e+02	2.612457e-01	1.778173e-02	1.965765e-12	
3  111.271	2.250322e+00	1.123765e-01	7.196617e-01	3.057656e+00	9.860978e-01	6.817536e-02	7.045788e-02	1.525735e-01	3.315247e+00	1.008330e+00	8.744884e+00	7.407723e-01	2.454464e-01	2.140312e+00	7.972441e-01	1.045829e+00	7.209113e+01	1.486984e+02	2.664741e-01	5.901098e-03	9.851269e-13	
5  110.559	2.269405e+00	1.093349e-01	7.269327e-01	3.060689e+00	9.932098e-01	7.846919e-02	3.701959e-02	4.596060e-01	3.879571e+00	1.003002e+00	9.573467e+00	7.522856e-01	2.455345e-01	2.143417e+00	7.883209e-01	1.045102e+00	7.256743e+01	1.495509e+02	2.527558e-01	2.349719e-03	2.127530e-13	
1  110.693	2.269405e+00	1.093349e-01	7.269327e-01	3.060689e+00	9.932098e-01	7.846919e-02	3.701959e-02	4.596060e-01	3.879571e+00	1.004017e+00	9.573467e+00	7.522856e-01	2.455345e-01	2.143417e+00	7.883209e-01	1.045102e+00	7.256743e+01	1.495509e+02	2.527558e-01	2.349719e-03	2.127530e-13	
7  110.484	2.278726e+00	1.099986e-01	7.328046e-01	3.056355e+00	9.931155e-01	7.645249e-02	9.625794e-02	2.426477e-01	3.777060e+00	1.004275e+00	9.388196e+00	7.546711e-01	2.455762e-01	2.133810e+00	7.867569e-01	1.045131e+00	7.324131e+01	1.489316e+02	2.504879e-01	1.019746e-02	5.614029e-13	
1  108.874	2.284964e+00	1.116788e-01	7.340426e-01	3.053539e+00	9.926690e-01	7.503779e-02	1.487677e-01	3.967441e-01	3.780040e+00	1.003581e+00	9.282452e+00	7.515715e-01	2.456053e-01	2.127138e+00	7.902583e-01	1.045265e+00	7.346059e+01	1.480957e+02	2.536594e-01	1.677959e-02	1.299745e-12	
19  106.939	2.301638e+00	1.112900e-01	7.223650e-01	3.064371e+00	9.969715e-01	8.178257e-02	4.085330e-02	2.119316e-01	4.095564e+00	1.000339e+00	9.803425e+00	7.432334e-01	2.456787e-01	2.147983e+00	7.969027e-01	1.044914e+00	7.219341e+01	1.485834e+02	2.614289e-01	2.343506e-03	2.044387e-12	
2  107.008	2.342290e+00	1.129405e-01	7.492309e-01	3.064287e+00	9.970396e-01	8.452270e-02	2.912714e-01	2.183755e-01	4.124901e+00	1.001246e+00	9.973857e+00	7.573621e-01	2.458558e-01	2.144445e+00	7.925466e-01	1.044405e+00	7.492802e+01	1.463822e+02	2.467679e-01	3.434610e-02	2.617628e-12	
4  106.831	2.342290e+00	1.129405e-01	7.492309e-01	3.064287e+00	9.970396e-01	8.452270e-02	2.912714e-01	2.183755e-01	4.124901e+00	1.000350e+00	9.973857e+00	7.573621e-01	2.458558e-01	2.144445e+00	7.925466e-01	1.044405e+00	7.492802e+01	1.463822e+02	2.467679e-01	3.434610e-02	2.617628e-12	
6  107.529	2.309102e+00	1.118380e-01	7.375090e-01	3.065704e+00	9.940387e-01	8.055194e-02	1.644467e-01	2.708830e-01	4.063243e+00	1.003036e+00	9.693737e+00	7.529680e-01	2.457119e-01	2.150569e+00	7.944915e-01	1.045329e+00	7.374892e+01	1.477084e+02	2.520173e-01	1.835024e-02	1.984425e-12	
7  108.642	2.309102e+00	1.118380e-01	7.375090e-01	3.065704e+00	9.940387e-01	8.055194e-02	1.644467e-01	2.708830e-01	4.063243e+00	1.005409e+00	9.693737e+00	7.529680e-01	2.457119e-01	2.150569e+00	7.944915e-01	1.045329e+00	7.374892e+01	1.477084e+02	2.520173e-01	1.835024e-02	1.984425e-12	
3  107.498	2.307088e+00	1.129372e-01	7.220679e-01	3.104879e+00	9.893429e-01	1.020325e-01	1.069507e-01	5.025176e-01	3.863437e+00	1.001704e+00	1.153451e+01	7.389762e-01	2.457043e-01	2.230977e+00	8.139202e-01	1.044009e+00	7.191823e+01	1.477660e+02	2.649381e-01	1.047061e-02	2.773640e-12	
2  106.942	2.307088e+00	1.129372e-01	7.220679e-01	3.104879e+00	9.893429e-01	1.020325e-01	1.069507e-01	5.025176e-01	3.863437e+00	1.001062e+00	1.153451e+01	7.389762e-01	2.457043e-01	2.230977e+00	8.139202e-01	1.044009e+00	7.191823e+01	1.477660e+02	2.649381e-01	1.047061e-02	2.773640e-12	
5  106.809	2.325586e+00	1.175785e-01	7.299971e-01	3.110787e+00	9.916553e-01	1.062020e-01	3.194295e-01	3.988689e-01	3.025120e+00	1.000541e+00	1.195039e+01	7.339041e-01	2.457855e-01	2.240643e+00	8.262767e-01	1.043488e+00	7.285997e+01	1.451734e+02	2.693627e-01	3.654535e-02	4.587253e-12	
3  107.164	2.335545e+00	1.176607e-01	7.490453e-01	3.081326e+00	9.980048e-01	9.541161e-02	4.700243e-01	4.547633e-01	3.032591e+00	1.000543e+00	1.104312e+01	7.470516e-01	2.458260e-01	2.177484e+00	8.113335e-01	1.043522e+00	7.482426e+01	1.442925e+02	2.554525e-01	5.517355e-02	3.868505e-12	
1  106.561	2.335545e+00	1.176607e-01	7.490453e-01	3.081326e+00	9.980048e-01	9.541161e-02	4.700243e-01	4.547633e-01	3.032591e+00	9.976332e-01	1.104312e+01	7.470516e-01	2.458260e-01	2.177484e+00	8.113335e-01	1.043522e+00	7.482426e+01	1.442925e+02	2.554525e-01	5.517355e-02	3.868505e-12	
5  106.983	2.353188e+00	1.228316e-01	7.722605e-01	3.046455e+00	9.913775e-01	8.427543e-02	8.178822e-01	3.742891e-01	3.498819e+00	9.936852e-01	1.018805e+01	7.508199e-01	2.459020e-01	2.103234e+00	8.013107e-01	1.043137e+00	7.718436e+01	1.411553e+02	2.511865e-01	9.453814e-02	2.792344e-12	
1  106.526	2.351675e+00	1.215179e-01	7.687481e-01	3.015590e+00	9.913881e-01	6.341023e-02	7.216976e-01	6.607701e-01	3.026564e+00	9.968153e-01	8.258825e+00	7.511629e-01	2.459010e-01	2.043932e+00	7.880853e-01	1.044011e+00	7.714043e+01	1.418735e+02	2.530056e-01	8.353463e-02	2.374248e-12	
3  108.272	2.366962e+00	1.228811e-01	7.691274e-01	3.006768e+00	9.879897e-01	5.159485e-02	7.467051e-01	6.731190e-01	2.976028e+00	1.001738e+00	7.008142e+00	7.467435e-01	2.459657e-01	2.025813e+00	7.863628e-01	1.045002e+00	7.737130e+01	1.411766e+02	2.587066e-01	8.401243e-02	2.840630e-12	
2  108.278	2.366962e+00	1.228811e-01	7.691274e-01	3.006768e+00	9.879897e-01	5.159485e-02	7.467051e-01	6.731190e-01	2.976028e+00	1.003095e+00	7.008142e+00	7.467435e-01	2.459657e-01	2.025813e+00	7.863628e-01	1.045002e+00	7.737130e+01	1.411766e+02	2.587066e-01	8.401243e-02	2.840630e-12	
2  108.233	2.351042e+00	1.215872e-01	7.472419e-01	3.038819e+00	9.765341e-01	5.888634e-02	5.408103e-01	6.451953e-01	2.907961e+00	1.006968e+00	7.744795e+00	7.361563e-01	2.459057e-01	2.092396e+00	7.985639e-01	1.044480e+00	7.520970e+01	1.426568e+02	2.717329e-01	6.173965e-02	3.615926e-12	
6  107.695	2.329129e+00	1.223445e-01	7.280090e-01	3.071405e+00	9.715584e-01	7.014506e-02	4.308989e-01	6.149705e-01	2.328745e+00	1.008769e+00	8.879763e+00	7.205344e-01	2.458135e-01	2.159547e+00	8.170986e-01	1.044088e+00	7.309535e+01	1.432667e+02	2.874810e-01	4.864786e-02	4.748249e-12	
3  107.85	2.329129e+00	1.223445e-01	7.280090e-01	3.071405e+00	9.715584e-01	7.014506e-02	4.308989e-01	6.149705e-01	2.328745e+00	1.009454e+00	8.879763e+00	7.205344e-01	2.458135e-01	2.159547e+00	8.170986e-01	1.044088e+00	7.309535e+01	1.432667e+02	2.874810e-01	4.864786e-02	4.748249e-12	
1  105.948	2.342194e+00	1.253017e-01	7.426954e-01	3.058297e+00	9.695826e-01	7.145383e-02	6.284821e-01	3.609137e-01	2.530020e+00	1.003358e+00	9.056348e+00	7.245112e-01	2.458702e-01	2.128737e+00	8.142776e-01	1.044116e+00	7.451553e+01	1.414767e+02	2.818779e-01	7.189125e-02	4.377918e-12	
1  104.985	2.337657e+00	1.223297e-01	7.290406e-01	3.068362e+00	9.720525e-01	7.550472e-02	4.126334e-01	3.998080e-01	3.167084e+00	1.002277e+00	9.362206e+00	7.207857e-01	2.458494e-01	2.151395e+00	8.166256e-01	1.044543e+00	7.308398e+01	1.432931e+02	2.858688e-01	4.697360e-02	4.595846e-12	
4  104.419	2.357157e+00	1.205827e-01	7.460215e-01	3.073783e+00	9.849867e-01	8.339180e-02	4.886468e-01	4.916228e-01	3.547762e+00	1.002191e+00	9.989500e+00	7.374068e-01	2.459271e-01	2.161676e+00	8.138368e-01	1.044642e+00	7.466396e+01	1.431799e+02	2.673426e-01	5.614761e-02	4.531364e-12	
1  104.724	2.374975e+00	1.239824e-01	7.603347e-01	3.057192e+00	9.827865e-01	7.975494e-02	7.038803e-01	3.808594e-01	3.772083e+00	9.989160e-01	9.710590e+00	7.393494e-01	2.460030e-01	2.125310e+00	8.102601e-01	1.044417e+00	7.609048e+01	1.411215e+02	2.647704e-01	8.045790e-02	3.990848e-12	
1  104.778	2.374975e+00	1.239824e-01	7.603347e-01	3.057192e+00	9.827865e-01	7.975494e-02	7.038803e-01	3.808594e-01	3.772083e+00	9.990449e-01	9.710590e+00	7.393494e-01	2.460030e-01	2.125310e+00	8.102601e-01	1.044417e+00	7.609048e+01	1.411215e+02	2.647704e-01	8.045790e-02	3.990848e-12	
1  104.373	2.336998e+00	1.195299e-01	7.299114e-01	3.055710e+00	9.827736e-01	7.336829e-02	3.305600e-01	4.192507e-01	3.674175e+00	1.000333e+00	9.127237e+00	7.281933e-01	2.458424e-01	2.126761e+00	8.081942e-01	1.044681e+00	7.319165e+01	1.444119e+02	2.775917e-01	3.761238e-02	3.930216e-12	
1  104.356	2.302014e+00	1.217222e-01	7.215719e-01	3.056877e+00	9.768329e-01	7.259856e-02	3.819491e-01	2.588714e-01	2.886864e+00	1.001340e+00	9.202806e+00	7.173390e-01	2.456903e-01	2.128933e+00	8.133365e-01	1.043629e+00	7.236739e+01	1.439854e+02	2.883400e-01	4.406702e-02	3.995443e-12	
4  104.361	2.296483e+00	1.178431e-01	7.200823e-01	3.075719e+00	9.829645e-01	8.197495e-02	2.393385e-01	1.908369e-01	2.720272e+00	1.002680e+00	9.972774e+00	7.259414e-01	2.456611e-01	2.169366e+00	8.148239e-01	1.044381e+00	7.204291e+01	1.458094e+02	2.794209e-01	2.667482e-02	3.832878e-12	
9  105.709	2.310090e+00	1.155502e-01	7.162508e-01	3.073024e+00	9.777906e-01	7.669452e-02	9.989832e-02	3.225452e-01	2.274660e+00	1.003751e+00	9.398438e+00	7.282925e-01	2.457231e-01	2.166581e+00	8.083732e-01	1.045380e+00	7.163428e+01	1.469782e+02	2.788442e-01	9.091929e-03	2.887491e-12	
12  105.305	2.282054e+00	1.190120e-01	7.009343e-01	3.098527e+00	9.801501e-01	8.714892e-02	1.273332e-01	3.177514e-01	2.451232e+00	1.004874e+00	1.046735e+01	7.073402e-01	2.455981e-01	2.217882e+00	8.314407e-01	1.044538e+00	7.007822e+01	1.462052e+02	2.988920e-01	1.126729e-02	5.028905e-12	
8  105.009	2.310371e+00	1.158900e-01	7.146540e-01	3.072871e+00	9.861379e-01	7.733420e-02	1.131821e-01	2.474743e-01	2.199622e+00	1.004169e+00	9.462601e+00	7.261705e-01	2.457226e-01	2.165654e+00	8.114958e-01	1.044956e+00	7.155975e+01	1.467967e+02	2.802222e-01	1.031141e-02	3.659981e-12	
1  106.211	2.322341e+00	1.150201e-01	7.187088e-01	3.060615e+00	9.853298e-01	6.940954e-02	9.332468e-02	4.998036e-01	2.481941e+00	1.005370e+00	8.694597e+00	7.314642e-01	2.457763e-01	2.142041e+00	8.037500e-01	1.045598e+00	7.210298e+01	1.469650e+02	2.762111e-01	8.014664e-03	3.051610e-12	
2  108.362	2.371992e+00	1.129672e-01	7.289251e-01	3.080546e+00	9.907895e-01	8.053991e-02	7.197519e-02	3.263402e-01	3.449791e+00	1.005185e+00	9.495908e+00	7.427166e-01	2.459909e-01	2.180740e+00	8.044397e-01	1.046051e+00	7.293607e+01	1.471221e+02	2.642591e-01	4.875571e-03	3.637924e-12	
1  107.571	2.335438e+00	1.176893e-01	7.281290e-01	3.043506e+00	9.841007e-01	6.094843e-02	2.220242e-01	5.023266e-01	3.827415e+00	1.004818e+00	7.911789e+00	7.314337e-01	2.458341e-01	2.105624e+00	8.018306e-01	1.046396e+00	7.328597e+01	1.453905e+02	2.765717e-01	2.369027e-02	3.549001e-12	
5  107.265	2.335438e+00	1.176893e-01	7.281290e-01	3.043506e+00	9.841007e-01	6.094843e-02	2.220242e-01	5.023266e-01	3.827415e+00	1.003947e+00	7.911789e+00	7.314337e-01	2.458341e-01	2.105624e+00	8.018306e-01	1.046396e+00	7.328597e+01	1.453905e+02	2.765717e-01	2.369027e-02	3.549001e-12	
2  108.529	2.365425e+00	1.160073e-01	7.392639e-01	3.046711e+00	9.886771e-01	6.109886e-02	2.409446e-01	7.562732e-01	3.305369e+00	1.007082e+00	7.810833e+00	7.432460e-01	2.459637e-01	2.112123e+00	7.965127e-01	1.046562e+00	7.441612e+01	1.454031e+02	2.654372e-01	2.577129e-02	3.556665e-12	
2  106.616	2.356925e+00	1.181268e-01	7.392035e-01	3.044684e+00	9.904144e-01	6.277227e-02	3.272417e-01	6.864539e-01	2.188434e+00	1.005206e+00	8.052885e+00	7.382283e-01	2.459276e-01	2.106713e+00	8.010690e-01	1.045884e+00	7.434804e+01	1.445084e+02	2.690604e-01	3.627765e-02	3.928571e-12	
1  105.557	2.339961e+00	1.196203e-01	7.266518e-01	3.037211e+00	9.887729e-01	6.478765e-02	2.988665e-01	4.121827e-01	2.112981e+00	9.981392e-01	8.334944e+00	7.251445e-01	2.458546e-01	2.090294e+00	8.038576e-01	1.044926e+00	7.300681e+01	1.444574e+02	2.806928e-01	3.322950e-02	3.763530e-12	
4  105.585	2.339961e+00	1.196203e-01	7.266518e-01	3.037211e+00	9.887729e-01	6.478765e-02	2.988665e-01	4.121827e-01	2.112981e+00	9.982940e-01	8.334944e+00	7.251445e-01	2.458546e-01	2.090294e+00	8.038576e-01	1.044926e+00	7.300681e+01	1.444574e+02	2.806928e-01	3.322950e-02	3.763530e-12	
1  106.219	2.323907e+00	1.171334e-01	7.150568e-01	3.053384e+00	9.860291e-01	6.467585e-02	1.384578e-01	1.901911e-01	2.079703e+00	1.004679e+00	8.281065e+00	7.230343e-01	2.457831e-01	2.126785e+00	8.067512e-01	1.045267e+00	7.189966e+01	1.461058e+02	2.847647e-01	1.303723e-02	3.801748e-12	
3  105.978	2.324074e+00	1.174029e-01	7.144909e-01	3.070033e+00	9.808860e-01	7.405496e-02	1.737442e-01	3.989502e-01	2.437502e+00	1.004400e+00	9.151108e+00	7.219039e-01	2.457863e-01	2.159198e+00	8.107333e-01	1.043947e+00	7.161069e+01	1.459061e+02	2.852886e-01	1.790677e-02	3.854063e-12	
1  107.186	2.281128e+00	1.165900e-01	7.021135e-01	3.050869e+00	9.769443e-01	6.139270e-02	6.062908e-02	5.184704e-01	2.722732e+00	1.005602e+00	8.061733e+00	7.149974e-01	2.455926e-01	2.124593e+00	8.047387e-01	1.044568e+00	7.055690e+01	1.471455e+02	2.938285e-01	3.912628e-03	2.489045e-12	
6  107.71	2.326162e+00	1.151764e-01	7.138921e-01	3.096237e+00	9.784744e-01	8.064669e-02	7.332328e-02	4.643534e-01	2.988864e+00	1.009885e+00	9.659634e+00	7.272125e-01	2.457943e-01	2.216219e+00	8.167218e-01	1.045267e+00	7.135894e+01	1.470406e+02	2.810653e-01	4.375413e-03	3.738065e-12	
2  107.246	2.303357e+00	1.153979e-01	7.146626e-01	3.118621e+00	9.787910e-01	9.606073e-02	1.185353e-01	1.910695e-01	2.559068e+00	1.008159e+00	1.107784e+01	7.279096e-01	2.456901e-01	2.262154e+00	8.256962e-01	1.044632e+00	7.121505e+01	1.470690e+02	2.786151e-01	1.034042e-02	3.889894e-12	
3  106.978	2.316366e+00	1.178635e-01	7.237972e-01	3.105918e+00	9.717260e-01	9.741387e-02	2.737023e-01	2.131682e-01	3.435698e+00	1.001340e+00	1.123440e+01	7.281916e-01	2.457498e-01	2.231868e+00	8.207814e-01	1.043682e+00	7.216837e+01	1.454726e+02	2.773006e-01	3.109318e-02	3.838759e-12	
1  107.001	2.316366e+00	1.178635e-01	7.237972e-01	3.105918e+00	9.717260e-01	9.741387e-02	2.737023e-01	2.131682e-01	3.435698e+00	1.000723e+00	1.123440e+01	7.281916e-01	2.457498e-01	2.231868e+00	8.207814e-01	1.043682e+00	7.216837e+01	1.454726e+02	2.773006e-01	3.109318e-02	3.838759e-12	
2  104.473	2.336302e+00	1.251810e-01	7.493779e-01	3.054687e+00	9.762874e-01	7.563187e-02	6.891856e-01	5.143665e-01	3.407425e+00	9.992975e-01	9.479085e+00	7.299405e-01	2.458410e-01	2.120599e+00	8.130189e-01	1.043951e+00	7.507809e+01	1.413039e+02	2.745596e-01	7.934004e-02	3.945758e-12	
1  104.915	2.370421e+00	1.213034e-01	7.507799e-01	3.064763e+00	9.794434e-01	8.214765e-02	5.533725e-01	2.769911e-01	3.854038e+00	9.978789e-01	9.859483e+00	7.387537e-01	2.459843e-01	2.141889e+00	8.077258e-01	1.043968e+00	7.514616e+01	1.425670e+02	2.662172e-01	6.397668e-02	4.066969e-12	
10  105.618	2.378799e+00	1.233156e-01	7.429006e-01	3.064273e+00	9.768194e-01	8.179072e-02	5.381220e-01	2.968893e-01	3.211920e+00	9.949422e-01	9.843835e+00	7.277285e-01	2.460226e-01	2.139810e+00	8.137655e-01	1.044118e+00	7.434997e+01	1.420225e+02	2.772338e-01	6.145845e-02	4.512252e-12	
4  105.917	2.328190e+00	1.261858e-01	7.346651e-01	3.042285e+00	9.666614e-01	7.205270e-02	5.960737e-01	3.895931e-01	4.042301e+00	9.924843e-01	9.186347e+00	7.161740e-01	2.458093e-01	2.094622e+00	8.112323e-01	1.043709e+00	7.363306e+01	1.415833e+02	2.888859e-01	6.920886e-02	3.626442e-12	
4  105.065	2.344202e+00	1.196121e-01	7.232798e-01	3.062546e+00	9.766560e-01	8.034969e-02	3.029923e-01	8.460772e-01	4.538083e+00	9.945929e-01	9.719319e+00	7.222025e-01	2.458755e-01	2.139069e+00	8.088053e-01	1.043349e+00	7.235537e+01	1.444893e+02	2.831269e-01	3.454907e-02	3.763452e-12	
3  105.836	2.370990e+00	1.243025e-01	7.385566e-01	3.074367e+00	9.781853e-01	8.825427e-02	5.618837e-01	7.708482e-01	4.761753e+00	9.941554e-01	1.044868e+01	7.219820e-01	2.459887e-01	2.159754e+00	8.205770e-01	1.043284e+00	7.381171e+01	1.417472e+02	2.818958e-01	6.420183e-02	4.769264e-12	
6  106.024	2.351122e+00	1.229602e-01	7.273152e-01	3.079075e+00	9.771869e-01	9.160933e-02	4.475422e-01	7.375322e-01	4.334549e+00	9.923491e-01	1.076864e+01	7.168915e-01	2.459034e-01	2.170262e+00	8.218219e-01	1.042918e+00	7.267342e+01	1.428483e+02	2.868882e-01	5.157708e-02	4.745109e-12	
7  106.135	2.394053e+00	1.256288e-01	7.694481e-01	3.057138e+00	9.887782e-01	8.782644e-02	8.340391e-01	8.108556e-01	4.235277e+00	9.922603e-01	1.041945e+01	7.412360e-01	2.460773e-01	2.123696e+00	8.123534e-01	1.043828e+00	7.674967e+01	1.399377e+02	2.607939e-01	9.446703e-02	3.340773e-12	
2  105.309	2.329921e+00	1.251684e-01	7.486471e-01	3.019809e+00	9.818364e-01	6.733976e-02	6.948199e-01	5.178809e-01	2.554478e+00	9.914293e-01	8.767186e+00	7.293226e-01	2.458117e-01	2.050385e+00	8.005607e-01	1.043356e+00	7.500905e+01	1.413460e+02	2.739262e-01	8.042692e-02	2.545376e-12	
4  105.643	2.329921e+00	1.251684e-01	7.486471e-01	3.019809e+00	9.818364e-01	6.733976e-02	6.948199e-01	5.178809e-01	2.554478e+00	9.928835e-01	8.767186e+00	7.293226e-01	2.458117e-01	2.050385e+00	8.005607e-01	1.043356e+00	7.500905e+01	1.413460e+02	2.739262e-01	8.042692e-02	2.545376e-12	
6  106.324	2.271049e+00	1.202962e-01	7.305009e-01	3.025242e+00	9.868121e-01	6.619291e-02	4.135500e-01	4.488024e-01	3.035752e+00	9.964438e-01	8.717224e+00	7.285253e-01	2.455497e-01	2.065792e+00	8.000678e-01	1.044220e+00	7.331460e+01	1.445422e+02	2.753900e-01	4.913072e-02	2.600949e-12	
4  106.283	2.271049e+00	1.202962e-01	7.305009e-01	3.025242e+00	9.868121e-01	6.619291e-02	4.135500e-01	4.488024e-01	3.035752e+00	9.938833e-01	8.717224e+00	7.285253e-01	2.455497e-01	2.065792e+00	8.000678e-01	1.044220e+00	7.331460e+01	1.445422e+02	2.753900e-01	4.913072e-02	2.600949e-12	
2  104.924	2.314595e+00	1.238928e-01	7.388249e-01	3.060331e+00	9.809433e-01	7.294459e-02	5.488922e-01	4.488946e-01	2.595921e+00	1.001910e+00	9.260094e+00	7.254850e-01	2.457460e-01	2.134793e+00	8.187953e-01	1.045142e+00	7.410191e+01	1.424735e+02	2.794686e-01	6.298409e-02	4.516334e-12	
2  106.157	2.276713e+00	1.233392e-01	7.201143e-01	3.053366e+00	9.824338e-01	6.667556e-02	4.054798e-01	3.243202e-01	3.012518e+00	1.002644e+00	8.758996e+00	7.126471e-01	2.455770e-01	2.123575e+00	8.207005e-01	1.045105e+00	7.236834e+01	1.436748e+02	2.926899e-01	4.609354e-02	4.454774e-12	
1  106.091	2.341719e+00	1.293343e-01	7.499942e-01	3.051450e+00	9.784875e-01	7.068751e-02	7.823328e-01	3.945965e-01	2.771070e+00	9.989760e-01	9.098471e+00	7.200165e-01	2.458677e-01	2.113190e+00	8.235821e-01	1.045546e+00	7.511859e+01	1.397437e+02	2.836853e-01	8.795157e-02	4.237730e-12	
1  105.417	2.344911e+00	1.290849e-01	7.494344e-01	3.049420e+00	9.793629e-01	6.756135e-02	7.912338e-01	4.364843e-01	2.673956e+00	1.001600e+00	8.779646e+00	7.200858e-01	2.458822e-01	2.109691e+00	8.211776e-01	1.044875e+00	7.511701e+01	1.397101e+02	2.840292e-01	8.864178e-02	4.235146e-12	
2  106.661	2.344911e+00	1.290849e-01	7.494344e-01	3.049420e+00	9.793629e-01	6.756135e-02	7.912338e-01	4.364843e-01	2.673956e+00	1.005328e+00	8.779646e+00	7.200858e-01	2.458822e-01	2.109691e+00	8.211776e-01	1.044875e+00	7.511701e+01	1.397101e+02	2.840292e-01	8.864178e-02	4.235146e-12	
3  108.997	2.380282e+00	1.307373e-01	7.747689e-01	3.053953e+00	9.863349e-01	6.977567e-02	1.034645e+00	4.350547e-01	3.501833e+00	1.009681e+00	8.920457e+00	7.340194e-01	2.460307e-01	2.118343e+00	8.215343e-01	1.045419e+00	7.743153e+01	1.378470e+02	2.690030e-01	1.134846e-01	3.722125e-12	
3  109.32	2.354002e+00	1.307777e-01	7.582749e-01	3.051484e+00	9.854369e-01	6.563232e-02	9.158234e-01	6.473507e-01	3.130863e+00	1.009962e+00	8.598970e+00	7.222538e-01	2.459219e-01	2.114373e+00	8.250703e-01	1.045348e+00	7.589363e+01	1.385947e+02	2.808323e-01	1.009773e-01	4.101858e-12	
1  109.23	2.379978e+00	1.295869e-01	7.572269e-01	3.067157e+00	9.871991e-01	7.319585e-02	8.517242e-01	7.177724e-01	3.660731e+00	1.009480e+00	9.194916e+00	7.233987e-01	2.460319e-01	2.145981e+00	8.291829e-01	1.045316e+00	7.568813e+01	1.388882e+02	2.799459e-01	9.366564e-02	4.902651e-12	
2  108.66	2.384487e+00	1.285697e-01	7.590957e-01	3.075628e+00	9.841090e-01	7.589471e-02	8.246367e-01	7.899771e-01	2.965078e+00	1.010775e+00	9.402264e+00	7.273737e-01	2.460513e-01	2.163153e+00	8.292716e-01	1.045475e+00	7.592051e+01	1.392363e+02	2.770086e-01	9.091068e-02	5.391148e-12	
3  109.218	2.397158e+00	1.290794e-01	7.570127e-01	3.060214e+00	9.797606e-01	6.944258e-02	8.214376e-01	7.146979e-01	2.034149e+00	1.007978e+00	8.782316e+00	7.240749e-01	2.461078e-01	2.130884e+00	8.222066e-01	1.044934e+00	7.579662e+01	1.390070e+02	2.813010e-01	8.998629e-02	4.816692e-12	
1  109.444	2.396015e+00	1.257944e-01	7.602964e-01	3.053799e+00	9.868495e-01	6.825927e-02	7.627855e-01	7.461692e-01	2.405215e+00	1.008859e+00	8.616200e+00	7.343737e-01	2.460986e-01	2.119766e+00	8.129272e-01	1.044414e+00	7.618483e+01	1.400792e+02	2.710142e-01	8.456013e-02	4.434540e-12	
2  109.478	2.441654e+00	1.228762e-01	7.799895e-01	3.057333e+00	9.972421e-01	7.556428e-02	7.861623e-01	7.183679e-01	2.175901e+00	1.006946e+00	9.111669e+00	7.532392e-01	2.462810e-01	2.126745e+00	8.054060e-01	1.045004e+00	7.797503e+01	1.402442e+02	2.517678e-01	8.713811e-02	4.142407e-12	
3  108.458	2.404361e+00	1.236744e-01	7.450136e-01	3.072439e+00	9.794976e-01	7.987907e-02	5.633678e-01	7.343148e-01	2.338057e+00	1.003118e+00	9.590231e+00	7.276604e-01	2.461345e-01	2.156797e+00	8.168352e-01	1.043902e+00	7.456212e+01	1.415022e+02	2.782462e-01	6.285393e-02	5.129467e-12	
1  107.56	2.404361e+00	1.236744e-01	7.450136e-01	3.072439e+00	9.794976e-01	7.987907e-02	5.633678e-01	7.343148e-01	2.338057e+00	9.998717e-01	9.590231e+00	7.276604e-01	2.461345e-01	2.156797e+00	8.168352e-01	1.043902e+00	7.456212e+01	1.415022e+02	2.782462e-01	6.285393e-02	5.129467e-12	
2  106.743	2.368098e+00	1.216633e-01	7.270674e-01	3.062052e+00	9.784852e-01	8.197030e-02	3.855695e-01	7.231455e-01	3.299158e+00	9.917435e-01	9.849609e+00	7.192974e-01	2.459783e-01	2.135999e+00	8.123244e-01	1.043126e+00	7.273064e+01	1.432735e+02	2.854298e-01	4.392885e-02	4.325968e-12	
1  106.14	2.355795e+00	1.216317e-01	7.327355e-01	3.062055e+00	9.760877e-01	8.388164e-02	4.129122e-01	7.969281e-01	3.341908e+00	9.905320e-01	1.006548e+01	7.243246e-01	2.459244e-01	2.135892e+00	8.119170e-01	1.043999e+00	7.326551e+01	1.433091e+02	2.801380e-01	4.776642e-02	4.027010e-12	
1  106.892	2.390176e+00	1.209990e-01	7.447848e-01	3.062035e+00	9.786629e-01	8.190307e-02	4.617424e-01	7.583693e-01	4.255039e+00	9.933728e-01	9.765891e+00	7.341020e-01	2.460706e-01	2.135947e+00	8.077981e-01	1.044416e+00	7.451094e+01	1.428593e+02	2.711547e-01	5.281123e-02	4.137591e-12	
1  110.087	2.396932e+00	1.165532e-01	7.405153e-01	3.031996e+00	9.789824e-01	6.875404e-02	2.765676e-01	5.586723e-01	3.495213e+00	9.907334e-01	8.484928e+00	7.417266e-01	2.461001e-01	2.077718e+00	7.857067e-01	1.044401e+00	7.423608e+01	1.447958e+02	2.654228e-01	3.193672e-02	2.411074e-12	
1  109.927	2.390919e+00	1.129080e-01	7.464342e-01	3.047767e+00	9.867495e-01	8.021992e-02	2.105171e-01	4.519207e-01	3.405459e+00	9.906783e-01	9.461065e+00	7.540798e-01	2.460690e-01	2.109473e+00	7.832660e-01	1.044722e+00	7.462888e+01	1.462300e+02	2.511820e-01	2.481554e-02	2.041426e-12	
2  111.933	2.416612e+00	1.143979e-01	7.633012e-01	3.049617e+00	9.896994e-01	8.938415e-02	4.080751e-01	2.453503e-01	3.930827e+00	9.865218e-01	1.021172e+01	7.607934e-01	2.461687e-01	2.110067e+00	7.818341e-01	1.043381e+00	7.626093e+01	1.446036e+02	2.429732e-01	4.889343e-02	2.449776e-12	
1  109.84	2.426712e+00	1.165377e-01	7.747926e-01	3.032657e+00	9.985820e-01	7.996960e-02	5.568508e-01	1.598276e-01	3.759052e+00	9.892791e-01	9.445148e+00	7.635675e-01	2.462088e-01	2.075839e+00	7.808857e-01	1.043754e+00	7.752448e+01	1.431706e+02	2.406529e-01	6.529163e-02	2.632419e-12	
9  109.567	2.426712e+00	1.165377e-01	7.747926e-01	3.032657e+00	9.985820e-01	7.996960e-02	5.568508e-01	1.598276e-01	3.759052e+00	9.900910e-01	9.445148e+00	7.635675e-01	2.462088e-01	2.075839e+00	7.808857e-01	1.043754e+00	7.752448e+01	1.431706e+02	2.406529e-01	6.529163e-02	2.632419e-12	
1  107.67	2.420948e+00	1.175442e-01	7.787438e-01	3.044594e+00	9.948989e-01	8.047922e-02	6.041773e-01	1.115532e-01	3.509273e+00	9.949532e-01	9.515980e+00	7.643085e-01	2.461878e-01	2.100394e+00	7.874693e-01	1.044720e+00	7.794370e+01	1.427488e+02	2.403474e-01	7.016414e-02	3.084202e-12	
1  108.804	2.420948e+00	1.175442e-01	7.787438e-01	3.044594e+00	9.948989e-01	8.047922e-02	6.041773e-01	1.115532e-01	3.509273e+00	9.978230e-01	9.515980e+00	7.643085e-01	2.461878e-01	2.100394e+00	7.874693e-01	1.044720e+00	7.794370e+01	1.427488e+02	2.403474e-01	7.016414e-02	3.084202e-12	
7  108.841	2.348542e+00	1.230184e-01	7.515257e-01	2.988824e+00	9.829545e-01	5.051641e-02	6.066939e-01	2.168210e-01	3.698955e+00	9.943808e-01	6.956712e+00	7.343086e-01	2.458851e-01	1.989599e+00	7.834646e-01	1.044838e+00	7.555753e+01	1.420150e+02	2.704087e-01	6.920263e-02	2.240162e-12	
1  107.478	2.355648e+00	1.205347e-01	7.469384e-01	3.025567e+00	9.784389e-01	6.765599e-02	5.076028e-01	2.621825e-01	3.790771e+00	9.956189e-01	8.597582e+00	7.381922e-01	2.459217e-01	2.063411e+00	7.909867e-01	1.043572e+00	7.492260e+01	1.431109e+02	2.672634e-01	5.967080e-02	2.623569e-12	
7  107.204	2.318690e+00	1.186303e-01	7.277945e-01	3.037065e+00	9.760760e-01	7.433911e-02	3.213907e-01	3.279765e-01	3.984569e+00	9.931312e-01	9.269631e+00	7.290888e-01	2.457617e-01	2.087635e+00	7.955476e-01	1.043326e+00	7.285114e+01	1.449425e+02	2.756712e-01	3.845263e-02	2.431734e-12	
2  107.959	2.340193e+00	1.208390e-01	7.464587e-01	3.035808e+00	9.738082e-01	7.411522e-02	5.199492e-01	4.443608e-02	3.891816e+00	9.944603e-01	9.241976e+00	7.375314e-01	2.458544e-01	2.083327e+00	7.950148e-01	1.043666e+00	7.476225e+01	1.431875e+02	2.673057e-01	6.161953e-02	2.697303e-12	
1  108.242	2.319256e+00	1.183656e-01	7.369880e-01	3.041743e+00	9.753132e-01	7.869043e-02	3.860349e-01	2.169868e-01	4.262676e+00	9.931181e-01	9.658752e+00	7.366235e-01	2.457623e-01	2.096377e+00	7.941915e-01	1.043437e+00	7.370325e+01	1.447183e+02	2.676139e-01	4.654515e-02	2.307383e-12	
2  108.347	2.367239e+00	1.194374e-01	7.554128e-01	3.049611e+00	9.763729e-01	7.881480e-02	5.266824e-01	4.680295e-01	4.908429e+00	9.977386e-01	9.541733e+00	7.463438e-01	2.459702e-01	2.111426e+00	7.952201e-01	1.043989e+00	7.561465e+01	1.432304e+02	2.588246e-01	6.186825e-02	2.928712e-12	
1  110.812	2.433662e+00	1.228881e-01	7.789532e-01	3.097365e+00	9.781300e-01	9.830356e-02	7.800592e-01	4.397877e-01	4.576754e+00	1.003516e+00	1.107174e+01	7.529879e-01	2.462460e-01	2.207649e+00	8.160459e-01	1.044635e+00	7.780470e+01	1.404800e+02	2.520911e-01	8.799989e-02	5.040922e-12	
1  111.458	2.385201e+00	1.217217e-01	7.452822e-01	3.112397e+00	9.670817e-01	1.010156e-01	4.984900e-01	6.986769e-01	4.152086e+00	1.002508e+00	1.140827e+01	7.332442e-01	2.460503e-01	2.241864e+00	8.259084e-01	1.044484e+00	7.440559e+01	1.426076e+02	2.726704e-01	5.680764e-02	5.316659e-12	
5  109.389	2.359516e+00	1.172484e-01	7.430162e-01	3.099527e+00	9.755967e-01	1.010921e-01	3.638738e-01	7.119861e-01	4.151966e+00	9.992605e-01	1.140386e+01	7.425466e-01	2.459355e-01	2.216351e+00	8.127206e-01	1.044113e+00	7.409452e+01	1.447183e+02	2.618281e-01	4.243169e-02	3.625286e-12	
2  108.365	2.375408e+00	1.177829e-01	7.453626e-01	3.059989e+00	9.847508e-01	8.886932e-02	3.982650e-01	7.515831e-01	4.195940e+00	9.927277e-01	1.035878e+01	7.422501e-01	2.460013e-01	2.131853e+00	7.995256e-01	1.043491e+00	7.446587e+01	1.441933e+02	2.613675e-01	4.694001e-02	3.258958e-12	
7  108.948	2.375408e+00	1.177829e-01	7.453626e-01	3.059989e+00	9.847508e-01	8.886932e-02	3.982650e-01	7.515831e-01	4.195940e+00	9.932584e-01	1.035878e+01	7.422501e-01	2.460013e-01	2.131853e+00	7.995256e-01	1.043491e+00	7.446587e+01	1.441933e+02	2.613675e-01	4.694001e-02	3.258958e-12	
1  109.936	2.383900e+00	1.186738e-01	7.652577e-01	3.075611e+00	9.931913e-01	1.018061e-01	5.866009e-01	8.754708e-01	4.280671e+00	9.933571e-01	1.146034e+01	7.539715e-01	2.460291e-01	2.163214e+00	8.051187e-01	1.043485e+00	7.637194e+01	1.429806e+02	2.480626e-01	6.902646e-02	3.425267e-12	
4  111.41	2.400399e+00	1.218822e-01	7.907404e-01	3.099680e+00	9.978445e-01	1.142357e-01	8.795083e-01	9.002939e-01	4.142619e+00	9.974258e-01	1.251256e+01	7.639877e-01	2.460928e-01	2.213987e+00	8.179216e-01	1.044179e+00	7.879467e+01	1.406223e+02	2.371999e-01	1.008285e-01	3.669826e-12	
2  112.29	2.419897e+00	1.194668e-01	7.820079e-01	3.136727e+00	9.939808e-01	1.271953e-01	7.088305e-01	8.317553e-01	4.094303e+00	1.000103e+00	1.336742e+01	7.633044e-01	2.461788e-01	2.294404e+00	8.279463e-01	1.044556e+00	7.797125e+01	1.418269e+02	2.391585e-01	8.127206e-02	5.017702e-12	
2  111.587	2.399223e+00	1.229415e-01	7.724799e-01	3.140368e+00	9.864131e-01	1.244750e-01	7.616366e-01	6.589379e-01	4.095964e+00	1.002014e+00	1.332630e+01	7.507442e-01	2.460975e-01	2.301988e+00	8.389083e-01	1.044525e+00	7.706197e+01	1.408933e+02	2.521686e-01	8.686482e-02	5.604905e-12	
3  111.799	2.401776e+00	1.220466e-01	7.647352e-01	3.158189e+00	9.850223e-01	1.261359e-01	6.713717e-01	7.072487e-01	4.683283e+00	1.007371e+00	1.339581e+01	7.475072e-01	2.461125e-01	2.341624e+00	8.455539e-01	1.044614e+00	7.628359e+01	1.414963e+02	2.565156e-01	7.594536e-02	6.585480e-12	
1  111.559	2.405827e+00	1.242338e-01	7.590954e-01	3.137535e+00	9.809799e-01	1.079853e-01	6.848751e-01	6.291578e-01	4.879059e+00	1.011699e+00	1.196690e+01	7.378139e-01	2.461350e-01	2.294515e+00	8.427503e-01	1.044982e+00	7.577327e+01	1.407953e+02	2.672878e-01	7.658017e-02	7.206860e-12	
4  110.847	2.405827e+00	1.242338e-01	7.590954e-01	3.137535e+00	9.809799e-01	1.079853e-01	6.848751e-01	6.291578e-01	4.879059e+00	1.005259e+00	1.196690e+01	7.378139e-01	2.461350e-01	2.294515e+00	8.427503e-01	1.044982e+00	7.577327e+01	1.407953e+02	2.672878e-01	7.658017e-02	7.206860e-12	
16  110.204	2.390920e+00	1.247574e-01	7.433469e-01	3.122342e+00	9.760707e-01	1.056282e-01	5.723021e-01	8.022303e-01	4.767111e+00	9.967312e-01	1.184845e+01	7.244973e-01	2.460739e-01	2.261261e+00	8.408304e-01	1.044713e+00	7.421729e+01	1.413621e+02	2.801945e-01	6.437016e-02	6.638122e-12	
3  110.148	2.390920e+00	1.247574e-01	7.433469e-01	3.122342e+00	9.760707e-01	1.056282e-01	5.723021e-01	8.022303e-01	4.767111e+00	9.967842e-01	1.184845e+01	7.244973e-01	2.460739e-01	2.261261e+00	8.408304e-01	1.044713e+00	7.421729e+01	1.413621e+02	2.801945e-01	6.437016e-02	6.638122e-12	
5  109.816	2.377386e+00	1.280555e-01	7.518915e-01	3.110537e+00	9.737289e-01	9.898853e-02	7.384045e-01	9.330282e-01	3.835341e+00	9.980645e-01	1.143940e+01	7.238308e-01	2.460179e-01	2.234393e+00	8.418843e-01	1.045398e+00	7.507966e+01	1.399177e+02	2.804758e-01	8.298335e-02	6.282490e-12	
2  109.615	2.391418e+00	1.290195e-01	7.589668e-01	3.096931e+00	9.743675e-01	8.917811e-02	8.113522e-01	9.175755e-01	3.975947e+00	1.001035e+00	1.056593e+01	7.261813e-01	2.460799e-01	2.205185e+00	8.368204e-01	1.045795e+00	7.582297e+01	1.391893e+02	2.785975e-01	9.004246e-02	6.088301e-12	
2  108.447	2.391418e+00	1.290195e-01	7.589668e-01	3.096931e+00	9.743675e-01	8.917811e-02	8.113522e-01	9.175755e-01	3.975947e+00	1.003199e+00	1.056593e+01	7.261813e-01	2.460799e-01	2.205185e+00	8.368204e-01	1.045795e+00	7.582297e+01	1.391893e+02	2.785975e-01	9.004246e-02	6.088301e-12	
5  107.211	2.380513e+00	1.259728e-01	7.517567e-01	3.088720e+00	9.781157e-01	9.461837e-02	6.769558e-01	9.242861e-01	4.206027e+00	9.949528e-01	1.101838e+01	7.281102e-01	2.460278e-01	2.188888e+00	8.291077e-01	1.044851e+00	7.506010e+01	1.406990e+02	2.754587e-01	7.681108e-02	5.199488e-12	
3  105.918	2.347395e+00	1.233891e-01	7.528431e-01	3.086617e+00	9.842973e-01	9.911394e-02	6.449805e-01	7.198824e-01	4.053473e+00	9.934893e-01	1.146645e+01	7.363481e-01	2.458810e-01	2.185944e+00	8.237766e-01	1.044235e+00	7.517239e+01	1.418629e+02	2.661345e-01	7.494195e-02	4.384714e-12	
1  106.116	2.347395e+00	1.233891e-01	7.528431e-01	3.086617e+00	9.842973e-01	9.911394e-02	6.449805e-01	7.198824e-01	4.053473e+00	9.928225e-01	1.146645e+01	7.363481e-01	2.458810e-01	2.185944e+00	8.237766e-01	1.044235e+00	7.517239e+01	1.418629e+02	2.661345e-01	7.494195e-02	4.384714e-12	
4  106.357	2.351194e+00	1.235146e-01	7.662800e-01	3.060044e+00	9.826665e-01	8.682481e-02	7.516606e-01	3.865845e-01	4.414437e+00	9.936596e-01	1.041246e+01	7.453542e-01	2.458972e-01	2.130598e+00	8.094291e-01	1.044403e+00	7.661429e+01	1.413178e+02	2.575794e-01	8.707203e-02	3.537440e-12	
3  106.66	2.354332e+00	1.226169e-01	7.666380e-01	3.077920e+00	9.826473e-01	9.521978e-02	7.395246e-01	2.683480e-01	3.374055e+00	9.950550e-01	1.110010e+01	7.478212e-01	2.459087e-01	2.167741e+00	8.133961e-01	1.043988e+00	7.661530e+01	1.415787e+02	2.551177e-01	8.582603e-02	3.889780e-12	
1  108.514	2.351546e+00	1.232802e-01	7.604899e-01	3.084221e+00	9.724302e-01	9.569281e-02	7.105654e-01	6.884209e-02	2.902912e+00	9.951233e-01	1.115244e+01	7.422770e-01	2.458997e-01	2.180847e+00	8.158883e-01	1.043970e+00	7.602637e+01	1.416028e+02	2.617159e-01	8.245364e-02	4.150175e-12	
1  109.796	2.381664e+00	1.238519e-01	7.821508e-01	3.054537e+00	9.758974e-01	8.551445e-02	8.824931e-01	1.031870e-01	3.018354e+00	9.935660e-01	1.021343e+01	7.547460e-01	2.460257e-01	2.118627e+00	8.001983e-01	1.044018e+00	7.824172e+01	1.403616e+02	2.492350e-01	1.008977e-01	3.115428e-12	
3  109.339	2.381664e+00	1.238519e-01	7.821508e-01	3.054537e+00	9.758974e-01	8.551445e-02	8.824931e-01	1.031870e-01	3.018354e+00	9.954289e-01	1.021343e+01	7.547460e-01	2.460257e-01	2.118627e+00	8.001983e-01	1.044018e+00	7.824172e+01	1.403616e+02	2.492350e-01	1.008977e-01	3.115428e-12	
7  108.134	2.402096e+00	1.246737e-01	7.903554e-01	3.092209e+00	9.868240e-01	1.049051e-01	9.691068e-01	8.698279e-02	3.737690e+00	9.975511e-01	1.180801e+01	7.580576e-01	2.461046e-01	2.196734e+00	8.180451e-01	1.044235e+00	7.886736e+01	1.395275e+02	2.443194e-01	1.096327e-01	4.035035e-12	
3  108.081	2.402096e+00	1.246737e-01	7.903554e-01	3.092209e+00	9.868240e-01	1.049051e-01	9.691068e-01	8.698279e-02	3.737690e+00	9.968731e-01	1.180801e+01	7.580576e-01	2.461046e-01	2.196734e+00	8.180451e-01	1.044235e+00	7.886736e+01	1.395275e+02	2.443194e-01	1.096327e-01	4.035035e-12	
2  107.594	2.414068e+00	1.260347e-01	7.882985e-01	3.093070e+00	9.888434e-01	1.030472e-01	1.002787e+00	1.814308e-01	3.845560e+00	9.985094e-01	1.164117e+01	7.534788e-01	2.461556e-01	2.198134e+00	8.217704e-01	1.043933e+00	7.858511e+01	1.388883e+02	2.486947e-01	1.123495e-01	4.194896e-12	
8  107.803	2.416144e+00	1.226205e-01	7.742482e-01	3.089670e+00	9.884432e-01	1.032172e-01	7.817529e-01	2.280413e-01	4.220055e+00	9.945899e-01	1.155457e+01	7.509674e-01	2.461653e-01	2.191515e+00	8.152044e-01	1.043275e+00	7.725890e+01	1.407118e+02	2.517619e-01	8.931465e-02	4.350015e-12	
1  105.942	2.391662e+00	1.212179e-01	7.619935e-01	3.086150e+00	9.869828e-01	9.849582e-02	6.344117e-01	2.413381e-01	3.479562e+00	9.952947e-01	1.120400e+01	7.463644e-01	2.460667e-01	2.184917e+00	8.147696e-01	1.043887e+00	7.610487e+01	1.420011e+02	2.568211e-01	7.321837e-02	4.469738e-12	
3  106.457	2.375608e+00	1.197667e-01	7.458480e-01	3.065293e+00	9.814571e-01	8.969294e-02	4.732283e-01	1.784248e-01	3.278227e+00	9.908441e-01	1.047189e+01	7.382517e-01	2.460024e-01	2.142193e+00	8.050297e-01	1.043293e+00	7.454404e+01	1.433153e+02	2.655404e-01	5.537581e-02	3.752230e-12	
3  107.835	2.362050e+00	1.178526e-01	7.452857e-01	3.050856e+00	9.849668e-01	8.853494e-02	4.195554e-01	1.350255e-01	2.350682e+00	9.864432e-01	1.038769e+01	7.425014e-01	2.459418e-01	2.112765e+00	7.956893e-01	1.043060e+00	7.447677e+01	1.442316e+02	2.605457e-01	5.004071e-02	2.913226e-12	
5  107.964	2.362050e+00	1.178526e-01	7.452857e-01	3.050856e+00	9.849668e-01	8.853494e-02	4.195554e-01	1.350255e-01	2.350682e+00	9.880034e-01	1.038769e+01	7.425014e-01	2.459418e-01	2.112765e+00	7.956893e-01	1.043060e+00	7.447677e+01	1.442316e+02	2.605457e-01	5.004071e-02	2.913226e-12	
5  106.987	2.355732e+00	1.196486e-01	7.357049e-01	3.046780e+00	9.882262e-01	8.316225e-02	3.908927e-01	2.116382e-01	2.621760e+00	9.889236e-01	9.982472e+00	7.312977e-01	2.459175e-01	2.104798e+00	8.031017e-01	1.043514e+00	7.357691e+01	1.439243e+02	2.717864e-01	4.574594e-02	3.465351e-12	
4  107.191	2.355732e+00	1.196486e-01	7.357049e-01	3.046780e+00	9.882262e-01	8.316225e-02	3.908927e-01	2.116382e-01	2.621760e+00	9.861705e-01	9.982472e+00	7.312977e-01	2.459175e-01	2.104798e+00	8.031017e-01	1.043514e+00	7.357691e+01	1.439243e+02	2.717864e-01	4.574594e-02	3.465351e-12	
7  106.188	2.337455e+00	1.231499e-01	7.372601e-01	3.047968e+00	9.868174e-01	8.268044e-02	5.324792e-01	1.063473e-01	2.691206e+00	9.876686e-01	1.008101e+01	7.248012e-01	2.458397e-01	2.106439e+00	8.114446e-01	1.043427e+00	7.372302e+01	1.425374e+02	2.775310e-01	6.193773e-02	3.630003e-12	
12  106.399	2.336790e+00	1.258145e-01	7.416937e-01	3.045419e+00	9.873763e-01	8.043762e-02	6.586967e-01	3.710905e-02	2.933283e+00	9.891490e-01	9.948830e+00	7.219224e-01	2.458376e-01	2.100761e+00	8.154585e-01	1.043417e+00	7.413284e+01	1.412684e+02	2.797693e-01	7.577214e-02	3.495865e-12	
3  106.171	2.372269e+00	1.287469e-01	7.787859e-01	3.048654e+00	9.856468e-01	8.067080e-02	1.029910e+00	1.894750e-01	2.821968e+00	9.955238e-01	9.937494e+00	7.420453e-01	2.459871e-01	2.106159e+00	8.130230e-01	1.044138e+00	7.773753e+01	1.385499e+02	2.598211e-01	1.150523e-01	2.800142e-12	
5  106.597	2.345125e+00	1.308045e-01	7.702094e-01	3.052785e+00	9.771583e-01	7.482879e-02	1.032458e+00	3.611834e-01	2.394661e+00	1.000576e+00	9.521845e+00	7.324606e-01	2.458791e-01	2.114077e+00	8.197085e-01	1.044551e+00	7.702838e+01	1.383150e+02	2.704487e-01	1.151791e-01	3.425507e-12	
5  108.09	2.343280e+00	1.307231e-01	7.705268e-01	3.060533e+00	9.790579e-01	7.043739e-02	1.014191e+00	1.125278e-01	2.214986e+00	1.007874e+00	9.091016e+00	7.328318e-01	2.458728e-01	2.131374e+00	8.244105e-01	1.045677e+00	7.718249e+01	1.383728e+02	2.709616e-01	1.125502e-01	4.303965e-12	
4  106.445	2.344707e+00	1.309610e-01	7.581840e-01	3.043390e+00	9.726509e-01	6.699576e-02	9.361186e-01	8.523905e-02	3.012861e+00	1.000212e+00	8.768074e+00	7.228398e-01	2.458813e-01	2.095425e+00	8.175451e-01	1.044359e+00	7.598999e+01	1.386708e+02	2.813372e-01	1.046705e-01	3.650439e-12	
2  106.364	2.344707e+00	1.309610e-01	7.581840e-01	3.043390e+00	9.726509e-01	6.699576e-02	9.361186e-01	8.523905e-02	3.012861e+00	1.000482e+00	8.768074e+00	7.228398e-01	2.458813e-01	2.095425e+00	8.175451e-01	1.044359e+00	7.598999e+01	1.386708e+02	2.813372e-01	1.046705e-01	3.650439e-12	
1  106.607	2.360172e+00	1.281122e-01	7.660370e-01	3.032027e+00	9.801479e-01	5.816981e-02	8.684561e-01	2.675165e-01	3.204010e+00	1.004344e+00	7.794443e+00	7.339773e-01	2.459452e-01	2.075142e+00	8.085860e-01	1.045800e+00	7.694239e+01	1.394223e+02	2.712255e-01	9.662612e-02	3.688194e-12	
1  106.213	2.365769e+00	1.267509e-01	7.550493e-01	3.054243e+00	9.758371e-01	6.697640e-02	7.505053e-01	3.553731e-01	3.220607e+00	1.004783e+00	8.593923e+00	7.295181e-01	2.459720e-01	2.120212e+00	8.148605e-01	1.044843e+00	7.580475e+01	1.402520e+02	2.767180e-01	8.426291e-02	4.563383e-12	
15  106.709	2.352147e+00	1.285898e-01	7.484110e-01	3.088622e+00	9.755306e-01	8.208691e-02	7.618631e-01	3.075221e-03	3.035287e+00	1.005997e+00	1.004639e+01	7.207772e-01	2.459115e-01	2.189382e+00	8.351349e-01	1.045170e+00	7.494415e+01	1.399071e+02	2.841136e-01	8.539242e-02	6.051707e-12	
1  106.595	2.366069e+00	1.311627e-01	7.668811e-01	3.060360e+00	9.742439e-01	7.378931e-02	9.881821e-01	2.096564e-01	2.599150e+00	1.002792e+00	9.342995e+00	7.283826e-01	2.459719e-01	2.129383e+00	8.235416e-01	1.045045e+00	7.675346e+01	1.381752e+02	2.757679e-01	1.094826e-01	4.209203e-12	
3  108.406	2.366069e+00	1.311627e-01	7.668811e-01	3.060360e+00	9.742439e-01	7.378931e-02	9.881821e-01	2.096564e-01	2.599150e+00	1.006619e+00	9.342995e+00	7.283826e-01	2.459719e-01	2.129383e+00	8.235416e-01	1.045045e+00	7.675346e+01	1.381752e+02	2.757679e-01	1.094826e-01	4.209203e-12	
5  108.174	2.359429e+00	1.286532e-01	7.658393e-01	3.045750e+00	9.850570e-01	6.606391e-02	9.163917e-01	8.414347e-02	2.443899e+00	1.008980e+00	8.586872e+00	7.331152e-01	2.459405e-01	2.102781e+00	8.155560e-01	1.044925e+00	7.673876e+01	1.391012e+02	2.706887e-01	1.019235e-01	3.831078e-12	
5  108.831	2.329138e+00	1.307636e-01	7.596269e-01	3.047776e+00	9.849158e-01	7.192060e-02	9.726870e-01	2.097793e-01	2.182842e+00	1.005025e+00	9.299215e+00	7.248057e-01	2.458096e-01	2.105501e+00	8.222167e-01	1.044147e+00	7.592966e+01	1.386969e+02	2.768138e-01	1.087044e-01	3.270085e-12	
3  109.031	2.357994e+00	1.332978e-01	7.650644e-01	3.053179e+00	9.819879e-01	7.513690e-02	1.070540e+00	1.206668e-01	3.241452e+00	1.003319e+00	9.556318e+00	7.219843e-01	2.459349e-01	2.114497e+00	8.269988e-01	1.044455e+00	7.632293e+01	1.373701e+02	2.793123e-01	1.179336e-01	3.109256e-12	
1  109.668	2.334561e+00	1.324032e-01	7.666960e-01	3.017323e+00	9.822077e-01	6.153654e-02	1.075569e+00	2.277894e-01	3.311347e+00	1.000608e+00	8.336933e+00	7.257342e-01	2.458346e-01	2.043687e+00	8.105487e-01	1.044096e+00	7.665131e+01	1.378269e+02	2.757158e-01	1.191303e-01	1.718968e-12	
6  110.286	2.301276e+00	1.311867e-01	7.662882e-01	3.034944e+00	9.852524e-01	6.730378e-02	1.039780e+00	8.069993e-02	3.152284e+00	1.005106e+00	8.973351e+00	7.295704e-01	2.456878e-01	2.080067e+00	8.183089e-01	1.044910e+00	7.664799e+01	1.386085e+02	2.714925e-01	1.167545e-01	2.593167e-12	
1  107.487	2.318036e+00	1.290883e-01	7.568468e-01	3.030569e+00	9.799553e-01	6.352623e-02	8.790960e-01	3.521032e-01	2.621334e+00	1.003427e+00	8.500927e+00	7.267668e-01	2.457630e-01	2.071687e+00	8.121724e-01	1.044560e+00	7.588059e+01	1.396416e+02	2.764246e-01	9.946234e-02	3.071492e-12	
3  105.998	2.305970e+00	1.248193e-01	7.422077e-01	3.031185e+00	9.823946e-01	6.484471e-02	6.343083e-01	4.089173e-01	3.032029e+00	1.001333e+00	8.569378e+00	7.259021e-01	2.457079e-01	2.075196e+00	8.075225e-01	1.044168e+00	7.449730e+01	1.419315e+02	2.780814e-01	7.341754e-02	3.289355e-12	
5  107.248	2.339684e+00	1.266236e-01	7.621328e-01	3.022693e+00	9.893478e-01	5.956039e-02	8.170879e-01	3.053279e-01	2.331968e+00	1.004461e+00	7.996917e+00	7.350948e-01	2.458528e-01	2.057983e+00	8.054622e-01	1.045294e+00	7.645229e+01	1.402459e+02	2.682715e-01	9.201601e-02	3.032509e-12	
1  107.087	2.379077e+00	1.251995e-01	7.688213e-01	3.049575e+00	9.958299e-01	7.320275e-02	7.997162e-01	4.892964e-01	2.593233e+00	1.005234e+00	9.147521e+00	7.422626e-01	2.460191e-01	2.111651e+00	8.127468e-01	1.045428e+00	7.688035e+01	1.402609e+02	2.607194e-01	8.971085e-02	3.805593e-12	
2  107.298	2.388934e+00	1.247313e-01	7.673665e-01	3.065401e+00	9.931090e-01	7.697516e-02	7.639472e-01	4.235013e-01	2.446296e+00	1.008197e+00	9.428398e+00	7.422668e-01	2.460621e-01	2.143643e+00	8.174517e-01	1.045612e+00	7.675947e+01	1.404360e+02	2.616042e-01	8.543765e-02	4.670181e-12	
4  107.313	2.386594e+00	1.238692e-01	7.779424e-01	3.028645e+00	9.934397e-01	6.436611e-02	8.272512e-01	3.921975e-01	2.796276e+00	1.004933e+00	8.278451e+00	7.511295e-01	2.460504e-01	2.069646e+00	7.975875e-01	1.045214e+00	7.798987e+01	1.403942e+02	2.533042e-01	9.311893e-02	3.066345e-12	
1  109.044	2.389028e+00	1.204628e-01	7.849045e-01	3.029053e+00	9.952597e-01	6.374606e-02	7.649462e-01	5.932981e-01	2.942075e+00	1.007557e+00	8.146179e+00	7.629854e-01	2.460593e-01	2.071374e+00	7.884715e-01	1.045451e+00	7.881241e+01	1.415076e+02	2.425378e-01	8.723678e-02	3.020177e-12	
1  110.217	2.389028e+00	1.204628e-01	7.849045e-01	3.029053e+00	9.952597e-01	6.374606e-02	7.649462e-01	5.932981e-01	2.942075e+00	1.008530e+00	8.146179e+00	7.629854e-01	2.460593e-01	2.071374e+00	7.884715e-01	1.045451e+00	7.881241e+01	1.415076e+02	2.425378e-01	8.723678e-02	3.020177e-12	
1  109.688	2.400408e+00	1.263355e-01	7.807321e-01	3.065615e+00	9.850878e-01	7.740161e-02	9.000510e-01	7.928317e-01	3.047738e+00	1.009317e+00	9.471886e+00	7.476336e-01	2.461127e-01	2.142367e+00	8.157191e-01	1.045979e+00	7.808299e+01	1.393506e+02	2.569945e-01	1.001039e-01	4.360852e-12	
2  109.196	2.375793e+00	1.200748e-01	7.638407e-01	3.040630e+00	9.828760e-01	6.803181e-02	5.742192e-01	7.614191e-01	2.112186e+00	1.004576e+00	8.567315e+00	7.508090e-01	2.460093e-01	2.094596e+00	7.949210e-01	1.045465e+00	7.665079e+01	1.426762e+02	2.556326e-01	6.624308e-02	3.245846e-12	
1  110.392	2.380236e+00	1.117525e-01	7.492729e-01	3.064976e+00	9.899501e-01	8.365240e-02	2.048176e-01	7.073429e-01	2.113479e+00	1.001706e+00	9.756323e+00	7.591143e-01	2.460239e-01	2.145865e+00	7.873499e-01	1.045003e+00	7.484980e+01	1.467126e+02	2.461818e-01	2.371199e-02	2.091509e-12	
4  109.534	2.394023e+00	1.137978e-01	7.529822e-01	3.066022e+00	9.922580e-01	8.146492e-02	2.929978e-01	7.192371e-01	3.092544e+00	1.004259e+00	9.566663e+00	7.568761e-01	2.460825e-01	2.147452e+00	7.930161e-01	1.045056e+00	7.534319e+01	1.455360e+02	2.489293e-01	3.365751e-02	3.134507e-12	
2  109.475	2.380827e+00	1.136059e-01	7.495358e-01	3.055315e+00	9.904107e-01	7.661752e-02	2.680310e-01	8.640699e-01	2.169182e+00	1.003377e+00	9.185191e+00	7.554055e-01	2.460282e-01	2.126323e+00	7.887698e-01	1.044885e+00	7.503439e+01	1.458446e+02	2.507474e-01	3.104270e-02	2.574486e-12	
9  109.08	2.366715e+00	1.163904e-01	7.581074e-01	3.029848e+00	9.904190e-01	7.001713e-02	4.505685e-01	9.523787e-01	2.286336e+00	9.997664e-01	8.719360e+00	7.551552e-01	2.459666e-01	2.073390e+00	7.832506e-01	1.044046e+00	7.600288e+01	1.443381e+02	2.502100e-01	5.344989e-02	2.286083e-12	
2  106.788	2.366715e+00	1.163904e-01	7.581074e-01	3.029848e+00	9.904190e-01	7.001713e-02	4.505685e-01	9.523787e-01	2.286336e+00	9.966848e-01	8.719360e+00	7.551552e-01	2.459666e-01	2.073390e+00	7.832506e-01	1.044046e+00	7.600288e+01	1.443381e+02	2.502100e-01	5.344989e-02	2.286083e-12	
1  105.452	2.303701e+00	1.188254e-01	7.352486e-01	3.016811e+00	9.875590e-01	6.099399e-02	3.822919e-01	5.940153e-01	2.743475e+00	9.962004e-01	8.087147e+00	7.347274e-01	2.456937e-01	2.049412e+00	7.911882e-01	1.044289e+00	7.388436e+01	1.446879e+02	2.703003e-01	4.519019e-02	2.395662e-12	
1  105.709	2.324649e+00	1.195069e-01	7.515555e-01	3.038904e+00	9.835762e-01	6.810879e-02	5.203040e-01	5.263181e-01	2.957313e+00	1.001787e+00	8.711985e+00	7.449920e-01	2.457867e-01	2.092495e+00	7.959973e-01	1.044538e+00	7.543913e+01	1.436483e+02	2.604465e-01	6.121720e-02	2.918236e-12	
2  104.648	2.354047e+00	1.235333e-01	7.378864e-01	3.067874e+00	9.742668e-01	7.984665e-02	5.232213e-01	3.395750e-01	3.496561e+00	9.990034e-01	9.742594e+00	7.242487e-01	2.459185e-01	2.148158e+00	8.166747e-01	1.044111e+00	7.389800e+01	1.422968e+02	2.811729e-01	5.996562e-02	4.641257e-12	
4  104.831	2.341884e+00	1.224822e-01	7.418200e-01	3.025937e+00	9.797830e-01	6.155555e-02	5.289881e-01	4.951863e-01	2.852419e+00	9.980383e-01	8.084425e+00	7.300738e-01	2.458648e-01	2.065083e+00	7.983115e-01	1.044114e+00	7.453496e+01	1.426109e+02	2.757384e-01	6.104880e-02	3.163906e-12	
11  104.741	2.341884e+00	1.224822e-01	7.418200e-01	3.025937e+00	9.797830e-01	6.155555e-02	5.289881e-01	4.951863e-01	2.852419e+00	9.973589e-01	8.084425e+00	7.300738e-01	2.458648e-01	2.065083e+00	7.983115e-01	1.044114e+00	7.453496e+01	1.426109e+02	2.757384e-01	6.104880e-02	3.163906e-12	
6  107.006	2.323737e+00	1.204410e-01	7.433598e-01	3.015579e+00	9.821312e-01	5.116394e-02	4.732278e-01	4.838570e-01	2.571095e+00	1.003195e+00	7.019172e+00	7.356080e-01	2.457791e-01	2.046470e+00	7.906638e-01	1.045378e+00	7.492525e+01	1.435459e+02	2.711217e-01	5.410843e-02	3.052092e-12	
1  107.849	2.333948e+00	1.180727e-01	7.366989e-01	3.013221e+00	9.876645e-01	4.860398e-02	3.215587e-01	6.016681e-01	3.694879e+00	1.003174e+00	6.650948e+00	7.352768e-01	2.458186e-01	2.042991e+00	7.879412e-01	1.046395e+00	7.434902e+01	1.447579e+02	2.719722e-01	3.518091e-02	3.131790e-12	
1  106.086	2.355312e+00	1.216847e-01	7.537287e-01	3.033680e+00	9.862060e-01	5.923786e-02	5.578316e-01	6.278043e-01	4.387595e+00	1.004612e+00	7.783935e+00	7.400633e-01	2.459207e-01	2.081961e+00	8.003705e-01	1.045967e+00	7.584178e+01	1.424930e+02	2.664132e-01	6.325899e-02	3.783815e-12	
2  107.32	2.390189e+00	1.260137e-01	7.826582e-01	3.034487e+00	9.873474e-01	6.154855e-02	9.071131e-01	8.501973e-01	4.068897e+00	1.006358e+00	8.014132e+00	7.493320e-01	2.460707e-01	2.080625e+00	8.029870e-01	1.046244e+00	7.851077e+01	1.394529e+02	2.559671e-01	1.006080e-01	3.440478e-12	
2  108.364	2.369331e+00	1.321502e-01	7.715682e-01	3.028847e+00	9.768501e-01	5.591874e-02	1.025283e+00	8.487302e-01	4.183245e+00	1.005164e+00	7.610591e+00	7.280206e-01	2.459895e-01	2.066468e+00	8.136500e-01	1.046314e+00	7.734606e+01	1.376725e+02	2.764440e-01	1.115538e-01	3.184532e-12	
6  109.126	2.415025e+00	1.300399e-01	7.853488e-01	3.050738e+00	9.842028e-01	6.560548e-02	1.030007e+00	9.274591e-01	4.268488e+00	1.008199e+00	8.394093e+00	7.414967e-01	2.461799e-01	2.111686e+00	8.168395e-01	1.046881e+00	7.856291e+01	1.376682e+02	2.635642e-01	1.115180e-01	3.920165e-12	
1  108.93	2.421375e+00	1.262734e-01	7.780031e-01	3.068624e+00	9.846978e-01	7.363572e-02	8.430937e-01	8.333479e-01	3.781423e+00	1.008201e+00	9.041658e+00	7.450550e-01	2.462048e-01	2.149106e+00	8.178719e-01	1.046746e+00	7.788847e+01	1.393531e+02	2.609727e-01	9.268958e-02	5.035783e-12	
1  109.078	2.421375e+00	1.262734e-01	7.780031e-01	3.068624e+00	9.846978e-01	7.363572e-02	8.430937e-01	8.333479e-01	3.781423e+00	1.008867e+00	9.041658e+00	7.450550e-01	2.462048e-01	2.149106e+00	8.178719e-01	1.046746e+00	7.788847e+01	1.393531e+02	2.609727e-01	9.268958e-02	5.035783e-12	
1  109.861	2.413127e+00	1.281904e-01	7.717917e-01	3.054635e+00	9.834677e-01	6.563753e-02	8.479908e-01	5.457092e-01	3.394077e+00	1.007740e+00	8.358517e+00	7.362971e-01	2.461729e-01	2.120627e+00	8.183495e-01	1.047140e+00	7.735217e+01	1.389073e+02	2.697159e-01	9.246153e-02	4.778765e-12	
3  107.361	2.398234e+00	1.279480e-01	7.644884e-01	3.045833e+00	9.831635e-01	6.366688e-02	8.160592e-01	3.408089e-01	3.135550e+00	1.005505e+00	8.212494e+00	7.320596e-01	2.461090e-01	2.102885e+00	8.148298e-01	1.046100e+00	7.666142e+01	1.392732e+02	2.735260e-01	8.964512e-02	4.362249e-12	
2  107.058	2.401894e+00	1.284228e-01	7.674697e-01	3.067810e+00	9.822360e-01	7.626104e-02	8.571300e-01	5.136837e-01	3.151879e+00	1.004788e+00	9.393028e+00	7.333903e-01	2.461227e-01	2.146217e+00	8.236828e-01	1.045945e+00	7.675380e+01	1.389847e+02	2.712021e-01	9.456845e-02	4.875886e-12	
1  107.588	2.417368e+00	1.265469e-01	7.786961e-01	3.069025e+00	9.875889e-01	7.703355e-02	8.743756e-01	4.760971e-01	2.150008e+00	1.006980e+00	9.381716e+00	7.452403e-01	2.461841e-01	2.149559e+00	8.187667e-01	1.046358e+00	7.786328e+01	1.392084e+02	2.596005e-01	9.631198e-02	4.800467e-12	
3  107.426	2.419795e+00	1.255958e-01	7.775564e-01	3.052438e+00	9.934227e-01	6.995347e-02	8.453287e-01	5.544779e-01	2.492186e+00	1.006557e+00	8.716320e+00	7.461645e-01	2.461936e-01	2.117078e+00	8.112131e-01	1.045966e+00	7.780105e+01	1.395037e+02	2.586392e-01	9.308787e-02	4.186606e-12	
2  108.594	2.408767e+00	1.267202e-01	7.747430e-01	3.071592e+00	9.970327e-01	7.751094e-02	8.635208e-01	6.917002e-01	2.668591e+00	1.008762e+00	9.454725e+00	7.420645e-01	2.461463e-01	2.156284e+00	8.241308e-01	1.046426e+00	7.732601e+01	1.392381e+02	2.611099e-01	9.487469e-02	4.865934e-12	
2  108.085	2.402891e+00	1.224776e-01	7.764208e-01	3.064183e+00	9.921336e-01	7.215266e-02	7.589442e-01	4.846171e-01	2.987612e+00	1.011519e+00	8.888927e+00	7.533014e-01	2.461225e-01	2.142326e+00	8.083298e-01	1.045636e+00	7.785067e+01	1.408644e+02	2.526167e-01	8.504795e-02	4.663507e-12	
4  106.472	2.403538e+00	1.207412e-01	7.687355e-01	3.077723e+00	9.912324e-01	8.424139e-02	6.625372e-01	7.602159e-02	2.280548e+00	1.006277e+00	9.922445e+00	7.520327e-01	2.461209e-01	2.168904e+00	8.098538e-01	1.044602e+00	7.692606e+01	1.418175e+02	2.529373e-01	7.504936e-02	4.769793e-12	
3  105.564	2.389901e+00	1.190027e-01	7.551374e-01	3.052049e+00	9.893675e-01	7.349234e-02	4.925043e-01	6.589270e-02	2.307529e+00	1.001526e+00	8.985515e+00	7.467943e-01	2.460660e-01	2.117780e+00	7.990571e-01	1.044600e+00	7.572434e+01	1.431929e+02	2.591400e-01	5.633370e-02	3.894112e-12	
2  105.667	2.387980e+00	1.195728e-01	7.462244e-01	3.093210e+00	9.860563e-01	9.206817e-02	4.483647e-01	2.827666e-01	2.246672e+00	1.002154e+00	1.060301e+01	7.391283e-01	2.460577e-01	2.201441e+00	8.180020e-01	1.044432e+00	7.459229e+01	1.433204e+02	2.657917e-01	5.065831e-02	5.213818e-12	
1  104.16	2.344593e+00	1.209105e-01	7.368916e-01	3.060788e+00	9.845123e-01	7.428002e-02	4.366295e-01	1.958226e-01	2.624289e+00	1.002520e+00	9.217174e+00	7.302189e-01	2.458747e-01	2.136400e+00	8.116571e-01	1.044521e+00	7.389777e+01	1.434499e+02	2.753190e-01	4.975943e-02	4.413808e-12	
1  105.253	2.285036e+00	1.164802e-01	6.988797e-01	3.085859e+00	9.853383e-01	8.194329e-02	3.139723e-02	1.918147e-01	3.028253e+00	1.003626e+00	9.939570e+00	7.120056e-01	2.456093e-01	2.193281e+00	8.220163e-01	1.044602e+00	6.990929e+01	1.473456e+02	2.942979e-01	-8.716434e-04	4.180980e-12	
2  104.904	2.266869e+00	1.188985e-01	6.865814e-01	3.088029e+00	9.757440e-01	8.338260e-02	2.075306e-02	2.551590e-01	3.820853e+00	1.000208e+00	1.016746e+01	6.945646e-01	2.455312e-01	2.196592e+00	8.287025e-01	1.044063e+00	6.863760e+01	1.469468e+02	3.120137e-01	-2.085015e-03	4.458595e-12	
1  104.904	2.274451e+00	1.209675e-01	7.039527e-01	3.090295e+00	9.793902e-01	8.585169e-02	2.214405e-01	8.287468e-02	3.745488e+00	1.002101e+00	1.043328e+01	7.049534e-01	2.455647e-01	2.198945e+00	8.317288e-01	1.044234e+00	7.043668e+01	1.452846e+02	3.005360e-01	2.363640e-02	5.146164e-12	
2  104.728	2.280316e+00	1.186920e-01	6.982191e-01	3.083581e+00	9.801208e-01	8.112077e-02	1.041843e-01	2.828799e-01	3.410015e+00	1.002562e+00	9.933161e+00	7.056234e-01	2.455908e-01	2.187157e+00	8.247082e-01	1.044118e+00	6.987518e+01	1.464155e+02	3.006653e-01	8.735880e-03	4.490205e-12	
3  104.259	2.278494e+00	1.207348e-01	7.129879e-01	3.063012e+00	9.805628e-01	7.417112e-02	2.847376e-01	4.682947e-01	3.205437e+00	1.001707e+00	9.390812e+00	7.132809e-01	2.455844e-01	2.143202e+00	8.182494e-01	1.044169e+00	7.148556e+01	1.449703e+02	2.922564e-01	3.207347e-02	4.108716e-12	
6  104.344	2.275544e+00	1.201975e-01	6.978155e-01	3.060337e+00	9.762025e-01	7.128593e-02	1.350413e-01	7.185841e-01	2.777234e+00	9.993843e-01	9.104708e+00	7.012504e-01	2.455735e-01	2.139021e+00	8.185893e-01	1.044266e+00	6.997066e+01	1.458767e+02	3.053107e-01	1.316114e-02	3.903212e-12	
4  105.149	2.275544e+00	1.201975e-01	6.978155e-01	3.060337e+00	9.762025e-01	7.128593e-02	1.350413e-01	7.185841e-01	2.777234e+00	1.001156e+00	9.104708e+00	7.012504e-01	2.455735e-01	2.139021e+00	8.185893e-01	1.044266e+00	6.997066e+01	1.458767e+02	3.053107e-01	1.316114e-02	3.903212e-12	
3  108.562	2.232997e+00	1.228334e-01	6.738671e-01	3.048573e+00	9.739892e-01	6.661799e-02	4.125973e-02	5.061549e-01	2.896825e+00	9.958282e-01	8.838326e+00	6.717747e-01	2.453825e-01	2.115156e+00	8.256862e-01	1.044050e+00	6.769481e+01	1.460851e+02	3.342951e-01	7.841438e-04	4.007511e-12	
4  109.749	2.257071e+00	1.245474e-01	6.827585e-01	3.022482e+00	9.712858e-01	5.473458e-02	1.386499e-01	5.309760e-01	3.263313e+00	9.939265e-01	7.629686e+00	6.748157e-01	2.454927e-01	2.061450e+00	8.158469e-01	1.044506e+00	6.878383e+01	1.448347e+02	3.313431e-01	1.310122e-02	3.485360e-12	
2  110.123	2.285761e+00	1.234692e-01	6.915653e-01	3.023781e+00	9.740251e-01	5.001253e-02	1.461168e-01	3.636132e-01	3.403788e+00	9.994031e-01	7.003676e+00	6.848217e-01	2.456160e-01	2.064921e+00	8.129147e-01	1.045705e+00	6.981533e+01	1.447206e+02	3.224588e-01	1.264070e-02	3.978270e-12	
