3  106.172	2.370538e+00	1.199791e-01	7.533791e-01	3.063294e+00	9.893899e-01	7.372583e-02	5.309874e-01	7.338423e-01	3.914194e+00	1.007060e+00	9.069386e+00	7.439654e-01	2.459859e-01	2.141743e+00	8.068087e-01	1.044576e+00	7.556020e+01	1.429436e+02	2.619467e-01	6.052481e-02	4.340101e-12	
1  106.191	2.316849e+00	1.259165e-01	7.510609e-01	3.047918e+00	9.864870e-01	6.721080e-02	7.378336e-01	6.440553e-01	4.663846e+00	1.006333e+00	8.762288e+00	7.297584e-01	2.457561e-01	2.109264e+00	8.157232e-01	1.044634e+00	7.535124e+01	1.410291e+02	2.740359e-01	8.405157e-02	4.009600e-12	
1  107.107	2.293830e+00	1.262052e-01	7.415718e-01	3.029608e+00	9.870297e-01	6.106168e-02	6.970651e-01	8.848164e-01	4.708817e+00	1.002916e+00	8.248512e+00	7.220792e-01	2.456558e-01	2.072944e+00	8.112272e-01	1.044057e+00	7.445673e+01	1.413905e+02	2.811393e-01	7.964239e-02	3.297709e-12	
1  105.771	2.308055e+00	1.260452e-01	7.460710e-01	3.043525e+00	9.894677e-01	7.012691e-02	7.129791e-01	7.436307e-01	4.459381e+00	1.001522e+00	9.084579e+00	7.257358e-01	2.457169e-01	2.099915e+00	8.163263e-01	1.044223e+00	7.473238e+01	1.412170e+02	2.767625e-01	8.157869e-02	3.601982e-12	
5  105.402	2.281231e+00	1.266497e-01	7.272330e-01	3.054567e+00	9.818522e-01	7.642284e-02	5.930587e-01	5.853049e-01	4.241716e+00	9.973193e-01	9.753292e+00	7.100713e-01	2.456003e-01	2.121010e+00	8.248221e-01	1.043823e+00	7.281606e+01	1.419320e+02	2.926024e-01	6.862087e-02	4.105391e-12	
1  105.513	2.271104e+00	1.265305e-01	7.203839e-01	3.034651e+00	9.704364e-01	6.052925e-02	5.211586e-01	7.024900e-01	3.631594e+00	9.995679e-01	8.250013e+00	7.049519e-01	2.455581e-01	2.082700e+00	8.153316e-01	1.044231e+00	7.243087e+01	1.423950e+02	3.005518e-01	6.035300e-02	3.688636e-12	
1  106.81	2.286609e+00	1.298634e-01	7.400849e-01	3.033300e+00	9.743609e-01	6.062812e-02	7.880031e-01	5.707573e-01	3.274537e+00	1.002234e+00	8.304420e+00	7.126900e-01	2.456283e-01	2.077573e+00	8.176748e-01	1.044335e+00	7.431947e+01	1.401740e+02	2.911350e-01	8.983928e-02	3.523671e-12	
1  105.278	2.321633e+00	1.270626e-01	7.437894e-01	3.050887e+00	9.826209e-01	6.724967e-02	6.953383e-01	3.790213e-01	3.440612e+00	1.004692e+00	8.772558e+00	7.212439e-01	2.457788e-01	2.114680e+00	8.206442e-01	1.045005e+00	7.463168e+01	1.408758e+02	2.829316e-01	7.882969e-02	4.417735e-12	
2  105.66	2.372899e+00	1.242357e-01	7.463561e-01	3.065867e+00	9.800263e-01	7.674528e-02	5.729582e-01	4.423811e-01	4.830266e+00	1.000874e+00	9.418715e+00	7.282178e-01	2.459995e-01	2.144087e+00	8.185800e-01	1.045353e+00	7.477574e+01	1.416438e+02	2.771631e-01	6.466653e-02	4.980204e-12	
14  105.893	2.374406e+00	1.250460e-01	7.470840e-01	3.080991e+00	9.773904e-01	8.618837e-02	6.122014e-01	8.425439e-03	4.620893e+00	9.992860e-01	1.026633e+01	7.268586e-01	2.460036e-01	2.173791e+00	8.249142e-01	1.045004e+00	7.473388e+01	1.412737e+02	2.778530e-01	6.944304e-02	5.426211e-12	
3  106.08	2.374406e+00	1.250460e-01	7.470840e-01	3.080991e+00	9.773904e-01	8.618837e-02	6.122014e-01	8.425439e-03	4.620893e+00	1.000205e+00	1.026633e+01	7.268586e-01	2.460036e-01	2.173791e+00	8.249142e-01	1.045004e+00	7.473388e+01	1.412737e+02	2.778530e-01	6.944304e-02	5.426211e-12	
7  105.366	2.321357e+00	1.261834e-01	7.230365e-01	3.041503e+00	9.768268e-01	6.251835e-02	4.977915e-01	1.263044e-01	4.780756e+00	1.000852e+00	8.268404e+00	7.058753e-01	2.457794e-01	2.096022e+00	8.174989e-01	1.044438e+00	7.267569e+01	1.420030e+02	2.996163e-01	5.608770e-02	4.446048e-12	
3  105.145	2.321357e+00	1.261834e-01	7.230365e-01	3.041503e+00	9.768268e-01	6.251835e-02	4.977915e-01	1.263044e-01	4.780756e+00	9.999391e-01	8.268404e+00	7.058753e-01	2.457794e-01	2.096022e+00	8.174989e-01	1.044438e+00	7.267569e+01	1.420030e+02	2.996163e-01	5.608770e-02	4.446048e-12	
1  104.371	2.301289e+00	1.267200e-01	7.249434e-01	3.051549e+00	9.751784e-01	7.167327e-02	5.532042e-01	3.215931e-01	3.636332e+00	9.976807e-01	9.238993e+00	7.073590e-01	2.456909e-01	2.114874e+00	8.219420e-01	1.043975e+00	7.269915e+01	1.418820e+02	2.969140e-01	6.364938e-02	4.351033e-12	
1  104.568	2.325481e+00	1.224778e-01	7.221481e-01	3.070271e+00	9.720072e-01	7.836984e-02	3.943277e-01	2.864216e-01	4.627119e+00	9.997747e-01	9.650895e+00	7.149563e-01	2.457954e-01	2.154849e+00	8.181875e-01	1.043555e+00	7.233772e+01	1.434883e+02	2.910383e-01	4.513793e-02	4.592608e-12	
5  105.953	2.308294e+00	1.220879e-01	7.084935e-01	3.034625e+00	9.682112e-01	5.881076e-02	2.645948e-01	4.396096e-02	4.964770e+00	9.978513e-01	7.833796e+00	7.045388e-01	2.457196e-01	2.084959e+00	8.058864e-01	1.043961e+00	7.126170e+01	1.443391e+02	3.032905e-01	2.939618e-02	3.421817e-12	
20  106.458	2.308294e+00	1.220879e-01	7.084935e-01	3.034625e+00	9.682112e-01	5.881076e-02	2.645948e-01	4.396096e-02	4.964770e+00	9.959755e-01	7.833796e+00	7.045388e-01	2.457196e-01	2.084959e+00	8.058864e-01	1.043961e+00	7.126170e+01	1.443391e+02	3.032905e-01	2.939618e-02	3.421817e-12	
2  106.061	2.308294e+00	1.220879e-01	7.084935e-01	3.034625e+00	9.682112e-01	5.881076e-02	2.645948e-01	4.396096e-02	4.964770e+00	9.984421e-01	7.833796e+00	7.045388e-01	2.457196e-01	2.084959e+00	8.058864e-01	1.043961e+00	7.126170e+01	1.443391e+02	3.032905e-01	2.939618e-02	3.421817e-12	
16  105.697	2.342663e+00	1.234897e-01	7.236805e-01	3.039204e+00	9.753351e-01	6.995497e-02	4.251048e-01	3.766780e-01	4.740229e+00	9.929930e-01	8.877734e+00	7.128650e-01	2.458710e-01	2.090162e+00	8.081933e-01	1.043249e+00	7.256792e+01	1.428658e+02	2.923193e-01	4.879265e-02	3.738792e-12	
7  106.924	2.278481e+00	1.221581e-01	6.902831e-01	3.041278e+00	9.701234e-01	7.042633e-02	1.670364e-01	1.404139e-01	3.142263e+00	9.898784e-01	9.066568e+00	6.887981e-01	2.455888e-01	2.096754e+00	8.125197e-01	1.042403e+00	6.918729e+01	1.451774e+02	3.165839e-01	1.832318e-02	3.439904e-12	
3  107.192	2.265955e+00	1.264089e-01	6.974426e-01	3.046019e+00	9.627050e-01	7.214838e-02	3.608292e-01	1.585320e-01	3.292826e+00	9.906255e-01	9.365088e+00	6.848007e-01	2.455357e-01	2.103302e+00	8.204227e-01	1.042503e+00	6.990679e+01	1.432936e+02	3.202614e-01	4.227181e-02	3.938862e-12	
7  107.399	2.287450e+00	1.277157e-01	7.193571e-01	3.064690e+00	9.607926e-01	8.174721e-02	5.637927e-01	4.137891e-01	4.391154e+00	9.935966e-01	1.021678e+01	7.009457e-01	2.456308e-01	2.139259e+00	8.251897e-01	1.043025e+00	7.200635e+01	1.418130e+02	3.037690e-01	6.617096e-02	4.391701e-12	
1  107.299	2.329168e+00	1.272574e-01	7.284216e-01	3.027890e+00	9.633472e-01	6.385841e-02	5.773727e-01	4.808483e-01	4.749341e+00	9.921923e-01	8.414792e+00	7.082531e-01	2.458168e-01	2.065610e+00	8.079735e-01	1.043528e+00	7.310738e+01	1.413656e+02	2.975187e-01	6.659386e-02	3.314987e-12	
2  108.736	2.300514e+00	1.287911e-01	7.100422e-01	3.021644e+00	9.586998e-01	5.771744e-02	4.883573e-01	1.091559e-01	2.816116e+00	9.912892e-01	7.909978e+00	6.890301e-01	2.456920e-01	2.053445e+00	8.118933e-01	1.043453e+00	7.137034e+01	1.416752e+02	3.171257e-01	5.615270e-02	3.467258e-12	
2  110.051	2.327335e+00	1.283936e-01	7.159537e-01	3.021669e+00	9.582540e-01	5.773401e-02	4.916175e-01	1.510601e-01	2.413081e+00	9.907366e-01	7.823922e+00	6.944848e-01	2.458104e-01	2.053212e+00	8.098150e-01	1.043969e+00	7.195204e+01	1.414666e+02	3.122689e-01	5.590329e-02	3.521684e-12	
1  110.194	2.327335e+00	1.283936e-01	7.159537e-01	3.021669e+00	9.582540e-01	5.773401e-02	4.916175e-01	1.510601e-01	2.413081e+00	9.911075e-01	7.823922e+00	6.944848e-01	2.458104e-01	2.053212e+00	8.098150e-01	1.043969e+00	7.195204e+01	1.414666e+02	3.122689e-01	5.590329e-02	3.521684e-12	
1  107.329	2.278177e+00	1.262560e-01	6.988627e-01	3.024511e+00	9.642281e-01	5.979303e-02	3.339478e-01	2.049701e-01	2.664574e+00	9.911016e-01	8.137474e+00	6.859518e-01	2.455906e-01	2.061638e+00	8.126100e-01	1.043377e+00	7.023586e+01	1.432753e+02	3.198789e-01	3.838538e-02	3.396722e-12	
1  106.326	2.314273e+00	1.248581e-01	7.158813e-01	3.045189e+00	9.688946e-01	7.180796e-02	3.947752e-01	2.286503e-01	2.578000e+00	9.921188e-01	9.168609e+00	7.038556e-01	2.457487e-01	2.101991e+00	8.157145e-01	1.044066e+00	7.176763e+01	1.429879e+02	3.013708e-01	4.549646e-02	4.006374e-12	
5  106.492	2.317731e+00	1.249992e-01	7.229853e-01	3.039668e+00	9.690421e-01	6.818629e-02	4.437847e-01	2.870999e-01	2.326329e+00	9.936783e-01	8.829535e+00	7.095956e-01	2.457639e-01	2.091177e+00	8.127710e-01	1.044542e+00	7.253238e+01	1.426752e+02	2.959841e-01	5.121738e-02	3.796576e-12	
2  106.6	2.311047e+00	1.226736e-01	7.102192e-01	3.046413e+00	9.710900e-01	7.171624e-02	2.748398e-01	8.102271e-02	3.788483e+00	9.922548e-01	9.110268e+00	7.043889e-01	2.457330e-01	2.106119e+00	8.138328e-01	1.044381e+00	7.119994e+01	1.441554e+02	3.012021e-01	3.116751e-02	3.909535e-12	
1  106.45	2.311047e+00	1.226736e-01	7.102192e-01	3.046413e+00	9.710900e-01	7.171624e-02	2.748398e-01	8.102271e-02	3.788483e+00	9.905482e-01	9.110268e+00	7.043889e-01	2.457330e-01	2.106119e+00	8.138328e-01	1.044381e+00	7.119994e+01	1.441554e+02	3.012021e-01	3.116751e-02	3.909535e-12	
2  106.076	2.377022e+00	1.235661e-01	7.486952e-01	3.064513e+00	9.830100e-01	8.488130e-02	5.805031e-01	1.596077e-01	4.188266e+00	9.932333e-01	1.013741e+01	7.313280e-01	2.460111e-01	2.139885e+00	8.159070e-01	1.044696e+00	7.486561e+01	1.417743e+02	2.723738e-01	6.645404e-02	4.498994e-12	
7  105.867	2.354995e+00	1.250178e-01	7.359456e-01	3.051034e+00	9.720709e-01	7.249797e-02	5.308885e-01	1.618063e-01	4.468055e+00	9.948865e-01	9.105904e+00	7.187901e-01	2.459248e-01	2.113262e+00	8.141567e-01	1.044629e+00	7.378483e+01	1.418559e+02	2.868764e-01	6.062251e-02	4.333295e-12	
10  106.641	2.354995e+00	1.250178e-01	7.359456e-01	3.051034e+00	9.720709e-01	7.249797e-02	5.308885e-01	1.618063e-01	4.468055e+00	9.933313e-01	9.105904e+00	7.187901e-01	2.459248e-01	2.113262e+00	8.141567e-01	1.044629e+00	7.378483e+01	1.418559e+02	2.868764e-01	6.062251e-02	4.333295e-12	
2  105.922	2.354995e+00	1.250178e-01	7.359456e-01	3.051034e+00	9.720709e-01	7.249797e-02	5.308885e-01	1.618063e-01	4.468055e+00	9.962426e-01	9.105904e+00	7.187901e-01	2.459248e-01	2.113262e+00	8.141567e-01	1.044629e+00	7.378483e+01	1.418559e+02	2.868764e-01	6.062251e-02	4.333295e-12	
1  107.599	2.330043e+00	1.281935e-01	7.194572e-01	3.053541e+00	9.659781e-01	7.710522e-02	5.332047e-01	7.867180e-02	3.267959e+00	9.903890e-01	9.675595e+00	6.978570e-01	2.458188e-01	2.115834e+00	8.232359e-01	1.043494e+00	7.205611e+01	1.413407e+02	3.065529e-01	6.119172e-02	4.512619e-12	
6  105.713	2.311750e+00	1.256594e-01	7.329500e-01	3.047770e+00	9.737802e-01	7.313017e-02	5.528171e-01	2.378865e-01	4.078895e+00	9.954817e-01	9.329241e+00	7.162808e-01	2.457354e-01	2.106798e+00	8.169068e-01	1.044755e+00	7.346734e+01	1.420691e+02	2.881013e-01	6.410486e-02	4.005335e-12	
1  106.969	2.343023e+00	1.294537e-01	7.549701e-01	3.037609e+00	9.811638e-01	6.559085e-02	8.166662e-01	5.668397e-01	4.549588e+00	1.000111e+00	8.617205e+00	7.231247e-01	2.458734e-01	2.085645e+00	8.183528e-01	1.045902e+00	7.562900e+01	1.395342e+02	2.802180e-01	9.160209e-02	3.573800e-12	
1  106.762	2.343023e+00	1.294537e-01	7.549701e-01	3.037609e+00	9.811638e-01	6.559085e-02	8.166662e-01	5.668397e-01	4.549588e+00	9.985334e-01	8.617205e+00	7.231247e-01	2.458734e-01	2.085645e+00	8.183528e-01	1.045902e+00	7.562900e+01	1.395342e+02	2.802180e-01	9.160209e-02	3.573800e-12	
2  107.759	2.304081e+00	1.267611e-01	7.195358e-01	3.047739e+00	9.695653e-01	6.652773e-02	4.584217e-01	3.557636e-01	4.697988e+00	9.959882e-01	8.725113e+00	7.021675e-01	2.457059e-01	2.107904e+00	8.225651e-01	1.045484e+00	7.226931e+01	1.422701e+02	3.035953e-01	5.217004e-02	4.541898e-12	
1  107.534	2.295628e+00	1.264958e-01	7.069451e-01	3.080811e+00	9.777646e-01	8.000436e-02	3.817645e-01	4.707699e-02	3.765972e+00	9.990780e-01	9.977262e+00	6.918064e-01	2.456653e-01	2.175778e+00	8.397883e-01	1.044844e+00	7.085988e+01	1.427585e+02	3.127291e-01	4.220239e-02	6.143371e-12	
4  106.249	2.291794e+00	1.284376e-01	7.253565e-01	3.067152e+00	9.785052e-01	7.663376e-02	6.023981e-01	2.679704e-01	4.265000e+00	9.995701e-01	9.757785e+00	7.035543e-01	2.456487e-01	2.146298e+00	8.342540e-01	1.044784e+00	7.266667e+01	1.412940e+02	2.997987e-01	6.878392e-02	5.101751e-12	
2  106.838	2.322127e+00	1.267061e-01	7.384573e-01	3.087112e+00	9.797047e-01	8.895636e-02	6.213085e-01	3.656455e-01	3.471902e+00	9.989951e-01	1.073575e+01	7.182040e-01	2.457782e-01	2.186912e+00	8.361011e-01	1.045426e+00	7.384924e+01	1.413505e+02	2.851887e-01	7.106243e-02	5.492713e-12	
4  106.809	2.322127e+00	1.267061e-01	7.384573e-01	3.087112e+00	9.797047e-01	8.895636e-02	6.213085e-01	3.656455e-01	3.471902e+00	9.991682e-01	1.073575e+01	7.182040e-01	2.457782e-01	2.186912e+00	8.361011e-01	1.045426e+00	7.384924e+01	1.413505e+02	2.851887e-01	7.106243e-02	5.492713e-12	
2  105.392	2.333645e+00	1.246117e-01	7.430868e-01	3.072810e+00	9.778169e-01	8.240054e-02	5.874535e-01	4.933287e-01	3.477642e+00	9.991181e-01	1.007246e+01	7.264017e-01	2.458287e-01	2.158133e+00	8.232348e-01	1.045208e+00	7.438478e+01	1.419371e+02	2.780094e-01	6.748051e-02	4.823774e-12	
3  104.921	2.351133e+00	1.239086e-01	7.410682e-01	3.065160e+00	9.781614e-01	7.871212e-02	5.408397e-01	5.661249e-01	4.716637e+00	9.980171e-01	9.661118e+00	7.256829e-01	2.459056e-01	2.142644e+00	8.183925e-01	1.044954e+00	7.421790e+01	1.421350e+02	2.792313e-01	6.177286e-02	4.678632e-12	
1  106.408	2.395307e+00	1.208847e-01	7.493869e-01	3.042374e+00	9.875200e-01	7.007894e-02	4.862485e-01	6.835372e-01	4.702923e+00	9.965335e-01	8.695779e+00	7.376440e-01	2.460919e-01	2.097378e+00	8.015563e-01	1.044883e+00	7.515026e+01	1.426506e+02	2.681488e-01	5.496748e-02	3.873828e-12	
12  106.44	2.395307e+00	1.208847e-01	7.493869e-01	3.042374e+00	9.875200e-01	7.007894e-02	4.862485e-01	6.835372e-01	4.702923e+00	9.963790e-01	8.695779e+00	7.376440e-01	2.460919e-01	2.097378e+00	8.015563e-01	1.044883e+00	7.515026e+01	1.426506e+02	2.681488e-01	5.496748e-02	3.873828e-12	
1  105.063	2.367703e+00	1.245353e-01	7.515028e-01	3.049120e+00	9.825437e-01	6.988158e-02	6.307351e-01	5.634369e-01	4.604765e+00	9.998988e-01	8.828959e+00	7.315791e-01	2.459770e-01	2.110417e+00	8.119786e-01	1.045295e+00	7.536371e+01	1.413396e+02	2.736283e-01	7.135603e-02	4.252449e-12	
2  104.942	2.373874e+00	1.232031e-01	7.559063e-01	3.045509e+00	9.826769e-01	7.365147e-02	6.301200e-01	8.887226e-01	3.812568e+00	9.960067e-01	9.150082e+00	7.378338e-01	2.460013e-01	2.102412e+00	8.055733e-01	1.044685e+00	7.570997e+01	1.416546e+02	2.669286e-01	7.205746e-02	3.645956e-12	
5  104.168	2.322745e+00	1.231704e-01	7.319569e-01	3.057344e+00	9.739918e-01	7.464122e-02	4.749443e-01	8.621535e-01	4.138779e+00	9.975230e-01	9.363107e+00	7.213641e-01	2.457843e-01	2.127862e+00	8.143231e-01	1.044322e+00	7.335139e+01	1.429527e+02	2.840838e-01	5.482441e-02	4.071222e-12	
3  105.869	2.322745e+00	1.231704e-01	7.319569e-01	3.057344e+00	9.739918e-01	7.464122e-02	4.749443e-01	8.621535e-01	4.138779e+00	1.001285e+00	9.363107e+00	7.213641e-01	2.457843e-01	2.127862e+00	8.143231e-01	1.044322e+00	7.335139e+01	1.429527e+02	2.840838e-01	5.482441e-02	4.071222e-12	
4  105.955	2.321087e+00	1.220773e-01	7.278077e-01	3.080356e+00	9.752533e-01	8.704824e-02	4.149228e-01	6.076822e-01	3.362909e+00	1.000641e+00	1.044901e+01	7.207726e-01	2.457737e-01	2.174923e+00	8.220983e-01	1.044163e+00	7.278295e+01	1.435615e+02	2.840148e-01	4.791416e-02	4.624178e-12	
3  105.717	2.297199e+00	1.230424e-01	7.169500e-01	3.074293e+00	9.726089e-01	7.909964e-02	3.719347e-01	5.385024e-01	3.600028e+00	1.003418e+00	9.824810e+00	7.101640e-01	2.456709e-01	2.163756e+00	8.243686e-01	1.044173e+00	7.181544e+01	1.437528e+02	2.955965e-01	4.247308e-02	4.765991e-12	
4  104.664	2.297199e+00	1.230424e-01	7.169500e-01	3.074293e+00	9.726089e-01	7.909964e-02	3.719347e-01	5.385024e-01	3.600028e+00	1.002157e+00	9.824810e+00	7.101640e-01	2.456709e-01	2.163756e+00	8.243686e-01	1.044173e+00	7.181544e+01	1.437528e+02	2.955965e-01	4.247308e-02	4.765991e-12	
1  105.316	2.263323e+00	1.197922e-01	6.944133e-01	3.074196e+00	9.744597e-01	7.424409e-02	9.810210e-02	5.270327e-01	3.672379e+00	1.004065e+00	9.384915e+00	6.997910e-01	2.455161e-01	2.168913e+00	8.243065e-01	1.044687e+00	6.958881e+01	1.463265e+02	3.074710e-01	8.046851e-03	4.166379e-12	
2  105.739	2.253733e+00	1.200984e-01	7.031627e-01	3.049464e+00	9.741642e-01	6.478114e-02	1.937222e-01	3.491358e-01	3.252984e+00	1.003417e+00	8.558846e+00	7.072994e-01	2.454717e-01	2.118512e+00	8.124614e-01	1.044330e+00	7.062466e+01	1.458573e+02	2.998351e-01	2.121706e-02	3.179955e-12	
4  106.259	2.269386e+00	1.243261e-01	7.166856e-01	3.056532e+00	9.765245e-01	6.906159e-02	4.467317e-01	4.791628e-01	3.854584e+00	1.004984e+00	9.020298e+00	7.076641e-01	2.455466e-01	2.128583e+00	8.212031e-01	1.043698e+00	7.196875e+01	1.433308e+02	2.977510e-01	5.150168e-02	4.355744e-12	
9  104.285	2.284714e+00	1.215920e-01	7.147508e-01	3.055355e+00	9.773178e-01	7.320514e-02	3.225177e-01	4.049606e-01	3.347332e+00	9.997519e-01	9.309925e+00	7.123024e-01	2.456136e-01	2.126151e+00	8.153168e-01	1.043913e+00	7.165923e+01	1.444979e+02	2.930093e-01	3.708155e-02	3.878411e-12	
2  103.79	2.284714e+00	1.215920e-01	7.147508e-01	3.055355e+00	9.773178e-01	7.320514e-02	3.225177e-01	4.049606e-01	3.347332e+00	9.978780e-01	9.309925e+00	7.123024e-01	2.456136e-01	2.126151e+00	8.153168e-01	1.043913e+00	7.165923e+01	1.444979e+02	2.930093e-01	3.708155e-02	3.878411e-12	
2  104.647	2.296274e+00	1.231294e-01	7.239642e-01	3.045458e+00	9.839905e-01	7.098549e-02	4.209280e-01	8.532862e-01	3.490949e+00	9.963932e-01	9.125374e+00	7.154171e-01	2.456663e-01	2.105008e+00	8.156687e-01	1.044558e+00	7.258688e+01	1.434676e+02	2.886232e-01	4.837286e-02	3.873245e-12	
1  104.301	2.293343e+00	1.202323e-01	7.222233e-01	3.055689e+00	9.875101e-01	7.692336e-02	3.383047e-01	6.905200e-01	2.324569e+00	9.972832e-01	9.613748e+00	7.214946e-01	2.456498e-01	2.126582e+00	8.133408e-01	1.043953e+00	7.232685e+01	1.446795e+02	2.825392e-01	3.891823e-02	3.785397e-12	
2  104.989	2.282376e+00	1.224285e-01	7.159707e-01	3.066707e+00	9.761459e-01	7.969192e-02	3.375938e-01	4.042056e-01	2.711229e+00	9.965272e-01	9.931135e+00	7.112017e-01	2.456032e-01	2.148042e+00	8.225652e-01	1.044689e+00	7.168812e+01	1.442488e+02	2.936158e-01	3.878577e-02	4.335185e-12	
1  107.693	2.283657e+00	1.182895e-01	7.018138e-01	3.114219e+00	9.802332e-01	1.040498e-01	9.066677e-02	4.597264e-01	2.233708e+00	9.951004e-01	1.191838e+01	7.097758e-01	2.456056e-01	2.249545e+00	8.366652e-01	1.044980e+00	6.999727e+01	1.466007e+02	2.949703e-01	7.428005e-03	4.607560e-12	
1  106.535	2.280653e+00	1.245006e-01	7.018326e-01	3.094077e+00	9.744615e-01	9.224454e-02	3.007850e-01	6.542659e-01	2.982566e+00	9.950542e-01	1.108148e+01	6.933045e-01	2.455980e-01	2.203157e+00	8.403378e-01	1.044070e+00	7.017783e+01	1.438858e+02	3.111770e-01	3.363772e-02	5.607678e-12	
1  105.33	2.300427e+00	1.274277e-01	7.254680e-01	3.079347e+00	9.756264e-01	8.742068e-02	5.898441e-01	8.756342e-01	3.588003e+00	9.965493e-01	1.068823e+01	7.062294e-01	2.456863e-01	2.170082e+00	8.343512e-01	1.043670e+00	7.253162e+01	1.415635e+02	2.970126e-01	6.794984e-02	4.997907e-12	
5  105.491	2.300427e+00	1.274277e-01	7.254680e-01	3.079347e+00	9.756264e-01	8.742068e-02	5.898441e-01	8.756342e-01	3.588003e+00	9.973634e-01	1.068823e+01	7.062294e-01	2.456863e-01	2.170082e+00	8.343512e-01	1.043670e+00	7.253162e+01	1.415635e+02	2.970126e-01	6.794984e-02	4.997907e-12	
1  104.907	2.322535e+00	1.273675e-01	7.393173e-01	3.066425e+00	9.732143e-01	7.911865e-02	6.874251e-01	8.515847e-01	2.776917e+00	1.000377e+00	9.878836e+00	7.172307e-01	2.457842e-01	2.143488e+00	8.242701e-01	1.043775e+00	7.399842e+01	1.409098e+02	2.869748e-01	7.867295e-02	4.547482e-12	
14  105.408	2.348999e+00	1.234874e-01	7.516826e-01	3.050817e+00	9.801268e-01	7.052727e-02	6.516806e-01	5.184325e-01	2.877622e+00	1.003789e+00	8.929697e+00	7.352710e-01	2.458959e-01	2.114397e+00	8.075513e-01	1.043926e+00	7.540752e+01	1.417336e+02	2.701776e-01	7.475229e-02	3.911339e-12	
1  107.991	2.348999e+00	1.234874e-01	7.516826e-01	3.050817e+00	9.801268e-01	7.052727e-02	6.516806e-01	5.184325e-01	2.877622e+00	1.006827e+00	8.929697e+00	7.352710e-01	2.458959e-01	2.114397e+00	8.075513e-01	1.043926e+00	7.540752e+01	1.417336e+02	2.701776e-01	7.475229e-02	3.911339e-12	
9  110.167	2.374033e+00	1.226639e-01	7.623324e-01	3.050462e+00	9.802580e-01	7.031019e-02	7.014186e-01	5.397489e-01	2.235538e+00	1.008216e+00	8.819772e+00	7.442043e-01	2.460029e-01	2.113415e+00	8.017341e-01	1.043777e+00	7.647758e+01	1.414496e+02	2.619333e-01	8.006991e-02	3.728632e-12	
6  107.49	2.374033e+00	1.226639e-01	7.623324e-01	3.050462e+00	9.802580e-01	7.031019e-02	7.014186e-01	5.397489e-01	2.235538e+00	1.004623e+00	8.819772e+00	7.442043e-01	2.460029e-01	2.113415e+00	8.017341e-01	1.043777e+00	7.647758e+01	1.414496e+02	2.619333e-01	8.006991e-02	3.728632e-12	
2  107.999	2.373110e+00	1.189392e-01	7.537258e-01	3.046628e+00	9.880600e-01	7.322045e-02	5.300691e-01	4.461877e-01	2.676726e+00	1.000674e+00	9.018946e+00	7.464394e-01	2.459947e-01	2.106690e+00	7.947941e-01	1.043053e+00	7.556579e+01	1.432197e+02	2.589886e-01	6.161210e-02	3.289702e-12	
1  109.312	2.430340e+00	1.183414e-01	7.696231e-01	3.081101e+00	9.971631e-01	8.606477e-02	5.843549e-01	5.233142e-01	3.249148e+00	1.006270e+00	9.941889e+00	7.569852e-01	2.462322e-01	2.176197e+00	8.054804e-01	1.044260e+00	7.696693e+01	1.424948e+02	2.482724e-01	6.616015e-02	4.775839e-12	
1  109.772	2.429446e+00	1.187281e-01	7.778702e-01	3.077028e+00	1.000748e+00	8.548971e-02	6.682923e-01	3.040712e-01	3.364918e+00	1.007024e+00	9.911332e+00	7.615182e-01	2.462254e-01	2.167685e+00	8.035625e-01	1.044257e+00	7.778391e+01	1.420041e+02	2.432029e-01	7.582301e-02	4.561942e-12	
4  109.768	2.429446e+00	1.187281e-01	7.778702e-01	3.077028e+00	1.000748e+00	8.548971e-02	6.682923e-01	3.040712e-01	3.364918e+00	1.007176e+00	9.911332e+00	7.615182e-01	2.462254e-01	2.167685e+00	8.035625e-01	1.044257e+00	7.778391e+01	1.420041e+02	2.432029e-01	7.582301e-02	4.561942e-12	
5  106.685	2.403142e+00	1.204943e-01	7.784149e-01	3.069032e+00	9.981214e-01	8.231716e-02	7.249753e-01	4.367814e-01	2.609293e+00	1.006203e+00	9.772614e+00	7.588212e-01	2.461165e-01	2.151369e+00	8.059197e-01	1.044978e+00	7.786137e+01	1.415724e+02	2.453507e-01	8.235118e-02	4.275085e-12	
2  105.995	2.379971e+00	1.185847e-01	7.582445e-01	3.096705e+00	9.970247e-01	9.825950e-02	5.288493e-01	1.870875e-01	3.059442e+00	1.002457e+00	1.114222e+01	7.503776e-01	2.460165e-01	2.208910e+00	8.170611e-01	1.044343e+00	7.573254e+01	1.432739e+02	2.528716e-01	6.083199e-02	4.903601e-12	
2  104.744	2.332762e+00	1.183220e-01	7.342774e-01	3.091409e+00	9.913308e-01	9.461183e-02	3.568770e-01	2.558440e-01	3.639750e+00	1.000089e+00	1.097403e+01	7.347741e-01	2.458174e-01	2.199212e+00	8.199041e-01	1.044079e+00	7.336722e+01	1.446925e+02	2.688470e-01	4.094028e-02	4.630794e-12	
2  104.229	2.297016e+00	1.214383e-01	7.160287e-01	3.045382e+00	9.737898e-01	6.598432e-02	3.180131e-01	3.902472e-01	3.723331e+00	9.994403e-01	8.585045e+00	7.135038e-01	2.456694e-01	2.106791e+00	8.091816e-01	1.043954e+00	7.191070e+01	1.444025e+02	2.930683e-01	3.647850e-02	3.539889e-12	
5  104.674	2.293051e+00	1.201600e-01	7.117535e-01	3.032800e+00	9.773180e-01	6.389206e-02	2.555509e-01	5.795587e-01	3.194367e+00	9.957533e-01	8.384192e+00	7.131504e-01	2.456510e-01	2.081812e+00	8.026658e-01	1.043464e+00	7.147705e+01	1.450803e+02	2.928937e-01	2.930838e-02	2.900200e-12	
4  104.709	2.293051e+00	1.201600e-01	7.117535e-01	3.032800e+00	9.773180e-01	6.389206e-02	2.555509e-01	5.795587e-01	3.194367e+00	9.959896e-01	8.384192e+00	7.131504e-01	2.456510e-01	2.081812e+00	8.026658e-01	1.043464e+00	7.147705e+01	1.450803e+02	2.928937e-01	2.930838e-02	2.900200e-12	
7  104.421	2.338274e+00	1.184349e-01	7.337949e-01	3.049138e+00	9.843158e-01	7.493410e-02	3.504900e-01	6.982992e-01	3.644108e+00	9.971359e-01	9.256252e+00	7.337601e-01	2.458468e-01	2.112732e+00	8.008145e-01	1.043700e+00	7.351431e+01	1.446098e+02	2.713423e-01	4.080544e-02	3.236346e-12	
1  105.623	2.342160e+00	1.155726e-01	7.260724e-01	3.064907e+00	9.875821e-01	7.739734e-02	1.973518e-01	5.295466e-01	3.154131e+00	1.001602e+00	9.381020e+00	7.349076e-01	2.458626e-01	2.147291e+00	8.026806e-01	1.043966e+00	7.270415e+01	1.460940e+02	2.710866e-01	2.158767e-02	3.365097e-12	
3  106.421	2.360245e+00	1.183682e-01	7.369443e-01	3.063050e+00	9.782538e-01	7.060847e-02	3.316733e-01	8.108406e-01	2.796984e+00	1.005577e+00	8.766535e+00	7.361449e-01	2.459465e-01	2.143149e+00	8.046495e-01	1.044974e+00	7.393387e+01	1.444489e+02	2.717861e-01	3.725095e-02	3.787648e-12	
7  106.516	2.381438e+00	1.212275e-01	7.600626e-01	3.086338e+00	9.799745e-01	8.585444e-02	5.997873e-01	6.383528e-01	2.639286e+00	1.006058e+00	1.013838e+01	7.455974e-01	2.460326e-01	2.187069e+00	8.150203e-01	1.045068e+00	7.604977e+01	1.422460e+02	2.601952e-01	6.833161e-02	4.859342e-12	
2  106.612	2.353102e+00	1.229655e-01	7.375003e-01	3.072646e+00	9.673015e-01	7.701497e-02	4.931153e-01	6.118207e-01	4.126800e+00	1.002827e+00	9.458695e+00	7.255142e-01	2.459179e-01	2.159377e+00	8.157309e-01	1.044498e+00	7.390333e+01	1.425980e+02	2.816509e-01	5.631371e-02	4.592628e-12	
2  107.321	2.347603e+00	1.217207e-01	7.457886e-01	3.070545e+00	9.696407e-01	7.547437e-02	5.173637e-01	9.638005e-01	3.410610e+00	1.005418e+00	9.322194e+00	7.351326e-01	2.458933e-01	2.156003e+00	8.112115e-01	1.044887e+00	7.473457e+01	1.428662e+02	2.721011e-01	5.939966e-02	4.109289e-12	
1  108.042	2.396316e+00	1.195002e-01	7.768242e-01	3.048789e+00	9.875644e-01	7.210942e-02	6.840051e-01	9.837707e-01	3.365674e+00	1.005266e+00	8.865608e+00	7.601022e-01	2.460939e-01	2.110541e+00	7.923104e-01	1.044450e+00	7.789650e+01	1.420992e+02	2.460628e-01	7.851312e-02	3.252009e-12	
2  107.956	2.426466e+00	1.213452e-01	7.926283e-01	3.060910e+00	9.939463e-01	7.754685e-02	8.316969e-01	8.347349e-01	3.564960e+00	1.007441e+00	9.304359e+00	7.651906e-01	2.462164e-01	2.134136e+00	8.000780e-01	1.045545e+00	7.933269e+01	1.406213e+02	2.401907e-01	9.350290e-02	3.894962e-12	
3  105.944	2.386674e+00	1.198864e-01	7.729431e-01	3.052817e+00	9.947324e-01	7.600351e-02	6.478487e-01	8.676600e-01	3.246363e+00	1.003142e+00	9.263913e+00	7.568045e-01	2.460499e-01	2.118792e+00	7.999732e-01	1.045405e+00	7.741035e+01	1.422656e+02	2.478440e-01	7.433572e-02	3.670977e-12	
9  105.833	2.366398e+00	1.202455e-01	7.627081e-01	3.044136e+00	9.907162e-01	6.750510e-02	5.879262e-01	9.630363e-01	2.767356e+00	1.005092e+00	8.544396e+00	7.497829e-01	2.459678e-01	2.102673e+00	7.994024e-01	1.045447e+00	7.654914e+01	1.426416e+02	2.559545e-01	6.739717e-02	3.624973e-12	
4  104.448	2.340668e+00	1.245039e-01	7.463435e-01	3.050790e+00	9.764571e-01	7.187916e-02	6.346986e-01	7.955169e-01	3.256273e+00	1.000706e+00	9.101851e+00	7.290009e-01	2.458618e-01	2.113531e+00	8.108528e-01	1.044064e+00	7.482259e+01	1.416599e+02	2.761848e-01	7.290956e-02	3.903708e-12	
1  105.838	2.353696e+00	1.245067e-01	7.462914e-01	3.071561e+00	9.818761e-01	7.472862e-02	6.285974e-01	8.269553e-01	3.901447e+00	1.008009e+00	9.293859e+00	7.285420e-01	2.459182e-01	2.157051e+00	8.208067e-01	1.044513e+00	7.481298e+01	1.415001e+02	2.769866e-01	7.093305e-02	5.119458e-12	
1  107.582	2.398619e+00	1.272759e-01	7.790636e-01	3.077101e+00	9.901012e-01	8.178835e-02	9.561910e-01	9.320205e-01	4.187402e+00	1.009189e+00	9.873712e+00	7.444392e-01	2.461037e-01	2.166002e+00	8.226101e-01	1.045054e+00	7.776727e+01	1.388582e+02	2.589248e-01	1.057883e-01	4.621841e-12	
4  107.994	2.396051e+00	1.256786e-01	7.942788e-01	3.049552e+00	9.985002e-01	7.220417e-02	1.011920e+00	6.493442e-01	3.821919e+00	1.008649e+00	9.016449e+00	7.577369e-01	2.460885e-01	2.111573e+00	8.077095e-01	1.045857e+00	7.938057e+01	1.390160e+02	2.453426e-01	1.122559e-01	3.304904e-12	
2  105.87	2.386590e+00	1.246974e-01	7.839967e-01	3.048570e+00	9.918352e-01	7.651793e-02	9.228378e-01	1.936547e-01	2.972401e+00	1.002715e+00	9.420908e+00	7.537428e-01	2.460474e-01	2.108184e+00	8.045226e-01	1.044605e+00	7.841238e+01	1.398173e+02	2.495832e-01	1.039133e-01	3.278280e-12	
3  105.256	2.385011e+00	1.246081e-01	7.645207e-01	3.066579e+00	9.919849e-01	8.738523e-02	7.685831e-01	3.188733e-01	3.156797e+00	9.977144e-01	1.037392e+01	7.405676e-01	2.460400e-01	2.144120e+00	8.163081e-01	1.044141e+00	7.632891e+01	1.405462e+02	2.617510e-01	8.721696e-02	4.080192e-12	
2  106.305	2.383499e+00	1.222494e-01	7.549879e-01	3.046994e+00	9.926335e-01	8.224592e-02	6.068967e-01	4.078075e-01	2.549645e+00	9.914774e-01	9.889982e+00	7.388145e-01	2.460341e-01	2.104574e+00	8.058463e-01	1.043986e+00	7.545218e+01	1.419115e+02	2.638754e-01	6.974731e-02	3.527867e-12	
2  105.335	2.359251e+00	1.243108e-01	7.416682e-01	3.048149e+00	9.813136e-01	7.831461e-02	5.724997e-01	2.354867e-02	2.407723e+00	9.920681e-01	9.638103e+00	7.249394e-01	2.459366e-01	2.106622e+00	8.118243e-01	1.044067e+00	7.422879e+01	1.418196e+02	2.786949e-01	6.566694e-02	3.926591e-12	
1  105.387	2.359251e+00	1.243108e-01	7.416682e-01	3.048149e+00	9.813136e-01	7.831461e-02	5.724997e-01	2.354867e-02	2.407723e+00	9.923537e-01	9.638103e+00	7.249394e-01	2.459366e-01	2.106622e+00	8.118243e-01	1.044067e+00	7.422879e+01	1.418196e+02	2.786949e-01	6.566694e-02	3.926591e-12	
1  104.955	2.339729e+00	1.227740e-01	7.314391e-01	3.068299e+00	9.856362e-01	7.821116e-02	4.398969e-01	2.456149e-01	2.979234e+00	1.001121e+00	9.625551e+00	7.212393e-01	2.458542e-01	2.150783e+00	8.218946e-01	1.045019e+00	7.328167e+01	1.429878e+02	2.833067e-01	4.958255e-02	5.078580e-12	
2  107.342	2.317686e+00	1.203592e-01	7.379962e-01	3.064855e+00	9.954624e-01	7.913004e-02	4.162549e-01	3.392524e-02	2.462858e+00	1.001998e+00	9.738504e+00	7.329946e-01	2.457523e-01	2.145421e+00	8.179761e-01	1.045925e+00	7.392090e+01	1.439807e+02	2.705825e-01	4.736105e-02	4.583397e-12	
13  104.807	2.337027e+00	1.200249e-01	7.502265e-01	3.050115e+00	9.930799e-01	7.572860e-02	5.141885e-01	9.957927e-02	2.065155e+00	1.000306e+00	9.385204e+00	7.423101e-01	2.458367e-01	2.114190e+00	8.052282e-01	1.044898e+00	7.517393e+01	1.434119e+02	2.615695e-01	5.959657e-02	3.724125e-12	
3  104.555	2.317913e+00	1.167244e-01	7.234493e-01	3.061979e+00	9.880015e-01	7.686649e-02	2.020928e-01	2.470207e-01	2.504518e+00	1.000398e+00	9.439295e+00	7.306333e-01	2.457556e-01	2.141305e+00	8.075150e-01	1.044898e+00	7.246758e+01	1.460292e+02	2.747964e-01	2.208327e-02	3.593922e-12	
2  104.5	2.317913e+00	1.167244e-01	7.234493e-01	3.061979e+00	9.880015e-01	7.686649e-02	2.020928e-01	2.470207e-01	2.504518e+00	9.991429e-01	9.439295e+00	7.306333e-01	2.457556e-01	2.141305e+00	8.075150e-01	1.044898e+00	7.246758e+01	1.460292e+02	2.747964e-01	2.208327e-02	3.593922e-12	
5  104.525	2.330187e+00	1.167389e-01	7.235996e-01	3.065958e+00	9.881150e-01	8.105360e-02	2.019841e-01	2.299336e-01	3.120461e+00	9.969224e-01	9.772939e+00	7.301213e-01	2.458092e-01	2.148157e+00	8.083557e-01	1.044576e+00	7.241500e+01	1.458976e+02	2.748055e-01	2.214150e-02	3.768382e-12	
2  105.848	2.349637e+00	1.148512e-01	7.438825e-01	3.053468e+00	9.927905e-01	7.439412e-02	2.793958e-01	4.658403e-01	2.812110e+00	1.000665e+00	9.104088e+00	7.495630e-01	2.458923e-01	2.123581e+00	7.949717e-01	1.045249e+00	7.456773e+01	1.457865e+02	2.561440e-01	3.221136e-02	3.012321e-12	
7  105.998	2.340157e+00	1.157976e-01	7.426110e-01	3.034208e+00	9.935298e-01	6.648975e-02	3.002247e-01	3.335317e-01	2.169224e+00	9.986457e-01	8.439539e+00	7.465999e-01	2.458508e-01	2.084954e+00	7.908007e-01	1.045333e+00	7.457996e+01	1.455004e+02	2.592437e-01	3.485644e-02	2.798832e-12	
3  103.95	2.314792e+00	1.210224e-01	7.342386e-01	3.064411e+00	9.829248e-01	7.914736e-02	4.326703e-01	3.486508e-01	3.020165e+00	9.992893e-01	9.759448e+00	7.287130e-01	2.457439e-01	2.143390e+00	8.146525e-01	1.044595e+00	7.353947e+01	1.437955e+02	2.758766e-01	5.011632e-02	4.161141e-12	
6  104.921	2.284430e+00	1.195893e-01	7.148682e-01	3.059471e+00	9.772875e-01	7.176419e-02	2.309383e-01	5.116234e-01	3.292032e+00	1.000200e+00	9.126507e+00	7.175943e-01	2.456111e-01	2.136920e+00	8.140689e-01	1.045161e+00	7.168338e+01	1.454797e+02	2.887960e-01	2.565755e-02	3.646510e-12	
4  104.572	2.290954e+00	1.209022e-01	7.311372e-01	3.045126e+00	9.812965e-01	6.899603e-02	4.155308e-01	7.734379e-01	3.323521e+00	9.996795e-01	8.907084e+00	7.272955e-01	2.456408e-01	2.105844e+00	8.076707e-01	1.044619e+00	7.336407e+01	1.441529e+02	2.779199e-01	4.852495e-02	3.356778e-12	
1  104.799	2.324424e+00	1.229391e-01	7.430315e-01	3.051835e+00	9.739738e-01	7.417076e-02	5.618672e-01	8.708951e-01	3.629804e+00	9.980330e-01	9.327979e+00	7.307022e-01	2.457903e-01	2.116253e+00	8.084540e-01	1.044188e+00	7.445516e+01	1.425999e+02	2.745148e-01	6.544858e-02	3.573550e-12	
3  104.94	2.324424e+00	1.229391e-01	7.430315e-01	3.051835e+00	9.739738e-01	7.417076e-02	5.618672e-01	8.708951e-01	3.629804e+00	9.974055e-01	9.327979e+00	7.307022e-01	2.457903e-01	2.116253e+00	8.084540e-01	1.044188e+00	7.445516e+01	1.425999e+02	2.745148e-01	6.544858e-02	3.573550e-12	
2  104.502	2.321761e+00	1.212235e-01	7.461035e-01	3.037063e+00	9.851550e-01	6.893698e-02	5.337342e-01	6.751688e-01	3.569399e+00	9.974984e-01	8.834792e+00	7.369356e-01	2.457751e-01	2.087892e+00	8.014671e-01	1.044408e+00	7.485333e+01	1.431647e+02	2.676474e-01	6.237706e-02	3.172244e-12	
1  105.38	2.351674e+00	1.233522e-01	7.644300e-01	3.046461e+00	9.910356e-01	8.136835e-02	7.335267e-01	7.763889e-01	2.686991e+00	9.932193e-01	9.948216e+00	7.441855e-01	2.458993e-01	2.103701e+00	8.066648e-01	1.044353e+00	7.639369e+01	1.414039e+02	2.580808e-01	8.461612e-02	3.122013e-12	
4  106.082	2.308387e+00	1.256722e-01	7.426002e-01	3.024883e+00	9.721281e-01	6.411464e-02	6.400897e-01	8.161149e-01	2.344049e+00	9.931579e-01	8.516049e+00	7.242831e-01	2.457223e-01	2.060949e+00	8.044469e-01	1.044427e+00	7.449805e+01	1.417029e+02	2.804367e-01	7.445793e-02	2.890585e-12	
1  106.091	2.308387e+00	1.256722e-01	7.426002e-01	3.024883e+00	9.721281e-01	6.411464e-02	6.400897e-01	8.161149e-01	2.344049e+00	9.931217e-01	8.516049e+00	7.242831e-01	2.457223e-01	2.060949e+00	8.044469e-01	1.044427e+00	7.449805e+01	1.417029e+02	2.804367e-01	7.445793e-02	2.890585e-12	
1  105.545	2.334355e+00	1.285543e-01	7.602748e-01	3.061552e+00	9.815430e-01	8.111699e-02	8.663628e-01	9.076829e-01	2.457858e+00	9.980412e-01	1.008232e+01	7.302123e-01	2.458315e-01	2.132846e+00	8.237004e-01	1.044922e+00	7.594729e+01	1.396885e+02	2.721674e-01	9.810641e-02	3.840289e-12	
5  105.127	2.312564e+00	1.272846e-01	7.279112e-01	3.059461e+00	9.726463e-01	7.759551e-02	5.761221e-01	8.514123e-01	2.700054e+00	9.939845e-01	9.771904e+00	7.079979e-01	2.457419e-01	2.129336e+00	8.251503e-01	1.044180e+00	7.286407e+01	1.415409e+02	2.960172e-01	6.615051e-02	4.463874e-12	
1  105.262	2.316000e+00	1.242826e-01	7.199568e-01	3.064235e+00	9.734819e-01	8.378540e-02	4.376590e-01	6.218362e-01	3.672518e+00	9.903969e-01	1.023740e+01	7.086647e-01	2.457536e-01	2.139817e+00	8.210959e-01	1.043266e+00	7.201781e+01	1.429307e+02	2.952697e-01	5.083734e-02	4.357784e-12	
2  104.921	2.364649e+00	1.213191e-01	7.450579e-01	3.070191e+00	9.843402e-01	8.752648e-02	5.047081e-01	3.676714e-01	4.131342e+00	9.939994e-01	1.035142e+01	7.344046e-01	2.459574e-01	2.152615e+00	8.135391e-01	1.044159e+00	7.449566e+01	1.428484e+02	2.693764e-01	5.835645e-02	4.362806e-12	
2  105.363	2.364649e+00	1.213191e-01	7.450579e-01	3.070191e+00	9.843402e-01	8.752648e-02	5.047081e-01	3.676714e-01	4.131342e+00	9.932266e-01	1.035142e+01	7.344046e-01	2.459574e-01	2.152615e+00	8.135391e-01	1.044159e+00	7.449566e+01	1.428484e+02	2.693764e-01	5.835645e-02	4.362806e-12	
7  104.891	2.331497e+00	1.224697e-01	7.309722e-01	3.052198e+00	9.785069e-01	7.345796e-02	4.313458e-01	4.118752e-01	4.451119e+00	9.947774e-01	9.217158e+00	7.218096e-01	2.458204e-01	2.117633e+00	8.125128e-01	1.044613e+00	7.328335e+01	1.432257e+02	2.833480e-01	4.959978e-02	4.099533e-12	
1  105.331	2.339378e+00	1.228609e-01	7.451988e-01	3.043628e+00	9.780761e-01	6.488103e-02	5.629639e-01	9.063629e-01	4.726732e+00	1.001296e+00	8.393723e+00	7.319613e-01	2.458562e-01	2.101056e+00	8.056847e-01	1.044655e+00	7.487004e+01	1.423952e+02	2.743887e-01	6.444398e-02	3.755105e-12	
2  104.967	2.339378e+00	1.228609e-01	7.451988e-01	3.043628e+00	9.780761e-01	6.488103e-02	5.629639e-01	9.063629e-01	4.726732e+00	1.002207e+00	8.393723e+00	7.319613e-01	2.458562e-01	2.101056e+00	8.056847e-01	1.044655e+00	7.487004e+01	1.423952e+02	2.743887e-01	6.444398e-02	3.755105e-12	
5  106.511	2.343861e+00	1.266384e-01	7.461787e-01	3.037140e+00	9.714074e-01	6.405628e-02	7.117850e-01	9.668531e-01	3.260588e+00	9.992156e-01	8.391351e+00	7.236725e-01	2.458795e-01	2.085046e+00	8.075243e-01	1.043499e+00	7.489294e+01	1.407240e+02	2.821492e-01	8.098816e-02	3.539805e-12	
1  107.257	2.329248e+00	1.282439e-01	7.489531e-01	3.048926e+00	9.672413e-01	7.469363e-02	8.053646e-01	9.063357e-01	2.613948e+00	9.958791e-01	9.489327e+00	7.228459e-01	2.458142e-01	2.106519e+00	8.136493e-01	1.043054e+00	7.498575e+01	1.401348e+02	2.815844e-01	9.217908e-02	3.536867e-12	
6  107.982	2.332918e+00	1.287822e-01	7.310793e-01	3.096181e+00	9.673733e-01	9.170391e-02	6.801601e-01	7.383702e-01	2.391879e+00	9.989619e-01	1.097620e+01	7.069403e-01	2.458298e-01	2.203696e+00	8.378683e-01	1.042998e+00	7.309859e+01	1.404896e+02	2.976295e-01	7.742765e-02	5.763235e-12	
4  105.613	2.335889e+00	1.238493e-01	7.244327e-01	3.085284e+00	9.748196e-01	8.458448e-02	4.576954e-01	6.886999e-01	2.365860e+00	1.000287e+00	1.021174e+01	7.131757e-01	2.458413e-01	2.184536e+00	8.271051e-01	1.043398e+00	7.248896e+01	1.427095e+02	2.921847e-01	5.181678e-02	5.403234e-12	
2  105.887	2.357230e+00	1.251876e-01	7.545114e-01	3.106927e+00	9.853652e-01	9.845600e-02	7.171264e-01	6.431502e-01	3.080813e+00	1.003350e+00	1.139944e+01	7.336954e-01	2.459262e-01	2.228845e+00	8.358140e-01	1.044607e+00	7.533923e+01	1.409192e+02	2.695531e-01	8.149072e-02	5.718350e-12	
1  105.855	2.357230e+00	1.251876e-01	7.545114e-01	3.106927e+00	9.853652e-01	9.845600e-02	7.171264e-01	6.431502e-01	3.080813e+00	1.003533e+00	1.139944e+01	7.336954e-01	2.459262e-01	2.228845e+00	8.358140e-01	1.044607e+00	7.533923e+01	1.409192e+02	2.695531e-01	8.149072e-02	5.718350e-12	
5  105.598	2.379841e+00	1.258745e-01	7.592050e-01	3.092446e+00	9.809719e-01	9.453880e-02	7.664657e-01	6.048156e-01	3.968175e+00	9.997371e-01	1.101032e+01	7.343935e-01	2.460231e-01	2.197059e+00	8.278000e-01	1.044158e+00	7.582394e+01	1.403118e+02	2.691219e-01	8.687632e-02	5.187745e-12	
2  105.945	2.384246e+00	1.258353e-01	7.564389e-01	3.087330e+00	9.883400e-01	9.405049e-02	7.415468e-01	3.842722e-01	3.785875e+00	9.978675e-01	1.095943e+01	7.320693e-01	2.460394e-01	2.186605e+00	8.285341e-01	1.044201e+00	7.548644e+01	1.403520e+02	2.703588e-01	8.384585e-02	5.069866e-12	
1  105.63	2.320777e+00	1.222340e-01	7.314974e-01	3.080900e+00	9.886806e-01	9.474076e-02	4.808006e-01	2.937634e-01	2.776016e+00	9.933560e-01	1.114363e+01	7.234806e-01	2.457667e-01	2.175055e+00	8.244385e-01	1.043279e+00	7.308578e+01	1.431875e+02	2.788659e-01	5.589104e-02	4.522297e-12	
11  105.38	2.309961e+00	1.244000e-01	7.192628e-01	3.089607e+00	9.768484e-01	9.386224e-02	4.485974e-01	1.122701e-01	2.209116e+00	9.942093e-01	1.113582e+01	7.085325e-01	2.457238e-01	2.192569e+00	8.327363e-01	1.043368e+00	7.191850e+01	1.429165e+02	2.951642e-01	5.162557e-02	5.238232e-12	
4  105.309	2.309961e+00	1.244000e-01	7.192628e-01	3.089607e+00	9.768484e-01	9.386224e-02	4.485974e-01	1.122701e-01	2.209116e+00	9.950966e-01	1.113582e+01	7.085325e-01	2.457238e-01	2.192569e+00	8.327363e-01	1.043368e+00	7.191850e+01	1.429165e+02	2.951642e-01	5.162557e-02	5.238232e-12	
1  104.755	2.379031e+00	1.222109e-01	7.561854e-01	3.071085e+00	9.917723e-01	8.567798e-02	6.223972e-01	1.406201e-01	2.025787e+00	9.997462e-01	1.017161e+01	7.404227e-01	2.460165e-01	2.154578e+00	8.149441e-01	1.044394e+00	7.560551e+01	1.418910e+02	2.630206e-01	7.083134e-02	4.590529e-12	
1  105.546	2.390222e+00	1.190366e-01	7.596652e-01	3.050647e+00	9.905328e-01	7.320345e-02	5.157240e-01	2.445080e-01	3.208380e+00	1.001246e+00	8.966541e+00	7.497479e-01	2.460669e-01	2.114935e+00	7.986383e-01	1.045111e+00	7.618133e+01	1.430607e+02	2.560320e-01	5.917244e-02	3.833411e-12	
4  105.772	2.383663e+00	1.222962e-01	7.518287e-01	3.036012e+00	9.885876e-01	6.359797e-02	5.608468e-01	3.668979e-01	3.535663e+00	1.001015e+00	8.148975e+00	7.364755e-01	2.460425e-01	2.085371e+00	8.022192e-01	1.045116e+00	7.550964e+01	1.420189e+02	2.694613e-01	6.315017e-02	3.933730e-12	
1  105.85	2.383663e+00	1.222962e-01	7.518287e-01	3.036012e+00	9.885876e-01	6.359797e-02	5.608468e-01	3.668979e-01	3.535663e+00	1.000103e+00	8.148975e+00	7.364755e-01	2.460425e-01	2.085371e+00	8.022192e-01	1.045116e+00	7.550964e+01	1.420189e+02	2.694613e-01	6.315017e-02	3.933730e-12	
2  107.283	2.373325e+00	1.273747e-01	7.505661e-01	3.030263e+00	9.865866e-01	5.746674e-02	7.168463e-01	4.341241e-01	3.799029e+00	1.001914e+00	7.659819e+00	7.230253e-01	2.460016e-01	2.072712e+00	8.113330e-01	1.045547e+00	7.534914e+01	1.400879e+02	2.817104e-01	7.890397e-02	3.952143e-12	
7  106.818	2.346734e+00	1.298590e-01	7.412660e-01	3.036245e+00	9.779039e-01	5.844402e-02	7.294749e-01	1.954942e-01	3.315727e+00	1.001410e+00	7.877064e+00	7.108257e-01	2.458915e-01	2.083537e+00	8.194987e-01	1.045492e+00	7.444610e+01	1.397264e+02	2.939105e-01	8.073950e-02	4.234971e-12	
3  106.763	2.346734e+00	1.298590e-01	7.412660e-01	3.036245e+00	9.779039e-01	5.844402e-02	7.294749e-01	1.954942e-01	3.315727e+00	1.001784e+00	7.877064e+00	7.108257e-01	2.458915e-01	2.083537e+00	8.194987e-01	1.045492e+00	7.444610e+01	1.397264e+02	2.939105e-01	8.073950e-02	4.234971e-12	
1  105.15	2.314988e+00	1.288849e-01	7.300116e-01	3.037720e+00	9.741657e-01	6.418969e-02	6.476803e-01	4.844480e-01	3.631307e+00	9.969711e-01	8.536126e+00	7.055544e-01	2.457542e-01	2.086193e+00	8.192879e-01	1.044192e+00	7.326337e+01	1.407349e+02	2.987138e-01	7.358185e-02	3.931517e-12	
4  105.801	2.287195e+00	1.272069e-01	7.257966e-01	3.045766e+00	9.771599e-01	6.260176e-02	5.681679e-01	5.226444e-01	2.645757e+00	1.002910e+00	8.421017e+00	7.071865e-01	2.456290e-01	2.105439e+00	8.224827e-01	1.044906e+00	7.295367e+01	1.417927e+02	2.977834e-01	6.465498e-02	4.437058e-12	
11  106.004	2.285363e+00	1.218064e-01	7.219068e-01	3.032193e+00	9.815310e-01	5.585253e-02	3.629490e-01	6.746200e-01	2.941341e+00	1.003431e+00	7.633882e+00	7.172850e-01	2.456140e-01	2.082102e+00	8.074660e-01	1.045313e+00	7.273335e+01	1.441529e+02	2.892196e-01	4.096308e-02	3.634866e-12	
2  105.694	2.257310e+00	1.216487e-01	7.131311e-01	3.037366e+00	9.732084e-01	6.234864e-02	3.035788e-01	6.209578e-01	2.539853e+00	9.985197e-01	8.372048e+00	7.116729e-01	2.454908e-01	2.091905e+00	8.093257e-01	1.044750e+00	7.164758e+01	1.448595e+02	2.947088e-01	3.521982e-02	3.045431e-12	
1  107.361	2.310721e+00	1.189575e-01	7.242013e-01	3.044748e+00	9.687195e-01	6.271828e-02	2.574320e-01	3.858357e-01	3.055526e+00	1.000909e+00	8.179691e+00	7.262385e-01	2.457290e-01	2.107667e+00	8.011955e-01	1.045511e+00	7.272730e+01	1.451983e+02	2.821347e-01	2.933772e-02	2.681995e-12	
3  106.687	2.314780e+00	1.193899e-01	7.247307e-01	3.063260e+00	9.667704e-01	7.698368e-02	2.946762e-01	2.831750e-01	2.472543e+00	9.970140e-01	9.510018e+00	7.252543e-01	2.457471e-01	2.142676e+00	8.075007e-01	1.044588e+00	7.248922e+01	1.449315e+02	2.813145e-01	3.419171e-02	3.088904e-12	
4  106.132	2.294306e+00	1.178700e-01	7.211216e-01	3.029222e+00	9.725588e-01	6.430432e-02	2.463694e-01	2.720295e-01	2.098538e+00	9.942417e-01	8.385303e+00	7.267894e-01	2.456545e-01	2.075247e+00	7.923079e-01	1.043900e+00	7.230430e+01	1.457507e+02	2.796842e-01	2.932502e-02	1.812503e-12	
5  105.786	2.329733e+00	1.206325e-01	7.331484e-01	3.026655e+00	9.734640e-01	6.365908e-02	4.149026e-01	4.437065e-01	3.106531e+00	9.942319e-01	8.280046e+00	7.284576e-01	2.458125e-01	2.067216e+00	7.941517e-01	1.043593e+00	7.360387e+01	1.437905e+02	2.778521e-01	4.885290e-02	2.610683e-12	
1  106.917	2.324376e+00	1.212556e-01	7.339266e-01	2.999739e+00	9.802072e-01	5.769253e-02	4.504660e-01	2.274457e-01	3.268059e+00	9.882063e-01	7.745303e+00	7.271005e-01	2.457849e-01	2.012675e+00	7.865103e-01	1.043314e+00	7.372660e+01	1.434988e+02	2.777508e-01	5.312759e-02	2.098872e-12	
1  106.384	2.350300e+00	1.226599e-01	7.297349e-01	3.026374e+00	9.796145e-01	6.624881e-02	4.191479e-01	3.175751e-02	3.325490e+00	9.896686e-01	8.512951e+00	7.196106e-01	2.459009e-01	2.064830e+00	8.021770e-01	1.044108e+00	7.321440e+01	1.430125e+02	2.854460e-01	4.814020e-02	3.350162e-12	
1  106.985	2.392773e+00	1.215468e-01	7.477102e-01	3.058626e+00	9.861739e-01	8.222762e-02	4.957739e-01	5.406635e-02	3.641639e+00	9.927069e-01	9.811108e+00	7.347878e-01	2.460773e-01	2.128546e+00	8.096484e-01	1.044761e+00	7.480276e+01	1.425108e+02	2.694609e-01	5.654650e-02	4.371163e-12	
1  106.295	2.374951e+00	1.182814e-01	7.565959e-01	3.048607e+00	9.920762e-01	8.316330e-02	4.857987e-01	5.287083e-02	2.609428e+00	9.913669e-01	9.899728e+00	7.493033e-01	2.459962e-01	2.108829e+00	7.968614e-01	1.044438e+00	7.569003e+01	1.436291e+02	2.542076e-01	5.695453e-02	3.299496e-12	
4  105.684	2.339825e+00	1.214942e-01	7.271244e-01	3.040495e+00	9.861733e-01	7.465282e-02	3.848822e-01	2.079020e-01	3.020959e+00	9.902013e-01	9.304224e+00	7.206141e-01	2.458533e-01	2.093282e+00	8.073195e-01	1.043717e+00	7.283689e+01	1.436051e+02	2.831535e-01	4.432695e-02	3.685302e-12	
12  103.971	2.338432e+00	1.210424e-01	7.354802e-01	3.053909e+00	9.793485e-01	7.543213e-02	4.312998e-01	4.231066e-01	2.074103e+00	9.965945e-01	9.357438e+00	7.289031e-01	2.458491e-01	2.121265e+00	8.079496e-01	1.044196e+00	7.368805e+01	1.435400e+02	2.763256e-01	4.989065e-02	3.806512e-12	
1  105.897	2.336575e+00	1.163911e-01	7.415035e-01	3.041521e+00	9.941321e-01	7.637976e-02	3.236223e-01	3.066682e-01	2.899494e+00	9.934052e-01	9.374064e+00	7.441096e-01	2.458341e-01	2.097281e+00	7.951630e-01	1.044719e+00	7.427389e+01	1.453072e+02	2.599078e-01	3.811266e-02	2.925040e-12	
1  105.957	2.343546e+00	1.161283e-01	7.280705e-01	3.030163e+00	9.850683e-01	6.382331e-02	2.009676e-01	5.318279e-01	3.381359e+00	9.955346e-01	8.163807e+00	7.349214e-01	2.458691e-01	2.076941e+00	7.903149e-01	1.044686e+00	7.312740e+01	1.458524e+02	2.718998e-01	2.264161e-02	2.480607e-12	
3  104.819	2.306395e+00	1.180167e-01	7.167108e-01	3.051175e+00	9.823473e-01	7.235238e-02	1.851813e-01	5.951917e-01	3.926261e+00	9.961543e-01	9.090631e+00	7.221587e-01	2.457080e-01	2.119255e+00	8.071923e-01	1.044971e+00	7.184250e+01	1.458799e+02	2.835758e-01	2.019316e-02	3.297524e-12	
1  105.892	2.340526e+00	1.191068e-01	7.420424e-01	3.040690e+00	9.824973e-01	6.806901e-02	3.897110e-01	5.400600e-01	4.522748e+00	9.979683e-01	8.634457e+00	7.383291e-01	2.458570e-01	2.096283e+00	7.991803e-01	1.045484e+00	7.448737e+01	1.441953e+02	2.677227e-01	4.517213e-02	3.218640e-12	
1  106.054	2.340526e+00	1.191068e-01	7.420424e-01	3.040690e+00	9.824973e-01	6.806901e-02	3.897110e-01	5.400600e-01	4.522748e+00	9.991879e-01	8.634457e+00	7.383291e-01	2.458570e-01	2.096283e+00	7.991803e-01	1.045484e+00	7.448737e+01	1.441953e+02	2.677227e-01	4.517213e-02	3.218640e-12	
3  106.841	2.342686e+00	1.194791e-01	7.152965e-01	3.038579e+00	9.820507e-01	6.523445e-02	1.970723e-01	5.890780e-01	4.193270e+00	9.956763e-01	8.343937e+00	7.160082e-01	2.458695e-01	2.092828e+00	8.047667e-01	1.044759e+00	7.185553e+01	1.449718e+02	2.905672e-01	2.072762e-02	3.673837e-12	
1  109.9	2.376318e+00	1.206233e-01	7.169028e-01	3.060634e+00	9.686489e-01	7.107100e-02	2.169054e-01	7.994429e-01	3.804919e+00	9.975553e-01	8.782252e+00	7.134888e-01	2.460219e-01	2.136371e+00	8.112262e-01	1.044821e+00	7.188171e+01	1.442323e+02	2.949207e-01	2.245681e-02	4.313623e-12	
6  109.486	2.373080e+00	1.214787e-01	7.214921e-01	3.031145e+00	9.717210e-01	6.378373e-02	3.029528e-01	6.679205e-01	3.169895e+00	9.922066e-01	8.158413e+00	7.153786e-01	2.460048e-01	2.075268e+00	7.999123e-01	1.043823e+00	7.242992e+01	1.436012e+02	2.919932e-01	3.377382e-02	3.365247e-12	
2  108.262	2.418598e+00	1.254605e-01	7.526339e-01	3.064629e+00	9.758281e-01	7.676301e-02	6.541444e-01	9.154587e-01	2.546710e+00	1.000047e+00	9.313826e+00	7.286403e-01	2.461963e-01	2.139658e+00	8.153421e-01	1.044394e+00	7.532190e+01	1.404895e+02	2.776811e-01	7.254984e-02	4.830775e-12	
1  106.068	2.372849e+00	1.264211e-01	7.473054e-01	3.030191e+00	9.774450e-01	6.303111e-02	6.690181e-01	9.267412e-01	3.270487e+00	9.972885e-01	8.211077e+00	7.236362e-01	2.460027e-01	2.071016e+00	8.066030e-01	1.044329e+00	7.495596e+01	1.406355e+02	2.818190e-01	7.513519e-02	3.485236e-12	
1  105.712	2.334133e+00	1.240956e-01	7.239008e-01	3.033885e+00	9.772211e-01	6.855855e-02	4.517953e-01	7.147227e-01	2.642781e+00	9.922384e-01	8.807615e+00	7.118785e-01	2.458347e-01	2.079446e+00	8.081583e-01	1.043170e+00	7.257426e+01	1.426691e+02	2.927647e-01	5.195699e-02	3.504980e-12	
2  105.848	2.337610e+00	1.229878e-01	7.259478e-01	3.048932e+00	9.769847e-01	7.873715e-02	4.420386e-01	7.675861e-01	2.198609e+00	9.908927e-01	9.706675e+00	7.161921e-01	2.458472e-01	2.108801e+00	8.103970e-01	1.042801e+00	7.262643e+01	1.430043e+02	2.878030e-01	5.132240e-02	3.702089e-12	
1  105.609	2.326487e+00	1.189139e-01	7.386709e-01	3.035150e+00	9.883376e-01	7.667425e-02	4.200739e-01	7.919179e-01	3.087684e+00	9.913324e-01	9.491203e+00	7.363282e-01	2.457932e-01	2.082824e+00	7.962308e-01	1.043218e+00	7.393491e+01	1.442894e+02	2.670511e-01	4.995788e-02	2.682616e-12	
1  107.947	2.263224e+00	1.200250e-01	6.990048e-01	3.038968e+00	9.799719e-01	7.912380e-02	1.756010e-01	5.600947e-01	4.314435e+00	9.847424e-01	9.894750e+00	7.025250e-01	2.455178e-01	2.090871e+00	8.087117e-01	1.042788e+00	6.989987e+01	1.459010e+02	3.006122e-01	2.026634e-02	2.825464e-12	
9  109.343	2.265612e+00	1.231924e-01	7.121240e-01	3.054494e+00	9.818934e-01	8.941672e-02	3.805393e-01	5.179826e-01	4.710055e+00	9.847749e-01	1.089563e+01	7.060695e-01	2.455277e-01	2.119763e+00	8.200025e-01	1.042884e+00	7.115746e+01	1.440411e+02	2.957520e-01	4.538579e-02	3.427242e-12	
11  108.349	2.316000e+00	1.229804e-01	7.328410e-01	3.050020e+00	9.863741e-01	8.986715e-02	5.166785e-01	2.839213e-01	4.707290e+00	9.848951e-01	1.077938e+01	7.221691e-01	2.457453e-01	2.109771e+00	8.126062e-01	1.042777e+00	7.320319e+01	1.429029e+02	2.791537e-01	6.123699e-02	3.282041e-12	
1  108.12	2.299291e+00	1.221023e-01	7.329036e-01	3.070390e+00	9.858815e-01	9.838076e-02	5.099082e-01	2.421072e-01	4.404174e+00	9.879761e-01	1.154007e+01	7.253904e-01	2.456713e-01	2.152514e+00	8.185204e-01	1.042631e+00	7.320052e+01	1.433513e+02	2.761938e-01	6.086281e-02	3.531325e-12	
1  108.448	2.299291e+00	1.221023e-01	7.329036e-01	3.070390e+00	9.858815e-01	9.838076e-02	5.099082e-01	2.421072e-01	4.404174e+00	9.886075e-01	1.154007e+01	7.253904e-01	2.456713e-01	2.152514e+00	8.185204e-01	1.042631e+00	7.320052e+01	1.433513e+02	2.761938e-01	6.086281e-02	3.531325e-12	
12  107.01	2.322124e+00	1.192882e-01	7.576937e-01	3.053292e+00	9.926157e-01	8.789779e-02	5.918519e-01	1.919454e-01	4.828243e+00	9.948092e-01	1.050328e+01	7.492088e-01	2.457678e-01	2.118255e+00	8.009414e-01	1.043485e+00	7.574440e+01	1.434531e+02	2.528891e-01	7.026753e-02	2.947950e-12	
5  107.902	2.348026e+00	1.205385e-01	7.793916e-01	3.036775e+00	9.964299e-01	8.172926e-02	7.735413e-01	1.931428e-01	4.770692e+00	9.953639e-01	9.935242e+00	7.601203e-01	2.458774e-01	2.084320e+00	7.933994e-01	1.044188e+00	7.794064e+01	1.419938e+02	2.418691e-01	9.030760e-02	2.473489e-12	
1  107.188	2.305205e+00	1.205076e-01	7.486444e-01	3.064043e+00	9.850175e-01	9.070564e-02	5.509211e-01	3.307028e-01	3.495196e+00	9.945401e-01	1.082708e+01	7.408933e-01	2.456970e-01	2.140411e+00	8.096727e-01	1.044049e+00	7.483187e+01	1.435237e+02	2.616521e-01	6.550229e-02	3.282292e-12	
1  105.657	2.322882e+00	1.214216e-01	7.451218e-01	3.057847e+00	9.814297e-01	8.656236e-02	5.477251e-01	4.979271e-01	4.116364e+00	9.936165e-01	1.042231e+01	7.355660e-01	2.457766e-01	2.127203e+00	8.082010e-01	1.043595e+00	7.450142e+01	1.431024e+02	2.674595e-01	6.474727e-02	3.375653e-12	
1  105.264	2.322882e+00	1.214216e-01	7.451218e-01	3.057847e+00	9.814297e-01	8.656236e-02	5.477251e-01	4.979271e-01	4.116364e+00	9.922127e-01	1.042231e+01	7.355660e-01	2.457766e-01	2.127203e+00	8.082010e-01	1.043595e+00	7.450142e+01	1.431024e+02	2.674595e-01	6.474727e-02	3.375653e-12	
2  105.567	2.332649e+00	1.255382e-01	7.660439e-01	3.046905e+00	9.852600e-01	8.037859e-02	8.429508e-01	5.966370e-01	4.168414e+00	9.960923e-01	9.961437e+00	7.412661e-01	2.458192e-01	2.103844e+00	8.094864e-01	1.043989e+00	7.659383e+01	1.405777e+02	2.609131e-01	9.692051e-02	3.037508e-12	
3  106.46	2.322677e+00	1.259097e-01	7.640133e-01	3.050432e+00	9.813526e-01	8.279428e-02	8.530659e-01	6.455295e-01	3.311293e+00	9.953728e-01	1.022074e+01	7.395261e-01	2.457765e-01	2.110441e+00	8.107442e-01	1.043629e+00	7.638514e+01	1.405680e+02	2.627123e-01	9.835549e-02	3.042730e-12	
2  107.267	2.369304e+00	1.246710e-01	7.873218e-01	3.066250e+00	9.883337e-01	9.081249e-02	9.707185e-01	4.785319e-01	3.416259e+00	9.990081e-01	1.074268e+01	7.567545e-01	2.459700e-01	2.142954e+00	8.094528e-01	1.044087e+00	7.862702e+01	1.398523e+02	2.454370e-01	1.102769e-01	3.249909e-12	
5  108.007	2.375137e+00	1.235827e-01	7.789811e-01	3.099723e+00	9.911931e-01	1.081327e-01	8.861419e-01	5.100313e-01	4.735467e+00	9.984130e-01	1.213375e+01	7.539045e-01	2.459924e-01	2.213629e+00	8.221580e-01	1.043285e+00	7.770228e+01	1.404189e+02	2.478084e-01	1.015772e-01	4.098736e-12	
7  108.558	2.381927e+00	1.255118e-01	7.813810e-01	3.085612e+00	9.958464e-01	1.046922e-01	9.683571e-01	5.893008e-01	3.988006e+00	9.953894e-01	1.189532e+01	7.509623e-01	2.460186e-01	2.183547e+00	8.215535e-01	1.043232e+00	7.781886e+01	1.394826e+02	2.495426e-01	1.098770e-01	3.373079e-12	
7  110.842	2.381927e+00	1.255118e-01	7.813810e-01	3.085612e+00	9.958464e-01	1.046922e-01	9.683571e-01	5.893008e-01	3.988006e+00	9.986848e-01	1.189532e+01	7.509623e-01	2.460186e-01	2.183547e+00	8.215535e-01	1.043232e+00	7.781886e+01	1.394826e+02	2.495426e-01	1.098770e-01	3.373079e-12	
4  111.312	2.400264e+00	1.293797e-01	7.819414e-01	3.093483e+00	9.844599e-01	9.787601e-02	1.081877e+00	2.523671e-01	3.602444e+00	1.005733e+00	1.132738e+01	7.426114e-01	2.461037e-01	2.197932e+00	8.294129e-01	1.043735e+00	7.793103e+01	1.378511e+02	2.594805e-01	1.198521e-01	4.379701e-12	
3  111.139	2.391277e+00	1.294482e-01	7.685906e-01	3.109037e+00	9.757333e-01	1.016403e-01	9.630931e-01	5.441892e-01	2.850958e+00	1.005723e+00	1.166788e+01	7.334749e-01	2.460716e-01	2.230352e+00	8.375857e-01	1.044039e+00	7.670287e+01	1.384574e+02	2.699626e-01	1.073697e-01	5.493917e-12	
4  108.58	2.353741e+00	1.244066e-01	7.630920e-01	3.088695e+00	9.846663e-01	9.562650e-02	7.893767e-01	7.911650e-01	3.794958e+00	1.004517e+00	1.116853e+01	7.415791e-01	2.459089e-01	2.190098e+00	8.226171e-01	1.043491e+00	7.620440e+01	1.408684e+02	2.612347e-01	9.053137e-02	4.459088e-12	
3  109.683	2.332353e+00	1.292003e-01	7.540763e-01	3.057214e+00	9.698315e-01	7.980609e-02	8.830371e-01	6.424397e-01	4.153087e+00	1.000691e+00	9.963349e+00	7.245314e-01	2.458251e-01	2.122688e+00	8.183448e-01	1.043069e+00	7.544920e+01	1.395215e+02	2.790122e-01	1.006102e-01	3.720230e-12	
3  110.896	2.312269e+00	1.317608e-01	7.453566e-01	3.062734e+00	9.690160e-01	8.202354e-02	9.143507e-01	2.237659e-01	4.593361e+00	1.000094e+00	1.028077e+01	7.123206e-01	2.457387e-01	2.132674e+00	8.277237e-01	1.042796e+00	7.453886e+01	1.389599e+02	2.903089e-01	1.041325e-01	3.958400e-12	
3  109.758	2.319715e+00	1.286670e-01	7.484475e-01	3.041586e+00	9.664382e-01	6.577776e-02	8.074093e-01	2.066215e-01	4.938787e+00	1.004511e+00	8.661197e+00	7.215773e-01	2.457736e-01	2.092813e+00	8.123525e-01	1.043736e+00	7.513691e+01	1.400779e+02	2.838208e-01	9.231159e-02	3.713121e-12	
7  108.325	2.325343e+00	1.236564e-01	7.346724e-01	3.080118e+00	9.729016e-01	7.627549e-02	5.253107e-01	3.529079e-01	4.802718e+00	1.011533e+00	9.478886e+00	7.226367e-01	2.457951e-01	2.175842e+00	8.229625e-01	1.044356e+00	7.368996e+01	1.425411e+02	2.841472e-01	5.990465e-02	5.233510e-12	
3  107.464	2.306576e+00	1.197267e-01	7.116171e-01	3.100792e+00	9.742763e-01	8.702397e-02	2.369142e-01	2.595601e-01	4.274051e+00	1.009031e+00	1.038700e+01	7.139857e-01	2.457089e-01	2.221667e+00	8.279660e-01	1.043912e+00	7.114463e+01	1.452060e+02	2.928123e-01	2.535892e-02	5.068691e-12	
2  108.053	2.313073e+00	1.192599e-01	7.227681e-01	3.105621e+00	9.806968e-01	8.808478e-02	2.958077e-01	4.124971e-01	4.213177e+00	1.012644e+00	1.045498e+01	7.245421e-01	2.457356e-01	2.232107e+00	8.290524e-01	1.044713e+00	7.228768e+01	1.449546e+02	2.819140e-01	3.230809e-02	5.362386e-12	
1  107.907	2.295137e+00	1.165439e-01	7.101982e-01	3.112137e+00	9.810334e-01	9.152411e-02	1.160321e-01	3.579569e-01	4.507957e+00	1.011350e+00	1.073380e+01	7.215334e-01	2.456539e-01	2.248321e+00	8.288111e-01	1.044891e+00	7.088484e+01	1.468241e+02	2.851724e-01	9.773418e-03	4.532802e-12	
9  108.804	2.295137e+00	1.165439e-01	7.101982e-01	3.112137e+00	9.810334e-01	9.152411e-02	1.160321e-01	3.579569e-01	4.507957e+00	1.012107e+00	1.073380e+01	7.215334e-01	2.456539e-01	2.248321e+00	8.288111e-01	1.044891e+00	7.088484e+01	1.468241e+02	2.851724e-01	9.773418e-03	4.532802e-12	
1  108.351	2.257603e+00	1.170729e-01	6.968773e-01	3.085745e+00	9.683493e-01	8.225123e-02	5.343464e-02	2.748178e-01	3.636322e+00	1.005776e+00	1.006542e+01	7.093798e-01	2.454875e-01	2.193877e+00	8.186760e-01	1.044209e+00	6.948570e+01	1.474348e+02	2.977950e-01	3.161550e-03	2.684040e-12	
4  108.201	2.257603e+00	1.170729e-01	6.968773e-01	3.085745e+00	9.683493e-01	8.225123e-02	5.343464e-02	2.748178e-01	3.636322e+00	1.005654e+00	1.006542e+01	7.093798e-01	2.454875e-01	2.193877e+00	8.186760e-01	1.044209e+00	6.948570e+01	1.474348e+02	2.977950e-01	3.161550e-03	2.684040e-12	
3  108.569	2.311238e+00	1.196304e-01	7.079442e-01	3.121293e+00	9.737502e-01	9.941925e-02	1.870723e-01	2.984958e-01	3.595417e+00	1.006524e+00	1.144192e+01	7.109683e-01	2.457293e-01	2.264629e+00	8.374568e-01	1.044343e+00	7.065702e+01	1.454440e+02	2.953132e-01	1.897968e-02	5.527875e-12	
1  108.367	2.335358e+00	1.209099e-01	7.185387e-01	3.103798e+00	9.760420e-01	8.884872e-02	2.816674e-01	4.490447e-01	3.920409e+00	1.008364e+00	1.048913e+01	7.156968e-01	2.458372e-01	2.226172e+00	8.320046e-01	1.044969e+00	7.186819e+01	1.443293e+02	2.907955e-01	3.025408e-02	5.911802e-12	
1  109.607	2.340982e+00	1.180647e-01	7.095677e-01	3.124863e+00	9.768463e-01	9.877516e-02	1.256398e-01	4.794208e-01	3.848968e+00	1.008235e+00	1.123483e+01	7.152458e-01	2.458604e-01	2.272696e+00	8.353665e-01	1.044747e+00	7.079533e+01	1.458349e+02	2.914196e-01	1.050793e-02	5.762640e-12	
1  109.931	2.311258e+00	1.241272e-01	7.058416e-01	3.104443e+00	9.730306e-01	8.293647e-02	2.944068e-01	5.542624e-01	4.844670e+00	1.011598e+00	1.009090e+01	6.969037e-01	2.457351e-01	2.227663e+00	8.425175e-01	1.044945e+00	7.074422e+01	1.436359e+02	3.103679e-01	3.083396e-02	6.984626e-12	
1  108.611	2.311258e+00	1.241272e-01	7.058416e-01	3.104443e+00	9.730306e-01	8.293647e-02	2.944068e-01	5.542624e-01	4.844670e+00	1.010336e+00	1.009090e+01	6.969037e-01	2.457351e-01	2.227663e+00	8.425175e-01	1.044945e+00	7.074422e+01	1.436359e+02	3.103679e-01	3.083396e-02	6.984626e-12	
2  108.663	2.325702e+00	1.280640e-01	7.173369e-01	3.099560e+00	9.687357e-01	8.597146e-02	5.234253e-01	7.292174e-01	4.520196e+00	1.006384e+00	1.043481e+01	6.964604e-01	2.458019e-01	2.212742e+00	8.431096e-01	1.043919e+00	7.182757e+01	1.414033e+02	3.093058e-01	5.864343e-02	6.766205e-12	
1  109.55	2.266669e+00	1.260935e-01	7.116998e-01	3.111429e+00	9.687550e-01	9.191707e-02	4.617085e-01	7.519591e-01	4.609692e+00	1.008832e+00	1.111469e+01	6.994914e-01	2.455350e-01	2.240583e+00	8.464206e-01	1.043793e+00	7.120731e+01	1.428709e+02	3.066080e-01	5.279913e-02	6.265868e-12	
1  109.673	2.246703e+00	1.243807e-01	7.141758e-01	3.105460e+00	9.701737e-01	9.594995e-02	4.313742e-01	6.455188e-01	4.531845e+00	1.003921e+00	1.151978e+01	7.068599e-01	2.454425e-01	2.228560e+00	8.410671e-01	1.044028e+00	7.137862e+01	1.437125e+02	2.984364e-01	5.038099e-02	5.107078e-12	
1  111.463	2.245008e+00	1.253032e-01	7.140677e-01	3.119782e+00	9.709836e-01	9.806300e-02	4.511795e-01	4.007660e-01	4.335462e+00	1.008328e+00	1.172453e+01	7.049384e-01	2.454338e-01	2.259462e+00	8.502023e-01	1.044601e+00	7.140956e+01	1.433709e+02	3.009705e-01	5.217547e-02	5.994493e-12	
3  114.232	2.226340e+00	1.257543e-01	7.161204e-01	3.117899e+00	9.679584e-01	1.031966e-01	5.258986e-01	5.726833e-01	3.689599e+00	1.004740e+00	1.227326e+01	7.067062e-01	2.453494e-01	2.254818e+00	8.473846e-01	1.043317e+00	7.156850e+01	1.431415e+02	2.986845e-01	6.215131e-02	5.047433e-12	
1  112.911	2.219560e+00	1.225900e-01	7.037497e-01	3.121527e+00	9.739121e-01	1.044106e-01	3.433208e-01	6.173537e-01	3.933082e+00	1.004972e+00	1.229630e+01	7.038789e-01	2.453159e-01	2.265319e+00	8.459389e-01	1.042854e+00	7.025845e+01	1.449109e+02	3.017533e-01	3.977063e-02	4.716864e-12	
2  112.648	2.219560e+00	1.225900e-01	7.037497e-01	3.121527e+00	9.739121e-01	1.044106e-01	3.433208e-01	6.173537e-01	3.933082e+00	9.993173e-01	1.229630e+01	7.038789e-01	2.453159e-01	2.265319e+00	8.459389e-01	1.042854e+00	7.025845e+01	1.449109e+02	3.017533e-01	3.977063e-02	4.716864e-12	
5  109.964	2.252521e+00	1.212919e-01	7.345632e-01	3.072189e+00	9.881769e-01	8.814331e-02	5.191746e-01	9.668274e-01	4.158308e+00	9.970218e-01	1.077579e+01	7.304600e-01	2.454658e-01	2.159347e+00	8.199266e-01	1.043534e+00	7.342519e+01	1.440256e+02	2.723197e-01	6.125861e-02	3.558489e-12	
1  108.236	2.266938e+00	1.199549e-01	7.283042e-01	3.065245e+00	9.754958e-01	8.165331e-02	4.077504e-01	9.391763e-01	4.101335e+00	9.962909e-01	1.010378e+01	7.281481e-01	2.455325e-01	2.146022e+00	8.111070e-01	1.043561e+00	7.282149e+01	1.447804e+02	2.764890e-01	4.831825e-02	3.034005e-12	
2  109.034	2.275569e+00	1.179050e-01	7.306042e-01	3.086615e+00	9.767167e-01	9.315600e-02	3.509227e-01	9.362557e-01	4.269846e+00	9.963269e-01	1.103057e+01	7.345595e-01	2.455684e-01	2.190869e+00	8.144314e-01	1.043836e+00	7.288488e+01	1.455348e+02	2.697566e-01	4.142769e-02	2.924887e-12	
3  109.492	2.275569e+00	1.179050e-01	7.306042e-01	3.086615e+00	9.767167e-01	9.315600e-02	3.509227e-01	9.362557e-01	4.269846e+00	9.959309e-01	1.103057e+01	7.345595e-01	2.455684e-01	2.190869e+00	8.144314e-01	1.043836e+00	7.288488e+01	1.455348e+02	2.697566e-01	4.142769e-02	2.924887e-12	
1  108.939	2.280458e+00	1.216780e-01	7.272087e-01	3.081457e+00	9.698272e-01	8.753426e-02	4.506188e-01	9.537939e-01	4.041346e+00	9.965763e-01	1.061100e+01	7.228167e-01	2.455942e-01	2.178327e+00	8.194712e-01	1.043279e+00	7.265960e+01	1.439816e+02	2.822017e-01	5.302814e-02	3.779893e-12	
3  107.457	2.263096e+00	1.206370e-01	7.213132e-01	3.058734e+00	9.774808e-01	7.825356e-02	3.764032e-01	8.725163e-01	4.057766e+00	9.948151e-01	9.824541e+00	7.209203e-01	2.455161e-01	2.132773e+00	8.125516e-01	1.043427e+00	7.218891e+01	1.447720e+02	2.836617e-01	4.435299e-02	3.235678e-12	
1  107.803	2.261925e+00	1.170237e-01	7.125916e-01	3.075441e+00	9.761531e-01	8.492632e-02	1.842063e-01	6.974711e-01	3.906063e+00	9.951993e-01	1.032171e+01	7.226719e-01	2.455077e-01	2.169596e+00	8.124876e-01	1.043866e+00	7.111455e+01	1.467325e+02	2.825091e-01	2.065937e-02	2.621720e-12	
1  107.435	2.256172e+00	1.181685e-01	7.006960e-01	3.083631e+00	9.842312e-01	9.321340e-02	1.312548e-01	8.728916e-01	3.989873e+00	9.901886e-01	1.109113e+01	7.095792e-01	2.454828e-01	2.184801e+00	8.240058e-01	1.043538e+00	6.992845e+01	1.467251e+02	2.943408e-01	1.346187e-02	3.621350e-12	
6  107.621	2.235086e+00	1.176941e-01	6.977838e-01	3.066277e+00	9.780254e-01	8.127257e-02	1.065938e-01	7.772785e-01	3.897413e+00	9.926813e-01	1.009214e+01	7.089980e-01	2.453870e-01	2.151206e+00	8.151164e-01	1.043569e+00	6.968906e+01	1.472273e+02	2.961492e-01	1.062134e-02	2.656886e-12	
4  107.11	2.273938e+00	1.214160e-01	7.270654e-01	3.057693e+00	9.799996e-01	8.216302e-02	4.391898e-01	9.908960e-01	3.625996e+00	9.914823e-01	1.017659e+01	7.231467e-01	2.455648e-01	2.128741e+00	8.131077e-01	1.043354e+00	7.270806e+01	1.441466e+02	2.803800e-01	5.198704e-02	3.308945e-12	
7  106.802	2.287692e+00	1.234748e-01	7.208421e-01	3.095069e+00	9.774845e-01	9.365124e-02	4.327540e-01	7.931074e-01	3.425144e+00	9.955893e-01	1.116801e+01	7.129560e-01	2.456263e-01	2.205667e+00	8.342779e-01	1.043941e+00	7.204173e+01	1.434662e+02	2.912150e-01	5.003005e-02	5.085937e-12	
4  108.004	2.308248e+00	1.287106e-01	7.456726e-01	3.093983e+00	9.780192e-01	9.519853e-02	7.969015e-01	7.471121e-01	3.887495e+00	9.970873e-01	1.138983e+01	7.203045e-01	2.457173e-01	2.200068e+00	8.389070e-01	1.043991e+00	7.448257e+01	1.402209e+02	2.822091e-01	9.147456e-02	4.972521e-12	
1  106.771	2.308248e+00	1.287106e-01	7.456726e-01	3.093983e+00	9.780192e-01	9.519853e-02	7.969015e-01	7.471121e-01	3.887495e+00	9.989925e-01	1.138983e+01	7.203045e-01	2.457173e-01	2.200068e+00	8.389070e-01	1.043991e+00	7.448257e+01	1.402209e+02	2.822091e-01	9.147456e-02	4.972521e-12	
8  107.738	2.291853e+00	1.283627e-01	7.294887e-01	3.105224e+00	9.743015e-01	9.132511e-02	6.394792e-01	9.402497e-01	4.521581e+00	1.004090e+00	1.105712e+01	7.081516e-01	2.456488e-01	2.225107e+00	8.472757e-01	1.044804e+00	7.295599e+01	1.411660e+02	2.961986e-01	7.300592e-02	6.267052e-12	
1  106.565	2.338767e+00	1.202904e-01	7.359933e-01	3.091666e+00	9.802226e-01	8.854315e-02	3.826658e-01	8.523761e-01	4.346343e+00	1.000828e+00	1.046741e+01	7.310526e-01	2.458495e-01	2.199831e+00	8.235899e-01	1.045603e+00	7.358643e+01	1.439845e+02	2.742551e-01	4.328279e-02	5.008147e-12	
4  107.13	2.338767e+00	1.202904e-01	7.359933e-01	3.091666e+00	9.802226e-01	8.854315e-02	3.826658e-01	8.523761e-01	4.346343e+00	9.999817e-01	1.046741e+01	7.310526e-01	2.458495e-01	2.199831e+00	8.235899e-01	1.045603e+00	7.358643e+01	1.439845e+02	2.742551e-01	4.328279e-02	5.008147e-12	
4  106.103	2.343860e+00	1.215509e-01	7.396850e-01	3.086677e+00	9.765709e-01	9.325509e-02	4.818049e-01	6.323549e-01	4.961627e+00	9.943620e-01	1.089962e+01	7.306111e-01	2.458701e-01	2.187331e+00	8.201925e-01	1.044133e+00	7.390916e+01	1.431542e+02	2.736736e-01	5.593848e-02	4.558216e-12	
1  105.625	2.339254e+00	1.249672e-01	7.448898e-01	3.068041e+00	9.828496e-01	8.863319e-02	6.437714e-01	8.113927e-01	3.549719e+00	9.913212e-01	1.063355e+01	7.265868e-01	2.458498e-01	2.146840e+00	8.211094e-01	1.043824e+00	7.441440e+01	1.415399e+02	2.759247e-01	7.435676e-02	4.145274e-12	
1  106.734	2.359964e+00	1.226560e-01	7.525661e-01	3.065148e+00	9.944494e-01	8.975911e-02	6.166496e-01	6.999782e-01	3.706168e+00	9.911706e-01	1.061891e+01	7.368793e-01	2.459334e-01	2.141866e+00	8.160439e-01	1.044149e+00	7.513114e+01	1.420044e+02	2.649131e-01	7.114836e-02	3.970994e-12	
1  107.137	2.359964e+00	1.226560e-01	7.525661e-01	3.065148e+00	9.944494e-01	8.975911e-02	6.166496e-01	6.999782e-01	3.706168e+00	9.907392e-01	1.061891e+01	7.368793e-01	2.459334e-01	2.141866e+00	8.160439e-01	1.044149e+00	7.513114e+01	1.420044e+02	2.649131e-01	7.114836e-02	3.970994e-12	
1  106.84	2.343457e+00	1.199107e-01	7.392908e-01	3.076994e+00	9.870813e-01	9.128601e-02	4.104932e-01	7.756075e-01	3.408315e+00	9.919622e-01	1.071414e+01	7.340074e-01	2.458660e-01	2.167623e+00	8.167283e-01	1.044760e+00	7.386561e+01	1.438976e+02	2.693759e-01	4.756140e-02	4.303702e-12	
4  107.383	2.369630e+00	1.184692e-01	7.456361e-01	3.092294e+00	9.960763e-01	9.808264e-02	4.117330e-01	7.633569e-01	3.324666e+00	9.947841e-01	1.116382e+01	7.415409e-01	2.459747e-01	2.199716e+00	8.192243e-01	1.044643e+00	7.443684e+01	1.439701e+02	2.614276e-01	4.718133e-02	4.810074e-12	
2  107.926	2.340998e+00	1.179983e-01	7.203664e-01	3.100982e+00	9.930682e-01	9.921415e-02	2.170495e-01	4.369931e-01	2.712621e+00	9.940392e-01	1.131855e+01	7.242296e-01	2.458547e-01	2.219320e+00	8.274325e-01	1.044434e+00	7.193674e+01	1.453592e+02	2.792715e-01	2.308899e-02	5.250851e-12	
2  107.908	2.361791e+00	1.165901e-01	7.494487e-01	3.072835e+00	1.001178e+00	8.615292e-02	3.735618e-01	4.882973e-01	2.657249e+00	9.979775e-01	1.013832e+01	7.489429e-01	2.459407e-01	2.161025e+00	8.082864e-01	1.045418e+00	7.495680e+01	1.447231e+02	2.547453e-01	4.276251e-02	4.268463e-12	
1  107.648	2.361791e+00	1.165901e-01	7.494487e-01	3.072835e+00	1.001178e+00	8.615292e-02	3.735618e-01	4.882973e-01	2.657249e+00	9.982505e-01	1.013832e+01	7.489429e-01	2.459407e-01	2.161025e+00	8.082864e-01	1.045418e+00	7.495680e+01	1.447231e+02	2.547453e-01	4.276251e-02	4.268463e-12	
2  108.511	2.349254e+00	1.156043e-01	7.401860e-01	3.087956e+00	9.975593e-01	9.898415e-02	2.755078e-01	7.659323e-01	3.383562e+00	9.922565e-01	1.123833e+01	7.446147e-01	2.458864e-01	2.191609e+00	8.131112e-01	1.045049e+00	7.388039e+01	1.456513e+02	2.581877e-01	3.160019e-02	3.998874e-12	
1  108.796	2.333898e+00	1.220670e-01	7.451198e-01	3.083787e+00	9.986453e-01	1.000078e-01	5.556653e-01	6.693617e-01	4.117914e+00	9.907929e-01	1.155964e+01	7.338889e-01	2.458197e-01	2.181365e+00	8.261939e-01	1.044241e+00	7.433156e+01	1.427038e+02	2.670665e-01	6.463455e-02	4.290084e-12	
2  109.283	2.318568e+00	1.215716e-01	7.330879e-01	3.069870e+00	1.000736e+00	8.800690e-02	4.471772e-01	9.460348e-01	3.097766e+00	9.935907e-01	1.056179e+01	7.257935e-01	2.457569e-01	2.154063e+00	8.237466e-01	1.044490e+00	7.319445e+01	1.434835e+02	2.756900e-01	5.108750e-02	4.403678e-12	
1  110.451	2.333568e+00	1.196831e-01	7.423469e-01	3.081713e+00	1.005393e+00	9.841324e-02	4.529677e-01	4.798439e-01	2.257334e+00	9.917002e-01	1.136508e+01	7.374028e-01	2.458165e-01	2.178073e+00	8.226457e-01	1.044645e+00	7.407491e+01	1.438107e+02	2.636049e-01	5.236706e-02	4.332579e-12	
3  108.825	2.361515e+00	1.269442e-01	7.687669e-01	3.072473e+00	9.955712e-01	9.510912e-02	8.709064e-01	5.169755e-01	2.171442e+00	9.915260e-01	1.120028e+01	7.392980e-01	2.459371e-01	2.156053e+00	8.263177e-01	1.045099e+00	7.656660e+01	1.397557e+02	2.608916e-01	9.867378e-02	3.514451e-12	
3  108.205	2.361515e+00	1.269442e-01	7.687669e-01	3.072473e+00	9.955712e-01	9.510912e-02	8.709064e-01	5.169755e-01	2.171442e+00	9.924764e-01	1.120028e+01	7.392980e-01	2.459371e-01	2.156053e+00	8.263177e-01	1.045099e+00	7.656660e+01	1.397557e+02	2.608916e-01	9.867378e-02	3.514451e-12	
3  108.101	2.371385e+00	1.241759e-01	7.666253e-01	3.067163e+00	9.901604e-01	8.995992e-02	7.355656e-01	3.871298e-01	3.023660e+00	9.929058e-01	1.064267e+01	7.434221e-01	2.459815e-01	2.145256e+00	8.173480e-01	1.045537e+00	7.655252e+01	1.409741e+02	2.587553e-01	8.421610e-02	4.016397e-12	
2  106.483	2.380785e+00	1.231148e-01	7.595933e-01	3.042580e+00	9.845836e-01	7.140612e-02	6.330137e-01	3.481127e-01	2.747916e+00	9.957607e-01	8.928039e+00	7.405680e-01	2.460293e-01	2.096902e+00	8.047853e-01	1.045504e+00	7.613357e+01	1.415744e+02	2.644562e-01	7.211459e-02	3.755634e-12	
1  106.758	2.327435e+00	1.236104e-01	7.212093e-01	3.056140e+00	9.771683e-01	7.438610e-02	3.724287e-01	5.691091e-01	2.798592e+00	9.932908e-01	9.340128e+00	7.108843e-01	2.458052e-01	2.125316e+00	8.197325e-01	1.045060e+00	7.228467e+01	1.432418e+02	2.941666e-01	4.202195e-02	4.569145e-12	
2  108.405	2.331957e+00	1.228220e-01	7.253953e-01	3.044697e+00	9.819982e-01	6.443977e-02	3.575955e-01	5.816628e-01	4.057472e+00	9.975771e-01	8.371050e+00	7.160867e-01	2.458239e-01	2.104574e+00	8.151218e-01	1.046195e+00	7.291038e+01	1.434113e+02	2.899553e-01	3.949460e-02	4.467318e-12	
1  108.668	2.283165e+00	1.237302e-01	7.079023e-01	3.079826e+00	9.709324e-01	7.551381e-02	2.805388e-01	5.107308e-01	4.121115e+00	1.001515e+00	9.534945e+00	7.007191e-01	2.456094e-01	2.176991e+00	8.331633e-01	1.045947e+00	7.101292e+01	1.441375e+02	3.062504e-01	3.044192e-02	5.498154e-12	
1  108.626	2.316806e+00	1.217504e-01	7.398261e-01	3.080391e+00	9.841141e-01	8.498054e-02	4.577664e-01	7.491458e-01	3.499772e+00	9.999836e-01	1.028578e+01	7.312059e-01	2.457528e-01	2.176028e+00	8.244807e-01	1.046235e+00	7.402383e+01	1.434600e+02	2.731316e-01	5.254292e-02	4.852769e-12	
3  108.762	2.302406e+00	1.203408e-01	7.428451e-01	3.070417e+00	9.869743e-01	7.984133e-02	4.488281e-01	7.678668e-01	2.590798e+00	1.001872e+00	9.853518e+00	7.373581e-01	2.456884e-01	2.156908e+00	8.174750e-01	1.046281e+00	7.438351e+01	1.440289e+02	2.671467e-01	5.188159e-02	4.229268e-12	
