142.72335252431958
142.9706255911003
143.63934539821315
143.29996492335627
143.53819075258812
143.7653217139748
144.09256589819867
144.30890954273923
144.6635132952041
144.46734611879032
143.71582007966788
143.99661837078924
143.87212995202674
143.6362501719978
143.3716914885155
143.67181734902957
143.9950392656396
143.63183228546288
143.39007146197926
143.94965805118412
143.96772543684486
143.64660642951594
143.34206984156276
143.42886077449833
143.58357820318068
142.9747589387795
142.50314416942268
142.62791682316515
143.21566202039895
143.05393356921533
144.0395146065714
143.16706922614475
142.46054652967288
141.9616553217656
141.6951249905375
141.92997984185936
142.22836339758348
141.8335457376349
142.20059255442254
141.7192075462275
142.3615127148564
142.51804379577962
142.0074635145896
141.68614037185498
141.68614037185498
142.8165708157113
142.67997130055716
142.75920143429508
142.46785564844706
143.3292716515028
143.49854177358372
143.79546129634048
143.65343482915412
142.86215520436045
143.22078485080212
143.13550000679012
143.69020447158073
143.91759469987494
143.75660972725618
144.16280746620757
143.98154675820493
144.17386844932662
143.66406011082933
143.36121747517313
142.64654405527142
142.59555894180977
142.91159608139242
142.42017463426248
142.0200278381971
141.5839601053175
141.58114263933427
142.32701742437342
142.71624623304905
142.97776047596045
142.92305596469905
142.8947623469765
142.93865229402778
142.98946784957062
143.03962213506807
143.36390269098112
143.45975186959308
142.84599489703368
142.30873670985332
144.0359984969656
141.05009259191527
140.83104948846028
138.5794633005168
141.08848320277284
141.96942175091039
141.27364855478828
137.30698058708612
137.6448499933924
138.3072884456697
139.1596360975292
142.42641663236355
144.610389802223
143.55658806760158
142.93703557062508
143.0968605278353
146.99972149694304
144.68401595605607
143.76430825902096
145.2423153993438
146.1838882655769
146.9477233624163
144.77724968284713
145.39835829794055
140.14612446750294
141.48063989799945
143.0449261304891
143.73820936465452
142.65092683723563
142.38113658249065
146.07431631418513
142.99657095709978
143.1157538530976
144.6094158766055
141.57827022937954
143.1008874696045
144.7869440897096
141.19645813074712
142.34837392807185
144.15703301873742
143.59021640110666
142.7871138789878
143.80759259800746
144.1594007612665
148.59202514590314
145.9600703114494
145.7994908294881
145.7994908294881
146.41997714426117
144.71290012538276
143.41530784584336
145.20130602133221
145.9080077542
145.86264057116276
141.00875943437467
143.25679006323512
142.52325399974762
143.26545407046086
144.57667342480107
144.07375040502689
146.4917822941897
144.43634204934668
142.80407213706212
145.03677545800844
144.40431578892
142.97761184599952
142.57663881966036
138.82379111845722
137.67753914527754
142.2549962604972
143.4471824968571
143.18978501516295
142.8163747151687
142.9942934554373
146.4980422892665
147.4082124663063
148.09950149491638
147.6911768301609
144.78494877460068
146.86599884215227
142.74778188259822
142.6123588689343
146.43865954100525
144.28498833091757
141.2876251685966
142.13282245471424
141.46491988753553
142.25660121762542
142.08583312980815
143.02554002056416
143.41539778664927
141.69175314881386
143.4472218077291
144.2679850384635
141.93719517318047
142.0387289601559
142.4774352923779
141.55336668234008
141.56738103025137
141.57130053291252
143.0831652963542
143.86575130837446
146.37725338585597
144.59650000437955
146.5886035790823
144.01429253843006
141.1100204634916
143.34645816450282
142.1741427915081
141.75685805008013
145.19086734806436
146.13498668228016
142.3726769155649
142.4261612560185
141.84090740962753
140.0469902486219
142.06918669548455
144.11160865662353
143.53052789093198
145.59339913782983
145.55068456135072
142.72201646802438
141.5603159123287
141.73028692992585
143.3663204965217
142.5784767175836
142.85887668639506
141.13948432575955
143.31026553676614
142.0546591049116
142.26450964321563
140.09246919850307
142.04759913644097
145.81322886707096
143.653060268724
143.70004579883945
143.6486812545212
144.30899031184012
145.11377347903516
142.84254606785947
143.12458661266677
143.43599639273953
143.43599639273953
143.17832238808998
140.72174312817594
139.71020440147106
138.7358426888362
140.30500314705463
145.01443522320272
147.38160964295457
144.42316166919082
143.8107636452334
143.7960938362577
143.4945125123461
144.95312055294147
145.50512755762782
144.81635546024398
147.20070619836508
141.40653437034337
143.2311320252216
143.9787080569813
145.42038426396059
145.6691508209923
140.0057762819917
143.40141571635107
144.27378059169106
144.12622909669557
143.97187261820594
138.54448874585063
140.80755169651786
140.87888648597956
140.97579134252186
144.03317292700035
144.9787902849393
143.85360207354896
141.8534714984937
143.707336388916
143.33811041817626
143.33288417084893
142.84195963303938
141.94406446828398
146.20856921030608
143.07447950660122
143.99348566362684
144.26012645980578
147.6680090811789
149.45049364590653
148.0524586951677
146.36758292728416
147.67780075149318
144.35177561900073
142.05510826274687
141.4537316592385
143.42351703041285
141.30139688418282
144.09708277620297
146.8151168912275
147.01373529366558
145.5541867185842
144.61695669366435
147.21178449111076
145.4461736933451
141.47928681612197
141.90653681900596
140.14219213471623
144.63957195408636
143.85179159566738
140.02173249315453
139.00514163014842
140.3944752158622
141.70656808041153
144.90274349920435
143.26094155244215
142.84949427356932
144.9910850716804
143.3002103656667
142.67950839702735
144.23536126979297
141.91213087058463
141.0133025364775
140.1650390072491
140.8929154455094
141.4457406566323
140.47289251781635
139.69767413715675
139.1175146481286
144.25854098868703
144.00615496531685
141.45991369638796
138.97066429162456
140.1925217567882
138.49124849314492
139.0172276151489
142.12750068083182
140.71271317163996
140.65959949586096
139.6251914823916
145.57161998781208
144.4323849217097
142.80075685816183
143.75654482828764
139.7709017800779
139.67546528904668
139.31455681558367
139.61031098633183
141.97589918987984
143.5914010393498
146.44991153070518
145.95657864976417
144.9508350377754
142.73694058003224
142.9878229852863
143.42760657027236
143.29996492335627
143.44828074398038
143.7653217139748
144.38436910153305
144.69892712907975
144.6635132952041
143.83583981735768
143.76216082252063
143.69544128355338
143.87212995202674
143.6362501719978
143.30163315999903
143.42500394228304
143.63183228546288
143.24291089285367
143.40250127221518
143.56469700059606
143.7665903668136
143.77467679050324
143.7346197073645
143.42886077449833
143.33398939753587
142.9747589387795
143.36365650148147
142.3763059530387
142.62791682316515
143.7471566216283
143.7973892766205
143.16706922614475
141.97143871321458
142.43421435322367
141.88033337900015
142.00000218957143
142.22836339758348
142.1876707632318
142.20059255442254
141.76544441462866
141.85848372673817
142.51804379577962
142.0074635145896
141.68614037185498
142.0461874174988
142.38684757308792
142.49254334292235
143.05108773864563
142.84627163093137
143.49854177358372
143.35607292002425
143.60839079813456
144.0121672083634
143.30176659207152
143.22078485080212
143.46981075308662
143.76350888442772
143.52867929860676
143.86945947765832
143.63665828251783
143.98154675820493
143.53183667223075
143.82953123066773
143.29013486560154
143.03256109742205
142.97903859268726
142.42017463426248
142.58754613188984
141.88098684446135
141.5839601053175
141.8792710383241
142.72316099572404
142.71624623304905
143.0653105753869
142.8947623469765
142.77506511401558
142.93865229402778
143.00601961119
143.47173552055233
143.2668651896766
143.20851329780598
143.29421452046313
142.84599489703368
142.82834742585823
142.356711866588
141.64149122748543
140.0549019766209
143.16464206583044
143.48582059941646
141.2479489248555
136.76062277456057
138.2923011292461
138.3072884456697
140.4496758766631
143.3871307275839
144.40324100153643
142.73883700661506
142.41728311114636
145.30383381702916
146.99972149694304
144.68401595605607
142.53812041295683
145.07394182345274
146.08808165508492
146.9477233624163
145.88912190223476
142.1494943173938
141.98050923451746
140.14612446750294
142.43567768195643
142.4226636743757
142.72639614356754
142.62331568363476
143.28243302621465
143.84468498439117
142.60663569089192
144.14313144393458
141.44042663383644
144.7241011581003
146.75798776906498
144.11604277879027
140.14048380355695
143.45640843348195
142.01592141121085
142.0918046394036
144.2220659329169
145.84451021907384
148.59202514590314
146.72166035100696
145.9600703114494
146.0549164076265
146.41997714426117
145.47906761462485
146.11329405293733
146.31024301877318
147.1547218072234
143.838078100586
141.85094014757175
143.25679006323512
142.13638383211867
142.52325399974762
142.6240383916641
146.117804236381
145.2238390021063
144.43634204934668
145.03677545800844
140.9207438237848
141.80568688020026
144.06609696979103
142.60675192004223
140.75030921117454
138.46229309722798
144.73712016050803
142.2549962604972
142.0456509191317
141.94025894149797
143.95486200710113
146.50361246565222
146.30422670876837
148.00492558534467
147.2506574368264
147.11228021718057
145.83525055436948
144.15928892668612
142.6123588689343
143.5878559732192
142.19200502115973
141.6390972896752
142.59258423489194
141.15515112791385
142.25660121762542
144.49255181466356
144.49255181466356
145.26419967408427
141.55782411736166
143.1281661936303
144.2679850384635
142.0387289601559
141.52574972768093
139.8450456565411
141.56738103025137
142.1027043012697
142.83401487328086
143.0831652963542
143.86575130837446
145.93353088608637
144.59650000437955
144.77402399829816
141.76159298905952
141.92275574888697
141.63778458690763
142.1741427915081
143.3711528049667
144.52398931170734
144.56328866842938
142.73128991237354
142.2551419078345
142.8238520245241
139.1849873230433
141.97685260492457
143.16498749856524
146.07288718999376
145.93660684659423
143.89859167148157
142.72201646802438
141.87075602381205
143.0539762043105
142.9632270675212
142.5784767175836
140.31571747865107
140.52651816297472
143.03928735880163
143.2091684615609
140.45598655533476
141.0048673636291
144.34217717450022
145.2998156070313
143.1774336722095
143.73868440623602
145.36524621825717
145.94278819531178
144.3684891400321
140.72604817811708
144.3647182880684
144.12643911933424
142.0990410249934
143.17832238808998
140.0222809793789
139.71020440147106
141.03967967605044
139.72612987107635
142.70466901601688
146.79630548566058
147.38160964295457
145.8499610328917
141.64638752335688
143.23945077348645
144.09392989174825
145.50512755762782
146.6968588627779
144.2063288343217
140.46130059896382
144.06395083939367
144.05974684909864
144.80315834951537
142.86783229204778
143.94196559479002
141.15164814072335
143.57848744434764
144.4154224363168
143.97187261820594
139.22008646666586
140.98857968661952
140.91859424392902
142.21013239300757
145.1279856048125
145.50037280841482
143.85360207354896
144.35811925094183
142.89509844287494
144.18308363788114
142.45908709398637
142.10019923464444
142.4730668668369
144.6291165509667
143.07447950660122
143.60584371455863
144.26012645980578
145.77779077088644
148.64852730360903
148.52301201146253
146.36758292728416
147.67780075149318
144.35177561900073
141.4537316592385
142.8702415396014
143.42415353608715
141.30139688418282
145.83251888156235
146.23371274156946
145.53231828281716
145.53231828281716
144.61695669366435
147.03131166346796
145.4461736933451
142.68153863393744
141.7406032951608
142.9654132856549
141.52237883021314
140.03548282581883
138.2492201558875
139.29073998453555
139.3648726251414
141.70656808041153
142.9741309105695
146.245549770476
143.26094155244215
142.24354394074922
143.26731472854217
140.62486285260619
144.23536126979297
141.04835891494147
141.0133025364775
141.54643883411165
139.481736636282
141.99650150441548
141.6842865528774
140.47289251781635
140.85981154606068
144.25854098868703
142.66938672636692
138.79910279394272
138.70820348027453
139.755852888025
138.49124849314492
138.16047077626712
139.91314717625562
140.53490269978107
141.72831542808007
146.698613594377
145.88618240482938
144.80996783427116
142.80075685816183
144.96704664121742
138.08035137393722
139.67546528904668
139.516896289795
141.12790470270863
143.3293531002122
147.34660271138736
145.06188695921048
146.19709264903128
145.0226971106584
142.72335252431958
142.9878229852863
143.63934539821315
143.4992290759247
143.44828074398038
144.09256589819867
144.30890954273923
144.7741108731809
144.3392822924695
144.6088170768606
143.76216082252063
143.69544128355338
143.87212995202674
143.8006624937696
143.42500394228304
143.67181734902957
143.9139604793188
143.24291089285367
143.40250127221518
143.94965805118412
143.6095770373379
143.77467679050324
143.84834928672393
143.42886077449833
143.6498215596679
142.93972230391657
142.50314416942268
142.50925234059642
143.21566202039895
143.05393356921533
143.63598701375793
142.89774273414946
142.46054652967288
141.9831934299112
141.88033337900015
141.6951249905375
142.5236589307127
142.22836339758348
141.92763474557154
141.58978727419662
142.18900549469242
142.7003499316742
142.0074635145896
141.58799951437086
142.52595591199395
142.49254334292235
142.4861639984446
142.67997130055716
142.84627163093137
142.94416654087615
143.35607292002425
143.79546129634048
143.44334007356514
142.7328729119994
142.86215520436045
143.38533076845374
143.76350888442772
143.86945947765832
143.63665828251783
143.89985612547383
143.98287078041454
143.53183667223075
143.84487091086584
143.29013486560154
142.80690946231678
142.64654405527142
142.97903859268726
142.25122003155172
142.0200278381971
141.5671410465156
141.8792710383241
142.471364621207
142.97776047596045
143.0653105753869
142.92305596469905
143.04677654381243
142.93489384103492
143.19667993948167
143.734164473645
142.75495487307643
143.06627921031935
142.96909431048192
142.7276318422921
144.0359984969656
141.36470409410896
141.05009259191527
140.47893225117355
143.16464206583044
141.21490824553766
137.32318138601454
139.59723540562157
138.2314015348689
138.3990079178064
140.14882165288637
145.50287153979883
144.15946387894124
144.40324100153643
143.0968605278353
144.47032496478946
146.08753153635553
142.54126501853244
143.76430825902096
145.44296759282975
145.2423153993438
146.4982492369609
147.45000219518087
143.23644907437176
141.98050923451746
140.4487987693459
142.43567768195643
143.73820936465452
142.65092683723563
143.20606363494048
143.28243302621465
142.0003777934887
142.96474676886442
144.14313144393458
140.06798131219833
142.15375002406552
146.93472595310854
142.15678934208992
140.14048380355695
143.45640843348195
142.01592141121085
142.7871138789878
143.14230648452138
143.55018964864374
148.5614632424877
145.94888810524887
144.62382690845365
146.7988496405501
145.72583018198404
145.47906761462485
143.31050032545477
144.9558084883238
147.1547218072234
143.64879322930753
140.83613195062057
141.6566264399151
141.5187579010471
142.9739311066674
143.78674395874714
143.08467144722462
146.117804236381
144.02939620498486
143.88064815126037
141.67775044478168
143.40187011552513
143.60303760768375
143.40706458619016
137.76097608199296
139.15615840927666
144.496118851275
143.54485837710027
142.73181739708153
141.05496453941456
145.45516217237454
147.102415279686
146.30422670876837
147.8393473520895
147.2506574368264
147.11228021718057
145.83525055436948
142.74778188259822
141.34121975628813
143.7750341173989
143.1102319524073
141.45911989756723
140.4506795234375
141.85149689249747
141.46491988753553
143.60121674094805
144.49255181466356
141.9446276070358
141.889683374894
141.69175314881386
142.83032855631794
142.0387289601559
142.23415314751287
139.8450456565411
142.98433229139974
142.3028119291175
142.83401487328086
141.83142328647983
143.65203693583948
143.49317062049315
143.62391608020445
144.33971712802122
141.76159298905952
141.92275574888697
141.63778458690763
142.64607046463215
144.75098123324562
145.19086734806436
144.69149714115787
142.98315032556033
140.8340009651493
141.73297771009524
139.33812682513297
140.76243045520528
141.97685260492457
146.07288718999376
145.84054262489724
144.26310360955262
143.30222596488676
141.87075602381205
139.92698855641277
142.9632270675212
140.95331342970087
140.70388301108318
141.13948432575955
140.60078881815625
143.03928735880163
142.26450964321563
140.09246919850307
144.96683876646458
144.9670118114318
143.91949035229322
142.6542731744874
145.95492572562773
144.30899031184012
143.7767836378269
140.89744683360163
145.9385647253921
143.0099081060645
143.51274039504335
143.5786059626743
140.75079156155473
140.58961532653527
138.15976959977021
139.21061857084337
145.24819100755124
146.79630548566058
145.46542998066246
143.8107636452334
143.0211414196307
144.95312055294147
144.7998350562913
144.01767413188986
146.720718244143
143.5767311056863
140.46130059896382
144.06395083939367
141.70502797584012
144.80315834951537
143.6541196687374
140.0057762819917
141.7680395826544
143.61782736845643
143.89490168929558
140.96199998779238
140.80755169651786
138.31515749191803
141.68974013097684
141.64224412002017
145.1279856048125
145.44859961545814
143.4922730633188
141.8534714984937
142.9762081265622
144.18308363788114
143.33288417084893
143.8832655090165
142.4730668668369
146.20856921030608
142.4846759044189
143.60584371455863
143.99348566362684
147.5800233263793
149.45049364590653
148.8533075748962
147.6610860244003
147.6610860244003
145.20031770539578
141.29316074817547
143.42415353608715
141.66138214402005
143.29864559477014
144.5210489932807
146.9748302551909
147.1282085253129
144.68090249262366
146.212213083747
145.96710519719207
146.99865428630596
142.17231013774676
144.5555120391328
141.52237883021314
144.63957195408636
142.6513207973881
140.02173249315453
139.59607489427503
140.51730195734825
143.39592407140987
143.40541914772382
144.61753258875598
142.84949427356932
143.23677998545895
144.7439197453461
144.70658478404496
143.0396123080777
140.76439601856248
141.642246573217
141.54643883411165
139.481736636282
141.99650150441548
141.68352837508422
139.69767413715675
142.11216391417082
143.3803782355732
144.00615496531685
138.5947091277287
138.97066429162456
140.53167530287166
139.4327877269175
137.75110551478764
138.91856707063488
140.5444770053554
141.72831542808007
142.83091004614408
144.4323849217097
143.76231508087167
142.44450802497857
142.72313723130057
138.0803139693993
139.2939423217123
139.6372171733022
139.83875817678273
143.4153652031596
146.95746674652483
145.3517268045625
145.95657864976417
