# omega_b	omega_cdm	h	ln10^{10}A_s	n_s	tau_reio	delta_Neff_drmd	f_idm_drmd	log10z_stop
0.02288382	0.1266851	0.7097359	3.067269	0.9677834	0.06731816	0.4447247	0.9545357	4.515661
0.022843659	0.125632	0.7178653	3.056368	0.9706318	0.06721625	0.4559711	0.9363597	4.395449
0.0226811	0.1243922	0.7102255	3.063215	0.9745542	0.07461849	0.4147951	0.9275298	4.37695
0.02267232	0.1259969	0.7078941	3.072598	0.970673	0.07554705	0.4047074	0.948481	4.457821
0.02276374	0.1241202	0.7172296	3.078724	0.9768588	0.08389377	0.4323189	0.9469502	4.424349
0.022932438	0.1234805	0.713896	3.067933	0.9748823	0.07911939	0.3790561	0.929867	4.424156
0.02313007	0.1212119	0.7252944	3.065271	0.9826815	0.08188018	0.3854222	0.9253187	4.365017
0.023157788	0.1197583	0.7345906	3.076285	0.9880762	0.08618229	0.4110763	0.9079016	4.270883
0.023097701	0.1192176	0.731777	3.073078	0.9918829	0.08147506	0.3787436	0.9263283	4.196859
0.02289526	0.1204092	0.731918	3.093803	0.9887595	0.09221842	0.402424	0.9420721	4.194792
0.02299141	0.1221403	0.7256389	3.075612	0.9821107	0.08510992	0.4477517	0.9531036	4.189655
0.022791099	0.123326	0.7137846	3.049769	0.9834158	0.071892	0.3699168	0.9597107	4.200466
0.02283786	0.122895	0.7206532	3.061007	0.9840237	0.07562308	0.4088512	0.9554935	4.218396
0.022667041	0.1225253	0.7332989	3.086061	0.9843462	0.08686938	0.5186475	0.9667498	4.295425
0.02273266	0.1230729	0.7333964	3.080283	0.9816985	0.08262967	0.5312785	0.9459258	4.304305
0.02276688	0.122117	0.7312682	3.092074	0.9831013	0.09219158	0.510019	0.9536623	4.36178
0.02290658	0.1214205	0.7294383	3.068186	0.9774937	0.0794391	0.4457392	0.9442482	4.316201
0.02314829	0.1209103	0.7431187	3.066422	0.9763492	0.07936199	0.4956196	0.93974	4.270132
0.022996048	0.1228186	0.729191	3.064892	0.979572	0.07531893	0.4802636	0.8802402	4.250174
0.02301331	0.1217627	0.728805	3.071506	0.9819203	0.07988097	0.4128494	0.8543174	4.319456
0.02294598	0.1216061	0.7336273	3.047963	0.9811027	0.07196888	0.4324997	0.8693517	4.285467
0.02279165	0.1225728	0.7265302	3.074891	0.9763519	0.08564165	0.4851999	0.9112451	4.276335
0.02279732	0.1235044	0.7269786	3.055494	0.9734258	0.07081562	0.49947	0.9140893	4.275662
0.022765491	0.1233572	0.7302386	3.062224	0.9761765	0.07545772	0.4959882	0.9165317	4.305484
0.02301383	0.1221018	0.7286525	3.060338	0.980017	0.07639884	0.4728613	0.8912514	4.329559
0.02307321	0.1222941	0.7460178	3.045813	0.9832339	0.07188876	0.5805153	0.933822	4.35599
0.023180958	0.1227286	0.7546514	3.04888	0.9804496	0.06971637	0.6354883	0.9128649	4.275491
0.02340253	0.121133	0.76401	3.036264	0.9858923	0.0604381	0.6425997	0.8936215	4.178135
0.023356399	0.1201982	0.7554916	3.033051	0.9878324	0.06098359	0.575567	0.8921857	4.125024
0.023248259	0.1205805	0.7617743	3.027086	0.9883995	0.0588094	0.6147933	0.8767937	4.071954
0.02341475	0.1186726	0.7457596	3.012122	0.9919362	0.05899294	0.4676578	0.8771445	4.00682
0.023193449	0.121769	0.7438942	3.022955	0.9786864	0.05782972	0.5390461	0.9065001	4.122708
0.02326808	0.1245674	0.7365809	3.027385	0.9685829	0.05527766	0.526331	0.8914954	4.082842
0.023336029	0.1250085	0.7429819	3.013282	0.9709273	0.0462101	0.5968378	0.8840854	4.174783
0.02297065	0.128066	0.7278207	3.026258	0.9676461	0.05109997	0.5777598	0.9055579	4.168618
0.02309335	0.1269704	0.7234137	3.036461	0.9722895	0.05622359	0.5555196	0.9003834	4.210659
0.023216208	0.1266057	0.7193518	3.052817	0.9726747	0.0605189	0.480971	0.9067797	4.232532
0.0234308	0.1273967	0.7211587	3.060928	0.974688	0.06263722	0.477054	0.9042592	4.213651
0.023382898	0.12602	0.7208571	3.075205	0.9782954	0.06941704	0.4802202	0.9003512	4.190627
0.023313811	0.1275603	0.7215429	3.087993	0.9747155	0.07440108	0.5206405	0.9147105	4.211599
0.02308772	0.1275276	0.7070937	3.060041	0.9716251	0.06379052	0.4324689	0.8910731	4.384325
0.02304311	0.1263637	0.7180248	3.05271	0.9703367	0.06144166	0.4699662	0.8750819	4.443211
0.02285536	0.127529	0.726411	3.048447	0.9677908	0.05751044	0.5636868	0.8873456	4.47645
0.02288052	0.1268367	0.741775	3.023607	0.9703114	0.04802558	0.6660514	0.8947859	4.421938
0.02288052	0.1268367	0.741775	3.023607	0.9703114	0.04802558	0.6660514	0.8947859	4.421938
0.023009459	0.1242921	0.7361257	3.010777	0.9749571	0.04970872	0.5224169	0.8723981	4.333484
0.023021258	0.1246899	0.7337168	3.057121	0.9769306	0.06696244	0.5286403	0.8420053	4.463235
0.023102641	0.1239386	0.7373855	3.059452	0.9817854	0.06729553	0.5327166	0.8377148	4.439786
0.023021419	0.1248174	0.7354707	3.047523	0.9791599	0.06015935	0.568133	0.8764496	4.413555
0.023181168	0.1217686	0.7418031	3.059347	0.9869947	0.07013679	0.5070701	0.8792844	4.373509
0.02314949	0.122096	0.7337555	3.055211	0.9846261	0.07191885	0.4604098	0.8925163	4.295727
0.02313311	0.1215752	0.7256065	3.069349	0.9840889	0.08048945	0.4285405	0.9137955	4.3723
0.022985648	0.1224783	0.7293527	3.092242	0.9831092	0.0900871	0.4445157	0.9014879	4.364163
0.023044059	0.1243375	0.7284459	3.074716	0.9714645	0.08144309	0.5027668	0.9127795	4.471024
0.0230497	0.1231251	0.7262997	3.070542	0.9767954	0.08329808	0.4883633	0.8915018	4.493553
0.02302318	0.1232823	0.7310066	3.049057	0.9744088	0.07407267	0.5042951	0.8839591	4.455001
0.02305752	0.1215049	0.7359732	3.074207	0.9845326	0.09301034	0.4723074	0.9045864	4.483285
0.02309387	0.120615	0.7345365	3.071992	0.9886758	0.09323655	0.4630173	0.91678	4.416189
0.02305752	0.1214582	0.7299139	3.057426	0.989841	0.08120886	0.4603027	0.9276546	4.349808
0.02298696	0.1202372	0.738253	3.063934	0.9965497	0.08526613	0.4551641	0.9093422	4.372603
0.022839861	0.1219155	0.7287718	3.062032	0.9919665	0.07802106	0.437352	0.9151407	4.373318
0.022952931	0.1205972	0.7364177	3.069298	0.9944736	0.08468021	0.4412671	0.9194429	4.322845
0.0229143	0.1210833	0.7356788	3.066678	0.9919935	0.07918604	0.5329387	0.9388511	4.333625
0.023056008	0.1214386	0.7480959	3.056372	0.9961644	0.07450409	0.5465674	0.9156851	4.227974
0.022938818	0.1233098	0.7487329	3.081175	0.9933481	0.08462776	0.6291293	0.8321748	4.194179
0.02316148	0.1217763	0.7582806	3.089427	0.9956078	0.08900688	0.6712476	0.8312459	4.127163
0.023344317	0.1201726	0.761595	3.070564	0.9969414	0.08427313	0.6461748	0.8049282	4.094956
0.023286399	0.1221774	0.7557558	3.059789	0.9939391	0.07779831	0.6591492	0.8024481	4.049949
0.02320204	0.1233572	0.7565075	3.040023	0.9918255	0.06753031	0.7034994	0.8103844	4.009315
0.02318345	0.1239749	0.7620844	3.032358	0.9865229	0.06360472	0.7718064	0.8054176	4.009169
0.023215229	0.1245122	0.7623673	3.01802	0.9826977	0.05460694	0.7360345	0.7862328	4.04486
0.023354508	0.1212015	0.7713644	3.047468	0.9901506	0.07461682	0.7163303	0.8023274	4.107605
0.02339312	0.1205932	0.7642688	3.039929	0.9899607	0.07277409	0.6547001	0.7825588	4.057952
0.02349456	0.1192487	0.7654076	3.041588	0.9920991	0.07671339	0.6469179	0.7886919	4.052285
0.02347683	0.1194301	0.7667483	3.047443	0.9888228	0.07819553	0.6531307	0.7805348	4.133742
0.02332448	0.1207864	0.7632935	3.052968	0.9881563	0.0807862	0.6213094	0.7766601	4.141984
0.02351844	0.1198557	0.7670244	3.051887	0.9873337	0.08213176	0.6174112	0.7903892	4.052077
0.02357529	0.1205674	0.7509506	3.064591	0.9923149	0.08450098	0.5553078	0.8151288	4.083409
0.02332102	0.1212626	0.7444998	3.089877	0.9807632	0.09260806	0.5653524	0.7822001	4.251474
0.023369629	0.1214822	0.7375629	3.100343	0.9788192	0.09779239	0.4726691	0.7876658	4.280313
0.02321155	0.1225435	0.7244327	3.102552	0.9796247	0.1009298	0.4314562	0.7692187	4.21614
0.0232322	0.1237109	0.7300153	3.101301	0.9784289	0.09846095	0.4970352	0.7539115	4.282061
0.02316262	0.1253384	0.7249322	3.084532	0.9746001	0.09206132	0.5435585	0.742168	4.291497
0.02248917	0.1230506	0.7188559	3.059177	0.9711064	0.09013058	0.4456746	0.4288464	2.610503
0.023454549	0.1259118	0.7475957	3.089753	0.9855769	0.1008548	0.7258773	0.5264715	2.090599
0.023445139	0.1265875	0.7448531	3.085114	0.9801196	0.1044024	0.7415484	0.4163187	2.217573
0.02381232	0.1287978	0.7800506	3.056243	0.9916676	0.09419776	1.058232	0.2990009	2.077528
0.02369967	0.1235454	0.7700788	3.045044	0.9931435	0.08764654	0.7867445	0.04836064	2.180556
0.02365551	0.1229891	0.759382	3.041379	0.9808707	0.07054037	0.6300522	0.3696986	2.020434
0.02365066	0.1251524	0.7544732	3.053614	0.9713249	0.07687154	0.6703692	0.4090693	2.821356
0.023912448	0.1291143	0.819811	3.000674	0.9958921	0.06317252	1.322429	0.4045546	4.594225
0.023285309	0.1332799	0.7777508	3.000467	0.9850031	0.06257357	1.167619	0.3978563	4.517827
0.02336332	0.1309232	0.7775889	2.989942	0.9916788	0.05834735	1.115264	0.3977256	4.475382
0.02318414	0.1313351	0.7527374	3.053666	0.971775	0.08031414	0.9343649	0.4195054	4.0907
0.02297731	0.1248547	0.7358005	3.081772	0.9823738	0.08736171	0.5860265	0.262945	3.526958
0.023515338	0.1187246	0.7321809	3.095237	0.990311	0.09562281	0.3227788	0.4053284	4.245817
0.022684628	0.1240129	0.7188843	3.048546	0.9834451	0.07385211	0.4519742	0.4157252	3.776843
0.023070011	0.1239601	0.7264021	3.07093	0.9846121	0.08832485	0.5008054	0.2148795	3.151667
0.0232933	0.122875	0.7293592	3.069072	0.9802369	0.08941108	0.4730648	0.3376922	3.823106
0.022803148	0.1178724	0.6961917	3.024818	0.9740157	0.06285192	0.03663473	0.5246135	3.635598
0.02289841	0.1229705	0.6968588	3.011672	0.9728943	0.05717752	0.2190978	0.5276961	3.71464
0.02340186	0.1206028	0.7365535	3.033206	0.9849037	0.07305692	0.4260872	0.4391562	3.515494
0.02311029	0.1184455	0.7264346	3.020955	0.9815879	0.06459087	0.2960219	0.874619	2.56688
0.023082908	0.1168686	0.7179051	3.084003	0.9844364	0.0895324	0.1934273	0.8367628	3.051793
0.02277493	0.1151547	0.7238427	3.076486	0.986566	0.08928639	0.1990343	0.5776808	2.853961
0.023791028	0.117201	0.737801	3.081249	0.9837198	0.08626029	0.307761	0.9824468	2.821683
0.02303379	0.1182504	0.7254681	3.034991	0.9865809	0.07036282	0.2913799	0.4526473	2.516434
0.02367531	0.1260105	0.7715154	3.053982	0.9949168	0.08209253	0.874261	0.4136862	2.671479
0.023378028	0.125724	0.7423664	3.044001	0.975025	0.07360259	0.6564022	0.2962684	2.92737
0.022915129	0.1254182	0.7153069	3.053036	0.9697572	0.06700668	0.4348307	0.1905318	3.165165
0.02300337	0.1235892	0.7138161	3.075141	0.9704355	0.0820137	0.3630365	0.1222265	2.239474
0.02360269	0.1239163	0.7271173	3.069704	0.9757636	0.08330278	0.4439441	0.4552685	3.109884
0.02338051	0.1238879	0.7388018	3.029812	0.9829234	0.06803905	0.5544358	0.5089403	3.904484
0.02304167	0.1169414	0.7222728	3.061462	0.9868034	0.08004873	0.2208419	0.715098	2.958961
0.02295129	0.1245107	0.7274221	3.040761	0.9774838	0.06880261	0.4853163	0.6662046	2.438939
0.022886591	0.12535	0.7155327	3.0328	0.9634002	0.06621394	0.42962	0.7293174	3.437994
0.023266649	0.1203475	0.7192963	3.089273	0.9727349	0.08449738	0.2918761	0.6965129	4.422725
0.02333678	0.1275101	0.7274896	3.046951	0.9678196	0.05731307	0.5489487	0.8589432	4.269153
0.02378401	0.1211381	0.7396401	3.063138	0.9826181	0.07209056	0.4533477	0.4528071	3.381805
0.023526128	0.1182482	0.7353838	3.059089	0.9817431	0.06764377	0.3083486	0.5707117	3.609429
0.0235727	0.1229751	0.7788845	3.077768	1.001886	0.08642776	0.8224859	0.8365443	3.738573
0.023389589	0.123734	0.7445171	3.065302	0.9975112	0.08004891	0.5679987	0.7209462	4.138016
0.023024188	0.1224241	0.716294	3.084916	0.9860226	0.08287923	0.3311942	0.8033827	3.692124
0.02291079	0.1243656	0.714917	3.07803	0.9796459	0.07948333	0.3744456	0.7473787	2.503966
0.0231143	0.12491	0.7259296	3.084298	0.9824305	0.08888031	0.4727443	0.8250131	2.535217
0.02337892	0.1189139	0.7545778	3.052008	0.9983547	0.08046404	0.5126278	0.5108575	3.469676
0.02354808	0.1194614	0.7366255	3.087355	0.9868518	0.09693785	0.3708926	0.3094704	3.240564
0.023128519	0.1109667	0.7213637	3.094795	1.000058	0.1019712	0.02075725	0.1858615	4.466104
0.02294956	0.1179855	0.7143616	3.152547	0.9816271	0.1287764	0.2102067	0.2311915	4.768321
0.02277573	0.1184255	0.7203814	3.117789	0.9750714	0.1059678	0.2579687	0.5126951	4.219113
0.02277573	0.1184255	0.7203814	3.117789	0.9750714	0.1059678	0.2579687	0.5126951	4.219113
0.02299992	0.1179539	0.704898	3.096053	0.9793923	0.08598825	0.1059954	0.7165977	4.297201
0.02355472	0.1189637	0.72753	3.063395	0.9881885	0.08257136	0.2795834	0.8415156	3.673431
0.023390118	0.1210074	0.7405831	3.034215	0.9881878	0.07021676	0.4817139	0.6142806	3.955218
0.02349282	0.1159465	0.746595	3.035055	0.9873244	0.06817555	0.3528819	0.3000517	3.739647
0.02300231	0.1184964	0.7124643	3.042619	0.9752862	0.07075928	0.1804181	0.09555521	3.882174
0.0230392	0.1183607	0.7128158	3.041159	0.973961	0.07120924	0.188726	0.02052947	4.255038
0.0233711	0.1249694	0.7649883	3.009391	0.9830073	0.05596659	0.8040146	0.3712788	4.481612
0.02315035	0.1225913	0.737669	3.020535	0.9830102	0.05547357	0.4855096	0.2140625	3.098105
0.0236312	0.1247873	0.7226395	3.098916	0.9755438	0.08921067	0.4192118	0.5720913	3.689152
0.023275329	0.1238094	0.7204177	3.08098	0.9724987	0.08412089	0.3910331	0.6090371	4.896622
0.02287143	0.1208307	0.7190597	3.033416	0.9792801	0.06472925	0.3616193	0.8890025	4.126223
0.0228897	0.1229341	0.7091413	3.070916	0.9802634	0.07989436	0.352119	0.8961943	4.368619
0.02289549	0.1194266	0.6918599	3.043923	0.9796577	0.06651743	0.03602293	0.9314332	3.673398
0.02292308	0.1230117	0.7070881	3.023186	0.9781415	0.05079057	0.2632294	0.6483982	4.141545
0.02335674	0.1226265	0.7418782	3.038672	0.99279	0.07035204	0.5348894	0.5175576	3.977368
0.02342201	0.1175619	0.7364934	3.046064	0.9999678	0.0730081	0.3163701	0.6516499	3.468932
0.02346113	0.1171198	0.7508801	3.079376	1.005193	0.09400794	0.4641201	0.55355	4.731353
0.02321974	0.1213302	0.7497917	3.096981	0.9965158	0.09734836	0.5985108	0.7677452	3.996221
0.023495158	0.1222365	0.7463349	3.100493	0.9891404	0.1022089	0.5744139	0.5673501	3.574262
0.023974929	0.1299743	0.7606704	3.097513	0.9821862	0.09792114	0.899787	0.4597301	4.058536
0.02417637	0.1309471	0.7830662	3.074062	0.9778055	0.08834413	1.07224	0.6911832	3.700368
0.02317237	0.1233862	0.7512236	3.054913	0.9816743	0.07570395	0.6569893	0.7863604	4.173034
0.02310432	0.122351	0.7330582	3.068336	0.9794119	0.07857637	0.4682719	0.8419468	3.92613
0.02338278	0.1212643	0.7469093	3.051793	0.985782	0.07292136	0.5182467	0.4520416	2.895244
0.023153309	0.1223024	0.7468148	3.03725	0.9924133	0.07065169	0.5961446	0.5382079	3.753245
0.023371428	0.1212162	0.7500417	3.027178	0.9898926	0.06675272	0.565577	0.4976306	3.028189
0.02310528	0.1162	0.7169385	3.050092	0.9834934	0.07948142	0.160224	0.1813291	2.873478
0.022973849	0.1144785	0.7167542	3.049374	0.983573	0.08362804	0.0988099	0.4333652	2.841709
0.023042979	0.1134817	0.7075567	3.089431	0.9825353	0.09591466	0.000700305	0.5178445	2.682923
0.02300844	0.114322	0.7101921	3.062166	0.9838655	0.07915693	0.04335564	0.5767927	2.222762
0.023341391	0.1197014	0.7236336	3.057818	0.9750515	0.0675739	0.2725321	0.7121649	2.463277
0.02319262	0.115272	0.7198247	3.03567	0.9803143	0.06284922	0.1160913	0.4666302	3.491696
0.02408945	0.1190657	0.7666996	3.057587	0.9876393	0.07879596	0.5715396	0.2211428	2.777207
0.02349552	0.1220304	0.7536158	3.042281	0.9850142	0.07039261	0.5768218	0.3259768	2.578829
0.02270186	0.1201126	0.6892244	3.044232	0.9849676	0.06952906	0.05332293	0.5840417	2.141346
0.02318045	0.1223671	0.7094983	3.06096	0.9853841	0.07834365	0.2719283	0.380043	2.886565
0.02316849	0.1259165	0.7510609	3.047918	0.986487	0.0672108	0.7378336	0.6440553	4.663846
0.022812309	0.1266497	0.727233	3.054567	0.9818522	0.07642284	0.5930587	0.5853049	4.241716
0.02374406	0.125046	0.747084	3.080991	0.9773904	0.08618837	0.6122014	0.008425439	4.620893
0.02321357	0.1261834	0.7230365	3.041503	0.9768268	0.06251835	0.4977915	0.1263044	4.780756
0.02301289	0.12672	0.7249434	3.051549	0.9751784	0.07167327	0.5532042	0.3215931	3.636332
0.02342663	0.1234897	0.7236805	3.039204	0.9753351	0.06995497	0.4251048	0.376678	4.740229
0.02265955	0.1264089	0.6974426	3.046019	0.962705	0.07214838	0.3608292	0.158532	3.292826
0.023273349	0.1283936	0.7159537	3.021669	0.958254	0.05773401	0.4916175	0.1510601	2.413081
0.022781769	0.126256	0.6988627	3.024511	0.9642281	0.05979303	0.3339478	0.2049701	2.664574
0.02311047	0.1226736	0.7102192	3.046413	0.97109	0.07171624	0.2748398	0.08102271	3.788483
0.02377022	0.1235661	0.7486952	3.064513	0.98301	0.0848813	0.5805031	0.1596077	4.188266
0.02354995	0.1250178	0.7359456	3.051034	0.9720709	0.07249797	0.5308885	0.1618063	4.468055
0.023040809	0.1267611	0.7195358	3.047739	0.9695653	0.06652773	0.4584217	0.3557636	4.697988
0.02291794	0.1284376	0.7253565	3.067152	0.9785052	0.07663376	0.6023981	0.2679704	4.265
0.023221271	0.1267061	0.7384573	3.087112	0.9797047	0.08895636	0.6213085	0.3656455	3.471902
0.023677029	0.1245353	0.7515028	3.04912	0.9825437	0.06988158	0.6307351	0.5634369	4.604765
0.02322745	0.1231704	0.7319569	3.057344	0.9739918	0.07464122	0.4749443	0.8621535	4.138779
0.02297199	0.1230424	0.71695	3.074293	0.9726089	0.07909964	0.3719347	0.5385024	3.600028
0.02263323	0.1197922	0.6944133	3.074196	0.9744597	0.07424409	0.0981021	0.5270327	3.672379
0.02284714	0.121592	0.7147508	3.055355	0.9773178	0.07320514	0.3225177	0.4049606	3.347332
0.02283657	0.1182895	0.7018138	3.114219	0.9802332	0.1040498	0.09066677	0.4597264	2.233708
0.022806529	0.1245006	0.7018326	3.094077	0.9744615	0.09224454	0.300785	0.6542659	2.982566
0.02322535	0.1273675	0.7393173	3.066425	0.9732143	0.07911865	0.6874251	0.8515847	2.776917
0.0237311	0.1189392	0.7537258	3.046628	0.98806	0.07322045	0.5300691	0.4461877	2.676726
0.02429446	0.1187281	0.7778702	3.077028	1.000748	0.08548971	0.6682923	0.3040712	3.364918
0.02403142	0.1204943	0.7784149	3.069032	0.9981214	0.08231716	0.7249753	0.4367814	2.609293
0.02293051	0.12016	0.7117535	3.0328	0.977318	0.06389206	0.2555509	0.5795587	3.194367
0.023421599	0.1155726	0.7260724	3.064907	0.9875821	0.07739734	0.1973518	0.5295466	3.154131
0.02381438	0.1212275	0.7600626	3.086338	0.9799745	0.08585444	0.5997873	0.6383528	2.639286
0.02386674	0.1198864	0.7729431	3.052817	0.9947324	0.07600351	0.6478487	0.86766	3.246363
0.023406679	0.1245039	0.7463435	3.05079	0.9764571	0.07187916	0.6346986	0.7955169	3.256273
0.0238659	0.1246974	0.7839967	3.04857	0.9918352	0.07651793	0.9228378	0.1936547	2.972401
0.023834988	0.1222494	0.7549879	3.046994	0.9926335	0.08224592	0.6068967	0.4078075	2.549645
0.02317686	0.1203592	0.7379962	3.064855	0.9954624	0.07913004	0.4162549	0.03392524	2.462858
0.02337027	0.1200249	0.7502265	3.050115	0.9930799	0.0757286	0.5141885	0.09957927	2.065155
0.02340157	0.1157976	0.742611	3.034208	0.9935298	0.06648975	0.3002247	0.3335317	2.169224
0.0228443	0.1195893	0.7148682	3.059471	0.9772875	0.07176419	0.2309383	0.5116234	3.292032
0.02324424	0.1229391	0.7430315	3.051835	0.9739738	0.07417076	0.5618672	0.8708951	3.629804
0.02351674	0.1233522	0.76443	3.046461	0.9910356	0.08136835	0.7335267	0.7763889	2.686991
0.02312564	0.1272846	0.7279112	3.059461	0.9726463	0.07759551	0.5761221	0.8514123	2.700054
0.02331497	0.1224697	0.7309722	3.052198	0.9785069	0.07345796	0.4313458	0.4118752	4.451119
0.02339378	0.1228609	0.7451988	3.043628	0.9780761	0.06488103	0.5629639	0.9063629	4.726732
0.02335889	0.1238493	0.7244327	3.085284	0.9748196	0.08458448	0.4576954	0.6886999	2.36586
0.0235723	0.1251876	0.7545114	3.106927	0.9853652	0.098456	0.7171264	0.6431502	3.080813
0.023207769	0.122234	0.7314974	3.0809	0.9886806	0.09474076	0.4808006	0.2937634	2.776016
0.02379031	0.1222109	0.7561854	3.071085	0.9917723	0.08567798	0.6223972	0.1406201	2.025787
0.02383663	0.1222962	0.7518287	3.036012	0.9885876	0.06359797	0.5608468	0.3668979	3.535663
0.02346734	0.129859	0.741266	3.036245	0.9779039	0.05844402	0.7294749	0.1954942	3.315727
0.022871949	0.1272069	0.7257966	3.045766	0.9771599	0.06260176	0.5681679	0.5226444	2.645757
0.022943059	0.11787	0.7211216	3.029222	0.9725588	0.06430432	0.2463694	0.2720295	2.098538
0.02324376	0.1212556	0.7339266	2.999739	0.9802072	0.05769253	0.450466	0.2274457	3.268059
0.023749508	0.1182814	0.7565959	3.048607	0.9920762	0.0831633	0.4857987	0.05287083	2.609428
0.02338432	0.1210424	0.7354802	3.053909	0.9793485	0.07543213	0.4312998	0.4231066	2.074103
0.023405261	0.1191068	0.7420424	3.04069	0.9824973	0.06806901	0.389711	0.54006	4.522748
0.023426859	0.1194791	0.7152965	3.038579	0.9820507	0.06523445	0.1970723	0.589078	4.19327
0.023341328	0.1240956	0.7239008	3.033885	0.9772211	0.06855855	0.4517953	0.7147227	2.642781
0.0233761	0.1229878	0.7259478	3.048932	0.9769847	0.07873715	0.4420386	0.7675861	2.198609
0.022992909	0.1221023	0.7329036	3.07039	0.9858815	0.09838076	0.5099082	0.2421072	4.404174
0.022992909	0.1221023	0.7329036	3.07039	0.9858815	0.09838076	0.5099082	0.2421072	4.404174
0.023228819	0.1214216	0.7451218	3.057847	0.9814297	0.08656236	0.5477251	0.4979271	4.116364
0.023226768	0.1259097	0.7640133	3.050432	0.9813526	0.08279428	0.8530659	0.6455295	3.311293
0.02381927	0.1255118	0.781381	3.085612	0.9958464	0.1046922	0.9683571	0.5893008	3.988006
0.02391277	0.1294482	0.7685906	3.109037	0.9757333	0.1016403	0.9630931	0.5441892	2.850958
0.02319715	0.128667	0.7484475	3.041586	0.9664382	0.06577776	0.8074093	0.2066215	4.938787
0.023130728	0.1192599	0.7227681	3.105621	0.9806968	0.08808478	0.2958077	0.4124971	4.213177
0.022576028	0.1170729	0.6968773	3.085745	0.9683493	0.08225123	0.05343464	0.2748178	3.636322
0.023353579	0.1209099	0.7185387	3.103798	0.976042	0.08884872	0.2816674	0.4490447	3.920409
0.02311258	0.1241272	0.7058416	3.104443	0.9730306	0.08293647	0.2944068	0.5542624	4.84467
0.022467028	0.1243807	0.7141758	3.10546	0.9701737	0.09594995	0.4313742	0.6455188	4.531845
0.02245008	0.1253032	0.7140677	3.119782	0.9709836	0.098063	0.4511795	0.400766	4.335462
0.022195598	0.12259	0.7037497	3.121527	0.9739121	0.1044106	0.3433208	0.6173537	3.933082
0.02275569	0.117905	0.7306042	3.086615	0.9767167	0.093156	0.3509227	0.9362557	4.269846
0.02263096	0.120637	0.7213132	3.058734	0.9774808	0.07825356	0.3764032	0.8725163	4.057766
0.022350859	0.1176941	0.6977838	3.066277	0.9780254	0.08127257	0.1065938	0.7772785	3.897413
0.02291853	0.1283627	0.7294887	3.105224	0.9743015	0.09132511	0.6394792	0.9402497	4.521581
0.023438599	0.1215509	0.739685	3.086677	0.9765709	0.09325509	0.4818049	0.6323549	4.961627
0.02343457	0.1199107	0.7392908	3.076994	0.9870813	0.09128601	0.4104932	0.7756075	3.408315
0.02340998	0.1179983	0.7203664	3.100982	0.9930682	0.09921415	0.2170495	0.4369931	2.712621
0.02349254	0.1156043	0.740186	3.087956	0.9975593	0.09898415	0.2755078	0.7659323	3.383562
0.02361515	0.1269442	0.7687669	3.072473	0.9955712	0.09510912	0.8709064	0.5169755	2.171442
0.023274349	0.1236104	0.7212093	3.05614	0.9771683	0.0743861	0.3724287	0.5691091	2.798592
0.022831649	0.1237302	0.7079023	3.079826	0.9709324	0.07551381	0.2805388	0.5107308	4.121115
0.02302406	0.1203408	0.7428451	3.070417	0.9869743	0.07984133	0.4488281	0.7678668	2.590798
0.022652248	0.1225749	0.7271116	3.062878	0.9800583	0.07261201	0.4469722	0.3314511	2.351578
0.02318465	0.132946	0.7584121	3.084207	0.9706817	0.08169187	0.9938559	0.8261987	3.096672
0.02300611	0.1292792	0.734486	3.062968	0.9710241	0.07673104	0.7051514	0.9367452	2.669995
0.023370959	0.1263289	0.7557659	3.06791	0.9766912	0.08017687	0.7611667	0.773832	2.16162
0.023558669	0.1257683	0.7550661	3.055319	0.9750053	0.07894256	0.7256348	0.4956394	2.061862
0.02333028	0.1222965	0.7195441	3.065735	0.9747015	0.06998433	0.2950133	0.8740675	3.095801
0.02287612	0.1226032	0.7018824	3.03146	0.97873	0.05889173	0.1820617	0.6917609	2.975194
0.02290329	0.1255681	0.6945836	3.022751	0.9831978	0.0578059	0.2558909	0.9804996	3.903643
0.02308854	0.1288027	0.7109055	3.026654	0.9806771	0.05726463	0.4765858	0.9243748	3.498592
0.023020068	0.124378	0.7104157	3.054361	0.9854436	0.06987106	0.3237604	0.8594906	2.595322
0.02297823	0.1244589	0.7195794	3.073139	0.9833086	0.07045602	0.4080971	0.4834648	2.024507
0.02289188	0.1226131	0.732019	3.079719	0.9845686	0.08663336	0.5277299	0.05836078	2.419546
0.022958469	0.121643	0.7516914	3.074219	0.9902857	0.0899144	0.671397	0.3276148	3.005305
0.022801211	0.1256896	0.7387983	3.07436	0.9810373	0.08561659	0.6890666	0.1574761	2.239351
0.02252387	0.119397	0.7066746	3.067218	0.9850188	0.06968282	0.17785	0.1473694	3.191735
0.02304044	0.1233829	0.7385689	3.042734	0.9915809	0.06070256	0.5079269	0.01674316	2.354038
0.02305753	0.1210777	0.738901	3.060848	0.9842307	0.0623619	0.4296833	0.1061039	2.107965
0.023025269	0.1201661	0.7413732	3.061498	0.9885377	0.06508706	0.4291679	0.14675	2.172847
0.02275145	0.1131616	0.7296422	3.070716	0.9869799	0.07201548	0.1667732	0.1466705	2.671412
0.022694048	0.1093349	0.7269327	3.060689	0.9932098	0.07846919	0.03701959	0.459606	3.879571
0.02284964	0.1116788	0.7340426	3.053539	0.992669	0.07503779	0.1487677	0.3967441	3.78004
0.023422899	0.1129405	0.7492309	3.064287	0.9970396	0.0845227	0.2912714	0.2183755	4.124901
0.02307088	0.1129372	0.7220679	3.104879	0.9893429	0.1020325	0.1069507	0.5025176	3.863437
0.02335545	0.1176607	0.7490453	3.081326	0.9980048	0.09541161	0.4700243	0.4547633	3.032591
0.02351675	0.1215179	0.7687481	3.01559	0.9913881	0.06341023	0.7216976	0.6607701	3.026564
0.02366962	0.1228811	0.7691274	3.006768	0.9879897	0.05159485	0.7467051	0.673119	2.976028
0.02337657	0.1223297	0.7290406	3.068362	0.9720525	0.07550472	0.4126334	0.399808	3.167084
0.023749748	0.1239824	0.7603347	3.057192	0.9827865	0.07975494	0.7038803	0.3808594	3.772083
0.02302014	0.1217222	0.7215719	3.056877	0.9768329	0.07259856	0.3819491	0.2588714	2.886864
0.023103708	0.11589	0.714654	3.072871	0.9861379	0.0773342	0.1131821	0.2474743	2.199622
0.02322341	0.1150201	0.7187088	3.060615	0.9853298	0.06940954	0.09332468	0.4998036	2.481941
0.02365425	0.1160073	0.7392639	3.046711	0.9886771	0.06109886	0.2409446	0.7562732	3.305369
0.02339961	0.1196203	0.7266518	3.037211	0.9887729	0.06478765	0.2988665	0.4121827	2.112981
0.022811279	0.11659	0.7021135	3.050869	0.9769443	0.0613927	0.06062908	0.5184704	2.722732
0.02316366	0.1178635	0.7237972	3.105918	0.971726	0.09741387	0.2737023	0.2131682	3.435698
0.02336302	0.125181	0.7493779	3.054687	0.9762874	0.07563187	0.6891856	0.5143665	3.407425
0.0237099	0.1243025	0.7385566	3.074367	0.9781853	0.08825427	0.5618837	0.7708482	4.761753
0.02394053	0.1256288	0.7694481	3.057138	0.9887782	0.08782644	0.8340391	0.8108556	4.235277
0.02271049	0.1202962	0.7305009	3.025242	0.9868121	0.06619291	0.41355	0.4488024	3.035752
0.022767128	0.1233392	0.7201143	3.053366	0.9824338	0.06667556	0.4054798	0.3243202	3.012518
0.02344911	0.1290849	0.7494344	3.04942	0.9793629	0.06756135	0.7912338	0.4364843	2.673956
0.02354002	0.1307777	0.7582749	3.051484	0.9854369	0.06563232	0.9158234	0.6473507	3.130863
0.023960149	0.1257944	0.7602964	3.053799	0.9868495	0.06825927	0.7627855	0.7461692	2.405215
0.02404361	0.1236744	0.7450136	3.072439	0.9794976	0.07987907	0.5633678	0.7343148	2.338057
0.023969319	0.1165532	0.7405153	3.031996	0.9789824	0.06875404	0.2765676	0.5586723	3.495213
0.02426712	0.1165377	0.7747926	3.032657	0.998582	0.0799696	0.5568508	0.1598276	3.759052
0.024209479	0.1175442	0.7787438	3.044594	0.9948989	0.08047922	0.6041773	0.1115532	3.509273
0.0231869	0.1186303	0.7277945	3.037065	0.976076	0.07433911	0.3213907	0.3279765	3.984569
0.023672389	0.1194374	0.7554128	3.049611	0.9763729	0.0788148	0.5266824	0.4680295	4.908429
0.02385201	0.1217217	0.7452822	3.112397	0.9670817	0.1010156	0.49849	0.6986769	4.152086
0.023754079	0.1177829	0.7453626	3.059989	0.9847508	0.08886932	0.398265	0.7515831	4.19594
0.02419897	0.1194668	0.7820079	3.136727	0.9939808	0.1271953	0.7088305	0.8317553	4.094303
0.02405827	0.1242338	0.7590954	3.137535	0.9809799	0.1079853	0.6848751	0.6291578	4.879059
0.02377386	0.1280555	0.7518915	3.110537	0.9737289	0.09898853	0.7384045	0.9330282	3.835341
0.023805128	0.1259728	0.7517567	3.08872	0.9781157	0.09461837	0.6769558	0.9242861	4.206027
0.023511939	0.1235146	0.76628	3.060044	0.9826665	0.08682481	0.7516606	0.3865845	4.414437
0.02381664	0.1238519	0.7821508	3.054537	0.9758974	0.08551445	0.8824931	0.103187	3.018354
0.02402096	0.1246737	0.7903554	3.092209	0.986824	0.1049051	0.9691068	0.08698279	3.73769
0.02414068	0.1260347	0.7882985	3.09307	0.9888434	0.1030472	1.002787	0.1814308	3.84556
0.0236205	0.1178526	0.7452857	3.050856	0.9849668	0.08853494	0.4195554	0.1350255	2.350682
0.023557318	0.1196486	0.7357049	3.04678	0.9882262	0.08316225	0.3908927	0.2116382	2.62176
0.0233679	0.1258145	0.7416937	3.045419	0.9873763	0.08043762	0.6586967	0.03710905	2.933283
0.02344707	0.130961	0.758184	3.04339	0.9726509	0.06699576	0.9361186	0.08523905	3.012861
0.02352147	0.1285898	0.748411	3.088622	0.9755306	0.08208691	0.7618631	0.003075221	3.035287
0.02366069	0.1311627	0.7668811	3.06036	0.9742439	0.07378931	0.9881821	0.2096564	2.59915
0.02329138	0.1307636	0.7596269	3.047776	0.9849158	0.0719206	0.972687	0.2097793	2.182842
0.0230597	0.1248193	0.7422077	3.031185	0.9823946	0.06484471	0.6343083	0.4089173	3.032029
0.023889339	0.1247313	0.7673665	3.065401	0.993109	0.07697516	0.7639472	0.4235013	2.446296
0.02386594	0.1238692	0.7779424	3.028645	0.9934397	0.06436611	0.8272512	0.3921975	2.796276
0.02400408	0.1263355	0.7807321	3.065615	0.9850878	0.07740161	0.900051	0.7928317	3.047738
0.02394023	0.1137978	0.7529822	3.066022	0.992258	0.08146492	0.2929978	0.7192371	3.092544
0.02366715	0.1163904	0.7581074	3.029848	0.990419	0.07001713	0.4505685	0.9523787	2.286336
0.023418838	0.1224822	0.74182	3.025937	0.979783	0.06155555	0.5289881	0.4951863	2.852419
0.023237368	0.120441	0.7433598	3.015579	0.9821312	0.05116394	0.4732278	0.483857	2.571095
0.02390189	0.1260137	0.7826582	3.034487	0.9873474	0.06154855	0.9071131	0.8501973	4.068897
0.02421375	0.1262734	0.7780031	3.068624	0.9846978	0.07363572	0.8430937	0.8333479	3.781423
0.02401894	0.1284228	0.7674697	3.06781	0.982236	0.07626104	0.85713	0.5136837	3.151879
0.02408767	0.1267202	0.774743	3.071592	0.9970327	0.07751094	0.8635208	0.6917002	2.668591
0.02403538	0.1207412	0.7687355	3.077723	0.9912324	0.08424139	0.6625372	0.07602159	2.280548
0.02344593	0.1209105	0.7368916	3.060788	0.9845123	0.07428002	0.4366295	0.1958226	2.624289
0.022803161	0.118692	0.6982191	3.083581	0.9801208	0.08112077	0.1041843	0.2828799	3.410015
0.022755438	0.1201975	0.6978155	3.060337	0.9762025	0.07128593	0.1350413	0.7185841	2.777234
0.02285761	0.1234692	0.6915653	3.023781	0.9740251	0.05001253	0.1461168	0.3636132	3.403788
0.02289103	0.125798	0.7245665	3.066231	0.9707727	0.07123351	0.4872558	0.9498584	4.475653
0.02281872	0.1258897	0.7132691	3.049123	0.9698149	0.06280246	0.444181	0.9041118	4.379307
0.022769269	0.1245206	0.7176233	3.070601	0.9738442	0.07664322	0.4333949	0.9365588	4.375561
0.02267232	0.1259969	0.7078941	3.072598	0.970673	0.07554705	0.4047074	0.948481	4.457821
0.02303987	0.123497	0.7184602	3.077907	0.9756122	0.08275662	0.421753	0.9321567	4.430785
0.022932438	0.1234805	0.713896	3.067933	0.9748823	0.07911939	0.3790561	0.929867	4.424156
0.023232039	0.1194448	0.7331491	3.060348	0.9877603	0.08100857	0.3950134	0.8999571	4.282818
0.023155479	0.1188133	0.7340923	3.069792	0.9908691	0.08619369	0.3800192	0.9207708	4.328318
0.023097701	0.1192176	0.731777	3.073078	0.9918829	0.08147506	0.3787436	0.9263283	4.196859
0.02293587	0.1217611	0.7280699	3.073019	0.9826721	0.08234667	0.4549177	0.9330841	4.198542
0.0227426	0.1232009	0.7220833	3.060589	0.9817172	0.07568997	0.4378441	0.9542573	4.217496
0.02291536	0.1231911	0.7176424	3.069301	0.9828659	0.08003513	0.4133046	0.9695078	4.233615
0.02283786	0.122895	0.7206532	3.061007	0.9840237	0.07562308	0.4088512	0.9554935	4.218396
0.022667041	0.1225253	0.7332989	3.086061	0.9843462	0.08686938	0.5186475	0.9667498	4.295425
0.022737911	0.1235309	0.7266312	3.088874	0.9794754	0.08497976	0.5208042	0.9372588	4.375708
0.02282068	0.1231852	0.7255773	3.103342	0.9809086	0.09293912	0.4937469	0.9614132	4.348559
0.02314829	0.1209103	0.7431187	3.066422	0.9763492	0.07936199	0.4956196	0.93974	4.270132
0.02312202	0.1222459	0.737553	3.054455	0.9735945	0.0731484	0.5137645	0.9124431	4.247543
0.023058988	0.1222109	0.7340916	3.062727	0.9763956	0.07700307	0.4956897	0.897332	4.235077
0.02298233	0.1221013	0.7326518	3.063317	0.9789894	0.07534599	0.484119	0.8816384	4.313745
0.02278237	0.1222991	0.7275665	3.040264	0.9771654	0.06854427	0.4758003	0.8712781	4.251947
0.02289659	0.1219142	0.7290894	3.04818	0.9782614	0.07135862	0.46856	0.8992638	4.283538
0.02295244	0.1222034	0.7270391	3.069399	0.9781528	0.07833423	0.4490866	0.900104	4.314452
0.022765491	0.1233572	0.7302386	3.062224	0.9761765	0.07545772	0.4959882	0.9165317	4.305484
0.022946479	0.1229211	0.7319162	3.064224	0.9790004	0.07859685	0.498312	0.8974989	4.356992
0.02307321	0.1222941	0.7460178	3.045813	0.9832339	0.07188876	0.5805153	0.933822	4.35599
0.02321739	0.1203014	0.7519183	3.050148	0.9860536	0.07351349	0.5700757	0.9216205	4.296693
0.02312582	0.1232695	0.7562676	3.033486	0.9821607	0.0599577	0.6469276	0.9055574	4.333938
0.02340253	0.121133	0.76401	3.036264	0.9858923	0.0604381	0.6425997	0.8936215	4.178135
0.02347454	0.1186294	0.7541434	3.013362	0.9924815	0.05782179	0.5186748	0.8884075	4.064227
0.02344604	0.1192524	0.7435805	3.0176	0.9897546	0.05831614	0.4809926	0.8824127	4.024253
0.023193449	0.121769	0.7438942	3.022955	0.9786864	0.05782972	0.5390461	0.9065001	4.122708
0.02339479	0.1250426	0.7411709	3.027916	0.9711133	0.05279938	0.5794846	0.9114942	4.126855
0.02327523	0.124979	0.7333257	3.01603	0.9702466	0.04608627	0.5084199	0.9016356	4.178374
0.023091558	0.1269605	0.7331874	3.014381	0.9673347	0.04684526	0.5672922	0.8867664	4.178961
0.023243228	0.1270275	0.7232315	3.04143	0.9703687	0.05784306	0.5026332	0.8949349	4.209744
0.023216208	0.1266057	0.7193518	3.052817	0.9726747	0.0605189	0.480971	0.9067797	4.232532
0.02341538	0.1262241	0.7203716	3.061849	0.9742757	0.06571008	0.4647793	0.9136189	4.224255
0.023382898	0.12602	0.7208571	3.075205	0.9782954	0.06941704	0.4802202	0.9003512	4.190627
0.02326479	0.1280279	0.7174466	3.095354	0.9731411	0.07656962	0.4969613	0.9192406	4.25611
0.02316987	0.1283278	0.7119106	3.078486	0.9726516	0.06837455	0.4821138	0.8902246	4.35994
0.02304311	0.1263637	0.7180248	3.05271	0.9703367	0.06144166	0.4699662	0.8750819	4.443211
0.02285536	0.127529	0.726411	3.048447	0.9677908	0.05751044	0.5636868	0.8873456	4.47645
0.02288052	0.1268367	0.741775	3.023607	0.9703114	0.04802558	0.6660514	0.8947859	4.421938
0.02310806	0.1251918	0.7390634	3.014754	0.9767879	0.04932556	0.620943	0.9085099	4.385734
0.02291401	0.1257168	0.7348784	3.01706	0.9738757	0.04950507	0.5625919	0.8379333	4.402185
0.022960778	0.1249658	0.7388301	3.039461	0.9734466	0.06032642	0.5687879	0.8400991	4.416775
0.023028199	0.1236938	0.7357911	3.057091	0.9804312	0.06335286	0.4992728	0.8376577	4.443141
0.023012271	0.1245011	0.7327285	3.067429	0.9791022	0.06941326	0.5045379	0.8409386	4.43846
0.02314949	0.122096	0.7337555	3.055211	0.9846261	0.07191885	0.4604098	0.8925163	4.295727
0.023247758	0.1225835	0.7293895	3.045825	0.9817207	0.06671992	0.4425941	0.9016138	4.352161
0.02309039	0.1217918	0.7336168	3.050607	0.9829239	0.06912193	0.4664808	0.9099572	4.346821
0.022977829	0.1215339	0.7255446	3.097835	0.982552	0.09408304	0.4201461	0.924548	4.443533
0.02319534	0.1229186	0.7323873	3.053725	0.9748146	0.07358439	0.4484774	0.9265282	4.376215
0.0230497	0.1231251	0.7262997	3.070542	0.9767954	0.08329808	0.4883633	0.8915018	4.493553
0.022917459	0.1228076	0.7284801	3.0496	0.9780832	0.07771834	0.4816947	0.9059772	4.491946
0.023027739	0.1213281	0.7367796	3.058085	0.9868617	0.08408704	0.4726382	0.9027375	4.508769
0.02317578	0.1212313	0.7362192	3.069604	0.9883138	0.0907498	0.4945764	0.9294201	4.402216
0.0231782	0.1207512	0.7308742	3.068863	0.9874325	0.08861963	0.4467153	0.9281181	4.372727
0.022922188	0.1223433	0.7284311	3.063698	0.9887726	0.08365333	0.4696547	0.8960191	4.412767
0.022839861	0.1219155	0.7287718	3.062032	0.9919665	0.07802106	0.437352	0.9151407	4.373318
0.022821369	0.1225963	0.7320711	3.060153	0.9900971	0.078842	0.5016793	0.9172795	4.358672
0.023093268	0.1204011	0.7342892	3.0652	0.9973105	0.08131313	0.4931439	0.9211233	4.307326
0.02318094	0.1213503	0.7442589	3.067261	0.9948175	0.07738543	0.5381075	0.9075596	4.248424
0.02307072	0.1220931	0.7432401	3.071061	0.9940064	0.08019919	0.5794667	0.8902453	4.248142
0.02328671	0.1206652	0.7565396	3.077434	0.9979226	0.08648948	0.6182787	0.8152433	4.09917
0.023286399	0.1221774	0.7557558	3.059789	0.9939391	0.07779831	0.6591492	0.8024481	4.049949
0.023389999	0.1215524	0.7554298	3.044715	0.9922302	0.07084469	0.6319991	0.7935049	4.095697
0.023289839	0.1231545	0.7599774	3.050326	0.9914481	0.07228394	0.7250061	0.8174027	4.054783
0.02318345	0.1239749	0.7620844	3.032358	0.9865229	0.06360472	0.7718064	0.8054176	4.009169
0.023306178	0.1231162	0.7608065	3.029684	0.9867955	0.06414597	0.7234929	0.8114476	4.024995
0.023516549	0.1198704	0.765212	3.037679	0.9934964	0.07151191	0.663742	0.7842461	4.093724
0.02339312	0.1205932	0.7642688	3.039929	0.9899607	0.07277409	0.6547001	0.7825588	4.057952
0.023369828	0.1197025	0.7653443	3.04803	0.9879666	0.08114212	0.6321297	0.7901501	4.155939
0.02332448	0.1207864	0.7632935	3.052968	0.9881563	0.0807862	0.6213094	0.7766601	4.141984
0.02350162	0.1207831	0.7631471	3.076959	0.9853196	0.09158342	0.607245	0.7865431	4.066812
0.02351844	0.1198557	0.7670244	3.051887	0.9873337	0.08213176	0.6174112	0.7903892	4.052077
0.023552949	0.1209714	0.7445287	3.085513	0.9919764	0.09325236	0.5353862	0.8090359	4.070853
0.023370849	0.1204872	0.7434359	3.055289	0.986577	0.08076017	0.5020205	0.8074659	4.178649
0.02355307	0.1215364	0.7377546	3.117738	0.9813139	0.1054089	0.4492953	0.7731957	4.222709
0.02361087	0.1209377	0.7406531	3.131079	0.9829343	0.1103726	0.4808263	0.7631052	4.245121
0.02317502	0.1228896	0.724245	3.107865	0.9812194	0.1044262	0.4570038	0.7730236	4.211918
0.0232322	0.1237109	0.7300153	3.101301	0.9784289	0.09846095	0.4970352	0.7539115	4.282061
0.02317897	0.1242342	0.7238268	3.075125	0.9759756	0.08951275	0.4849478	0.7445854	4.315232
0.0225467	0.1264092	0.7272491	3.042494	0.9717547	0.07825997	0.6181561	0.6244058	2.042967
0.02328784	0.1249707	0.7456298	3.051781	0.9835951	0.09126653	0.681966	0.219823	2.382765
0.02372201	0.1252072	0.7788751	3.059451	0.997696	0.09830998	0.9277782	0.1928587	2.004008
0.0235555	0.1201039	0.7559607	3.018656	0.9857414	0.07102579	0.546498	0.279093	2.348787
0.023612598	0.1198301	0.7521418	3.022611	0.9847566	0.06690775	0.4791376	0.328913	2.300543
0.023811469	0.1248209	0.7562805	3.030625	0.9794471	0.06557851	0.6566445	0.3063242	3.75313
0.024013618	0.1303853	0.8206496	3.009246	0.9981126	0.06718561	1.363579	0.4441443	4.881515
0.02343878	0.1292964	0.7973446	3.005833	0.996831	0.07135538	1.1884	0.2567095	3.521308
0.02336332	0.1309232	0.7775889	2.989942	0.9916788	0.05834735	1.115264	0.3977256	4.475382
0.02297722	0.1288519	0.7473087	3.042022	0.9823559	0.07850609	0.8163823	0.3491193	3.943797
0.023048589	0.1226406	0.7328729	3.072024	0.987719	0.0837763	0.4785811	0.04154963	3.315408
0.02337073	0.118842	0.735734	3.067122	0.9966228	0.08547347	0.3921434	0.3541115	3.561575
0.02358894	0.1213507	0.7501655	3.09477	0.9925336	0.09995268	0.5650067	0.4631165	3.733326
0.023305148	0.1245344	0.7305036	3.074267	0.9804314	0.09122995	0.52984	0.367774	4.041114
0.022845559	0.1205685	0.7071824	3.035096	0.9795701	0.06825966	0.229519	0.6617369	4.052775
0.022803148	0.1178724	0.6961917	3.024818	0.9740157	0.06285192	0.03663473	0.5246135	3.635598
0.02289841	0.1229705	0.6968588	3.011672	0.9728943	0.05717752	0.2190978	0.5276961	3.71464
0.02370254	0.1222618	0.7442204	3.020875	0.9826265	0.06894012	0.5335102	0.6271827	3.953245
0.02344675	0.1176879	0.7337717	3.042839	0.9907546	0.07575803	0.2964623	0.641654	3.37254
0.023188679	0.1173288	0.7146538	3.03997	0.9820591	0.07226984	0.1645427	0.9777502	3.584996
0.02277493	0.1151547	0.7238427	3.076486	0.986566	0.08928639	0.1990343	0.5776808	2.853961
0.02293399	0.1186764	0.7101909	3.111927	0.9736383	0.09731813	0.1905112	0.6420178	2.681859
0.024094889	0.1201427	0.7696121	3.084186	0.9922249	0.09035549	0.6431119	0.6848104	2.819197
0.023270618	0.1251452	0.7404232	3.033775	0.9845839	0.06884617	0.6008357	0.416895	2.075158
0.02367531	0.1260105	0.7715154	3.053982	0.9949168	0.08209253	0.874261	0.4136862	2.671479
0.02306765	0.1253048	0.7311195	3.046426	0.9795766	0.0648204	0.5386828	0.2426345	3.481534
0.02324768	0.1250363	0.7288037	3.059368	0.9750003	0.07392526	0.5147183	0.05301966	2.563471
0.02340846	0.1245214	0.7223753	3.061724	0.9693053	0.07477974	0.4392818	0.2060848	3.621243
0.023497969	0.1240692	0.7283637	3.053195	0.9777195	0.07177334	0.4652847	0.6628624	4.801935
0.023593819	0.1203831	0.7485644	3.043109	0.9908536	0.0733118	0.4975496	0.6950837	3.932365
0.02281429	0.1233776	0.7187158	3.037999	0.9758486	0.0697631	0.3942605	0.403441	2.588256
0.02377017	0.1223399	0.7412745	3.068599	0.9841907	0.07961196	0.4993641	0.609562	4.985023
0.02387375	0.1182426	0.7425762	3.081564	0.9871442	0.0883652	0.3664176	0.5421273	4.568127
0.02362294	0.1253307	0.7436472	3.061756	0.9778106	0.07528239	0.6299984	0.6168836	4.876556
0.023539988	0.1184372	0.7323407	3.051464	0.980042	0.0631069	0.3081929	0.5626377	3.78449
0.02367178	0.1125735	0.741838	3.09203	0.990554	0.08570142	0.1774534	0.6660432	3.379684
0.023555059	0.118813	0.7432177	3.064839	0.9903502	0.07321041	0.4125883	0.5903845	3.404992
0.02345706	0.1270372	0.7685657	3.045314	0.9922633	0.07035937	0.871392	0.9414593	4.627135
0.022979058	0.1229723	0.7279755	3.059472	0.9898363	0.07256289	0.4615954	0.5931082	4.07302
0.02288373	0.1266011	0.7334663	3.048106	0.98107	0.07250615	0.6049035	0.8558265	2.010719
0.02354633	0.1236826	0.7507564	3.076915	0.9884331	0.08521425	0.5913569	0.7892223	2.566548
0.023421248	0.118389	0.7503807	3.0768	0.9965971	0.08633077	0.4432756	0.8122608	2.926295
0.023655418	0.114616	0.7408138	3.102488	0.9924704	0.1043257	0.256661	0.2553932	4.066467
0.023128519	0.1109667	0.7213637	3.094795	1.000058	0.1019712	0.02075725	0.1858615	4.466104
0.02291263	0.11801	0.6970406	3.118944	0.9834275	0.1126879	0.06209803	0.1061538	4.099637
0.02294956	0.1179855	0.7143616	3.152547	0.9816271	0.1287764	0.2102067	0.2311915	4.768321
0.02325534	0.1155288	0.7340113	3.102673	0.9862028	0.0983355	0.2532968	0.5322964	4.909135
0.02299992	0.1179539	0.704898	3.096053	0.9793923	0.08598825	0.1059954	0.7165977	4.297201
0.023245038	0.1185108	0.7189536	3.061737	0.9877728	0.07806176	0.2138162	0.9079653	3.57998
0.02312753	0.1166135	0.7220606	3.020587	0.9859342	0.06400267	0.2109889	0.3171401	4.164096
0.023447521	0.1138082	0.7423428	3.042389	0.9884896	0.07418341	0.2505429	0.5208045	4.0113
0.0229385	0.1164572	0.7040364	3.05648	0.9784967	0.07619592	0.05133194	0.03302661	3.409464
0.023279209	0.1205054	0.737961	3.04321	0.9761563	0.07116434	0.4432661	0.07334333	4.456601
0.023106169	0.1247782	0.7501744	3.011756	0.9794889	0.0566256	0.6869558	0.2214666	3.775935
0.02315035	0.1225913	0.737669	3.020535	0.9830102	0.05547357	0.4855096	0.2140625	3.098105
0.023303607	0.1254152	0.7340879	3.073277	0.9778495	0.07848673	0.5447147	0.3098781	3.320198
0.0236312	0.1247873	0.7226395	3.098916	0.9755438	0.08921067	0.4192118	0.5720913	3.689152
0.02362804	0.1224752	0.7415432	3.057939	0.981823	0.08127413	0.5206009	0.9245175	4.196121
0.02289514	0.1190489	0.698896	3.051208	0.9854177	0.07254953	0.1320665	0.8208819	4.359391
0.02319479	0.1202676	0.7099534	3.044829	0.9819525	0.06766094	0.1840442	0.8623538	3.761352
0.02292308	0.1230117	0.7070881	3.023186	0.9781415	0.05079057	0.2632294	0.6483982	4.141545
0.02342201	0.1175619	0.7364934	3.046064	0.9999678	0.0730081	0.3163701	0.6516499	3.468932
0.02357903	0.124209	0.7743299	3.031988	1.000469	0.07195403	0.8166146	0.7145519	4.155295
0.023722108	0.1222972	0.7645724	3.065107	1.00269	0.09035199	0.6884386	0.5233877	3.750151
0.02339811	0.1180635	0.7510181	3.085793	1.00827	0.09830166	0.4993236	0.545692	4.3235
0.02336327	0.1232015	0.7389055	3.117514	0.9829811	0.1068853	0.546557	0.5211784	3.106001
0.02383619	0.1267461	0.74396	3.081132	0.9801153	0.08756683	0.6606515	0.4937882	3.781465
0.024088189	0.1297335	0.7741474	3.074419	0.9757093	0.0873608	0.9708539	0.4852952	4.247756
0.023246838	0.1187169	0.7323228	3.08463	0.9771325	0.09061075	0.3567016	0.5982738	2.869668
0.02317237	0.1233862	0.7512236	3.054913	0.9816743	0.07570395	0.6569893	0.7863604	4.173034
0.023513729	0.1220742	0.76588	3.052605	0.9940003	0.07636999	0.6948658	0.8408586	3.87832
0.02365568	0.1215161	0.7714532	3.053204	0.993405	0.07554065	0.7154681	0.7554053	3.918742
0.02291843	0.1218897	0.7301942	3.003782	0.9803106	0.04952977	0.425945	0.516748	4.032329
0.022751989	0.116878	0.7173422	3.03615	0.9784999	0.06889884	0.2012023	0.2358281	4.402862
0.022932839	0.1158167	0.7320383	3.043976	0.9894128	0.08081613	0.2585019	0.3898377	2.004839
0.02287163	0.1141032	0.7068899	3.084344	0.9851285	0.09216928	0.02348262	0.6301298	3.427119
0.02305196	0.1164702	0.6975357	3.057887	0.979824	0.07406217	0.006584656	0.7483611	2.216971
0.023007099	0.1158813	0.7093901	3.047261	0.9747848	0.07059128	0.07527886	0.5732253	2.434283
0.023427049	0.1175625	0.7142923	3.048957	0.976349	0.07463417	0.150991	0.507679	3.447014
0.02356776	0.1190307	0.7373073	3.066672	0.974675	0.08376386	0.3891924	0.2816504	2.846605
0.02349552	0.1220304	0.7536158	3.042281	0.9850142	0.07039261	0.5768218	0.3259768	2.578829
0.02331598	0.1219175	0.732272	3.051574	0.9876704	0.075713	0.4131098	0.6442155	2.322022
0.023533411	0.1241875	0.7379474	3.061979	0.9908624	0.08039695	0.545289	0.3751778	3.040123
0.022938298	0.1262052	0.7415718	3.029608	0.9870297	0.06106168	0.6970651	0.8848164	4.708817
0.02271104	0.1265305	0.7203839	3.034651	0.9704364	0.06052925	0.5211586	0.70249	3.631594
0.023216331	0.1270626	0.7437894	3.050887	0.9826209	0.06724967	0.6953383	0.3790213	3.440612
0.02321357	0.1261834	0.7230365	3.041503	0.9768268	0.06251835	0.4977915	0.1263044	4.780756
0.02308294	0.1220879	0.7084935	3.034625	0.9682112	0.05881076	0.2645948	0.04396096	4.96477
0.02308294	0.1220879	0.7084935	3.034625	0.9682112	0.05881076	0.2645948	0.04396096	4.96477
0.022784809	0.1221581	0.6902831	3.041278	0.9701234	0.07042633	0.1670364	0.1404139	3.142263
0.023291681	0.1272574	0.7284216	3.02789	0.9633472	0.06385841	0.5773727	0.4808483	4.749341
0.02314273	0.1248581	0.7158813	3.045189	0.9688946	0.07180796	0.3947752	0.2286503	2.578
0.02311047	0.1226736	0.7102192	3.046413	0.97109	0.07171624	0.2748398	0.08102271	3.788483
0.02354995	0.1250178	0.7359456	3.051034	0.9720709	0.07249797	0.5308885	0.1618063	4.468055
0.02330043	0.1281935	0.7194572	3.053541	0.9659781	0.07710522	0.5332047	0.0786718	3.267959
0.02343023	0.1294537	0.7549701	3.037609	0.9811638	0.06559085	0.8166662	0.5668397	4.549588
0.023221271	0.1267061	0.7384573	3.087112	0.9797047	0.08895636	0.6213085	0.3656455	3.471902
0.02333645	0.1246117	0.7430868	3.07281	0.9778169	0.08240054	0.5874535	0.4933287	3.477642
0.02395307	0.1208847	0.7493869	3.042374	0.98752	0.07007894	0.4862485	0.6835372	4.702923
0.02322745	0.1231704	0.7319569	3.057344	0.9739918	0.07464122	0.4749443	0.8621535	4.138779
0.02297199	0.1230424	0.71695	3.074293	0.9726089	0.07909964	0.3719347	0.5385024	3.600028
0.022537328	0.1200984	0.7031627	3.049464	0.9741642	0.06478114	0.1937222	0.3491358	3.252984
0.02284714	0.121592	0.7147508	3.055355	0.9773178	0.07320514	0.3225177	0.4049606	3.347332
0.022933431	0.1202323	0.7222233	3.055689	0.9875101	0.07692336	0.3383047	0.69052	2.324569
0.02300427	0.1274277	0.725468	3.079347	0.9756264	0.08742068	0.5898441	0.8756342	3.588003
0.02348999	0.1234874	0.7516826	3.050817	0.9801268	0.07052727	0.6516806	0.5184325	2.877622
0.023740329	0.1226639	0.7623324	3.050462	0.980258	0.07031019	0.7014186	0.5397489	2.235538
0.02429446	0.1187281	0.7778702	3.077028	1.000748	0.08548971	0.6682923	0.3040712	3.364918
0.02379971	0.1185847	0.7582445	3.096705	0.9970247	0.0982595	0.5288493	0.1870875	3.059442
0.022970159	0.1214383	0.7160287	3.045382	0.9737898	0.06598432	0.3180131	0.3902472	3.723331
0.02360245	0.1183682	0.7369443	3.06305	0.9782538	0.07060847	0.3316733	0.8108406	2.796984
0.02353102	0.1229655	0.7375003	3.072646	0.9673015	0.07701497	0.4931153	0.6118207	4.1268
0.02396316	0.1195002	0.7768242	3.048789	0.9875644	0.07210942	0.6840051	0.9837707	3.365674
0.02366398	0.1202455	0.7627081	3.044136	0.9907162	0.0675051	0.5879262	0.9630363	2.767356
0.023986189	0.1272759	0.7790636	3.077101	0.9901012	0.08178835	0.956191	0.9320205	4.187402
0.02359251	0.1243108	0.7416682	3.048149	0.9813136	0.07831461	0.5724997	0.02354867	2.407723
0.023397291	0.122774	0.7314391	3.068299	0.9856362	0.07821116	0.4398969	0.2456149	2.979234
0.02317913	0.1167244	0.7234493	3.061979	0.9880015	0.07686649	0.2020928	0.2470207	2.504518
0.02330187	0.1167389	0.7235996	3.065958	0.988115	0.0810536	0.2019841	0.2299336	3.120461
0.023147918	0.1210224	0.7342386	3.064411	0.9829248	0.07914736	0.4326703	0.3486508	3.020165
0.02324424	0.1229391	0.7430315	3.051835	0.9739738	0.07417076	0.5618672	0.8708951	3.629804
0.02308387	0.1256722	0.7426002	3.024883	0.9721281	0.06411464	0.6400897	0.8161149	2.344049
0.02316	0.1242826	0.7199568	3.064235	0.9734819	0.0837854	0.437659	0.6218362	3.672518
0.02364649	0.1213191	0.7450579	3.070191	0.9843402	0.08752648	0.5047081	0.3676714	4.131342
0.02339378	0.1228609	0.7451988	3.043628	0.9780761	0.06488103	0.5629639	0.9063629	4.726732
0.023292478	0.1282439	0.7489531	3.048926	0.9672413	0.07469363	0.8053646	0.9063357	2.613948
0.02379841	0.1258745	0.759205	3.092446	0.9809719	0.0945388	0.7664657	0.6048156	3.968175
0.02309961	0.1244	0.7192628	3.089607	0.9768484	0.09386224	0.4485974	0.1122701	2.209116
0.02390222	0.1190366	0.7596652	3.050647	0.9905328	0.07320345	0.515724	0.244508	3.20838
0.02373325	0.1273747	0.7505661	3.030263	0.9865866	0.05746674	0.7168463	0.4341241	3.799029
0.023149878	0.1288849	0.7300116	3.03772	0.9741657	0.06418969	0.6476803	0.484448	3.631307
0.02285363	0.1218064	0.7219068	3.032193	0.981531	0.05585253	0.362949	0.67462	2.941341
0.023107208	0.1189575	0.7242013	3.044748	0.9687195	0.06271828	0.257432	0.3858357	3.055526
0.023503	0.1226599	0.7297349	3.026374	0.9796145	0.06624881	0.4191479	0.03175751	3.32549
0.023398248	0.1214942	0.7271244	3.040495	0.9861733	0.07465282	0.3848822	0.207902	3.020959
0.023365749	0.1163911	0.7415035	3.041521	0.9941321	0.07637976	0.3236223	0.3066682	2.899494
0.02306395	0.1180167	0.7167108	3.051175	0.9823473	0.07235238	0.1851813	0.5951917	3.926261
0.02376318	0.1206233	0.7169028	3.060634	0.9686489	0.071071	0.2169054	0.7994429	3.804919
0.02418598	0.1254605	0.7526339	3.064629	0.9758281	0.07676301	0.6541444	0.9154587	2.54671
0.02326487	0.1189139	0.7386709	3.03515	0.9883376	0.07667425	0.4200739	0.7919179	3.087684
0.022656118	0.1231924	0.712124	3.054494	0.9818934	0.08941672	0.3805393	0.5179826	4.710055
0.02348026	0.1205385	0.7793916	3.036775	0.9964299	0.08172926	0.7735413	0.1931428	4.770692
0.023228819	0.1214216	0.7451218	3.057847	0.9814297	0.08656236	0.5477251	0.4979271	4.116364
0.023693038	0.124671	0.7873218	3.06625	0.9883337	0.09081249	0.9707185	0.4785319	3.416259
0.02381927	0.1255118	0.781381	3.085612	0.9958464	0.1046922	0.9683571	0.5893008	3.988006
0.023537409	0.1244066	0.763092	3.088695	0.9846663	0.0956265	0.7893767	0.791165	3.794958
0.02332353	0.1292003	0.7540763	3.057214	0.9698315	0.07980609	0.8830371	0.6424397	4.153087
0.023253428	0.1236564	0.7346724	3.080118	0.9729016	0.07627549	0.5253107	0.3529079	4.802718
0.022951368	0.1165439	0.7101982	3.112137	0.9810334	0.09152411	0.1160321	0.3579569	4.507957
0.022576028	0.1170729	0.6968773	3.085745	0.9683493	0.08225123	0.05343464	0.2748178	3.636322
0.02340982	0.1180647	0.7095677	3.124863	0.9768463	0.09877516	0.1256398	0.4794208	3.848968
0.023257019	0.128064	0.7173369	3.09956	0.9687357	0.08597146	0.5234253	0.7292174	4.520196
0.0222634	0.1257543	0.7161204	3.117899	0.9679584	0.1031966	0.5258986	0.5726833	3.689599
0.02252521	0.1212919	0.7345632	3.072189	0.9881769	0.08814331	0.5191746	0.9668274	4.158308
0.02275569	0.117905	0.7306042	3.086615	0.9767167	0.093156	0.3509227	0.9362557	4.269846
0.02261925	0.1170237	0.7125916	3.075441	0.9761531	0.08492632	0.1842063	0.6974711	3.906063
0.022739379	0.121416	0.7270654	3.057693	0.9799996	0.08216302	0.4391898	0.990896	3.625996
0.02308248	0.1287106	0.7456726	3.093983	0.9780192	0.09519853	0.7969015	0.7471121	3.887495
0.02338767	0.1202904	0.7359933	3.091666	0.9802226	0.08854315	0.3826658	0.8523761	4.346343
0.0236963	0.1184692	0.7456361	3.092294	0.9960763	0.09808264	0.411733	0.7633569	3.324666
0.023617908	0.1165901	0.7494487	3.072835	1.001178	0.08615292	0.3735618	0.4882973	2.657249
0.023338981	0.122067	0.7451198	3.083787	0.9986453	0.1000078	0.5556653	0.6693617	4.117914
0.02333568	0.1196831	0.7423469	3.081713	1.005393	0.09841324	0.4529677	0.4798439	2.257334
0.023713851	0.1241759	0.7666253	3.067163	0.9901604	0.08995992	0.7355656	0.3871298	3.02366
0.02316806	0.1217504	0.7398261	3.080391	0.9841141	0.08498054	0.4577664	0.7491458	3.499772
0.023274519	0.1187373	0.7416348	3.123879	0.9851293	0.09756878	0.4171379	0.7954386	2.206969
0.022652248	0.1225749	0.7271116	3.062878	0.9800583	0.07261201	0.4469722	0.3314511	2.351578
0.02331758	0.1299956	0.7653037	3.074787	0.9785923	0.0828365	0.9600662	0.8256401	2.527255
0.02355231	0.124214	0.7695973	3.073724	0.9859802	0.08843175	0.807599	0.5469775	2.813192
0.02359558	0.1244911	0.7648873	3.118922	0.9894531	0.1142149	0.7991778	0.5637174	3.338863
0.0231802	0.1254556	0.7324231	3.03827	0.9704913	0.0672806	0.5544082	0.487202	2.163949
0.022945289	0.1219167	0.7018868	3.04527	0.9709409	0.06290505	0.1720098	0.8992424	2.536128
0.022906419	0.1218919	0.6946033	3.043897	0.9713997	0.06382575	0.1051286	0.7431585	2.743171
0.02290329	0.1255681	0.6945836	3.022751	0.9831978	0.0578059	0.2558909	0.9804996	3.903643
0.02293095	0.1247168	0.6931003	3.016635	0.9800994	0.05089529	0.1878235	0.9720422	3.561233
0.02318855	0.1252909	0.7190957	3.068039	0.9836575	0.06957928	0.4117549	0.8775231	2.476232
0.022320239	0.1245562	0.7060509	3.067609	0.9765584	0.07002249	0.372283	0.2056183	2.349948
0.022727251	0.1244036	0.7411317	3.081169	0.9825961	0.08222628	0.6608502	0.3177798	2.652516
0.022758828	0.1259391	0.7325408	3.065805	0.9785696	0.08108444	0.6507525	0.3769711	2.300656
0.022798778	0.1238664	0.745365	3.068234	0.9885689	0.08553276	0.6699987	0.170513	2.071021
0.02231849	0.1222215	0.7162428	3.079037	0.986648	0.08541337	0.4027825	0.1439115	2.914664
0.02304044	0.1233829	0.7385689	3.042734	0.9915809	0.06070256	0.5079269	0.01674316	2.354038
0.02314779	0.121746	0.7396928	3.067315	0.993502	0.07049498	0.4564299	0.1262098	2.643852
0.023025269	0.1201661	0.7413732	3.061498	0.9885377	0.06508706	0.4291679	0.14675	2.172847
0.02306107	0.1163698	0.741121	3.080141	0.9904938	0.07330321	0.3077754	0.002344021	2.521553
0.022503221	0.1123765	0.7196617	3.057656	0.9860978	0.06817536	0.07045788	0.1525735	3.315247
0.023016378	0.11129	0.722365	3.064371	0.9969715	0.08178257	0.0408533	0.2119316	4.095564
0.023422899	0.1129405	0.7492309	3.064287	0.9970396	0.0845227	0.2912714	0.2183755	4.124901
0.02307088	0.1129372	0.7220679	3.104879	0.9893429	0.1020325	0.1069507	0.5025176	3.863437
0.02335545	0.1176607	0.7490453	3.081326	0.9980048	0.09541161	0.4700243	0.4547633	3.032591
0.02366962	0.1228811	0.7691274	3.006768	0.9879897	0.05159485	0.7467051	0.673119	2.976028
0.02351042	0.1215872	0.7472419	3.038819	0.9765341	0.05888634	0.5408103	0.6451953	2.907961
0.02329129	0.1223445	0.728009	3.071405	0.9715584	0.07014506	0.4308989	0.6149705	2.328745
0.023749748	0.1239824	0.7603347	3.057192	0.9827865	0.07975494	0.7038803	0.3808594	3.772083
0.02296483	0.1178431	0.7200823	3.075719	0.9829645	0.08197495	0.2393385	0.1908369	2.720272
0.02282054	0.119012	0.7009343	3.098527	0.9801501	0.08714892	0.1273332	0.3177514	2.451232
0.02335438	0.1176893	0.728129	3.043506	0.9841007	0.06094843	0.2220242	0.5023266	3.827415
0.02335438	0.1176893	0.728129	3.043506	0.9841007	0.06094843	0.2220242	0.5023266	3.827415
0.02339961	0.1196203	0.7266518	3.037211	0.9887729	0.06478765	0.2988665	0.4121827	2.112981
0.02326162	0.1151764	0.7138921	3.096237	0.9784744	0.08064669	0.07332328	0.4643534	2.988864
0.02316366	0.1178635	0.7237972	3.105918	0.971726	0.09741387	0.2737023	0.2131682	3.435698
0.023704208	0.1213034	0.7507799	3.064763	0.9794434	0.08214765	0.5533725	0.2769911	3.854038
0.0232819	0.1261858	0.7346651	3.042285	0.9666614	0.0720527	0.5960737	0.3895931	4.042301
0.023511218	0.1229602	0.7273152	3.079075	0.9771869	0.09160933	0.4475422	0.7375322	4.334549
0.02329921	0.1251684	0.7486471	3.019809	0.9818364	0.06733976	0.6948199	0.5178809	2.554478
0.023417188	0.1293343	0.7499942	3.05145	0.9784875	0.07068751	0.7823328	0.3945965	2.77107
0.023802819	0.1307373	0.7747689	3.053953	0.9863349	0.06977567	1.034645	0.4350547	3.501833
0.023799779	0.1295869	0.7572269	3.067157	0.9871991	0.07319585	0.8517242	0.7177724	3.660731
0.023971578	0.1290794	0.7570127	3.060214	0.9797606	0.06944258	0.8214376	0.7146979	2.034149
0.02404361	0.1236744	0.7450136	3.072439	0.9794976	0.07987907	0.5633678	0.7343148	2.338057
0.02390176	0.120999	0.7447848	3.062035	0.9786629	0.08190307	0.4617424	0.7583693	4.255039
0.023909189	0.112908	0.7464342	3.047767	0.9867495	0.08021992	0.2105171	0.4519207	3.405459
0.02426712	0.1165377	0.7747926	3.032657	0.998582	0.0799696	0.5568508	0.1598276	3.759052
0.023485418	0.1230184	0.7515257	2.988824	0.9829545	0.05051641	0.6066939	0.216821	3.698955
0.023401929	0.120839	0.7464587	3.035808	0.9738082	0.07411522	0.5199492	0.04443608	3.891816
0.02433662	0.1228881	0.7789532	3.097365	0.97813	0.09830356	0.7800592	0.4397877	4.576754
0.023754079	0.1177829	0.7453626	3.059989	0.9847508	0.08886932	0.398265	0.7515831	4.19594
0.023992231	0.1229415	0.7724799	3.140368	0.9864131	0.124475	0.7616366	0.6589379	4.095964
0.02405827	0.1242338	0.7590954	3.137535	0.9809799	0.1079853	0.6848751	0.6291578	4.879059
0.023909198	0.1247574	0.7433469	3.122342	0.9760707	0.1056282	0.5723021	0.8022303	4.767111
0.023914179	0.1290195	0.7589668	3.096931	0.9743675	0.08917811	0.8113522	0.9175755	3.975947
0.023473948	0.1233891	0.7528431	3.086617	0.9842973	0.09911394	0.6449805	0.7198824	4.053473
0.023543319	0.1226169	0.766638	3.07792	0.9826473	0.09521978	0.7395246	0.268348	3.374055
0.02381664	0.1238519	0.7821508	3.054537	0.9758974	0.08551445	0.8824931	0.103187	3.018354
0.024161438	0.1226205	0.7742482	3.08967	0.9884432	0.1032172	0.7817529	0.2280413	4.220055
0.0236205	0.1178526	0.7452857	3.050856	0.9849668	0.08853494	0.4195554	0.1350255	2.350682
0.02337455	0.1231499	0.7372601	3.047968	0.9868174	0.08268044	0.5324792	0.1063473	2.691206
0.023722688	0.1287469	0.7787859	3.048654	0.9856468	0.0806708	1.02991	0.189475	2.821968
0.0234328	0.1307231	0.7705268	3.060533	0.9790579	0.07043739	1.014191	0.1125278	2.214986
0.02360172	0.1281122	0.766037	3.032027	0.9801479	0.05816981	0.8684561	0.2675165	3.20401
0.02366069	0.1311627	0.7668811	3.06036	0.9742439	0.07378931	0.9881821	0.2096564	2.59915
0.02334561	0.1324032	0.766696	3.017323	0.9822077	0.06153654	1.075569	0.2277894	3.311347
0.02318036	0.1290883	0.7568468	3.030569	0.9799553	0.06352623	0.879096	0.3521032	2.621334
0.02339684	0.1266236	0.7621328	3.022693	0.9893478	0.05956039	0.8170879	0.3053279	2.331968
0.023890281	0.1204628	0.7849045	3.029053	0.9952597	0.06374606	0.7649462	0.5932981	2.942075
0.023802359	0.1117525	0.7492729	3.064976	0.9899501	0.0836524	0.2048176	0.7073429	2.113479
0.023808269	0.1136059	0.7495358	3.055315	0.9904107	0.07661752	0.268031	0.8640699	2.169182
0.023037009	0.1188254	0.7352486	3.016811	0.987559	0.06099399	0.3822919	0.5940153	2.743475
0.023418838	0.1224822	0.74182	3.025937	0.979783	0.06155555	0.5289881	0.4951863	2.852419
0.023339478	0.1180727	0.7366989	3.013221	0.9876645	0.04860398	0.3215587	0.6016681	3.694879
0.023693308	0.1321502	0.7715682	3.028847	0.9768501	0.05591874	1.025283	0.8487302	4.183245
0.02421375	0.1262734	0.7780031	3.068624	0.9846978	0.07363572	0.8430937	0.8333479	3.781423
0.024173679	0.1265469	0.7786961	3.069025	0.9875889	0.07703355	0.8743756	0.4760971	2.150008
0.024028908	0.1224776	0.7764208	3.064183	0.9921336	0.07215266	0.7589442	0.4846171	2.987612
0.02389901	0.1190027	0.7551374	3.052049	0.9893675	0.07349234	0.4925043	0.0658927	2.307529
0.02285036	0.1164802	0.6988797	3.085859	0.9853383	0.08194329	0.03139723	0.1918147	3.028253
0.022784939	0.1207348	0.7129879	3.063012	0.9805628	0.07417112	0.2847376	0.4682947	3.205437
0.02232997	0.1228334	0.6738671	3.048573	0.9739892	0.06661799	0.04125973	0.5061549	2.896825
0.022570709	0.1245474	0.6827585	3.022482	0.9712858	0.05473458	0.1386499	0.530976	3.263313
0.02288382	0.1266851	0.7097359	3.067269	0.9677834	0.06731816	0.4447247	0.9545357	4.515661
0.02281872	0.1258897	0.7132691	3.049123	0.9698149	0.06280246	0.444181	0.9041118	4.379307
0.0226811	0.1243922	0.7102255	3.063215	0.9745542	0.07461849	0.4147951	0.9275298	4.37695
0.022811329	0.1245789	0.7168702	3.063884	0.9746344	0.07579375	0.4052347	0.9322126	4.44923
0.02303987	0.123497	0.7184602	3.077907	0.9756122	0.08275662	0.421753	0.9321567	4.430785
0.02313007	0.1212119	0.7252944	3.065271	0.9826815	0.08188018	0.3854222	0.9253187	4.365017
0.023157788	0.1197583	0.7345906	3.076285	0.9880762	0.08618229	0.4110763	0.9079016	4.270883
0.02309032	0.118449	0.7342584	3.071403	0.9897664	0.08527554	0.3984499	0.9391348	4.296576
0.023045579	0.1192124	0.7377863	3.069098	0.9896965	0.08224802	0.4592599	0.9360669	4.245408
0.02291745	0.1201687	0.7262789	3.077519	0.9897121	0.08497469	0.3802274	0.9217805	4.190721
0.0227426	0.1232009	0.7220833	3.060589	0.9817172	0.07568997	0.4378441	0.9542573	4.217496
0.02291536	0.1231911	0.7176424	3.069301	0.9828659	0.08003513	0.4133046	0.9695078	4.233615
0.02283786	0.122895	0.7206532	3.061007	0.9840237	0.07562308	0.4088512	0.9554935	4.218396
0.0226827	0.122255	0.7283062	3.072827	0.9846612	0.07972292	0.4939606	0.9599715	4.263347
0.02282068	0.1231852	0.7255773	3.103342	0.9809086	0.09293912	0.4937469	0.9614132	4.348559
0.02276688	0.122117	0.7312682	3.092074	0.9831013	0.09219158	0.510019	0.9536623	4.36178
0.02277232	0.1218703	0.7314106	3.079415	0.9809815	0.08567487	0.4698389	0.9603588	4.363476
0.02312202	0.1222459	0.737553	3.054455	0.9735945	0.0731484	0.5137645	0.9124431	4.247543
0.023058988	0.1222109	0.7340916	3.062727	0.9763956	0.07700307	0.4956897	0.897332	4.235077
0.02301331	0.1217627	0.728805	3.071506	0.9819203	0.07988097	0.4128494	0.8543174	4.319456
0.02293766	0.1230726	0.7267163	3.052955	0.9767299	0.07244784	0.4327758	0.8659956	4.328214
0.02289659	0.1219142	0.7290894	3.04818	0.9782614	0.07135862	0.46856	0.8992638	4.283538
0.022837259	0.121819	0.7318282	3.088016	0.9791097	0.0888322	0.4718419	0.9051201	4.319047
0.022765491	0.1233572	0.7302386	3.062224	0.9761765	0.07545772	0.4959882	0.9165317	4.305484
0.0227898	0.1226294	0.7259439	3.059605	0.97677	0.07659723	0.481697	0.9146851	4.357114
0.02303219	0.1224689	0.7483703	3.04809	0.9830011	0.07074502	0.5881977	0.929354	4.317178
0.023180958	0.1227286	0.7546514	3.04888	0.9804496	0.06971637	0.6354883	0.9128649	4.275491
0.02330784	0.1215554	0.763027	3.046258	0.9861562	0.06495503	0.6677707	0.8862328	4.194758
0.023356399	0.1201982	0.7554916	3.033051	0.9878324	0.06098359	0.575567	0.8921857	4.125024
0.023248259	0.1205805	0.7617743	3.027086	0.9883995	0.0588094	0.6147933	0.8767937	4.071954
0.023316829	0.1202463	0.7476803	3.020517	0.9871797	0.05840125	0.4915243	0.9209173	4.038303
0.02312804	0.1234633	0.7373033	3.023277	0.9739236	0.05580427	0.5218616	0.9045419	4.08642
0.02326808	0.1245674	0.7365809	3.027385	0.9685829	0.05527766	0.526331	0.8914954	4.082842
0.0231948	0.1261778	0.7301222	3.03152	0.9677254	0.0534204	0.5624393	0.8898211	4.147311
0.023091558	0.1269605	0.7331874	3.014381	0.9673347	0.04684526	0.5672922	0.8867664	4.178961
0.02297065	0.128066	0.7278207	3.026258	0.9676461	0.05109997	0.5777598	0.9055579	4.168618
0.023318259	0.125831	0.7187074	3.051552	0.9748107	0.06138267	0.4341881	0.9031	4.219425
0.023216208	0.1266057	0.7193518	3.052817	0.9726747	0.0605189	0.480971	0.9067797	4.232532
0.02331026	0.1277887	0.7170052	3.053234	0.9715066	0.05843334	0.4630349	0.9006788	4.208498
0.02303421	0.1291634	0.7166651	3.084487	0.969583	0.07246409	0.528838	0.9042422	4.341693
0.02307508	0.1282802	0.7091537	3.076251	0.9710302	0.06886475	0.4335476	0.8811299	4.377667
0.023121199	0.12629	0.7127555	3.060828	0.9705073	0.06384677	0.4163371	0.8900364	4.413156
0.02285536	0.127529	0.726411	3.048447	0.9677908	0.05751044	0.5636868	0.8873456	4.47645
0.02285397	0.127235	0.7371337	3.046281	0.9696847	0.05874126	0.6731549	0.894254	4.446276
0.02311563	0.1243936	0.735663	2.999381	0.977875	0.04455859	0.5560441	0.8728132	4.303574
0.022960778	0.1249658	0.7388301	3.039461	0.9734466	0.06032642	0.5687879	0.8400991	4.416775
0.02298271	0.125287	0.7350724	3.058414	0.9756827	0.06753394	0.5481535	0.8396776	4.437913
0.023021258	0.1246899	0.7337168	3.057121	0.9769306	0.06696244	0.5286403	0.8420053	4.463235
0.023012271	0.1245011	0.7327285	3.067429	0.9791022	0.06941326	0.5045379	0.8409386	4.43846
0.02318033	0.1227789	0.7423325	3.057432	0.9848818	0.0687547	0.5365893	0.8886252	4.385612
0.023247758	0.1225835	0.7293895	3.045825	0.9817207	0.06671992	0.4425941	0.9016138	4.352161
0.02313311	0.1215752	0.7256065	3.069349	0.9840889	0.08048945	0.4285405	0.9137955	4.3723
0.02303699	0.1228223	0.7276833	3.079405	0.9771348	0.08612225	0.4594869	0.9335524	4.421854
0.023111539	0.1243801	0.7297859	3.060684	0.9690753	0.07352713	0.5130208	0.9158562	4.43835
0.023044059	0.1243375	0.7284459	3.074716	0.9714645	0.08144309	0.5027668	0.9127795	4.471024
0.02291173	0.123153	0.72678	3.059927	0.9804031	0.08212822	0.4828838	0.8921331	4.494366
0.023027739	0.1213281	0.7367796	3.058085	0.9868617	0.08408704	0.4726382	0.9027375	4.508769
0.0231782	0.1207512	0.7308742	3.068863	0.9874325	0.08861963	0.4467153	0.9281181	4.372727
0.022922188	0.1223433	0.7284311	3.063698	0.9887726	0.08365333	0.4696547	0.8960191	4.412767
0.02293261	0.1218394	0.7262202	3.069546	0.9913562	0.08674046	0.4378967	0.907176	4.38158
0.02276747	0.122183	0.7279018	3.068094	0.9908538	0.08391769	0.4394479	0.9174135	4.394399
0.022821369	0.1225963	0.7320711	3.060153	0.9900971	0.078842	0.5016793	0.9172795	4.358672
0.02285171	0.1216348	0.7371526	3.062237	0.9921924	0.07765511	0.4788765	0.9373994	4.31333
0.02318094	0.1213503	0.7442589	3.067261	0.9948175	0.07738543	0.5381075	0.9075596	4.248424
0.02309371	0.1228765	0.7433023	3.091428	0.9948497	0.08946458	0.5815973	0.8782367	4.223408
0.022938818	0.1233098	0.7487329	3.081175	0.9933481	0.08462776	0.6291293	0.8321748	4.194179
0.02328671	0.1206652	0.7565396	3.077434	0.9979226	0.08648948	0.6182787	0.8152433	4.09917
0.023267059	0.1226965	0.7557154	3.039342	0.9919319	0.06781977	0.6727574	0.7900608	4.096158
0.02320204	0.1233572	0.7565075	3.040023	0.9918255	0.06753031	0.7034994	0.8103844	4.009315
0.02326952	0.1241837	0.7639054	3.045836	0.9861819	0.06597607	0.7443778	0.8276836	3.966241
0.023306178	0.1231162	0.7608065	3.029684	0.9867955	0.06414597	0.7234929	0.8114476	4.024995
0.02339805	0.1208188	0.765276	3.024942	0.9914862	0.06530432	0.6949315	0.780497	4.068284
0.02349456	0.1192487	0.7654076	3.041588	0.9920991	0.07671339	0.6469179	0.7886919	4.052285
0.023369828	0.1197025	0.7653443	3.04803	0.9879666	0.08114212	0.6321297	0.7901501	4.155939
0.02347683	0.1194301	0.7667483	3.047443	0.9888228	0.07819553	0.6531307	0.7805348	4.133742
0.02342729	0.1206935	0.7591495	3.061282	0.9837312	0.08365611	0.5698252	0.7717643	4.087546
0.02354639	0.1202094	0.7562716	3.062623	0.9890946	0.08527173	0.5929223	0.8026182	4.072415
0.02341377	0.1216547	0.7365969	3.078839	0.9862201	0.09043606	0.4892499	0.7926929	4.120097
0.02337884	0.119891	0.7410366	3.085489	0.9852353	0.09595833	0.476291	0.7985919	4.157532
0.023347609	0.122118	0.7440059	3.098417	0.9765923	0.09496124	0.5753996	0.7898652	4.281
0.02324795	0.1228302	0.7352692	3.121835	0.9768126	0.1066287	0.4928283	0.7627243	4.23742
0.02325503	0.1231241	0.7306946	3.114794	0.9820682	0.1067715	0.4965941	0.7608216	4.238405
0.02307473	0.1248906	0.7261523	3.090145	0.9741798	0.09414546	0.495909	0.7401983	4.274518
0.02248917	0.1230506	0.7188559	3.059177	0.9711064	0.09013058	0.4456746	0.4288464	2.610503
0.02315063	0.1247454	0.7591038	3.058768	0.9815477	0.08892679	0.7879042	0.3576053	2.087532
0.023454549	0.1259118	0.7475957	3.089753	0.9855769	0.1008548	0.7258773	0.5264715	2.090599
0.023542149	0.1263028	0.7583848	3.040996	0.9836505	0.08848279	0.8137352	0.1155014	2.251897
0.0235555	0.1201039	0.7559607	3.018656	0.9857414	0.07102579	0.546498	0.279093	2.348787
0.023972709	0.1234989	0.7677741	3.059586	0.9769212	0.07784737	0.6978506	0.256849	2.387231
0.02403459	0.1300035	0.8086806	2.991906	0.9943354	0.05770492	1.241256	0.2172781	4.202769
0.023312138	0.1259137	0.7968206	2.98014	0.9998221	0.05737	1.091779	0.4996341	4.433476
0.02318849	0.1324257	0.7705174	3.034875	0.9874279	0.08185123	1.095505	0.3000295	4.180703
0.02340389	0.1310987	0.771458	3.020074	0.9789387	0.07151243	1.074517	0.1173583	4.269903
0.02310795	0.1294965	0.745405	3.061726	0.9759344	0.08091938	0.8203686	0.3472823	3.682913
0.02296746	0.118774	0.7206649	3.085055	0.9900408	0.08914186	0.2570759	0.4191373	3.890125
0.02315397	0.1212787	0.7244238	3.086344	0.9843062	0.09260055	0.3625357	0.6576253	3.763465
0.02337073	0.118842	0.735734	3.067122	0.9966228	0.08547347	0.3921434	0.3541115	3.561575
0.0232933	0.122875	0.7293592	3.069072	0.9802369	0.08941108	0.4730648	0.3376922	3.823106
0.0229159	0.1212653	0.718576	3.054178	0.9835963	0.08204278	0.3511428	0.5081257	4.897849
0.02288294	0.1185485	0.7100369	3.029189	0.9822381	0.06851924	0.167495	0.4861569	4.018862
0.023566611	0.1237356	0.732193	3.011274	0.9842737	0.06351742	0.4851114	0.6253676	3.99585
0.02340186	0.1206028	0.7365535	3.033206	0.9849037	0.07305692	0.4260872	0.4391562	3.515494
0.02312819	0.1191807	0.7146891	3.048407	0.9772965	0.07809096	0.2115982	0.3574127	2.456437
0.02311029	0.1184455	0.7264346	3.020955	0.9815879	0.06459087	0.2960219	0.874619	2.56688
0.02257119	0.1192755	0.6950328	3.10079	0.9792474	0.09475571	0.1152948	0.4205127	2.592516
0.023372108	0.1137414	0.7158416	3.079817	0.9822391	0.08503933	0.04265738	0.8639725	2.642151
0.02337515	0.1213332	0.7424258	3.069423	0.9836825	0.08201886	0.5064304	0.5615517	2.434341
0.023270618	0.1251452	0.7404232	3.033775	0.9845839	0.06884617	0.6008357	0.416895	2.075158
0.023482598	0.1271503	0.7548898	3.027025	0.9830241	0.06960691	0.7887867	0.2230666	2.284351
0.02306765	0.1253048	0.7311195	3.046426	0.9795766	0.0648204	0.5386828	0.2426345	3.481534
0.02300337	0.1235892	0.7138161	3.075141	0.9704355	0.0820137	0.3630365	0.1222265	2.239474
0.02360269	0.1239163	0.7271173	3.069704	0.9757636	0.08330278	0.4439441	0.4552685	3.109884
0.02325644	0.122584	0.734076	3.028903	0.9833043	0.06827884	0.4729231	0.6135947	3.603012
0.023593819	0.1203831	0.7485644	3.043109	0.9908536	0.0733118	0.4975496	0.6950837	3.932365
0.02304198	0.1253728	0.7418478	3.054588	0.9807397	0.07303285	0.6371804	0.7584831	3.060825
0.0235468	0.1225756	0.7343592	3.029212	0.9712632	0.06205654	0.4594604	0.7525693	3.884146
0.02387375	0.1182426	0.7425762	3.081564	0.9871442	0.0883652	0.3664176	0.5421273	4.568127
0.02327123	0.1308293	0.7308966	3.056415	0.9626926	0.06733484	0.729535	0.7987003	4.418419
0.02344369	0.1259193	0.7242503	3.035721	0.9682992	0.0543956	0.4816916	0.5792977	3.975266
0.02326646	0.1159154	0.7099933	3.07145	0.9819327	0.06748673	0.05193044	0.5775668	3.721175
0.02374707	0.1200176	0.7797129	3.070504	0.9995505	0.08314035	0.7274201	0.8072742	3.454396
0.02345706	0.1270372	0.7685657	3.045314	0.9922633	0.07035937	0.871392	0.9414593	4.627135
0.022979058	0.1229723	0.7279755	3.059472	0.9898363	0.07256289	0.4615954	0.5931082	4.07302
0.02288373	0.1266011	0.7334663	3.048106	0.98107	0.07250615	0.6049035	0.8558265	2.010719
0.0231143	0.12491	0.7259296	3.084298	0.9824305	0.08888031	0.4727443	0.8250131	2.535217
0.023613341	0.1207032	0.7522499	3.076791	0.9931965	0.08424377	0.506402	0.9055042	2.736527
0.02331927	0.1223949	0.7268892	3.071653	0.9852011	0.08648727	0.3952529	0.3227327	3.533417
0.02315052	0.1110721	0.721168	3.106667	0.9979473	0.1095002	0.01642924	0.1410306	4.184418
0.022703439	0.1193419	0.7040786	3.12673	0.9816928	0.1180507	0.1948967	0.2304723	4.512589
0.02314532	0.1190992	0.7358817	3.130337	0.9820868	0.1177572	0.383585	0.3276497	4.249407
0.023103148	0.1155649	0.7175361	3.088595	0.977911	0.08631564	0.1341273	0.5970796	4.724396
0.02318001	0.1184834	0.7134189	3.084632	0.9852776	0.08274932	0.1791571	0.5955282	3.944358
0.023245038	0.1185108	0.7189536	3.061737	0.9877728	0.07806176	0.2138162	0.9079653	3.57998
0.02358187	0.1209984	0.7412099	3.056204	0.9890797	0.08058062	0.4615172	0.4835805	3.56108
0.0233059	0.1186804	0.7277053	3.034429	0.9770978	0.06832618	0.2992895	0.1346729	3.324731
0.0229385	0.1164572	0.7040364	3.05648	0.9784967	0.07619592	0.05133194	0.03302661	3.409464
0.0232135	0.1210363	0.7384375	3.038765	0.9768346	0.06495815	0.4701016	0.07104329	3.742871
0.023411479	0.1254153	0.7669764	3.016925	0.9818801	0.05979178	0.8098575	0.1277985	3.493355
0.023284608	0.1266376	0.7358332	3.07676	0.9737157	0.0786709	0.5902374	0.1833302	3.338508
0.02360933	0.126748	0.7320107	3.082933	0.9714953	0.07747769	0.5405396	0.2946227	3.314707
0.02319739	0.122913	0.7351782	3.050158	0.9792438	0.07826705	0.5192658	0.8778883	4.53932
0.02310678	0.122335	0.7205192	3.036959	0.9701949	0.06517527	0.3955538	0.9059478	3.818138
0.02316298	0.1234443	0.7246622	3.042846	0.9816244	0.06841789	0.4745921	0.7585254	4.130668
0.02289514	0.1190489	0.698896	3.051208	0.9854177	0.07254953	0.1320665	0.8208819	4.359391
0.022995379	0.1237817	0.7072225	3.032741	0.9762306	0.05854666	0.2922219	0.8791267	3.801401
0.02314156	0.1220198	0.7256019	3.036541	0.9912055	0.06276179	0.3844018	0.3848668	3.481356
0.02333121	0.1245078	0.7553209	3.04703	0.9986524	0.07726132	0.6882693	0.5761681	4.457373
0.023532629	0.1191938	0.7562126	3.067788	1.004674	0.09150657	0.5498717	0.5253615	3.648517
0.02332238	0.1189116	0.7572453	3.109859	1.009347	0.110437	0.57016	0.7798282	3.588522
0.0229624	0.1222827	0.7365181	3.089212	0.9842498	0.09024485	0.5132842	0.2886698	4.006526
0.024303861	0.130378	0.7800594	3.053012	0.9795182	0.0816482	1.052399	0.642877	3.015204
0.023510301	0.1299284	0.7617676	3.074998	0.9716981	0.08996627	0.9332356	0.7267891	3.826669
0.02287863	0.1210705	0.7220054	3.063437	0.972407	0.07565524	0.364397	0.6965794	2.980067
0.02336766	0.1203859	0.7461725	3.073392	0.9868205	0.08068094	0.4924793	0.9753565	3.802115
0.023278998	0.1230734	0.7413659	3.059615	0.9801392	0.07328878	0.5445804	0.4980361	2.976646
0.02380348	0.123833	0.7699749	3.051838	0.9926017	0.0735379	0.7545919	0.6763774	4.657172
0.02272937	0.1190166	0.7243741	3.027479	0.9755683	0.06114531	0.3069486	0.2190978	3.084811
0.02266384	0.1169795	0.7038183	3.052338	0.9725452	0.07368165	0.09461708	0.09643178	2.838115
0.022932839	0.1158167	0.7320383	3.043976	0.9894128	0.08081613	0.2585019	0.3898377	2.004839
0.023057388	0.1128237	0.7201934	3.064139	0.9919451	0.09248038	0.08384743	0.4360696	2.659082
0.02305196	0.1164702	0.6975357	3.057887	0.979824	0.07406217	0.006584656	0.7483611	2.216971
0.023007099	0.1158813	0.7093901	3.047261	0.9747848	0.07059128	0.07527886	0.5732253	2.434283
0.023427049	0.1175625	0.7142923	3.048957	0.976349	0.07463417	0.150991	0.507679	3.447014
0.02408945	0.1190657	0.7666996	3.057587	0.9876393	0.07879596	0.5715396	0.2211428	2.777207
0.023706688	0.1238591	0.7625488	3.042175	0.9824745	0.07653038	0.7114045	0.4024001	2.478995
0.02320106	0.1212916	0.7365425	3.033439	0.9882321	0.06485073	0.4322962	0.3935874	2.194571
0.02370538	0.1199791	0.7533791	3.063294	0.9893899	0.07372583	0.5309874	0.7338423	3.914194
0.023080548	0.1260452	0.746071	3.043525	0.9894677	0.07012691	0.7129791	0.7436307	4.459381
0.022866089	0.1298634	0.7400849	3.0333	0.9743609	0.06062812	0.7880031	0.5707573	3.274537
0.02372899	0.1242357	0.7463561	3.065867	0.9800263	0.07674528	0.5729582	0.4423811	4.830266
0.02374406	0.125046	0.747084	3.080991	0.9773904	0.08618837	0.6122014	0.008425439	4.620893
0.023254808	0.1224778	0.7221481	3.070271	0.9720072	0.07836984	0.3943277	0.2864216	4.627119
0.02308294	0.1220879	0.7084935	3.034625	0.9682112	0.05881076	0.2645948	0.04396096	4.96477
0.0228745	0.1277157	0.7193571	3.06469	0.9607926	0.08174721	0.5637927	0.4137891	4.391154
0.02300514	0.1287911	0.7100422	3.021644	0.9586998	0.05771744	0.4883573	0.1091559	2.816116
0.023273349	0.1283936	0.7159537	3.021669	0.958254	0.05773401	0.4916175	0.1510601	2.413081
0.023177309	0.1249992	0.7229853	3.039668	0.9690421	0.06818629	0.4437847	0.2870999	2.326329
0.02354995	0.1250178	0.7359456	3.051034	0.9720709	0.07249797	0.5308885	0.1618063	4.468055
0.0231175	0.1256594	0.73295	3.04777	0.9737802	0.07313017	0.5528171	0.2378865	4.078895
0.02343023	0.1294537	0.7549701	3.037609	0.9811638	0.06559085	0.8166662	0.5668397	4.549588
0.02295628	0.1264958	0.7069451	3.080811	0.9777646	0.08000436	0.3817645	0.04707699	3.765972
0.02351133	0.1239086	0.7410682	3.06516	0.9781614	0.07871212	0.5408397	0.5661249	4.716637
0.02395307	0.1208847	0.7493869	3.042374	0.98752	0.07007894	0.4862485	0.6835372	4.702923
0.023738738	0.1232031	0.7559063	3.045509	0.9826769	0.07365147	0.63012	0.8887226	3.812568
0.023210868	0.1220773	0.7278077	3.080356	0.9752533	0.08704824	0.4149228	0.6076822	3.362909
0.02269386	0.1243261	0.7166856	3.056532	0.9765245	0.06906159	0.4467317	0.4791628	3.854584
0.02296274	0.1231294	0.7239642	3.045458	0.9839905	0.07098549	0.420928	0.8532862	3.490949
0.02282376	0.1224285	0.7159707	3.066707	0.9761459	0.07969192	0.3375938	0.4042056	2.711229
0.02300427	0.1274277	0.725468	3.079347	0.9756264	0.08742068	0.5898441	0.8756342	3.588003
0.02348999	0.1234874	0.7516826	3.050817	0.9801268	0.07052727	0.6516806	0.5184325	2.877622
0.023740329	0.1226639	0.7623324	3.050462	0.980258	0.07031019	0.7014186	0.5397489	2.235538
0.0243034	0.1183414	0.7696231	3.081101	0.9971631	0.08606477	0.5843549	0.5233142	3.249148
0.023327619	0.118322	0.7342774	3.091409	0.9913308	0.09461183	0.356877	0.255844	3.63975
0.02293051	0.12016	0.7117535	3.0328	0.977318	0.06389206	0.2555509	0.5795587	3.194367
0.02338274	0.1184349	0.7337949	3.049138	0.9843158	0.0749341	0.35049	0.6982992	3.644108
0.02347603	0.1217207	0.7457886	3.070545	0.9696407	0.07547437	0.5173637	0.9638005	3.41061
0.02426466	0.1213452	0.7926283	3.06091	0.9939463	0.07754685	0.8316969	0.8347349	3.56496
0.02353696	0.1245067	0.7462914	3.071561	0.9818761	0.07472862	0.6285974	0.8269553	3.901447
0.023960508	0.1256786	0.7942788	3.049552	0.9985002	0.07220417	1.01192	0.6493442	3.821919
0.02385011	0.1246081	0.7645207	3.066579	0.9919849	0.08738523	0.7685831	0.3188733	3.156797
0.02359251	0.1243108	0.7416682	3.048149	0.9813136	0.07831461	0.5724997	0.02354867	2.407723
0.02317913	0.1167244	0.7234493	3.061979	0.9880015	0.07686649	0.2020928	0.2470207	2.504518
0.023496369	0.1148512	0.7438825	3.053468	0.9927905	0.07439412	0.2793958	0.4658403	2.81211
0.02290954	0.1209022	0.7311372	3.045126	0.9812965	0.06899603	0.4155308	0.7734379	3.323521
0.02321761	0.1212235	0.7461035	3.037063	0.985155	0.06893698	0.5337342	0.6751688	3.569399
0.02308387	0.1256722	0.7426002	3.024883	0.9721281	0.06411464	0.6400897	0.8161149	2.344049
0.02334355	0.1285543	0.7602748	3.061552	0.981543	0.08111699	0.8663628	0.9076829	2.457858
0.02364649	0.1213191	0.7450579	3.070191	0.9843402	0.08752648	0.5047081	0.3676714	4.131342
0.02343861	0.1266384	0.7461787	3.03714	0.9714074	0.06405628	0.711785	0.9668531	3.260588
0.023329178	0.1287822	0.7310793	3.096181	0.9673733	0.09170391	0.6801601	0.7383702	2.391879
0.0235723	0.1251876	0.7545114	3.106927	0.9853652	0.098456	0.7171264	0.6431502	3.080813
0.023842461	0.1258353	0.7564389	3.08733	0.98834	0.09405049	0.7415468	0.3842722	3.785875
0.02309961	0.1244	0.7192628	3.089607	0.9768484	0.09386224	0.4485974	0.1122701	2.209116
0.02383663	0.1222962	0.7518287	3.036012	0.9885876	0.06359797	0.5608468	0.3668979	3.535663
0.02346734	0.129859	0.741266	3.036245	0.9779039	0.05844402	0.7294749	0.1954942	3.315727
0.022573099	0.1216487	0.7131311	3.037366	0.9732084	0.06234864	0.3035788	0.6209578	2.539853
0.0231478	0.1193899	0.7247307	3.06326	0.9667704	0.07698368	0.2946762	0.283175	2.472543
0.023297329	0.1206325	0.7331484	3.026655	0.973464	0.06365908	0.4149026	0.4437065	3.106531
0.023927728	0.1215468	0.7477102	3.058626	0.9861739	0.08222762	0.4957739	0.05406635	3.641639
0.023435459	0.1161283	0.7280705	3.030163	0.9850683	0.06382331	0.2009676	0.5318279	3.381359
0.023405261	0.1191068	0.7420424	3.04069	0.9824973	0.06806901	0.389711	0.54006	4.522748
0.0237308	0.1214787	0.7214921	3.031145	0.971721	0.06378373	0.3029528	0.6679205	3.169895
0.02372849	0.1264211	0.7473054	3.030191	0.977445	0.06303111	0.6690181	0.9267412	3.270487
0.022632238	0.120025	0.6990048	3.038968	0.9799719	0.0791238	0.175601	0.5600947	4.314435
0.02316	0.1229804	0.732841	3.05002	0.9863741	0.08986715	0.5166785	0.2839213	4.70729
0.02322124	0.1192882	0.7576937	3.053292	0.9926157	0.08789779	0.5918519	0.1919454	4.828243
0.02305205	0.1205076	0.7486444	3.064043	0.9850175	0.09070564	0.5509211	0.3307028	3.495196
0.02332649	0.1255382	0.7660439	3.046905	0.98526	0.08037859	0.8429508	0.596637	4.168414
0.02375137	0.1235827	0.7789811	3.099723	0.9911931	0.1081327	0.8861419	0.5100313	4.735467
0.02400264	0.1293797	0.7819414	3.093483	0.9844599	0.09787601	1.081877	0.2523671	3.602444
0.023122689	0.1317608	0.7453566	3.062734	0.969016	0.08202354	0.9143507	0.2237659	4.593361
0.023065759	0.1197267	0.7116171	3.100792	0.9742763	0.08702397	0.2369142	0.2595601	4.274051
0.022951368	0.1165439	0.7101982	3.112137	0.9810334	0.09152411	0.1160321	0.3579569	4.507957
0.02311238	0.1196304	0.7079442	3.121293	0.9737502	0.09941925	0.1870723	0.2984958	3.595417
0.02311258	0.1241272	0.7058416	3.104443	0.9730306	0.08293647	0.2944068	0.5542624	4.84467
0.022666689	0.1260935	0.7116998	3.111429	0.968755	0.09191707	0.4617085	0.7519591	4.609692
0.022195598	0.12259	0.7037497	3.121527	0.9739121	0.1044106	0.3433208	0.6173537	3.933082
0.022669379	0.1199549	0.7283042	3.065245	0.9754958	0.08165331	0.4077504	0.9391763	4.101335
0.022804579	0.121678	0.7272087	3.081457	0.9698272	0.08753426	0.4506188	0.9537939	4.041346
0.02256172	0.1181685	0.700696	3.083631	0.9842312	0.0932134	0.1312548	0.8728916	3.989873
0.02287692	0.1234748	0.7208421	3.095069	0.9774845	0.09365124	0.432754	0.7931074	3.425144
0.02308248	0.1287106	0.7456726	3.093983	0.9780192	0.09519853	0.7969015	0.7471121	3.887495
0.02338767	0.1202904	0.7359933	3.091666	0.9802226	0.08854315	0.3826658	0.8523761	4.346343
0.023392538	0.1249672	0.7448898	3.068041	0.9828496	0.08863319	0.6437714	0.8113927	3.549719
0.023617908	0.1165901	0.7494487	3.072835	1.001178	0.08615292	0.3735618	0.4882973	2.657249
0.02318568	0.1215716	0.7330879	3.06987	1.000736	0.0880069	0.4471772	0.9460348	3.097766
0.02361515	0.1269442	0.7687669	3.072473	0.9955712	0.09510912	0.8709064	0.5169755	2.171442
0.02380785	0.1231148	0.7595933	3.04258	0.9845836	0.07140612	0.6330137	0.3481127	2.747916
0.02331957	0.122822	0.7253953	3.044697	0.9819982	0.06443977	0.3575955	0.5816628	4.057472
0.02318901	0.1195285	0.7473608	3.094923	0.9899729	0.08974084	0.5043625	0.6427805	2.545417
0.023165978	0.1261929	0.7605121	3.087295	0.9831032	0.08719427	0.7976278	0.3269366	2.426669
0.02300611	0.1292792	0.734486	3.062968	0.9710241	0.07673104	0.7051514	0.9367452	2.669995
0.02372504	0.129845	0.7811547	3.082867	0.9883181	0.09586668	1.085679	0.4124367	3.319007
0.02312714	0.1249547	0.7518358	3.101421	0.9858466	0.09780847	0.7095082	0.5313362	2.674927
0.02365103	0.1254034	0.7438225	3.041005	0.9731526	0.06314456	0.5746467	0.6325682	2.703328
0.022945289	0.1219167	0.7018868	3.04527	0.9709409	0.06290505	0.1720098	0.8992424	2.536128
0.023092369	0.1212071	0.6973242	3.037954	0.9837285	0.06301291	0.1106605	0.8697097	3.580136
0.02297077	0.1266467	0.6927469	3.047822	0.9750551	0.06748413	0.2610155	0.9660702	3.762571
0.02308854	0.1288027	0.7109055	3.026654	0.9806771	0.05726463	0.4765858	0.9243748	3.498592
0.023248538	0.1254869	0.7123667	3.08016	0.9863313	0.07732057	0.3704084	0.8469786	4.129882
0.022320239	0.1245562	0.7060509	3.067609	0.9765584	0.07002249	0.372283	0.2056183	2.349948
0.02289188	0.1226131	0.732019	3.079719	0.9845686	0.08663336	0.5277299	0.05836078	2.419546
0.02267834	0.1226647	0.7200055	3.10057	0.9801861	0.09521123	0.455699	0.1723604	2.137015
0.022798778	0.1238664	0.745365	3.068234	0.9885689	0.08553276	0.6699987	0.170513	2.071021
0.02252387	0.119397	0.7066746	3.067218	0.9850188	0.06968282	0.17785	0.1473694	3.191735
0.02317549	0.1227262	0.758172	3.041296	0.992996	0.06138556	0.6407688	0.1192231	2.322691
0.02314779	0.121746	0.7396928	3.067315	0.993502	0.07049498	0.4564299	0.1262098	2.643852
0.02305753	0.1210777	0.738901	3.060848	0.9842307	0.0623619	0.4296833	0.1061039	2.107965
0.022890879	0.1122923	0.7396908	3.064557	0.9897038	0.06951694	0.2001492	0.2547857	3.596375
0.022694048	0.1093349	0.7269327	3.060689	0.9932098	0.07846919	0.03701959	0.459606	3.879571
0.02278726	0.1099986	0.7328046	3.056355	0.9931155	0.07645249	0.09625794	0.2426477	3.77706
0.02309102	0.111838	0.737509	3.065704	0.9940387	0.08055194	0.1644467	0.270883	4.063243
0.02309102	0.111838	0.737509	3.065704	0.9940387	0.08055194	0.1644467	0.270883	4.063243
0.02325586	0.1175785	0.7299971	3.110787	0.9916553	0.106202	0.3194295	0.3988689	3.02512
0.02353188	0.1228316	0.7722605	3.046455	0.9913775	0.08427543	0.8178822	0.3742891	3.498819
0.02329129	0.1223445	0.728009	3.071405	0.9715584	0.07014506	0.4308989	0.6149705	2.328745
0.02342194	0.1253017	0.7426954	3.058297	0.9695826	0.07145383	0.6284821	0.3609137	2.53002
0.02357157	0.1205827	0.7460215	3.073783	0.9849867	0.0833918	0.4886468	0.4916228	3.547762
0.02336998	0.1195299	0.7299114	3.05571	0.9827736	0.07336829	0.33056	0.4192507	3.674175
0.0231009	0.1155502	0.7162508	3.073024	0.9777906	0.07669452	0.09989832	0.3225452	2.27466
0.02371992	0.1129672	0.7289251	3.080546	0.9907895	0.08053991	0.07197519	0.3263402	3.449791
0.02356925	0.1181268	0.7392035	3.044684	0.9904144	0.06277227	0.3272417	0.6864539	2.188434
0.023239069	0.1171334	0.7150568	3.053384	0.9860291	0.06467585	0.1384578	0.1901911	2.079703
0.02324074	0.1174029	0.7144909	3.070033	0.980886	0.07405496	0.1737442	0.3989502	2.437502
0.023033569	0.1153979	0.7146626	3.118621	0.978791	0.09606073	0.1185353	0.1910695	2.559068
0.023787988	0.1233156	0.7429006	3.064273	0.9768194	0.08179072	0.538122	0.2968893	3.21192
0.02344202	0.1196121	0.7232798	3.062546	0.976656	0.08034969	0.3029923	0.8460772	4.538083
0.02329921	0.1251684	0.7486471	3.019809	0.9818364	0.06733976	0.6948199	0.5178809	2.554478
0.02271049	0.1202962	0.7305009	3.025242	0.9868121	0.06619291	0.41355	0.4488024	3.035752
0.02314595	0.1238928	0.7388249	3.060331	0.9809433	0.07294459	0.5488922	0.4488946	2.595921
0.02344911	0.1290849	0.7494344	3.04942	0.9793629	0.06756135	0.7912338	0.4364843	2.673956
0.023844868	0.1285697	0.7590957	3.075628	0.984109	0.07589471	0.8246367	0.7899771	2.965078
0.02441654	0.1228762	0.7799895	3.057333	0.9972421	0.07556428	0.7861623	0.7183679	2.175901
0.02368098	0.1216633	0.7270674	3.062052	0.9784852	0.0819703	0.3855695	0.7231455	3.299158
0.023557948	0.1216317	0.7327355	3.062055	0.9760877	0.08388164	0.4129122	0.7969281	3.341908
0.024166118	0.1143979	0.7633012	3.049617	0.9896994	0.08938415	0.4080751	0.2453503	3.930827
0.024209479	0.1175442	0.7787438	3.044594	0.9948989	0.08047922	0.6041773	0.1115532	3.509273
0.02355648	0.1205347	0.7469384	3.025567	0.9784389	0.06765599	0.5076028	0.2621825	3.790771
0.02319256	0.1183656	0.736988	3.041743	0.9753132	0.07869043	0.3860349	0.2169868	4.262676
0.023595158	0.1172484	0.7430162	3.099527	0.9755967	0.1010921	0.3638738	0.7119861	4.151966
0.023838999	0.1186738	0.7652577	3.075611	0.9931913	0.1018061	0.5866009	0.8754708	4.280671
0.02400399	0.1218822	0.7907404	3.09968	0.9978445	0.1142357	0.8795083	0.9002939	4.142619
0.02401776	0.1220466	0.7647352	3.158189	0.9850223	0.1261359	0.6713717	0.7072487	4.683283
0.023909198	0.1247574	0.7433469	3.122342	0.9760707	0.1056282	0.5723021	0.8022303	4.767111
0.023914179	0.1290195	0.7589668	3.096931	0.9743675	0.08917811	0.8113522	0.9175755	3.975947
0.023473948	0.1233891	0.7528431	3.086617	0.9842973	0.09911394	0.6449805	0.7198824	4.053473
0.02351546	0.1232802	0.7604899	3.084221	0.9724302	0.09569281	0.7105654	0.06884209	2.902912
0.02402096	0.1246737	0.7903554	3.092209	0.986824	0.1049051	0.9691068	0.08698279	3.73769
0.023916619	0.1212179	0.7619935	3.08615	0.9869828	0.09849582	0.6344117	0.2413381	3.479562
0.02375608	0.1197667	0.745848	3.065293	0.9814571	0.08969294	0.4732283	0.1784248	3.278227
0.023557318	0.1196486	0.7357049	3.04678	0.9882262	0.08316225	0.3908927	0.2116382	2.62176
0.023451248	0.1308045	0.7702094	3.052785	0.9771583	0.07482879	1.032458	0.3611834	2.394661
0.02344707	0.130961	0.758184	3.04339	0.9726509	0.06699576	0.9361186	0.08523905	3.012861
0.023657689	0.1267509	0.7550493	3.054243	0.9758371	0.0669764	0.7505053	0.3553731	3.220607
0.023594288	0.1286532	0.7658393	3.04575	0.985057	0.06606391	0.9163917	0.08414347	2.443899
0.02357994	0.1332978	0.7650644	3.053179	0.9819879	0.0751369	1.07054	0.1206668	3.241452
0.02301276	0.1311867	0.7662882	3.034944	0.9852524	0.06730378	1.03978	0.08069993	3.152284
0.02379077	0.1251995	0.7688213	3.049575	0.9958299	0.07320275	0.7997162	0.4892964	2.593233
0.023890281	0.1204628	0.7849045	3.029053	0.9952597	0.06374606	0.7649462	0.5932981	2.942075
0.023757929	0.1200748	0.7638407	3.04063	0.982876	0.06803181	0.5742192	0.7614191	2.112186
0.02366715	0.1163904	0.7581074	3.029848	0.990419	0.07001713	0.4505685	0.9523787	2.286336
0.023246491	0.1195069	0.7515555	3.038904	0.9835762	0.06810879	0.520304	0.5263181	2.957313
0.02354047	0.1235333	0.7378864	3.067874	0.9742668	0.07984665	0.5232213	0.339575	3.496561
0.02355312	0.1216847	0.7537287	3.03368	0.986206	0.05923786	0.5578316	0.6278043	4.387595
0.024150249	0.1300399	0.7853488	3.050738	0.9842028	0.06560548	1.030007	0.9274591	4.268488
0.024131268	0.1281904	0.7717917	3.054635	0.9834677	0.06563753	0.8479908	0.5457092	3.394077
0.023982339	0.127948	0.7644884	3.045833	0.9831635	0.06366688	0.8160592	0.3408089	3.13555
0.02419795	0.1255958	0.7775564	3.052438	0.9934227	0.06995347	0.8453287	0.5544779	2.492186
0.0238798	0.1195728	0.7462244	3.09321	0.9860563	0.09206817	0.4483647	0.2827666	2.246672
0.02266869	0.1188985	0.6865814	3.088029	0.975744	0.0833826	0.02075306	0.255159	3.820853
0.02274451	0.1209675	0.7039527	3.090295	0.9793902	0.08585169	0.2214405	0.08287468	3.745488
0.022755438	0.1201975	0.6978155	3.060337	0.9762025	0.07128593	0.1350413	0.7185841	2.777234
